6.221601932798027645e-01
1.569854515658686944e+00
2.356592112686219487e+00
3.360667776457218814e+00
4.049262360679706241e+00
4.686835883172977724e+00
5.240667316811004284e+00
5.564110802728374772e+00
5.856298046962026937e+00
5.949423932310144991e+00
6.201679334075429040e+00
6.180067585285956788e+00
6.198624076120935023e+00
6.353655527001581760e+00
6.395440566009803263e+00
6.731035491707469731e+00
6.987302924903902479e+00
7.309017041054140407e+00
7.098831593702700005e+00
6.760937150581192157e+00
6.395404587460863155e+00
5.809361480806597200e+00
5.416440566652459765e+00
4.908879903286564428e+00
4.485855779030456958e+00
4.063404719263195020e+00
3.756795336418666142e+00
3.562955526077966617e+00
3.455387379110451018e+00
-2.636149024379339997e-02
5.553337322142319621e-02
2.192062612440822678e-01
4.094965887144844663e-01
5.273441232746951535e-01
6.329217295780040775e-01
7.501706671304523288e-01
9.071070029649598299e-01
1.289835883715133136e+00
2.034630299912469020e+00
2.988065707256405190e+00
3.758226745553524761e+00
4.443287601774263074e+00
4.943371714879956969e+00
5.330093257389728834e+00
5.591643084281168186e+00
5.767612394353411887e+00
5.906697597666201283e+00
5.962427478437740014e+00
5.962344541555193445e+00
5.899560372423056087e+00
5.863200538533138939e+00
5.816648554084643763e+00
5.648498584927842181e+00
5.002499256864516575e+00
4.453472219289558609e+00
3.964888051043024220e+00
3.477689949697261973e+00
3.041222333005303646e+00
2.736282239693461182e+00
-2.800251580797132323e-01
-5.070468889617641972e-01
-6.473974787992354818e-01
-6.951289820814705589e-01
-7.405709389261367903e-01
-7.539327985987469560e-01
-7.566243260556070327e-01
-7.103662917524206089e-01
-6.650635837764964364e-01
-6.243015781040303080e-01
-5.797102607694348819e-01
-5.676883576528323205e-01
-5.592084170913519392e-01
-5.546681876398965594e-01
-4.016864634618400043e-02
6.634839614996007606e-01
1.443234887760197260e+00
1.932252654922595125e+00
2.386518976893456490e+00
2.686367483457518190e+00
2.921760824041353732e+00
3.118698811552220729e+00
3.281146479746012812e+00
3.483287806073366077e+00
3.548859422181245726e+00
3.655212919818796813e+00
3.963426494583536019e+00
4.003440689519023543e+00
4.011491297614628415e+00
4.015841935018635844e+00
2.062548032608559762e-02
3.646514074137320593e-02
-1.591163770299972025e-02
-6.634254446851806097e-02
-3.932156751727069466e-01
-1.444001356106361600e+00
-2.386651750575473852e+00
-3.127187931725931680e+00
-3.506604699237678702e+00
-3.620844527436829718e+00
-3.718006662139157648e+00
-3.847819262415191677e+00
-4.102817741671358931e+00
-4.171874603677617976e+00
-4.178239370075974790e+00
-4.173938714536802763e+00
-4.163640900615910745e+00
-4.131897685431309419e+00
-4.081538911457514907e+00
-3.855845578876635926e+00
-3.254728113497026509e+00
-2.638266856405814487e+00
-2.204529667477936439e+00
-2.012586759599663377e+00
-1.815468084261135484e+00
-1.491886737105043270e+00
-8.155261130134091596e-01
-2.041294966033175839e-01
2.419641862546258460e-01
5.286758510783919895e-01
5.768197989818412558e-02
-3.477636671833653909e-02
-9.913000971308569276e-02
-1.516082430332358066e-01
-5.495782879287630651e-01
-1.292982629242317216e+00
-1.725858667375968158e+00
-1.933659350357142204e+00
-2.167640684987321098e+00
-2.724479035774057145e+00
-3.451758880530599871e+00
-3.857843510267624509e+00
-3.970807424535985231e+00
-4.009271710821461276e+00
-4.009988400106465178e+00
-4.010814836827403695e+00
-4.017217314537417039e+00
-4.018472989867531986e+00
-4.009156614053894785e+00
-4.007000791852942001e+00
-3.981813695423564781e+00
-3.955249253350898719e+00
-3.589908504235450160e+00
-2.807211405870647436e+00
-1.879497027030216039e+00
-1.229900866844750418e+00
-7.894182029885851160e-01
-4.680060712279186519e-01
-1.385715281963722512e-01
2.726589083109920431e-02
7.819931501259444473e-02
1.706024547285017734e-01
2.249724333903161122e-01
2.691162197809626733e-01
2.133147194066063457e-01
7.139073757257580199e-02
-1.067701074869812083e-01
-6.189330392440621775e-01
-1.533183779770267652e+00
-2.327205652784001710e+00
-2.801116017737056652e+00
-3.027329314695515361e+00
-3.186191186381154061e+00
-3.313031257800443719e+00
-3.358205195772188567e+00
-3.399151984649279701e+00
-3.403521032189946283e+00
-3.365588987991223746e+00
-3.323480842919512401e+00
-2.871845163141840018e+00
-2.176537993245379887e+00
-1.447974515747372015e+00
-1.010424856754760237e+00
-6.710876348589994711e-01
-2.841126119026610719e-01
7.666708057837257062e-02
3.348457720267107862e-01
5.377005871681178606e-01
5.380184730838744045e-01
4.881513642676025277e-01
-3.938919384332132539e-02
-1.721296104168374974e-01
-6.346210560068593631e-01
-1.364266019331730639e+00
-1.832592381413206351e+00
-2.189523320367813497e+00
-2.471103536806023016e+00
-2.605716790815501227e+00
-2.709821595091010948e+00
-2.763038169273904554e+00
-2.831316053969228363e+00
-2.878327596852356951e+00
-3.062691657411953372e+00
-3.220458641574850400e+00
-3.216024133439025157e+00
-3.158673552580118393e+00
-3.077805378902054745e+00
-2.441835851919206046e+00
-1.661575126930527002e+00
-9.003094885823780258e-01
-2.632452323672571648e-01
2.700095577065955155e-01
6.283655819632658623e-01
8.082930561776222600e-01
9.849301956101106370e-01
1.034647519239802138e+00
1.027207044814636649e+00
1.076452578858631659e+00
1.089374255446423634e+00
1.051463403614956382e+00
-1.045037848962508675e-01
-2.521227948889702142e-01
-7.160677875328856912e-01
-1.562457010387257483e+00
-2.443291940915923277e+00
-3.193368840488556959e+00
-3.767730483372909500e+00
-4.020688520829581947e+00
-4.078458869541012888e+00
-4.113653070474380335e+00
-4.145940455725217966e+00
-4.162848208907177217e+00
-4.159995082510470787e+00
-4.114105704392037488e+00
-4.055267175414476455e+00
-3.935780176763776783e+00
-3.197273727458078696e+00
-2.183958299139268089e+00
-1.263466503377232986e+00
-6.919643610902352915e-01
-2.589124849969236530e-01
1.106754834703882473e-02
2.236857006645999735e-01
3.223051585443618694e-01
3.686339846209001347e-01
3.602917222631213390e-01
3.716811529205647502e-01
3.200812731114928700e-01
-2.038730545438402486e-01
-9.603833202907339217e-01
-7.775011661929525086e-01
-1.330050836342228315e+00
-1.591724842525169770e+00
-1.629295559077584166e+00
-1.686572477137044501e+00
-1.750419261825671535e+00
-1.801799434363756225e+00
-1.801307948771812439e+00
-1.831732751140927817e+00
-1.797113940848302338e+00
-1.721268859829980569e+00
-1.569094406611307058e+00
-8.771595696493372785e-01
3.268327895905998037e-02
7.103141644267897403e-01
1.137329286016438346e+00
1.632612426554197249e+00
1.805037388175233737e+00
1.811867488938745607e+00
1.873922396505051102e+00
1.941881247626019436e+00
1.938256711858335590e+00
1.976208813935184549e+00
1.876284141915974590e+00
1.732671879286815653e+00
1.479077169464114272e+00
1.017541634463281941e+00
1.960535646438266166e-01
-4.482912882126882659e-01
-8.382529327354208970e-01
-8.917016050077793132e-02
-1.597553531512686531e-01
-3.371505830624538236e-01
-6.045280392328001851e-01
-6.048962759240420484e-01
-6.214946536508656472e-01
-6.307599954312771429e-01
-6.081272492292302267e-01
-5.630249302722312166e-01
-1.653377758331067149e-01
4.857725162691611809e-01
1.549240719487158469e+00
2.094543416275133740e+00
2.622065663698470939e+00
3.041691539871864691e+00
3.270696548617962218e+00
3.325196244719158312e+00
3.349868987850292079e+00
3.390914209135267310e+00
3.442238959611835458e+00
3.457458534500319036e+00
3.479369494116635764e+00
3.677251312133263283e+00
3.729159859933058208e+00
3.631662961402867040e+00
3.244543496287698225e+00
3.202528494612220999e+00
3.259937969061730278e+00
3.021287553292735240e+00
2.428175957657392470e+00
-7.515115690370042234e-01
-1.694714877542450093e+00
-2.188835366468291799e+00
-2.286507864025320025e+00
-2.290551280493293707e+00
-2.238481792657522451e+00
-2.142515946929943738e+00
-2.048577117610231202e+00
-2.114507869317044264e+00
-2.409350976574109460e+00
-2.463827979576228344e+00
-2.531055859709295142e+00
-2.518941761650745903e+00
-1.776462616545802398e+00
-1.154043136476230247e+00
-4.227081680407294151e-01
2.717715109450619115e-01
6.528669332443168827e-01
1.001940660272264472e+00
1.182680407057933980e+00
1.459879441414720036e+00
1.636826911678272545e+00
1.618868905523916935e+00
1.461172320562750260e+00
1.284756684957053752e+00
7.581021339481827104e-01
-1.096213211627128370e-02
-7.923770312306496200e-01
-1.240117434818775788e+00
-1.374240881101616907e+00
-2.812611075776065839e-01
-7.932720109198384550e-01
-1.182575939536043119e+00
-1.194144584470287596e+00
-1.118180528854610722e+00
-1.082424752628474041e+00
-1.040832482060484621e+00
-1.030496423031636466e+00
-1.009382139078181861e+00
-1.007198146389030491e+00
-9.949150215128572672e-01
-9.466537566088094602e-01
-7.630513098046999287e-01
-3.107188323837082877e-01
4.130809644342932629e-01
1.418469167406025688e+00
2.141569527557362740e+00
2.676603478703544425e+00
3.038216691720871943e+00
3.123129388841465293e+00
3.009646846582707091e+00
2.653727498614665059e+00
2.007600939258317840e+00
1.322681098590977822e+00
8.059071776238790896e-01
6.405978295140044576e-01
4.566905788938722677e-01
2.222451320950633025e-01
-3.175593521577392830e-01
-4.420978461548182858e-01
2.028405071408891439e-02
3.548621507113096374e-02
5.305232514795982235e-02
5.530008649738826776e-02
3.615730313168515064e-02
1.685588937629714859e-02
3.192190840124366907e-02
7.770515070322936424e-02
3.788498316000886157e-01
1.446843872724568492e+00
2.512574498346476837e+00
3.269909997293768633e+00
3.653113285311394343e+00
3.778733374521729083e+00
3.624178259854214268e+00
3.394841105729641484e+00
2.932379716120416369e+00
2.350292327155649730e+00
1.863952832637740364e+00
1.332445362529700583e+00
6.703344645877291619e-01
1.593564396213964507e-02
-5.119793625231835454e-01
-7.246226074994843724e-01
-8.207597002063512504e-01
-8.446273487112684331e-01
-8.381530038898795665e-01
-7.550835185063068389e-01
-3.184017037036698805e-01
-1.668695172934031579e-02
1.940565748383221711e-01
4.693540295269433837e-01
1.283693740614924694e+00
1.977487291108010581e+00
2.321015465405671829e+00
2.585615744419239803e+00
2.696665065415011053e+00
2.840009119184248476e+00
3.187236216849143933e+00
3.469717251779688372e+00
3.773319551160729812e+00
4.158305323367986084e+00
4.369497035590161005e+00
4.368368546701001165e+00
4.373074294106679361e+00
4.469521900570581963e+00
4.474351905727446344e+00
4.474064881642468627e+00
4.324923974444157437e+00
4.117809471268808252e+00
4.073982940217744542e+00
4.166031872935731073e+00
4.072195306052246444e+00
3.409851734810704027e+00
2.721566928219797177e+00
1.986540574814140925e+00
1.502562616028045195e+00
1.228848486876136237e+00
1.213943683953677688e+00
1.219584027486238620e+00
3.625850011715562454e-02
9.230503884585508634e-02
1.044092099314111455e-01
1.220578134715364221e-01
1.341897275366009112e-01
1.147112813999581621e-01
1.997432464316927780e-01
3.965760837736704292e-01
8.422339986339513196e-01
1.538499888506174473e+00
2.228446003252587904e+00
3.023301424841552176e+00
3.625199030916596676e+00
3.909989597910267900e+00
4.083824407505829868e+00
4.127466450669197151e+00
4.279851408845925853e+00
4.371940541545773051e+00
4.346386139925851211e+00
4.307309993544648385e+00
4.195754080444356937e+00
4.039883397136790677e+00
4.028425285430567548e+00
4.033405975848800118e+00
4.059299011298460158e+00
4.103508584206022825e+00
4.159000607763428725e+00
3.833521050667180408e+00
3.211203137013421749e+00
2.447330926975811671e+00
-4.621347781021101775e-01
-7.238847714703060543e-01
-8.227420263953608703e-01
-8.901344525573664512e-01
-9.495075168341609029e-01
-9.894358866315420276e-01
-1.008877214428071545e+00
-1.030778259150795684e+00
-1.056440958799697905e+00
-1.062513469629882579e+00
-1.015175716960506902e+00
-8.108905254758300707e-01
-3.126660250357075621e-01
5.246739488686651409e-01
8.624909935672213646e-01
5.980196366509873407e-01
1.379853415779117576e-01
-3.556425854783111240e-01
-7.296588161356355462e-01
-8.273250441307380409e-01
-9.582401188383885549e-01
-1.071215691587772412e+00
-1.518294341471694509e+00
-1.577787249421010785e+00
-1.555489432098408731e+00
-7.916872859402346307e-01
-4.941513916838537468e-01
-9.301015026905803396e-01
-1.391880598346242337e+00
-1.606588843624610519e+00
-1.624541415591230498e-01
-2.569557512611014838e-01
-2.637068536452805145e-01
-2.787802922307432429e-01
-2.761026964927277283e-01
-2.645946532468830825e-01
1.198669622427924741e-01
1.175532552272262610e+00
2.143303496777330786e+00
2.761610217259532263e+00
3.189195545706337676e+00
3.436548538684416787e+00
3.577390403031834865e+00
3.691171024530901956e+00
3.762502016676562366e+00
3.849988334852076921e+00
3.845565305906947895e+00
3.788227203819748645e+00
3.576227144032425365e+00
2.639725771671415977e+00
1.951707467662953110e+00
1.374747703139044486e+00
8.716528681981746685e-01
4.938848566074958701e-01
3.743215668288358833e-01
2.998673948172407289e-01
2.238882238350715648e-01
1.574806685142140783e-01
6.741068325015160678e-02
8.653830702866882607e-02
7.395370453373788233e-02
1.987473677171510966e-01
3.229155376240182007e-01
7.080293958844737778e-01
1.744496166304984275e+00
2.594322452194946393e+00
2.954226183064752931e+00
2.872903016601593862e+00
2.923851557447316285e+00
3.252450150136740437e+00
3.761399807985732036e+00
4.197803938552942427e+00
4.404157852135631046e+00
4.295603471262683826e+00
4.156817971792246880e+00
3.818911572867710547e+00
3.689707951870770053e+00
3.655339072503300812e+00
2.983182059764243554e+00
2.499603955032856373e+00
1.999643078365806570e+00
1.564044123710893075e+00
1.414860723025648692e+00
1.349212939584635285e+00
1.252887749570535059e+00
1.176762664343990794e+00
1.124769327342186598e+00
1.183283541196469724e+00
1.267355772622921872e+00
1.351992116792391174e+00
9.970719923123477768e-02
2.493012139039908481e-01
6.578583070439403269e-01
9.336683541370819350e-01
1.481791807222764046e+00
1.656563771329271573e+00
1.780940263157420711e+00
2.202710910693852497e+00
2.659041042249364661e+00
2.989617844515060074e+00
3.191785251218163921e+00
3.273097255516352444e+00
3.230997702628638724e+00
3.210589358595033804e+00
3.000053370738198222e+00
2.919229021269080793e+00
2.798638279507888349e+00
2.406082176312194232e+00
2.369061731326669307e+00
2.170207593241846755e+00
1.521195661759984219e+00
8.763561370711436815e-01
3.402307807048714494e-01
1.019208942378450888e-01
2.103409758162591570e-02
-2.651876928831002622e-03
3.766181623896013367e-04
-4.540540828281875406e-03
-1.465362092620176374e-02
-2.184041128360381806e-02
3.451628853984602813e-02
7.421590956456745047e-01
1.613952995251345834e+00
2.440279093400266941e+00
2.848930301504103646e+00
3.012510682186428479e+00
3.247380985554692678e+00
3.439597341001752184e+00
3.545197221567650825e+00
3.611668221255690980e+00
3.659750849020138475e+00
3.677412933324879063e+00
3.594900325889879067e+00
3.468936873131588161e+00
3.446490087918835599e+00
3.349584056881057759e+00
3.263403158367406576e+00
2.839538103346724185e+00
2.403779559677869937e+00
1.841691621719698801e+00
1.378141218711300908e+00
1.138121588101861370e+00
1.023067242543149957e+00
9.189572796749463368e-01
7.967038956990755150e-01
7.887674001460686091e-01
8.068412286431982938e-01
8.631512134979755224e-01
1.011230523718652741e+00
1.171666546291409983e+00
8.258417018921579977e-01
1.594020974102495769e+00
2.370082785077088694e+00
2.911380079527535969e+00
3.310952564927220454e+00
3.629510038195505661e+00
3.791662684665858762e+00
3.849671914865517852e+00
3.835088057378227777e+00
3.820486244354051042e+00
3.748867703790395467e+00
3.679878118007860355e+00
2.944372466776645325e+00
2.142105636782101197e+00
1.476450270227956274e+00
9.067807685475328672e-01
6.425638635848431868e-01
4.716329901221094634e-01
4.165735031069749961e-01
3.559236532302647582e-01
3.149698795621845848e-01
2.928178821898872464e-01
2.792874324439008071e-01
3.491665575210065042e-01
4.355323188217299912e-01
5.788013381868704066e-01
1.281149633623848372e+00
2.180402240981611506e+00
2.730967708557939577e+00
3.132606969776384975e+00
4.500108747705444112e-01
9.320266375230197298e-01
1.209784214825024851e+00
1.300894898141717437e+00
1.469101680401624366e+00
1.467279494281910068e+00
1.391257022545645095e+00
1.292146217630531613e+00
1.191675843225834752e+00
1.081227375416615955e+00
9.529441252524593065e-01
7.106334112109203849e-01
5.900837358453561166e-01
4.733580538847742547e-01
-1.336382778001700133e-01
-9.668117383032811540e-01
-1.794785009493268468e+00
-2.519615856619883409e+00
-2.800395820811858005e+00
-2.894153066707520150e+00
-2.981692694285309475e+00
-3.061361801758086365e+00
-3.014194783388699506e+00
-3.099809186820471130e+00
-3.120946585961931863e+00
-3.146146084483403715e+00
-3.225064217794605614e+00
-2.733887383333727605e+00
-2.049127003441236106e+00
-1.266328796601902340e+00
7.374427726143162332e-01
1.347492661431936023e+00
1.927291754762224585e+00
2.168170795737038858e+00
2.427449408503992601e+00
2.613431534126787525e+00
2.702202389064451982e+00
2.717889784630625361e+00
2.634280000262601895e+00
2.312565512096965037e+00
1.955556972987668285e+00
1.273196502208685743e+00
6.499567876573287828e-01
-1.908666231791394940e-01
-5.935974049761525428e-01
-8.693009834373959244e-01
-9.095720723487937809e-01
-9.992126866513579841e-01
-1.031411164332752373e+00
-1.038767173990512216e+00
-1.043878305463603828e+00
-1.024531866219184240e+00
-9.815719157849723819e-01
-9.257912221498051375e-01
-8.521457874664303267e-01
-8.066751622741701322e-01
-5.364316444945966822e-01
4.100842881917020621e-01
1.406475666400943458e+00
2.174527957900846076e+00
6.337856163131952991e-01
9.668747427165511610e-01
1.201046375544548406e+00
1.278960290358281515e+00
1.331584083184075951e+00
1.350594755830223370e+00
1.341241600065744555e+00
1.322446768428529706e+00
1.294490843336961294e+00
1.185734503547144270e+00
1.102064735139059781e+00
1.068993038912176230e+00
9.831541166637935980e-01
8.646555650597018694e-01
6.595360347168900406e-01
2.395913400197632881e-01
-5.135910345936025578e-01
-1.160695860982160488e+00
-1.535058265660468768e+00
-1.625945377432474581e+00
-1.678037328759055091e+00
-1.702786755182329470e+00
-1.663914081397836586e+00
-1.619121045963797689e+00
-1.610569963358584600e+00
-1.615913706636254332e+00
-1.608178659557923940e+00
-1.480748821396155046e+00
-1.043944390275373335e+00
-2.881938630243772170e-01
5.339471848924675079e-01
7.530709771808538067e-01
9.784881930525953786e-01
9.743161434476247384e-01
8.662965298477877107e-01
9.745202127238855594e-01
1.096923087093023774e+00
1.051054552738423187e+00
9.994616229359503112e-01
9.195913154635162456e-01
8.076728434961754077e-01
7.280225781850188094e-01
6.081644410049644733e-01
4.338149644621561718e-01
2.112030563334499345e-02
3.533266640555412369e-02
6.535317693018180552e-02
4.121256033400169660e-02
-1.228064006931046115e-01
-1.914318668085729369e-01
-5.187801159913552063e-01
-1.245483525359263544e+00
-1.834022813916354355e+00
-2.020697891922348166e+00
-1.899276309574946975e+00
-1.899184914092075127e+00
-1.913918432103852485e+00
-1.924287912537656187e+00
-1.988685164676710304e+00
-2.012545455254409976e+00
8.020373852692773420e-02
3.073169256210656064e-01
1.183254955125398800e+00
1.611010660874483857e+00
1.746892044751371831e+00
1.862651965575329527e+00
1.933609316409529155e+00
1.995510940271634892e+00
2.134079042676174875e+00
2.408276580535265499e+00
2.706027909464589154e+00
3.406950282261310470e+00
3.544318511901993318e+00
3.437685933113509229e+00
3.416378513446179710e+00
3.386311170564768602e+00
3.398117295886309286e+00
3.376607875643139245e+00
3.285784181426813166e+00
3.261681216488983903e+00
2.900531287750602427e+00
2.309806961100163036e+00
1.716750542247442279e+00
1.095183436331489624e+00
8.808948316754519059e-01
7.235270146257957169e-01
6.238891288219148290e-01
5.798424228746389408e-01
5.251622453411814995e-01
4.217103473948060621e-01
-2.235430490938016546e-01
-5.645045254158299608e-01
-6.050791656832068544e-01
-5.834710302180635688e-01
-5.463453760718842700e-01
-5.264018461518544800e-01
-4.859758715105579885e-01
-4.515576476784630700e-01
-3.217998334514330372e-01
-2.077497325037669373e-01
2.374561011801560872e-01
7.294314685787808283e-01
1.618898378870303967e+00
2.380734616368141765e+00
2.843131662090724543e+00
3.140174691912781757e+00
3.224379780617057545e+00
3.189721766503790690e+00
3.257863726189026643e+00
3.305194486402558418e+00
3.329181479476329919e+00
3.324893993105304535e+00
3.280864574623393981e+00
3.272409889634873448e+00
3.287231747883188504e+00
3.298338511094136116e+00
3.294615235664790642e+00
3.256304001527654535e+00
3.178050930438018007e+00
3.086304448024546954e+00
-1.770083090518404234e-01
-4.315276258101513607e-01
-1.172834334280832280e+00
-1.885048839245666574e+00
-2.448618104374987503e+00
-2.785834908941542398e+00
-2.921797083065368561e+00
-2.955255541991714807e+00
-2.965303977836580174e+00
-2.959885167755122559e+00
-2.967943562265403123e+00
-3.009286701261795649e+00
-3.517954895018986505e+00
-3.703619092793721368e+00
-3.706621924800838297e+00
-3.697031376858393781e+00
-3.693493368120474685e+00
-3.694260975080244869e+00
-3.684319315775738790e+00
-3.672465887811056096e+00
-3.480795095893682412e+00
-2.795651043011748271e+00
-2.075256519203620087e+00
-1.392905024347225851e+00
-7.804544482367883340e-01
-3.488610690542987003e-01
1.925564334392948496e-04
3.126488458619458566e-01
5.226959947392695316e-01
6.993565234889975724e-01
1.652814276789432990e-01
2.944491891580061083e-01
3.719727940010335576e-01
3.842611444177282953e-01
3.935878011767477980e-01
4.140539517382684775e-01
4.331127081365139797e-01
4.492580661389442009e-01
4.537627728259466253e-01
3.924962735800817115e-01
3.144855354090859700e-01
1.826212372889399749e-01
6.009615724241273993e-03
-1.074555097970883860e-01
-1.063746260238218472e-01
-1.520142639614808222e-01
-3.174913940471401075e-01
-1.032423695583450707e+00
-1.704675577404865194e+00
-2.352780018757873570e+00
-2.917758279128481291e+00
-3.165663610390793803e+00
-3.239408357657604487e+00
-3.325183449139154312e+00
-3.418624728307222860e+00
-3.505653397026079698e+00
-3.537224861816631538e+00
-3.525388353324158786e+00
-3.496885332941936930e+00
-3.432733780662883483e+00
4.366841950464887823e-02
7.836275138018303221e-02
3.620923679648750948e-01
1.195320898261599041e+00
1.955722627661512281e+00
2.492465807282668866e+00
2.908910544945221499e+00
3.280165906620988281e+00
3.432395071615561566e+00
3.677440395849091548e+00
3.858722860085299633e+00
3.936718584449270253e+00
4.043391450592682901e+00
4.072502129584540498e+00
4.011602268887331846e+00
3.953484355691954999e+00
3.898598695784140311e+00
3.860736980076344693e+00
3.847119084677925738e+00
3.790360248500537654e+00
3.590755286200610463e+00
2.922978769822587974e+00
2.280463884511347850e+00
1.742242238368879148e+00
1.374789232660444283e+00
1.228497287101711022e+00
1.092993927012481992e+00
9.424581404641577675e-01
5.985266391163696076e-01
5.325309307005019477e-01
-5.049923463299269000e-02
-3.086111435686002269e-02
-3.780147588870852449e-03
3.096320235645252245e-02
5.933770685143359425e-02
1.055624893495152594e-01
1.638621631193629691e-01
7.719925747542850658e-01
1.707276209013514512e+00
2.391913546090656428e+00
2.893659757755157713e+00
3.228610018866873155e+00
3.352281242564583597e+00
3.385598944528853238e+00
3.442264252760355969e+00
3.511148051596113095e+00
3.561235916184555705e+00
3.618240164768470546e+00
3.585823675595040783e+00
3.471566799604151488e+00
3.298632430209861965e+00
2.839759150212557870e+00
1.766525612665075240e+00
1.090278860679839479e+00
6.570996877922541390e-01
4.053296382813451060e-01
3.562369157719855184e-01
2.924819193960245256e-01
2.070869859855588579e-01
1.307118578839917000e-01
-4.891690584193638530e-02
-7.042979617246453161e-02
-5.251678259511449037e-02
-1.865447682803054313e-02
3.574961666390721188e-02
6.593404992851985280e-02
3.531134015091241807e-01
1.185865113593404629e+00
1.866474296666808419e+00
2.356707199684045850e+00
2.780126003518229361e+00
3.025257982561297965e+00
3.149095640023013232e+00
3.293253553698052727e+00
3.421392378988528549e+00
3.464922835753357688e+00
3.458278713479738364e+00
3.420113029120217085e+00
3.351924159317096752e+00
3.201059477421984045e+00
3.074759422742118886e+00
2.803484032939147053e+00
1.984234770911226686e+00
1.241247515543514535e+00
7.459573962331942365e-01
5.004753531322625459e-01
3.062931890561211845e-01
1.651144168253643185e-01
9.936549453866660997e-02
5.935760281669657384e-02
-5.860020812538257323e-02
-6.537610735242814497e-02
-3.338851477293107439e-02
-8.051908830200214112e-03
1.236739015517882567e-01
3.161676472330223198e-01
6.054305998382298881e-01
1.320159457787256185e+00
1.767084566877231033e+00
2.319022150025174867e+00
2.831944280410822579e+00
3.200525203399787522e+00
3.468236532109783887e+00
3.588530993398037161e+00
3.623577549276288945e+00
3.588700237252381964e+00
3.569027374512032669e+00
3.553462714181053084e+00
3.470523542790242999e+00
3.323781599835103684e+00
2.909793194070254607e+00
1.682627188973186305e+00
7.932589791400428414e-01
2.411451373405260057e-01
-1.644172003072164046e-02
2.199422474583384579e-02
1.501212782402386314e-02
-1.074261086171850593e-01
-1.890238866730802325e-01
-2.494159600089633499e-01
-3.113280732491825048e-02
8.807301501586944914e-02
2.534530708062006088e-01
5.403774658690128074e-01
1.392027144099470926e+00
2.219298451861568378e+00
2.780201533306561057e+00
3.086729262327072121e+00
3.425164434093043830e+00
3.957487606904755317e+00
4.328044556054099878e+00
4.566462146812527934e+00
4.783071543541142390e+00
4.755122629954721347e+00
4.551380020420888073e+00
4.337920074475898780e+00
4.194000069508859063e+00
4.101886385647733668e+00
3.974702369742168173e+00
3.361811680911455547e+00
2.645558264126436576e+00
1.841780383116483844e+00
1.385085524548280045e+00
1.235719047540966731e+00
1.204278864144118222e+00
1.193252145639840611e+00
1.111793843441542862e+00
1.037662873731455493e+00
1.016724448368614198e+00
9.785896506918747573e-01
5.217465654489215898e-02
9.718866317387885034e-02
1.308655046402098510e-01
2.720680485987801989e-01
3.626595859241512620e-01
7.664831419132240864e-01
1.642505927335465632e+00
2.488133127007552403e+00
3.030598332333544143e+00
3.288703462164837443e+00
3.348285324146461850e+00
3.566708248735122933e+00
3.654602845015253010e+00
3.662973834381640259e+00
3.703509860096474871e+00
3.694339503207877407e+00
3.690204078757449491e+00
3.673325373010912998e+00
3.667727347635910906e+00
3.650108250725472736e+00
3.627385835963536032e+00
3.565986090132792441e+00
3.187985331771771236e+00
2.457577040270511048e+00
1.601145271730696873e+00
1.007442297943592635e+00
5.933203918206706451e-01
3.588419119495019904e-01
1.841496777507724281e-01
7.541134333048482574e-03
-1.236237433745285969e-01
-1.522414879465033011e-01
-1.158343316548805513e-01
-9.057190910291043617e-03
8.023476366656902281e-02
1.627352515353436280e-01
2.330463631116621581e-01
2.871317867539284197e-01
9.466885082154665731e-01
1.783759052335746498e+00
2.664741548763293721e+00
3.237162319070518546e+00
3.665518605644051409e+00
3.898154137387371154e+00
4.091500128599206754e+00
4.171429177248307418e+00
4.120059065525175868e+00
4.142806397855018474e+00
4.149761082617581032e+00
4.151627332117797664e+00
4.071283857982883170e+00
3.983144616765787127e+00
3.270496028915067299e+00
2.339294566265825548e+00
1.688778878528585992e+00
1.281638111844145111e+00
1.102084579956757127e+00
1.048882409421851403e+00
1.006725980290286371e+00
9.350379624059110828e-01
-1.029465451649263646e-01
-2.363631537584988118e-01
-2.654865947632954470e-01
-2.603250390486173682e-01
-2.544387325077200890e-01
-2.358677145838077305e-01
-1.782989490358588003e-01
7.338993014125443359e-01
1.638830505289671668e+00
2.341223109870779417e+00
2.859342383949297961e+00
3.290966051340478149e+00
3.605261632146193662e+00
3.757104414598418263e+00
3.933251828875233169e+00
4.066265077261595806e+00
4.119066235570851831e+00
4.163932603431436341e+00
4.135182662949331345e+00
4.078202393709861262e+00
4.043983991388961918e+00
3.956934352310214287e+00
3.803742113959679649e+00
3.690931481158068905e+00
3.612371026014381759e+00
2.956761871765632321e+00
2.209839498177076145e+00
1.401102813276992265e+00
8.903154555857462071e-01
6.028432789291182647e-01
-1.182334664247986500e-01
-1.814183580231596982e-01
-2.037108177939425391e-01
-1.473735143805416370e-01
-6.503357263177549086e-02
-3.242578749920087960e-02
5.282723239077932037e-02
6.827967507637585642e-01
1.618683146620909952e+00
2.378546413584198049e+00
2.927898110536975018e+00
3.286003145398835201e+00
3.309070848017471533e+00
3.134687105814685015e+00
3.134777407052939502e+00
3.141901831004166201e+00
3.115603982281584194e+00
3.126433214456189269e+00
3.127312617577337139e+00
2.819101711641885721e+00
2.156225577441372998e+00
1.598556303006885448e+00
1.224906170697589225e+00
9.067791198714494350e-01
3.862110077508663641e-01
6.040695061374595776e-02
-3.880694525771112291e-01
-7.718883076117888375e-01
-9.812206842630334380e-01
-1.127909272954662701e+00
-9.996820539804379679e-02
-1.291355594094267534e-01
-8.105502193919089660e-02
-2.876034357902115812e-02
2.043309223575116851e-02
8.938163619653718972e-02
2.644672020652425459e-01
1.075150957713290500e+00
1.784059213588948145e+00
2.422284867353031057e+00
2.982230371441102701e+00
3.611126242887666038e+00
4.008201119078287356e+00
4.226499005682063270e+00
4.399695356832435067e+00
4.486745476422324685e+00
4.511239649044182620e+00
4.495971179287876041e+00
4.433157440455644860e+00
4.316350233063999120e+00
4.147996396028087673e+00
3.451096096151693882e+00
2.624123779714576887e+00
1.607921216505503903e+00
1.298528000706467456e+00
1.326705464319743566e+00
1.252694490580773978e+00
9.430894679928918389e-01
7.481274803891436731e-01
4.912837025519141143e-01
-3.491376751463266120e-02
-4.429789275688589961e-03
1.009502041859974136e-01
2.978639806858313088e-01
4.525143198957649604e-01
5.397879049677484220e-01
9.313926324839176818e-01
1.773741115316713080e+00
2.409078940337185060e+00
2.829222975836696463e+00
3.328335652097410780e+00
3.640592952077672528e+00
3.922690170047215208e+00
4.150046179614092168e+00
4.317476240718742808e+00
4.403156786137697232e+00
4.287697855770711719e+00
3.892965036849930005e+00
3.787376569925609893e+00
3.288501227275616223e+00
2.891413465612863831e+00
2.786419956291470434e+00
2.685641821842119636e+00
1.852647019754154911e+00
9.693549233396541176e-01
5.284360463056378965e-01
3.314257958227815881e-01
2.911963761360641945e-01
2.974740529716860538e-01
3.218066299754372417e-01
1.120456072899398969e-01
2.261958330526931960e-01
5.823395601184004899e-01
1.508745513510525660e+00
2.228023656782762263e+00
2.664140226406178424e+00
3.016154544139246330e+00
3.239561058779863778e+00
3.497383481011645756e+00
3.698609325243350288e+00
3.831662366312501344e+00
3.878250832098515843e+00
3.865272604436909454e+00
3.840990730831872924e+00
3.686644315986646880e+00
3.308922021626611976e+00
2.350120787173720416e+00
1.606780365374790964e+00
1.161884198945812185e+00
9.304935739482662616e-01
7.658021516376960491e-01
6.813472546571939237e-01
6.127855088890534763e-01
5.363029761220001745e-01
5.311530679228119167e-01
5.345901210301393647e-01
5.659841203149530431e-01
6.411587920341809133e-01
6.943644194394635871e-01
1.079099962389026945e+00
7.252394215932690402e-01
1.349510206782611466e+00
1.829286653821837083e+00
2.101055376044849154e+00
2.369381536068095429e+00
2.679914321734016891e+00
2.964462421909320966e+00
3.383939561950239483e+00
3.656347644706150923e+00
3.651453985728412732e+00
3.642827256395856583e+00
3.621606758033067308e+00
3.441847183448866421e+00
3.275623904680576182e+00
3.152405423879843571e+00
2.446435780596773135e+00
1.766727475714236828e+00
1.198859328358354848e+00
1.076372116663881107e+00
9.226791543663281914e-01
9.267609950302423405e-01
7.232326740694511313e-01
6.326107728259178220e-01
5.615346113038109932e-01
6.236587874598291670e-01
7.757069618477749895e-01
1.224246453958418801e+00
1.537149873414951351e+00
1.907897388098747760e+00
2.337440469349298944e+00
3.307515679579468570e-01
7.301889130232845915e-01
1.091165162531358757e+00
1.289827141764579466e+00
1.447787938912785011e+00
1.568377765231150578e+00
1.731186910195845696e+00
1.745684274159521987e+00
1.756708693242622576e+00
1.655373531757252437e+00
1.516202765558047894e+00
1.289548127724579940e+00
1.033922124508443119e+00
6.482010865113776443e-01
-2.377356844284914672e-01
-8.418110183778262368e-01
-1.108190505258168645e+00
-1.270531517428044932e+00
-1.331986635067565317e+00
-1.388256869657755743e+00
-1.384503278424955131e+00
-1.415309601374100668e+00
-1.393099565371657134e+00
-1.310455327080224386e+00
-1.290533945230792012e+00
-1.220432869001051523e+00
-1.090092708508209052e+00
-3.923199692536567529e-01
4.366065255870956729e-01
1.167165468452372457e+00
4.763963289964770476e-01
8.616431879559347529e-01
1.169452880558336183e+00
1.353115613227313663e+00
1.418498618668907918e+00
1.436551211466069677e+00
1.357411763890199907e+00
1.302296301539649148e+00
1.309248091505886613e+00
1.199892289158225323e+00
9.992116875367982320e-01
7.848876423278753345e-01
6.020922969553188508e-01
5.285195484474397576e-01
3.815997314408817731e-01
-3.347624166422648040e-01
-9.869177464372290709e-01
-1.562474697595721995e+00
-1.766668452816255064e+00
-1.855844513173541266e+00
-1.901253696186923303e+00
-1.932684929589305156e+00
-1.781027158451452319e+00
-1.673310814826388881e+00
-1.584552508147703209e+00
-1.453814101938261105e+00
-1.269338248085667642e+00
-4.763039430717891376e-01
6.553747783677899008e-03
2.880568532158882533e-01
3.649946616124902232e-01
7.240209866078903822e-01
1.063576369432509106e+00
1.353968590046759957e+00
1.469631553278203162e+00
1.478351149215722193e+00
1.438788771547873102e+00
1.334391228173658517e+00
1.319771271738051643e+00
1.311894949973931856e+00
1.317656147211633710e+00
1.273648431653460200e+00
1.190101444011368637e+00
9.720021132604751424e-01
9.234902608094556209e-01
1.005269968226484512e+00
8.359237843780660260e-01
1.911706822209833234e-01
-4.925038062201397837e-01
-1.211198583712127075e+00
-1.401499966175353551e+00
-1.439138394697239143e+00
-1.448165527525112184e+00
-1.444018779693585497e+00
-1.466029234185788344e+00
-1.476282633962785473e+00
-1.489509235189651948e+00
-1.522080773200794157e+00
-1.529014309728811805e+00
-1.548967301920122441e+00
-2.001568723334239824e-02
-1.171663979146409656e-02
2.082881408395954870e-01
9.571702344158768971e-01
1.875774511296627978e+00
2.540985506615283107e+00
2.909701660191300832e+00
3.078930109401152304e+00
3.147100677986841788e+00
3.187698000192353831e+00
3.257484075835008763e+00
3.384502820690897806e+00
3.399016183926758305e+00
3.416787154571740981e+00
3.399487341925251815e+00
3.376476681117086098e+00
3.267317662370098130e+00
3.154696932254818620e+00
2.436908920036000126e+00
1.803145106672672693e+00
1.245290162099174314e+00
8.465951752118627827e-01
7.951544598287016985e-01
