1.110629023783048230e-01
5.600669293001425686e-01
1.212803501055529143e+00
1.931029150690747986e+00
2.437170454712139112e+00
2.857952745696513919e+00
3.224530886513605310e+00
3.378032569231511406e+00
3.445169726574799807e+00
3.488209720444412465e+00
3.555966671147397395e+00
3.588217304903371208e+00
3.618441962891341124e+00
3.649940793730241939e+00
3.662421782035123918e+00
3.675685871635747226e+00
3.706754968482817603e+00
3.760650794187834212e+00
3.838664861426050123e+00
3.893797437202956679e+00
3.915849590366496269e+00
3.924298178691220329e+00
3.933352997459415690e+00
3.913080744309805237e+00
3.880940003489541379e+00
3.889020915683786495e+00
3.871301891285999996e+00
3.471503190680336637e+00
3.414286939111794705e+00
2.875784361423423460e-02
5.332889427413606276e-02
5.495597254614904142e-02
2.297337526106826150e-02
6.360486858095287799e-03
-1.632534304162119865e-02
1.189209806259184932e-01
2.119736224607636499e-01
2.045153000145349398e-01
2.058869143817466940e-01
1.186913834576283772e-01
-4.514724270787640603e-01
-7.866307094352967821e-01
-8.353373767492865420e-01
-8.525227344205099644e-01
-8.773900557966596292e-01
-9.095233180544730622e-01
-8.939533408150989180e-01
-8.924148096091552018e-01
-1.043130545772888329e+00
-1.497197254237144781e+00
-1.736603922302458969e+00
-1.794182494008961903e+00
-1.819712389160027755e+00
-1.847561263483832095e+00
-1.873138777571230928e+00
-1.891792457534103633e+00
-1.908829870069365331e+00
-1.943704998284517371e+00
-1.899129493640566713e+00
-2.397887074138347618e-01
-3.196976365272122811e-01
-3.718402604922761978e-01
-3.956638919071889249e-01
-4.301340106125804974e-01
-4.581892085341294218e-01
-4.808309111751037923e-01
-4.847447457923225178e-01
-4.777467769027624600e-01
-4.677966918888192827e-01
-4.563766572867897775e-01
-4.486892316289483040e-01
-4.517729167811266877e-01
-4.582448214623327520e-01
-4.808057885061097769e-01
-4.930731396880213002e-01
-4.883178826796547023e-01
-4.773076099403025796e-01
-4.401346802219233689e-01
-4.126685089027168907e-01
-3.844733868933859489e-01
-3.669501130932443789e-01
-2.710682360325357143e-01
1.236067039393550782e-01
5.936136432737814106e-01
1.140011489756419305e+00
1.706854165743294294e+00
2.156954899327109487e+00
2.397823974529001312e+00
2.580830399292074251e+00
1.509472014448368371e-01
1.952814620038668958e-01
2.030985474555076775e-01
2.227363905592425475e-01
2.283933756738539822e-01
2.387575333680770906e-01
2.576207588846857743e-01
2.844796966683270645e-01
2.978101298979423661e-01
3.160647907244245047e-01
3.414465315242978805e-01
3.384275447808456905e-01
3.368771973682777032e-01
3.436788351158859833e-01
3.592526760626774118e-01
3.775249725042389426e-01
3.940439981471664521e-01
3.981491046518589871e-01
4.083420321653741247e-01
4.325404648061501600e-01
4.530989975609141518e-01
4.624387853521714220e-01
4.760178039753014123e-01
4.797359568802615493e-01
4.834808418128882512e-01
4.960759114634922251e-01
5.181736552207151236e-01
5.375843192278805249e-01
5.530924585809007255e-01
5.681040668079091471e-01
1.350448622576684229e-02
1.835133490591491986e-02
2.857780610972135427e-02
3.373098188140428305e-02
4.644546260358137224e-02
4.978041348545007849e-02
4.953355642946272869e-02
4.969257233454291850e-02
-6.915518102406825740e-02
-3.249704787271865958e-01
-4.542598544132526728e-01
-5.107166417358069976e-01
-5.964168862990381070e-01
-1.042475852174884698e+00
-1.486829946462036922e+00
-1.728416364375476411e+00
-1.855959695275168242e+00
-1.985156687376462337e+00
-2.039938695340011598e+00
-2.308953179692679214e+00
-2.486953468518984245e+00
-2.514031846086650646e+00
-2.536108673872323749e+00
-2.537975741220161119e+00
-2.579247160943655803e+00
-2.640147081718577926e+00
-2.859560785827036433e+00
-2.912103930381046979e+00
-2.912711416951049515e+00
-2.910587315447788814e+00
2.069733688454395912e-02
4.443962481444444640e-02
5.283574260365298675e-02
8.346764636215314725e-02
1.067216655161877525e-01
1.121990691550614483e-01
1.373517333399280060e-01
1.607841305743897831e-01
1.937830483069468701e-01
2.417091953424758966e-01
2.720757370762510452e-01
3.206979065882485935e-01
3.286416022213378141e-01
3.256747092847015468e-01
3.161067040984885668e-01
3.635493909795982082e-01
3.590203116261871386e-01
3.348738631435557167e-01
3.792043728583227025e-01
4.049640663308805011e-01
4.553405609399536202e-01
4.756755829952404313e-01
4.829190419621527397e-01
4.703204812706344717e-01
4.806956050794850555e-01
8.169352911757646885e-01
1.363272722158322736e+00
1.852703757771168025e+00
2.219240458531256177e+00
2.347867234097984923e+00
1.549264312606697842e-02
-2.561744675557810560e-03
-7.860706766168120557e-03
3.832602027431814690e-04
1.915830650624762016e-02
2.198285358338742529e-02
6.032931244236618834e-02
3.775501059370576229e-01
7.168965001089212530e-01
8.153954540874436274e-01
8.550988877786777076e-01
8.778901685781312914e-01
8.854051097017342498e-01
8.977651386949332402e-01
8.974045157483430124e-01
9.084273774400091206e-01
9.421407962244099377e-01
9.607669934443936466e-01
9.686778902421138149e-01
9.948817147247740467e-01
9.996699076850822374e-01
1.000013755610915656e+00
1.013729244421050613e+00
1.040319722008979930e+00
1.058373463392179747e+00
1.077365773377452873e+00
1.109079135519372539e+00
1.124047711817330208e+00
1.117143831240321905e+00
1.120479583533622314e+00
3.786920730999237747e-03
-1.599093552059260154e-02
-5.656385344040641347e-03
3.065594929859423445e-02
2.997757801126509428e-02
-1.606138968410392512e-02
-4.137885933222595347e-01
-8.023928858256070829e-01
-9.343580886185846035e-01
-1.009623549394313979e+00
-1.314052425821847336e+00
-1.560158919714418113e+00
-1.656345822778295229e+00
-1.719071910076594989e+00
-1.782978642247747825e+00
-1.825822370568907838e+00
-2.223451362375660878e+00
-2.443579530515902043e+00
-2.451608494574466501e+00
-2.463555171787688458e+00
-2.478920789140957925e+00
-2.493377370231371071e+00
-2.555007253933482936e+00
-2.568308009845171824e+00
-2.695013934555237523e+00
-2.906246581371418891e+00
-2.947823073881574274e+00
-2.941451869227122984e+00
-2.938306071450633272e+00
-2.914605413052974825e+00
7.109287245739216027e-03
1.202878898035338734e-02
2.153241973231381778e-02
2.228648477520508639e-02
2.423278149135031298e-02
4.140634659210934432e-02
5.837281277146331993e-02
8.000143531622738724e-02
1.031253771135900166e-01
1.061059407948730521e-01
1.064361086034860127e-01
1.171037812675411738e-01
1.312543314514006410e-01
1.379314669931647197e-01
1.719912719611943475e-01
1.858626786989014124e-01
2.801213196750864665e-01
6.237084403386685683e-01
9.278812871437074339e-01
9.895184636033780290e-01
1.029349475338567022e+00
1.058270649667463648e+00
1.085114129109264303e+00
1.136438113685559470e+00
1.245689587378726149e+00
1.288588003671644389e+00
1.302742250968228488e+00
1.310119706936238915e+00
1.307266247228753064e+00
1.331923615470639533e+00
3.757115106020934847e-02
3.702589666417203107e-01
7.862110382060820690e-01
9.688386602653047408e-01
1.042185090273443970e+00
1.144268318985942834e+00
1.173521087589878498e+00
1.452284334403664001e+00
1.838846896812780241e+00
2.119619826426308418e+00
2.224099648588990785e+00
2.306347527307422318e+00
2.358560095684749225e+00
2.414533808242692814e+00
2.437129028129971342e+00
2.452925742804981102e+00
2.456170089752630847e+00
2.449115547288733818e+00
2.440748085352280494e+00
2.455309821865592657e+00
2.478672489234577725e+00
2.512961791056015137e+00
2.562006969506120946e+00
2.610175787582121210e+00
2.639428443454217010e+00
2.653184211300853690e+00
2.646419961311232250e+00
2.645313405638032744e+00
2.649246595580420305e+00
2.661419364540433818e+00
2.264518807112711127e-02
4.078803128231046904e-02
4.005059525957278127e-02
-7.193754130616411557e-02
-9.304370409853184032e-02
-1.167870676814690145e-01
-1.319918657039907406e-01
-1.380202319812784129e-01
-1.488754434250699754e-01
-5.052409299167621715e-01
-7.838233888499376301e-01
-8.757642421404376876e-01
-9.357440268765165881e-01
-9.754041221502481873e-01
-1.190111417237318836e+00
-1.273633917762517553e+00
-1.310882434604804692e+00
-1.373061110855238631e+00
-1.408126272114381017e+00
-1.431607115383168871e+00
-1.583680778985212978e+00
-1.908923456350614334e+00
-2.033079212821539361e+00
-2.097783080840339931e+00
-2.129932303975773156e+00
-2.166212258714389272e+00
-2.221012635608484498e+00
-2.429601888185916714e+00
-2.517941816720262960e+00
-2.520296231181569979e+00
-1.005315519174243728e-02
-4.532844838097669499e-02
-7.875952622929258129e-02
-1.075353790666124520e-01
-3.023802802964148384e-01
-4.532371013060975673e-01
-4.610726107112639860e-01
-4.822554732325375904e-01
-4.855321539743434056e-01
-5.002610627931639575e-01
-5.083980296113599362e-01
-5.021493299446898595e-01
-5.045886665387562253e-01
-4.998949387010725998e-01
-4.889743434782217180e-01
-4.764221433644402759e-01
-4.567353199660284524e-01
-4.357231360587608959e-01
-4.237189950463550736e-01
-4.123485349260587185e-01
-3.424232582555187254e-01
-3.112196238116629043e-01
-3.120935045150146081e-01
-3.233775774710740403e-01
-2.996098707672991135e-01
-2.534804623964342363e-01
-1.567622532404510660e-01
2.926412589911293050e-01
7.459731667309335013e-01
1.140098738869269823e+00
3.476224824208288267e-01
5.583038799933254248e-01
7.186850320813880089e-01
8.048493451014024913e-01
8.539649612951946134e-01
8.904524815263156201e-01
9.261747550330271528e-01
9.533537548840651521e-01
1.000199862098720471e+00
1.020911402738042595e+00
1.053513789099364661e+00
1.185470697766028980e+00
1.542823698384664599e+00
1.797598440327536018e+00
1.974507773279960299e+00
2.014896619900977903e+00
2.040767525292353390e+00
2.017912703496360205e+00
1.991855179677457066e+00
1.982247430977869262e+00
1.969900379453790817e+00
1.945845863843470802e+00
1.947509246343109179e+00
1.938250996017474748e+00
1.946547177729289535e+00
1.947148268800334980e+00
1.949952644234715038e+00
1.950164473906262463e+00
1.945057083817547605e+00
1.933431144964352200e+00
-6.794016821679355576e-03
-1.256444346585135902e-02
-2.181718902259173476e-02
-4.074308366175175694e-02
-1.484832951859034467e-01
-5.109518428045226601e-01
-8.080467269599862501e-01
-9.126730153541966484e-01
-9.746394831430702510e-01
-1.066825121963523859e+00
-1.196820690086186190e+00
-1.351102145690913359e+00
-1.418746062601942137e+00
-1.506427033515425506e+00
-1.547670091614815613e+00
-1.603204409445820655e+00
-1.944043666823410899e+00
-2.065162128462023627e+00
-2.127286166258483657e+00
-2.181026192007971432e+00
-2.269085558919803347e+00
-2.597239761756079623e+00
-2.759755481628552776e+00
-2.829388134231788143e+00
-2.898649647302583787e+00
-3.213640802210688818e+00
-3.281580202966273951e+00
-3.312112796974719053e+00
-3.322271475927661921e+00
-3.326224747719768171e+00
-9.020424518278556333e-03
-1.590443017331787112e-02
-2.248077858351199554e-02
-1.177029468301822035e-01
-1.314749120796613602e-01
-1.664876288366751722e-01
-1.917933413878550875e-01
-2.121706110971790515e-01
-2.269278501978495288e-01
-2.475294283351379410e-01
-2.291835054421357265e-01
-2.149996212370405835e-01
-2.074615732820856706e-01
-1.988199821572038950e-01
-1.871479265890977350e-01
-1.971821828757572004e-01
-2.042527527865228010e-01
-1.809534888185217461e-01
-1.774312711817989940e-01
-1.623153716663679191e-01
-9.276597598074959317e-02
4.003074548420075818e-01
8.279864872657753949e-01
1.006727369383680237e+00
1.074478873357332276e+00
1.124390196039910972e+00
1.162762186699094702e+00
1.176046707956694526e+00
1.185473292237774867e+00
1.198336026317329273e+00
4.702237419203818963e-02
1.405148733416517193e-01
4.686172141760309717e-01
8.654605276566436078e-01
1.033872280597108118e+00
1.069235743480793088e+00
1.077470786985065487e+00
1.126981425900530631e+00
1.202975196541722136e+00
1.241663135989373945e+00
1.268426895401976173e+00
1.283672450572906243e+00
1.315965696201601975e+00
1.354091009543923363e+00
1.367170680179561781e+00
1.399186917429632082e+00
1.744988812231138553e+00
1.843857237190603904e+00
1.874858290305789321e+00
1.898974876671107870e+00
1.918459897167883454e+00
1.943641004109477599e+00
1.917562447971590256e+00
1.890326526620029535e+00
1.864137934344272773e+00
1.819763470548991346e+00
1.801304088523873137e+00
1.821058891664025126e+00
1.819155079497968508e+00
1.817496767183412132e+00
1.722209174867313231e-02
1.885661882911427237e-02
2.337932065152888844e-02
-3.478045352814203989e-03
-2.844042277516029560e-01
-4.213943030746347684e-01
-4.351183392245898673e-01
-4.566634625612375209e-01
-4.673213919660857973e-01
-7.477348360197959565e-01
-1.016083652657689518e+00
-1.127223955998850835e+00
-1.251238017278077930e+00
-1.345162310336531108e+00
-1.398022533128922884e+00
-1.438887041893764707e+00
-1.776278160014069574e+00
-2.000204811367439994e+00
-2.027936960740398309e+00
-2.045677404646398578e+00
-2.057551512395863647e+00
-2.081141515459088875e+00
-2.109118125726517246e+00
-2.129679104526373212e+00
-2.165290964590951717e+00
-2.161644537091258478e+00
-2.138127894306252053e+00
-2.093478611976725912e+00
-2.025498903126901507e+00
-1.975543460190071654e+00
2.995787463740798295e-02
1.833203694088147290e-02
-3.606094560292257695e-03
-6.749061514314399005e-03
-1.142532078434704834e-02
-1.330465955917164121e-02
1.373847011092143786e-03
1.496905773072849076e-02
3.647892592135313500e-02
5.405167940605531962e-02
1.017259857114429511e-01
1.053962319886495996e-01
1.026003026762415948e-01
1.007256336960130477e-01
9.902862403599940744e-02
1.162018060954727594e-01
1.496296962760743643e-01
2.045618899549884739e-01
2.538505158500654613e-01
2.862665525956402113e-01
3.793805526276572415e-01
7.118189488843816859e-01
7.182022482277947706e-01
7.365568300055257422e-01
7.500505755203170644e-01
7.804526422571650413e-01
8.184145776787952187e-01
8.742940363365572232e-01
8.963666570617633278e-01
9.328728151893485032e-01
-1.420472530520063698e-02
1.713506901556887535e-02
2.855345346123945305e-01
4.480573409305101951e-01
6.739210794646809388e-01
7.652441772141849174e-01
8.071667208722483888e-01
8.488467062822969700e-01
8.765216975053815585e-01
8.984785053639802177e-01
8.901896306585748153e-01
8.859518922506075533e-01
8.967663565032619744e-01
9.283158339962461758e-01
1.106432863866833927e+00
1.160015027718089398e+00
1.213428373226847379e+00
1.238001852171770834e+00
1.259973708818189708e+00
1.271347822709768760e+00
1.512265571444759260e+00
1.876642396221718911e+00
2.007709967441503096e+00
2.083917811375570750e+00
2.137932437444721057e+00
2.144777441947567809e+00
2.154316812124944303e+00
2.162937607070655410e+00
2.160169428492311194e+00
2.166560695074306153e+00
-1.478350684287326692e-03
-2.398192466287332476e-03
5.452298312242172609e-03
1.422676741364595383e-02
2.703434170205614231e-02
3.749086123439168694e-02
3.774334355064516699e-02
3.832001919045556482e-02
4.439163477148617976e-02
4.100268062022435767e-02
4.234701506837412754e-02
-8.784691707482400469e-02
-2.110347294384004591e-01
-2.318047954556378409e-01
-2.748985048520682928e-01
-5.640824587954134106e-01
-6.516737331013824353e-01
-7.273244587148377516e-01
-7.816404935256708875e-01
-8.170024807624113317e-01
-1.000252604831662007e+00
-1.393646964716164671e+00
-1.721858535234733756e+00
-1.843900093141684682e+00
-1.935138682841860636e+00
-1.992187138904428112e+00
-2.016893765283509055e+00
-2.048437797443191766e+00
-2.072376676845696597e+00
-2.252276072418719632e+00
-2.517821363018428182e-01
-3.324996543577014574e-01
-3.647787903475788740e-01
-3.678011039921806891e-01
-3.762164818450703940e-01
-3.695278440775939810e-01
-3.607113408655938103e-01
-3.570122593802404487e-01
-3.483587785683545657e-01
-3.489588020370537613e-01
-3.529097739934262679e-01
-3.593880905030073514e-01
-3.503592145972825311e-01
-3.237976422392473963e-01
-2.698612635486983824e-01
-2.151980748075416894e-01
-1.982371028383212996e-01
-1.593777536873015599e-01
-1.554332147854856905e-01
-1.773857248726996849e-01
-9.704509135697317324e-02
3.926688596415802701e-01
7.995620203209354848e-01
8.788496537637103811e-01
8.648247265906697789e-01
8.104307768925561595e-01
8.040783086629497145e-01
7.932611526526385237e-01
7.908121761637805225e-01
7.793655533760597276e-01
-2.211845027721986642e-02
-1.798694552636376232e-02
3.260811031912885238e-01
7.663837962883917054e-01
1.032537220994198091e+00
1.258774028285148061e+00
1.394533361269553851e+00
1.447200579235370155e+00
1.491484936282938767e+00
1.518286439457163572e+00
1.548703166323429414e+00
1.556479986291906092e+00
1.564215367758252873e+00
1.570836944608257069e+00
1.589680517178482244e+00
1.592390006878060982e+00
1.600216218572100724e+00
1.610847219445824541e+00
1.620820553717863932e+00
1.628306130063567059e+00
1.669085688421962477e+00
1.669946790623775934e+00
1.678605068629472674e+00
1.698153644332772494e+00
1.708188657660536069e+00
1.709156774209000806e+00
1.718306209958695208e+00
1.726501431038804713e+00
1.726976933877675924e+00
1.716467492998800415e+00
-5.389704339525942453e-03
-6.782171844131169511e-03
-2.628132629478395210e-01
-3.510380781323612087e-01
-3.766131675410134827e-01
-3.816414938309004579e-01
-3.924670801260480846e-01
-5.446601095686400829e-01
-5.988445141190852361e-01
-6.573742067727993410e-01
-7.105817651816721536e-01
-8.077773310164608755e-01
-8.560774324085479448e-01
-1.035300047857151684e+00
-1.488059937902910468e+00
-1.902090043726644586e+00
-2.057592359916509128e+00
-2.117518644634292180e+00
-2.186450246710113454e+00
-2.238773418967934692e+00
-2.440813421088798396e+00
-2.512903322107804982e+00
-2.494675858122298973e+00
-2.474613265121868633e+00
-2.459648551024141483e+00
-2.443568829285234667e+00
-2.465773836988235601e+00
-2.500453885414858579e+00
-2.529233782452437573e+00
-2.572026765747799537e+00
-7.706469655568899159e-03
6.539149104623599891e-03
2.724070428511902661e-02
5.773203623322432920e-02
1.057011548302799059e-02
-1.532137446553848842e-02
-3.994202377963924216e-02
-5.715960872473541121e-02
-6.365379662986531129e-02
-7.283978830928655723e-02
-6.152052854317836134e-02
-4.418744828231100513e-02
-2.041843781530668089e-02
-3.999597702868753352e-03
1.210113172111993221e-02
2.876580691269078199e-02
3.716165282654371183e-02
4.944669768402411292e-02
7.304295837143788550e-02
2.135463000699978076e-01
5.333310031131945905e-01
1.025824278456585414e+00
1.369741785616439778e+00
1.445825728035905255e+00
1.517858005267321175e+00
1.557685184524487232e+00
1.584143886956415503e+00
1.620466748310108063e+00
1.655787648281259461e+00
1.680094289379924444e+00
5.479301465679829036e-02
2.526213595497995290e-01
2.843408583615605334e-01
3.267404146163009893e-01
3.694183463317575744e-01
4.185365429856562347e-01
4.888781116623320822e-01
6.137975012182523837e-01
8.432806346666922304e-01
9.836789760091109169e-01
1.002181612173602687e+00
1.003428259843195391e+00
1.027283028720867630e+00
1.047546211000179861e+00
1.069409386301817033e+00
1.104537259129101168e+00
1.122836550680836876e+00
1.139552265789922636e+00
1.157678890504996172e+00
1.185393196447865893e+00
1.351141003199536561e+00
1.465691202980633490e+00
1.491371441928401875e+00
1.538229662155037092e+00
1.575515614140525100e+00
1.611768023592272003e+00
1.632030610538215853e+00
1.640204106149094621e+00
1.639948781992061511e+00
1.612530414563897896e+00
-5.449062435978544025e-04
3.381818272364095230e-03
-2.917790954405266937e-02
-4.118497702696893303e-01
-6.890664664839750708e-01
-7.405219664618526432e-01
-7.825529896970545574e-01
-8.841880306363341102e-01
-9.918652714258519021e-01
-1.424760510694920823e+00
-1.710974024547428751e+00
-1.800160759637181584e+00
-1.847313486061181287e+00
-1.910007786880529856e+00
-2.149357409005697939e+00
-2.342646002134245897e+00
-2.402424373898326415e+00
-2.429252952914028096e+00
-2.477844108148540503e+00
-2.525811245231368130e+00
-2.577398534990163359e+00
-2.610098229938052850e+00
-2.654152620087366188e+00
-2.676998370383981030e+00
-2.695752919577408147e+00
-2.705363875425764064e+00
-2.709541850683382158e+00
-2.721487110441634716e+00
-2.734006898407297825e+00
-2.749726260202988382e+00
-6.951190369360548543e-03
-1.076303229548827844e-02
-8.628500011146841148e-03
-1.667427183956108998e-03
-1.401863600875284579e-03
-8.317514785858398652e-02
-1.048286867773545461e-01
-1.085020637225947715e-01
-1.278450637865033990e-01
-1.351974987591112176e-01
-1.405799409821558432e-01
-1.441475342881400057e-01
-1.355149220657943521e-01
-1.132711161086787516e-01
-1.125230501038049225e-01
-8.075431854783160501e-02
-7.773124644100305736e-02
-7.865615443685816666e-02
-5.196273224607059205e-02
-4.175108654210306358e-02
-3.904928011830123558e-02
-9.318617017069499853e-03
-2.946955931633451174e-03
-2.728576311943496126e-03
-1.116853106608251336e-02
2.085036388538625551e-01
2.097087848731384319e-01
3.197761206863864447e-01
3.586690683058127438e-01
3.596417335527385961e-01
5.565776291836718737e-02
5.961236696985117156e-01
6.012676897261086673e-01
6.505936116439069439e-01
7.427235207359565994e-01
7.430621019748528955e-01
7.748954860373001852e-01
1.084081468425463601e+00
1.084560865984369737e+00
1.469093846763238842e+00
1.582648771686588018e+00
1.584952974632521494e+00
1.622196013597938080e+00
1.640914428861396601e+00
1.658687541844071633e+00
1.696224904956522117e+00
1.710651233781937064e+00
1.768153097638427429e+00
1.772948960503391014e+00
1.782001897664047929e+00
1.802318276792316487e+00
1.828792978796624613e+00
1.853301158794349313e+00
1.879566036335663881e+00
1.895704561256059240e+00
1.920673297255703460e+00
1.949277783240119355e+00
1.978555343903998676e+00
2.000370779470109106e+00
2.047928586500035397e+00
4.033784153028628183e-04
-1.089326782881306147e-02
-8.074858717371674599e-02
-9.060394960895384875e-02
-9.445812029441529034e-02
-9.593317733709676165e-02
-9.462482472573877090e-02
-9.580668584052717818e-02
-1.120242375591220529e-01
-1.313043023784823404e-01
-2.902283083701694966e-01
-7.456605828492008925e-01
-1.172241347883040241e+00
-1.372488621557195199e+00
-1.424690728349010671e+00
-1.452209324372291999e+00
-1.472503088934429050e+00
-1.504753319355196517e+00
-1.626284920638289222e+00
-1.688867128659473416e+00
-1.708915088977634777e+00
-1.733734582327160378e+00
-1.760782396391957993e+00
-1.798289514295646763e+00
-1.803796592192343118e+00
-1.809532550262419104e+00
-1.833090077260773887e+00
-1.854370534722559194e+00
-1.871959598136798242e+00
-1.922488118684018588e+00
-2.112730385874976233e-02
-2.309687704916780007e-02
-1.461418400867430141e-02
3.966737852190435967e-03
2.993054381109836598e-02
4.221770323699812477e-02
6.272769703685768250e-02
4.663401057267747840e-02
4.571252543984800215e-02
4.883919990238174552e-02
5.138367619576578171e-02
4.578567584820322778e-02
5.390369753659386698e-02
6.530319343513570074e-02
8.756811854917148641e-02
1.006635226036163566e-01
1.278795415921472611e-01
1.388980456701152666e-01
1.396864365153624443e-01
1.409940548879441147e-01
1.326837828412241460e-01
3.002104671308436501e-01
4.217971178934413201e-01
4.772483046596485701e-01
5.461467408092525178e-01
9.052306574018912366e-01
1.474436843083085868e+00
1.884214370542392825e+00
2.192675721219256246e+00
2.490682489076270656e+00
1.903900384248015110e-01
2.990217810635287798e-01
2.365846005250048234e-01
9.518638048989219724e-02
-7.140824468487846910e-02
-2.445929548459683800e-01
-4.041508753714349034e-01
-5.065172256373405846e-01
-5.803098432629801851e-01
-6.298099450695660018e-01
-6.191821277653851707e-01
-5.970327863221213116e-01
-5.714418473964300027e-01
-5.512938328104663999e-01
-5.505751341428483103e-01
-5.308427679539936550e-01
-5.308899318242158438e-01
-5.365121902407704590e-01
-5.266360303015998889e-01
-5.335139138100305489e-01
-5.318564434625108195e-01
-5.252527978158612054e-01
-5.141195794853127277e-01
-5.092456590429498275e-01
-6.676368811227932909e-01
-7.332754679982091961e-01
-7.779007889817728394e-01
-7.812589174758755028e-01
-7.975153863052573122e-01
-7.917006653119088577e-01
1.548518827487342479e-02
2.644531586338103729e-02
-1.012427799086219188e-02
-9.389026224065377332e-03
-9.884108622622634829e-03
-1.612538796457439055e-02
-1.941433858726537495e-02
-3.502219845730978470e-02
-5.791120084754450281e-02
-9.596019687548723587e-02
-1.841907311688087967e-01
-2.300602578548684995e-01
-3.002520161178676705e-01
-3.631337155290919050e-01
-6.769893310008339160e-01
-9.800580732236651160e-01
-1.121878599717331060e+00
-1.158390458011520963e+00
-1.195860760332522421e+00
-1.217693792267813491e+00
-1.279106380064471526e+00
-1.302763863835834313e+00
-1.423888384318225064e+00
-1.664590829973403130e+00
-1.726997961992315034e+00
-1.754720427470378041e+00
-1.775025240956795702e+00
-1.790624789023258501e+00
-1.820666661054970215e+00
-1.860754291496441004e+00
-4.014917489246164900e-02
-6.044161689767744289e-02
-5.467338498333228214e-02
-3.077391195731071089e-02
2.284335955190529288e-03
2.342784044611054967e-02
5.858941808131174628e-02
5.019969610836015617e-02
8.532861383730869220e-03
-1.671417024661290066e-02
-3.968415532863919792e-02
-4.820673490728222266e-02
-4.147650704377726927e-02
-2.986769298587108393e-02
-3.125730513424684887e-02
-2.553797719969094424e-02
-2.604148237700185803e-02
-3.620434627333364574e-02
-5.230162648273180975e-02
-4.508527387715375451e-02
4.601502708440799450e-03
2.792708040958129523e-01
4.233425755360074039e-01
4.526755414803008692e-01
4.861942769536955478e-01
5.289468199779800983e-01
6.626534148267602120e-01
6.910639700000204000e-01
6.991897306767508313e-01
6.987846121302738744e-01
5.494505735254684442e-02
2.510945141698743832e-01
9.541469171062630927e-01
1.247394907197079794e+00
1.236940897419537500e+00
1.143217739770346464e+00
1.020979846067725960e+00
8.689447873591800153e-01
6.920725266959828481e-01
5.534911937639771518e-01
4.433326034388586079e-01
4.064405191129098482e-01
3.516375815101515645e-01
3.035001343229583592e-01
2.645775307786689123e-01
2.623179311810865943e-01
2.606632765930367857e-01
2.580374738695100367e-01
2.627289743004556644e-01
2.656802502701229307e-01
2.638220549547617422e-01
2.609928856043165490e-01
2.544685874049569252e-01
2.532345746226377647e-01
2.495380583256911478e-01
2.428749107773328919e-01
2.201076983931695152e-01
2.162320102504684816e-01
2.100846386618947792e-01
2.128438304423575234e-01
5.178477267299844491e-03
-2.276810601111865784e-03
-3.859299131444634320e-03
-7.151570140509246054e-03
-5.343990147871419821e-03
-1.366303258336447612e-01
-2.783836205305227907e-01
-3.182316329069246885e-01
-3.195418390229745609e-01
-3.220344515481454728e-01
-3.654471337660638031e-01
-3.809432217754182282e-01
-3.907699170406304101e-01
-4.043328418004761282e-01
-4.234188788152193350e-01
-4.416090642632505281e-01
-4.569441224049606842e-01
-4.728539807899592717e-01
-4.846081390033886716e-01
-5.011170239222616507e-01
-5.227633360009498187e-01
-5.499066972040527190e-01
-7.722890358290259716e-01
-1.246821490889488571e+00
-1.615582218055885422e+00
-1.827218687637631955e+00
-1.873910162713370964e+00
-1.895912235608173235e+00
-1.937271674009864331e+00
-1.969876711802284630e+00
-3.846165664562834624e-02
-1.132340539530520551e-01
-3.052774851929519473e-01
-3.733131427753352272e-01
-3.931130555711845331e-01
-4.079056212998803388e-01
-4.428887364482285705e-01
-6.064359510137518061e-01
-6.251949788187646240e-01
-6.215121213444025905e-01
-6.282731779725428956e-01
-6.410478945140920537e-01
-6.493713579654875057e-01
-6.383738955050723973e-01
-6.153591821822802510e-01
-6.126803415116661711e-01
-5.980831284852210494e-01
-5.906423882266869096e-01
-5.905059904837831608e-01
-5.822497231958524422e-01
-5.682791812983917223e-01
-5.547118205866161667e-01
-5.345680279395201850e-01
-4.953832218617271188e-01
-2.199524348693922549e-01
6.870295569618672937e-02
2.695060125695890041e-01
3.223040448744040609e-01
3.707593422824519980e-01
4.291211092934985039e-01
7.623594359707941415e-02
1.024096266676379208e-01
1.335545128407565896e-01
1.344023747184392992e-01
1.355950863695636888e-01
1.440764181216534212e-01
1.626835601879348947e-01
1.808508107087708205e-01
2.340566385311728115e-01
7.790719364141194259e-01
1.426897931576624146e+00
1.900956016240100244e+00
2.159896306936326837e+00
2.293155647757422422e+00
2.316871652515315017e+00
2.344049775908277233e+00
2.378413454359215695e+00
2.439162199589761215e+00
2.473490865382536263e+00
2.516252619475006114e+00
2.535687128804919421e+00
2.543531320622586023e+00
2.548957882549140130e+00
2.550669092001538463e+00
2.554256772119984920e+00
2.561795328442533215e+00
2.574109587760615714e+00
2.591285849253993856e+00
2.597362856006587783e+00
2.587184232763469538e+00
-1.089529462141119098e-03
-1.335124291466169809e-03
-3.865338408473141876e-03
-7.388685550100861435e-03
-7.207819176440641469e-03
-4.639445835909908854e-03
-4.380668857261775344e-03
1.166388005013912869e-03
4.923978605535844419e-03
6.498236119339446948e-02
6.094019886901293204e-02
5.467483601543032812e-02
2.065045948518354907e-02
2.171990891233473858e-02
1.074454753484762465e-02
-1.579812841805042223e-01
-4.418757260580537527e-01
-7.574541736323585628e-01
-1.187895995612950895e+00
1.841440698760483663e-01
3.445538128435637892e-01
2.268041349604315027e-01
1.389403328054792386e-01
1.193461314061861483e-01
1.004590549205364308e-01
7.601313970405160214e-02
7.892555476573746842e-02
8.189674517177833457e-02
8.368887072258256177e-02
8.324557125795752077e-02
1.818264588994362996e-02
1.629996059354400090e-02
1.897840064937840465e-02
2.127540373372481183e-02
2.163812403331180981e-02
1.197285915650565108e-02
1.438079704627458731e-02
9.995758766664968042e-03
3.685295234533378372e-02
4.732851802100832561e-01
9.525773542109070569e-01
1.477958183967649219e+00
1.706790753090160706e+00
1.717124959446270971e+00
1.725224666378109006e+00
1.728372851559973444e+00
1.745858605057684976e+00
1.750769391190114543e+00
1.749298282687871353e+00
1.746614758109048982e+00
1.751085838095899572e+00
1.763911213691003343e+00
1.764277008567917582e+00
1.738064818864896388e+00
1.727038066027729135e+00
1.711992051532407855e+00
1.734127968184414392e+00
1.811123631157318670e+00
1.803256490625890995e+00
1.812752834587624484e+00
9.537432782765208755e-03
1.930276849613527662e-02
3.934345167138231930e-02
1.164255917648989447e-01
5.431848065247508739e-01
1.066043029378653362e+00
1.439577776577579460e+00
1.633052190013750238e+00
1.663381682183177723e+00
1.675731164216152980e+00
1.683042698431310935e+00
1.678112568422072570e+00
1.699684954761525146e+00
1.719805851091563920e+00
1.734119049973917637e+00
1.775065953732045898e+00
1.791067803765530542e+00
1.816439380357928624e+00
1.831132180676137811e+00
1.851230464386904195e+00
1.872934518631045542e+00
1.867029445423878276e+00
1.867966157597050536e+00
1.877321909948602485e+00
1.901475456240627526e+00
1.919174852958279720e+00
1.951286635637665468e+00
1.949916362685399251e+00
1.937534463292460263e+00
1.917996549878827173e+00
-3.435246756254522419e-03
-4.996948152292379416e-03
-2.952985683502475957e-03
7.891004508819429372e-04
-1.373334101598920609e-01
-1.980773627965421724e-01
-1.903718462587181970e-01
-2.019353734958306001e-01
-2.100271763678644432e-01
-2.185885349696777558e-01
-2.314886722078858539e-01
-4.249904101883422158e-01
-5.717236725610345127e-01
-5.936795887166033125e-01
-6.079026747732413360e-01
-7.134191987504397980e-01
-1.016698947922364038e+00
-1.146156553741327633e+00
-1.278763307734361643e+00
-1.390775004048082630e+00
-1.440780136467941119e+00
-1.509360567732043190e+00
-1.823779851879722358e+00
-2.043105989324109473e+00
-2.303704262511943046e+00
-2.463575429008940443e+00
-2.600545863013250081e+00
-2.677181587149192854e+00
-2.714160659325587588e+00
-2.738788046380126850e+00
-2.889672605527639909e-02
-5.997910118796154905e-02
-6.214767794134780365e-02
-7.691372247495276149e-02
-7.402582958132655766e-02
-6.434824932652342955e-02
-1.138508471188280080e-01
-1.250427159945095845e-01
-1.399375027464920818e-01
-1.512284844336094503e-01
-1.445028166178903284e-01
-1.324375138400794572e-01
-1.186847209217259669e-01
-1.014246284903183581e-01
-8.907674353702861592e-02
-7.142990512088925881e-02
-6.199118819507338368e-02
-4.528498744299379319e-02
7.160906701989866452e-02
3.449306282428840631e-01
4.950884018190282454e-01
5.309870749477656471e-01
5.722307917449857007e-01
6.005901774124179360e-01
6.217708588256202207e-01
7.386538192902443178e-01
1.118080248681903921e+00
1.518147767930207115e+00
1.905516786246177929e+00
2.158327144228536554e+00
1.731988583624337885e-01
3.093362435618650652e-01
4.002346657798162011e-01
4.402126749911388082e-01
5.049382148196386311e-01
5.329187086297675346e-01
5.487297123490580963e-01
5.604061669669100354e-01
5.689398283191549055e-01
5.897252648889563797e-01
5.935490740005667787e-01
5.959982365521121483e-01
6.231567979390671974e-01
6.308109525964944453e-01
6.345973607571673281e-01
6.438262565886031519e-01
6.447742020087143811e-01
6.495154368204808515e-01
6.451155422621696056e-01
6.579672422120865782e-01
6.561602317814607677e-01
6.673526300233939557e-01
6.638198204155596471e-01
6.755583402304072838e-01
6.777359924272915448e-01
7.047689834292190092e-01
6.883213533310121868e-01
6.905658636241780446e-01
6.838636923887363439e-01
6.904360319047848638e-01
1.757314344674738849e-02
1.291779286243514499e-02
-7.157039473226826931e-02
-2.919384147700567755e-01
-4.452671783561323315e-01
-4.765571725832499217e-01
-4.895664519751270483e-01
-5.970136474619602840e-01
-7.310623124662913863e-01
-7.996319692408568880e-01
-8.391307346716780913e-01
-8.655894739995700915e-01
-8.780975976021383467e-01
-9.249481009077427096e-01
-9.673483917869775128e-01
-1.101552916883673738e+00
-1.128870500154481205e+00
-1.146263002864845060e+00
-1.160345035254128021e+00
-1.188226531655755425e+00
-1.200662900076388873e+00
-1.217226281191378323e+00
-1.302049312112039781e+00
-1.520826021465848221e+00
-1.567578965176601002e+00
-1.604640057488766924e+00
-1.614070161277656235e+00
-1.647296395094976162e+00
-1.913025864827218037e+00
-2.209933153289698637e+00
-1.395761354544720334e-01
-2.120231288235278344e-01
-2.505702538455669148e-01
-2.546022550653080363e-01
-2.498459329466344303e-01
-2.496396967954899182e-01
-3.544247828255926991e-01
-4.368814373732145540e-01
-4.577561233444761291e-01
-4.704656107004980825e-01
-4.993845707970733794e-01
-5.166767833983982872e-01
-5.143061618630871967e-01
-5.169859134519302346e-01
-5.282063221672135267e-01
-5.220057758571309270e-01
-5.240674561566771583e-01
-5.218947795147107493e-01
-5.282050441353720593e-01
-4.260763255175617492e-01
-1.573956252698049396e-01
-1.370321531147828398e-01
-1.285167244942971576e-01
-1.191355618406426814e-01
-8.895315971133431476e-02
9.612445163251141789e-02
2.683902739854610031e-01
3.068119459823758777e-01
3.311085164012476101e-01
3.462604063146491606e-01
9.118187720610713282e-03
2.098829451751117736e-02
2.278693838937886212e-02
1.066803284948651676e-01
4.862776123312030352e-01
6.401062774089854024e-01
6.789332485121040150e-01
6.961544270202816298e-01
6.900108360008736508e-01
7.094069150035801075e-01
7.188722519736499006e-01
7.202926524423490795e-01
7.472866137651427154e-01
7.756010134738708928e-01
8.271491487665666442e-01
8.570603556039099180e-01
9.139479901235787462e-01
1.009954083993930940e+00
1.351393081226365478e+00
1.742870024113248206e+00
2.092891306173691124e+00
2.303816238770338920e+00
2.443440455336959527e+00
2.533911202702141097e+00
2.550569989573124641e+00
2.564840899627992332e+00
2.544731219215973450e+00
2.556619986474865769e+00
2.558357242885872740e+00
2.544783607452577368e+00
-7.459359588761814083e-03
-2.839190205527544753e-02
-3.480884002436219343e-02
-1.005374908234853426e-01
-1.958755076346458956e-01
-2.288788605862039638e-01
-2.200862931891116037e-01
-2.522980072042481092e-01
-5.931777304563725650e-01
-9.239733579431504973e-01
-1.006224045953749258e+00
-9.975098797335419931e-01
-1.024395608101964505e+00
-1.043179504076546582e+00
-1.026261116061161882e+00
-9.012449818580451355e-01
-8.213433565591117258e-01
-8.308102877859935287e-01
-1.268405526949701434e+00
-1.701060289485085919e+00
-2.149656955446205053e+00
-2.262687794614590242e+00
-2.517711203789737340e+00
-2.655593580351585992e+00
-2.885417183211134606e+00
-3.294382715183650667e+00
-3.360595250358363373e+00
-3.554858665012205154e+00
-3.610457329310813535e+00
-3.882428105299042365e+00
-1.228840968022275109e-03
5.339267062586517537e-02
1.128193323245443025e-01
1.669536577765205199e-01
2.488057564956151491e-01
2.707154128490987799e-01
2.531258831437100953e-01
2.376809757370816067e-01
1.770629065936503155e-01
9.646696280301417237e-02
5.339354207609406378e-03
4.410185981789391252e-02
8.831757251660043995e-02
1.587568693205319847e-01
2.524431581664506874e-01
3.958264168994388710e-01
4.121734407387265819e-01
5.100300335767958826e-01
7.225292221805437176e-01
9.580540045926577708e-01
1.177043110459953912e+00
1.576454824233311625e+00
2.085265643649493406e+00
2.631796730837296927e+00
2.921117280266576799e+00
2.996768181931709130e+00
3.113504820039714627e+00
3.225210815157319999e+00
3.423317485631520718e+00
3.864923921380944982e+00
4.040554369800447021e-01
8.209265563640268937e-01
