5.461460391463878183e-01
1.291271511467415367e+00
1.493801039587987045e+00
1.493719597802124266e+00
2.037724215430611885e+00
2.380222625664913050e+00
2.625181557112741260e+00
2.924293166248982168e+00
3.267573775092243782e+00
4.048336716092339138e+00
4.728359401905341208e+00
4.971110369442885535e+00
5.257283900023942635e+00
5.392865897928354357e+00
5.656132922737988622e+00
6.253067144403637201e+00
6.672058163964601718e+00
7.000600400674175106e+00
7.230568782853993071e+00
7.384229179475583216e+00
7.533289233023681142e+00
7.737100135509523469e+00
8.215828222315407103e+00
8.672146117280512101e+00
9.002592372761453632e+00
9.140392029481537506e+00
9.262870570900531675e+00
9.393928527032928244e+00
9.445957882911857340e+00
9.312065228923301075e-02
1.185615127103290950e-01
1.583624776108193133e-01
1.520297093840389246e-01
1.284853184577861018e-01
1.682566124727183920e-01
2.596560759596855394e-01
3.767033537900824069e-01
9.804865956413943984e-03
-2.083802109831152105e-01
-1.759848192776184150e-01
-9.143177666915047741e-02
-2.037552953232843467e-02
1.468043859087206360e-03
-2.279505310969922594e-01
-3.481360286804302540e-01
-3.608466923482058220e-01
-3.836235936443711525e-01
-3.938838101384606882e-01
-4.390670039396845636e-01
-4.749751965090212580e-01
-7.783894421416188703e-01
-1.054773067366438610e+00
-1.159700192832494370e+00
-1.210421796044232057e+00
-1.253545132851825006e+00
-1.292543783774469990e+00
-1.330376268049561439e+00
-1.341248797479640986e+00
-1.329973181986254138e+00
3.899615144050707499e-02
9.053515541548878831e-02
1.494037770892923667e-01
1.930648900653427757e-01
2.436692343714900733e-01
2.519380293045889174e-01
2.149979401974659310e-01
1.986615972953033049e-01
2.049442082014298061e-01
2.285934418692462111e-01
6.413656841984038959e-01
1.304677317458378560e+00
1.987349889936059544e+00
2.505522883731960082e+00
2.931647191856912915e+00
3.213404687904248380e+00
3.315639043473188163e+00
3.376175146283639794e+00
3.403278281015560847e+00
3.419203438414586405e+00
3.478816367172586244e+00
3.597383800977270951e+00
3.636979797690953031e+00
3.675196369049786860e+00
3.674475311071433214e+00
3.691206444261907027e+00
3.702231648256550489e+00
3.707683911725354164e+00
3.698660475835036987e+00
3.698535842509555138e+00
1.259810355471712578e-02
2.178997477629853255e-02
3.472964665501730719e-02
3.227710684614425868e-02
-1.939455410212634623e-01
-4.022146397864891920e-01
-4.868083189873073646e-01
-5.679662906780841292e-01
-6.654546105071263984e-01
-1.164403261084982599e+00
-1.655854811052523745e+00
-1.930889928970625391e+00
-2.067631822921735640e+00
-2.220702707812711729e+00
-2.324313798860162539e+00
-2.662732169541131011e+00
-2.890090746373273234e+00
-2.982824364927509020e+00
-3.072335326536695721e+00
-3.104355713903566905e+00
-3.188182006456093731e+00
-3.280314220486170829e+00
-3.459676317331174644e+00
-3.590814277953048972e+00
-3.633754972479262157e+00
-3.653953132155018046e+00
-3.703605973908787874e+00
-3.743876178328393145e+00
-3.756030038215143918e+00
-3.745671577029954680e+00
1.560210304770434479e-02
7.340793209651487461e-02
1.524634482370144095e-01
7.641458583226425905e-01
1.477419279716290390e+00
2.080943812742071852e+00
2.439917315617757154e+00
2.756730847506177806e+00
3.004434200080015938e+00
3.230180540226537111e+00
3.507987355001539687e+00
3.757348035482736215e+00
4.001757343092362085e+00
4.110576915538293186e+00
4.149335266794827781e+00
4.205989858209995269e+00
4.270474759484872429e+00
4.299125243218487213e+00
4.357195500981298153e+00
4.378156264291081179e+00
4.391664112268514053e+00
4.400703163297251308e+00
4.405944321082038151e+00
4.398565811498056810e+00
4.299245111462204783e+00
3.836296802079051105e+00
3.420193912242958767e+00
3.176971465539205397e+00
3.020968919438807632e+00
2.934387613377676285e+00
-1.806832370969846391e-01
-7.476979088290540698e-01
-1.132902995596375417e+00
-1.370075745231037700e+00
-1.470390350010362113e+00
-1.549626672093330493e+00
-1.680396981107000087e+00
-1.993773015897616352e+00
-2.072696859189714136e+00
-2.119190236853725651e+00
-2.173683855394951348e+00
-2.210773485700589180e+00
-2.239424180548791998e+00
-2.250411445915572184e+00
-2.252742290345699505e+00
-2.230817260164658311e+00
-2.196645022567855765e+00
-2.159019815899757333e+00
-2.132229695715191831e+00
-2.109964865822326452e+00
-2.106313932727991389e+00
-2.110625336253071804e+00
-2.086836180327664270e+00
-2.053710179501512467e+00
-1.761188491418250512e+00
-1.256318767706322115e+00
-9.348313847943903188e-01
-7.196505723610733263e-01
-6.438192552231207788e-01
-5.540921127186254624e-01
3.163651046353495588e-01
8.400789280570104545e-01
1.346762844205806608e+00
1.815730039278271590e+00
2.029445332664226331e+00
2.225172085291210244e+00
2.355073960407747080e+00
2.416607615225550898e+00
2.436206450208648011e+00
2.449938195527946228e+00
2.455169628715135666e+00
2.452248790956741420e+00
2.456344761697705437e+00
2.468472438965753302e+00
2.492240224181052621e+00
2.502708285704627222e+00
2.501365220219780916e+00
2.503473347886360667e+00
2.500350444400789574e+00
2.499785710276651862e+00
2.504795631434014958e+00
2.514168171728084378e+00
2.516350160839855743e+00
2.481936321364461406e+00
2.109495558533401649e+00
1.926854265230036889e+00
1.887195672553615422e+00
1.867200985540082625e+00
1.575525793075711611e+00
1.373360515229965717e+00
-4.985198124652875235e-02
-1.164724186786113003e-01
-1.826490248983545228e-01
-2.517039927233801211e-01
-3.278563505470418749e-01
-6.128710282614464600e-01
-1.016040576969093445e+00
-1.295834415401681650e+00
-1.423415358326685531e+00
-1.558157477759309018e+00
-1.623621623815783677e+00
-1.657410342294191263e+00
-1.705673329650509995e+00
-1.855713937487275977e+00
-1.953499831776679407e+00
-1.987761314056027961e+00
-2.061719144168945750e+00
-2.070431285805818256e+00
-2.075178842865181839e+00
-2.060849598760539525e+00
-2.042531304751115329e+00
-2.028103594375920693e+00
-2.011790678088772211e+00
-2.009983492859223286e+00
-2.022840808168385074e+00
-1.998632991233658007e+00
-1.683691115871945199e+00
-9.486640269686014149e-01
-3.478809660319625019e-01
6.182211439744317305e-02
3.180390586143169163e-01
5.378590466539715509e-01
6.987121481192151151e-01
8.345858264250129999e-01
8.657000527722371608e-01
8.866096027107033262e-01
9.026764008203636003e-01
9.221323899011482084e-01
9.454828438039705185e-01
9.626746248975333042e-01
9.733251880003526146e-01
9.830690339755445706e-01
9.815704029409997311e-01
9.798773660599938706e-01
9.889323875916489204e-01
1.004684646497970624e+00
1.009796983197669196e+00
9.388844974595464965e-01
6.378044439833235879e-01
5.230457808244930451e-01
5.048030710054051129e-01
4.807346121292271346e-01
3.147881826882510392e-01
-1.114409878198549531e-01
-5.844371574350271104e-01
-9.002702742464655516e-01
-1.241409869351291606e+00
-1.560848788034150392e+00
-1.876358552707263483e+00
-2.150092412084009474e+00
-3.017152203006790920e-02
-5.740093998613409604e-02
-7.755872739327476784e-02
-7.273920472151844396e-02
-1.153151405635562815e-01
-1.109555119106429011e-01
-9.344590580539686997e-02
-5.681423811125774909e-02
-1.717710686059577968e-02
4.157175632919481861e-02
8.566766527755484417e-02
3.008100338792527584e-01
5.835061269350785285e-01
6.478591486036173741e-01
7.365892340589623721e-01
8.969865415273894360e-01
1.620171567610649177e+00
2.242580993963203984e+00
2.723171934777838921e+00
3.020869028130409362e+00
3.226903403670794201e+00
3.313078990161395065e+00
3.388324709628877329e+00
3.404595997960106590e+00
3.435241398406130742e+00
3.454152157983237714e+00
3.470510478501100060e+00
3.486288129542417291e+00
3.506176013826545201e+00
3.520585501930261874e+00
2.759429031716255365e-02
6.195685612765182426e-02
6.844567032059006850e-02
7.452143374005092136e-02
7.601976031014091861e-02
7.735477619255472226e-02
-2.968033103273917672e-01
-6.552633014619895224e-01
-7.297037740414784590e-01
-7.976378030683681786e-01
-8.885231400971941307e-01
-1.268845882055526841e+00
-1.495209573631798516e+00
-1.667927444266897874e+00
-1.769668050516592039e+00
-1.849656495119144539e+00
-1.917540489859334674e+00
-2.293614503413008876e+00
-2.588444714094406240e+00
-2.649898051080835426e+00
-2.668808437341013473e+00
-2.722401343199648327e+00
-2.754298473760042665e+00
-2.774447839087108569e+00
-2.806461236267014492e+00
-2.824383915261924116e+00
-2.837768477244304588e+00
-2.825628655184168281e+00
-2.835633423438729928e+00
-2.850245641194490531e+00
3.919248049143264634e-02
4.195366430546385583e-01
9.974545013652795777e-01
1.469053474565358952e+00
1.702367005947568401e+00
1.849242322210024714e+00
1.928996652215900109e+00
1.979575723134819665e+00
2.036039668960963223e+00
2.068357499291217483e+00
2.096831019218575953e+00
2.135181917992920564e+00
2.226056162597702226e+00
2.533336194843670786e+00
2.777533820206997905e+00
2.818426596968538256e+00
2.833034351545428375e+00
2.869404789602479244e+00
2.890382308998580285e+00
2.909916070280933020e+00
2.931390892510904678e+00
2.908581802118683779e+00
2.884357448879398600e+00
2.865082123352943988e+00
2.835294192484769660e+00
2.779644765810370455e+00
2.323835797612986198e+00
1.896477797699255508e+00
1.747467470013997159e+00
1.628076597959133842e+00
-3.083043372208903454e-01
-7.552448689175064178e-01
-9.451387213644304452e-01
-1.104227398274402416e+00
-1.211492710935268668e+00
-1.246959033917128368e+00
-1.284343545178258994e+00
-1.319439422858837530e+00
-1.339811521371064851e+00
-1.372332088351420065e+00
-1.400315822207506500e+00
-1.480043920835086846e+00
-1.481455881424834420e+00
-1.471607908454257041e+00
-1.465059402967538338e+00
-1.442736104751585202e+00
-1.433526642293369902e+00
-1.414939729614064223e+00
-1.194151116459492679e+00
-8.039541639093805703e-01
-5.597491011624579071e-01
-4.357147167921425757e-01
-4.223471226901530651e-01
-3.824850402117827008e-01
-3.111806619715089539e-01
-1.239931117379614312e-01
3.683355072687738430e-01
7.464690898233649063e-01
1.145013860934886996e+00
1.489139346080819104e+00
1.215730487971343338e-01
2.415785220491689089e-01
2.770373320652262938e-01
3.101251124780490254e-01
3.298767440857098276e-01
3.603060538812986047e-01
3.865477404830776620e-01
4.189959472409013896e-01
4.425339475791827959e-01
4.785784298960674699e-01
4.343488639911379789e-01
4.381676421780491548e-01
1.534364334120086326e-01
-2.180871733325911999e-01
-3.542178723668967244e-01
-3.670135251331572146e-01
-3.873427490310242249e-01
-4.422395730384188761e-01
-6.628047348426644447e-01
-8.731182039628067049e-01
-1.019556394304873770e+00
-1.157665094271241646e+00
-1.407018381550896757e+00
-1.904427668266090556e+00
-2.208493342576235641e+00
-2.328070535223393023e+00
-2.482236914471314559e+00
-2.616175059875399889e+00
-2.850828619358372062e+00
-3.129104760989534384e+00
-8.049496802185683586e-02
-1.079842740808525658e-01
-1.065693118268487283e-01
-9.701049045867909948e-02
-7.222516323088887247e-02
-6.158397595832590388e-02
-6.035599631637618423e-02
-7.271432193885128681e-02
-8.505787669138814566e-02
-7.375084102121576279e-02
-3.637356342288179667e-02
-2.976225280841458820e-02
-1.462325736783889017e-02
-7.496053835385240935e-03
-1.543629919215147236e-02
-4.874285052144183839e-03
1.157323466192895778e-02
2.744351375721656994e-01
9.919777443372774783e-01
1.660067468346284825e+00
2.236526783815454777e+00
2.622898359500951404e+00
2.757348776028429871e+00
2.929707332244577689e+00
3.019826719342182830e+00
3.225931416516207406e+00
3.386928443247704479e+00
3.495591264943917587e+00
3.516070677797700661e+00
3.563436097066520869e+00
-3.950530554657051031e-03
9.665235618869444378e-02
1.799096071153529763e-01
2.390920659250472535e-01
2.422865629821324418e-01
2.479048981730370416e-01
2.398732426714798860e-01
2.425858817143395629e-01
2.658808155383586280e-01
2.783639772439260307e-01
7.759222563093953751e-02
-8.601027686874357370e-02
-2.312901750246308674e-01
-8.270718507529243313e-01
-1.374833533655359652e+00
-1.802426432739714812e+00
-2.019709095458924075e+00
-2.103879828686308073e+00
-2.154280498174702796e+00
-2.228962264124119574e+00
-2.278355589755187260e+00
-2.509387888726725357e+00
-2.802167757756292232e+00
-2.941460867760909981e+00
-3.035057142972671596e+00
-3.018203276810519586e+00
-3.025043468618459297e+00
-3.023272336907306457e+00
-2.973433959077287358e+00
-2.962000211402570304e+00
5.183766440490943095e-02
6.298917693453250088e-02
6.299441445324642508e-02
5.274966893983713823e-02
2.253149799590079341e-02
2.892221430532831636e-02
1.760927972411598097e-02
4.144397297669698971e-03
1.079707898634490876e-01
4.302439242282399823e-01
4.814171252255217692e-01
4.863396187983144991e-01
4.636327273334251986e-01
5.950118831629072069e-01
1.268304574819627772e+00
1.714011063686016634e+00
1.926125602712864371e+00
2.071209166429969439e+00
2.342471670093284164e+00
2.476660914734924557e+00
2.516188024326685646e+00
2.559587960890239433e+00
2.584250031645448420e+00
2.620458199726179771e+00
2.638969557058593818e+00
2.655088674532839921e+00
2.669927165615616715e+00
2.700657838249290510e+00
2.711302753970718182e+00
2.514204683338359114e+00
-1.163564182539738867e-01
-8.296702303512074050e-02
2.662473984745492017e-03
1.857896033276765918e-02
5.179730415335294380e-03
-3.222261052341306858e-02
-7.355504820996450199e-02
-1.257741471816886669e-01
-1.805711794275192128e-01
-1.927528740231170823e-01
-2.318871423713720348e-01
-3.333177952717492065e-01
-3.257832160622461393e-01
-4.384327663467538772e-01
-8.414390059754899287e-01
-1.178588981170686445e+00
-1.371907333536056317e+00
-1.637203282495140133e+00
-1.723796693617407838e+00
-1.794206716204125085e+00
-1.834641926947125468e+00
-2.008945106036070793e+00
-2.164876007452992912e+00
-2.234306801529735598e+00
-2.260416790185496350e+00
-2.282327853091571601e+00
-2.287162410413773106e+00
-2.268633072606605516e+00
-2.195544453399753682e+00
-2.179178450148916202e+00
4.906013156749164383e-01
1.208862891728639255e+00
1.767625333483780814e+00
2.134918425529309882e+00
2.481626440408206236e+00
2.717273035542951742e+00
2.887538387073243840e+00
3.015993248167155194e+00
3.070861457564379560e+00
3.094333027496599886e+00
3.102497616422106752e+00
3.074014381279743802e+00
3.046307983425186272e+00
3.035723655480127903e+00
3.002866587336078474e+00
3.003034298944257774e+00
3.005520986936550010e+00
3.026228397052928010e+00
3.011637854588872010e+00
2.827924116661868936e+00
2.810007359094448987e+00
2.768323797688301724e+00
2.738435770903522304e+00
2.721031115951058066e+00
2.692665157846538815e+00
2.687001626736486681e+00
2.637939190427398106e+00
2.280620612465087405e+00
1.742955538179796759e+00
1.270970323709829541e+00
-3.333467298781646049e-01
-5.013604351950700089e-01
-6.727744451122114056e-01
-7.956605165110808286e-01
-9.853082925353009447e-01
-1.115056437483912033e+00
-1.222446969420144747e+00
-1.284357052590118231e+00
-1.304269272508413291e+00
-1.325408422792609286e+00
-1.328915563279243539e+00
-1.338004910144030335e+00
-1.345351798818025468e+00
-1.344579033892024933e+00
-1.339914104532113681e+00
-1.318268260191219676e+00
-1.303556305743065025e+00
-1.286859295114497259e+00
-1.276415665077257122e+00
-1.217684811573048753e+00
-1.200962698599752354e+00
-1.164495748722044199e+00
-1.139398589519754257e+00
-1.129531600879298381e+00
-1.121890793027397137e+00
-9.322514616290056289e-01
-5.471881375974750883e-01
1.941110908824650316e-03
5.913391648145506219e-01
8.305692468686318719e-01
1.341586351260421195e-01
2.249565259313897614e-01
3.314627881755916050e-01
3.642811258576854061e-01
3.937317128726894322e-01
4.621766630531450315e-01
4.972571633712100092e-01
5.027022151262091620e-01
5.262391987491146228e-01
6.186115725671895715e-01
6.476876655732326515e-01
6.488639601870277440e-01
6.482933816818212680e-01
6.598697881609910665e-01
6.669342943022485981e-01
7.035120823059779482e-01
7.240289969794112546e-01
7.642043924407813105e-01
8.010590422997956317e-01
8.088993015885153071e-01
8.184985645843314561e-01
8.262072741749046934e-01
8.240835226982069495e-01
7.986105566126914246e-01
7.561747369471449876e-01
3.910147137211562596e-01
-4.691555706799205305e-02
-3.089860847902393681e-01
-5.385423956482658925e-01
-7.343673947671151003e-01
-1.607451274533810981e-01
-3.024409608447282682e-01
-4.376667304405403858e-01
-5.624492776653582382e-01
-6.375213730559982084e-01
-6.897363374194641628e-01
-7.091809738239972516e-01
-7.551796472668831361e-01
-7.794472186068552855e-01
-8.315502504819630714e-01
-8.411084816451716017e-01
-8.463843788805547330e-01
-8.286841397694297839e-01
-7.928303415011161981e-01
-5.383887880194144770e-01
-1.860110310573284131e-01
2.644084690816977945e-01
7.637743257746859582e-01
1.056387086831426014e+00
1.354577791055066704e+00
1.638803514175939391e+00
1.900946570958434112e+00
2.131389970789129062e+00
2.264922855254655865e+00
2.405680632110669848e+00
2.476452601621013994e+00
2.480841737162359006e+00
2.470760220668529517e+00
2.422605701027269465e+00
2.425297009913137014e+00
5.682381201058464386e-03
2.963331122282543417e-02
4.847702818619332998e-02
6.558747506114602499e-02
8.148788657948072278e-02
7.487861276049199988e-02
7.013387192466655207e-02
6.335546316019560753e-02
-5.455185491309035017e-02
-4.494489760951581592e-01
-6.151485578996450654e-01
-6.113417035551721446e-01
-6.057258724876695144e-01
-6.287617024244496200e-01
-8.168985066603441370e-01
-9.491006856895256583e-01
-1.067625717813093456e+00
-1.105873368509328714e+00
-1.199716788266840695e+00
-1.575802145921898711e+00
-1.991282952867023504e+00
-2.295725049605130241e+00
-2.672981541749358314e+00
-2.998433145178281745e+00
-3.218677422167742552e+00
-3.481779374847322472e+00
-3.680848940828271409e+00
-3.679896459365489481e+00
-3.689010030611907354e+00
-3.639074736843836533e+00
2.400386239016833248e-02
3.664147698549907045e-02
4.823317849032950078e-02
5.453467689569162918e-02
6.715675958941892676e-02
8.050513880690943203e-02
1.084497760145288481e-01
2.507735505748378002e-01
5.438948878233604844e-01
9.182350086844561776e-01
1.403022861768425722e+00
1.774699650572594933e+00
2.060203689224096468e+00
2.325830653816725047e+00
2.441551395385550993e+00
2.555595882648324491e+00
2.658115296829279828e+00
3.006251331652473713e+00
3.253712627765621868e+00
3.387627581611280192e+00
3.493367511770284040e+00
3.508890378854297332e+00
3.529779300877140980e+00
3.539000990905375232e+00
3.578850030152829653e+00
3.585650742080106035e+00
3.577022222082710368e+00
3.586546883459801549e+00
3.614817641598699893e+00
3.613676046236846240e+00
2.320623191492041798e-02
9.560133825633511384e-03
1.531251947801973157e-02
2.707663389045433106e-02
3.417221422120515772e-02
4.846540504849267128e-02
4.992938584178788913e-02
4.128817969865142268e-02
2.669852740624933593e-02
2.001991132787530464e-02
1.752546145276443271e-02
2.176459862806561646e-02
3.758638673597682056e-02
-4.295137892398492863e-03
-3.397745606986972144e-01
-5.747502703680504865e-01
-9.594479132814468514e-01
-1.251581845307128349e+00
-1.499737516032851659e+00
-1.728148414626041740e+00
-1.918458001507026500e+00
-2.091528148835890999e+00
-2.285335112861391238e+00
-2.435528860789171635e+00
-2.582307488078757096e+00
-2.603182841727653685e+00
-2.640455016705872460e+00
-2.643091274553099890e+00
-2.639905651491428529e+00
-2.641438772369032240e+00
3.970533004888813361e-02
7.993855804645406959e-02
7.500946336530843472e-02
1.423841722843707802e-01
5.525806549024345760e-01
5.539587876248133202e-01
1.524625169688243798e+00
2.064044177283452353e+00
2.067499630304598490e+00
2.656961817121139546e+00
2.774153895212650767e+00
2.776679346145389804e+00
2.926109769770871338e+00
3.025616452456937111e+00
3.025265980848161007e+00
3.030757122657235403e+00
3.009399926071727904e+00
3.009696783877001902e+00
3.022891557900200254e+00
3.054915262053282010e+00
3.061263417203056836e+00
3.065998737734009438e+00
3.058974286629337680e+00
3.062375045218617142e+00
3.021872673673078769e+00
3.016642358733401696e+00
2.774697885169784772e+00
2.447775208941743053e+00
2.433975141373495799e+00
2.427443350898918162e+00
-6.354215382166105916e-03
-4.650410196568153381e-02
-8.302713734600786211e-02
-1.214842846202436738e-01
-2.070497038234316300e-01
-2.553242826002491417e-01
-3.133757733914615540e-01
-3.921536772769567136e-01
-4.671638697353672209e-01
-6.403303925994957568e-01
-1.223705410416766171e+00
-1.797569972325970822e+00
-2.269175379099130030e+00
-2.473240920907988638e+00
-2.620661136461622132e+00
-2.697577703545459116e+00
-2.761825543864432131e+00
-2.801016306907853526e+00
-2.817201108863443437e+00
-2.838609245094092515e+00
-2.841311557102271568e+00
-2.947210515264157227e+00
-2.948694959193777443e+00
-2.948500131174875083e+00
-2.939983704793911912e+00
-2.932235322208105455e+00
-2.928542044792006305e+00
-2.929896473009636182e+00
-2.903607124100266113e+00
-2.874704157857006948e+00
3.935508554627478728e-01
1.251457454210005205e+00
1.924730597779978680e+00
2.350451695067328650e+00
2.268055880012604497e+00
2.026793651351983971e+00
1.958316401420568731e+00
1.874521218304112447e+00
1.802627949181766720e+00
1.798116672293544438e+00
1.800878664884553171e+00
1.804402817825533356e+00
1.866729121116257550e+00
1.984854259769109897e+00
2.482590172403152273e+00
2.869690079413238060e+00
3.155888272316401011e+00
3.287614502990368948e+00
3.394175922973923676e+00
3.472456064232332551e+00
3.501997774506049765e+00
3.498164907744442331e+00
3.483788172188015064e+00
3.476985957362534130e+00
3.463816538468819317e+00
3.463504250814470886e+00
3.476632541730582115e+00
3.480963129508706899e+00
3.498131098945433060e+00
3.501623571568213134e+00
-1.983683978839354337e-02
-5.417871586997312638e-01
-1.243265542707733484e+00
-1.840251977135168415e+00
-2.134775587098511007e+00
-2.218164915354625677e+00
-2.285864269332621657e+00
-2.373769596308290986e+00
-2.486031239006617710e+00
-2.696554518915182719e+00
-2.701947231083285494e+00
-2.723107139634330487e+00
-2.726750829696558132e+00
-2.753796298370917661e+00
-2.782726270151471226e+00
-2.803263207879917562e+00
-2.812119668155903973e+00
-2.815096711858553480e+00
-2.820898113277260144e+00
-2.825495253778816274e+00
-2.854856130351319354e+00
-2.937996744443882147e+00
-2.995854179762331260e+00
-2.988922294570901084e+00
-2.995804989052712752e+00
-2.999748298131875046e+00
-2.902043008971072702e+00
-2.364078930172613724e+00
-1.557100592098473513e+00
-9.005969666342549251e-01
3.381452365354220002e-01
5.422379410382414111e-01
7.425216578287152647e-01
9.373003735504205070e-01
1.095864407151621256e+00
1.268599364244195726e+00
1.338664802168131551e+00
1.408658803738169984e+00
1.433238038113573865e+00
1.436292233371090798e+00
1.436927874256745064e+00
1.431222648503963857e+00
1.423151143603854196e+00
1.449845784841863550e+00
1.440083619011219396e+00
1.443873013012251239e+00
1.439360062971070775e+00
1.435872093630286894e+00
1.440537236359511031e+00
1.434016670258745130e+00
1.434760478821141216e+00
1.422201415503617783e+00
1.424609223316369189e+00
1.338031959402110838e+00
1.187119790681207654e+00
1.165192956722077566e+00
1.152818381265188430e+00
1.114962181987313672e+00
1.106085916946411452e+00
1.061858575733904742e+00
-3.284687680953442546e-01
-8.070122319366896946e-01
-1.320488344671638226e+00
-1.563931353863904139e+00
-1.658562550786336631e+00
-1.701725518674473081e+00
-1.765702534860291051e+00
-2.026580016422736552e+00
-2.498816713545117363e+00
-2.811649854364780765e+00
-2.903616118280840208e+00
-2.931278436007234145e+00
-2.966002443255032706e+00
-3.002541438472939195e+00
-3.110440438254623352e+00
-3.126533682964879102e+00
-3.142127993744167735e+00
-3.168183810473701900e+00
-3.190845326635118440e+00
-3.215871491945610394e+00
-3.239518543939346351e+00
-3.220049266356674433e+00
-3.206437095653075442e+00
-3.178380365952446329e+00
-3.110014841560774457e+00
-3.107309794757672439e+00
-3.105524278394093951e+00
-3.100258295897603489e+00
-3.087097029194246112e+00
-3.011731850284173451e+00
3.917026036734264083e-01
7.988254361985847041e-01
1.348787569476602943e+00
1.745565643686108448e+00
2.139171963836971724e+00
2.543729800511210115e+00
2.788908317318667507e+00
2.955520176423204859e+00
3.121230106016892769e+00
3.181229530132855476e+00
3.280756599417197883e+00
3.418249102950398299e+00
3.464889926474169712e+00
3.511803320228306546e+00
3.567686590208219766e+00
3.593645082194409479e+00
3.581332658854341044e+00
3.576548817131461444e+00
3.568100716486406920e+00
3.531180608987308123e+00
3.498824316774669985e+00
3.473016451317689324e+00
3.439692676715746966e+00
3.025396284466882246e+00
2.352612261006215455e+00
1.735375046783339537e+00
1.186411475124232284e+00
8.350432635709137408e-01
6.812065789549175410e-01
5.823117319594240948e-01
-8.753040036480695674e-02
-2.228766384824902302e-01
-3.633813958414746081e-01
-3.900908807535565792e-01
-3.983475833308616210e-01
-3.506824467202210860e-01
-2.713737355564141973e-01
-1.554295680007757308e-01
-2.050601733777784319e-01
-2.561790624324052912e-01
-3.237802900789657490e-01
-4.024021764559654324e-01
-5.190579762471971836e-01
-5.153685152158437033e-01
-4.774836144776789526e-01
-4.070519191451734131e-01
-3.142977167098752744e-01
-2.623119505441662280e-01
-1.302637964029606521e-01
-1.265752890368004868e-01
-1.242006126322832277e-01
-1.357536429226085806e-01
-1.524778372553493022e-01
-1.693042837317861316e-01
-1.748482750400056074e-01
-1.134720990415430675e-01
3.244398393525274593e-02
7.413827561770917063e-01
1.105935582943377682e+00
1.126516686295688574e+00
2.470933327486573780e-02
6.052924635081693983e-02
5.192648573017211167e-01
1.171777628841368379e+00
1.658252032932344466e+00
2.040532269391612807e+00
2.194974467790833828e+00
2.348546620274441832e+00
2.455924171556254976e+00
2.540819105713649773e+00
2.571266036987007286e+00
2.574675234485373831e+00
2.591861350735090941e+00
2.619780493599056737e+00
2.637252536041397200e+00
2.660243809009656069e+00
2.662323816729355919e+00
2.661834153822580706e+00
2.641340840278891378e+00
2.622500314710154434e+00
2.611129168242494192e+00
2.588293778104583609e+00
2.585796936729993778e+00
2.580428922081659415e+00
2.580887736141297406e+00
2.577882238172032991e+00
2.559857041458390547e+00
2.397489833383541047e+00
1.817426435428858511e+00
1.462866769083799756e+00
-1.846959904949801723e-01
-3.437381975103792064e-01
-4.197917652419818069e-01
-6.520023914303342272e-01
-1.052707683970458330e+00
-1.334468995036239614e+00
-1.412074512939546000e+00
-1.439227014478939859e+00
-1.763226128280803273e+00
-2.014223529128501333e+00
-2.105796542309768871e+00
-2.166752245204397020e+00
-2.195221342505812689e+00
-2.208942650267688546e+00
-2.211655973554521815e+00
-2.237596966041686564e+00
-2.272842636119837945e+00
-2.261501771547473894e+00
-2.259661572478196767e+00
-2.260449435813397745e+00
-2.263105990681777424e+00
-2.269109968588042037e+00
-2.257365342078006876e+00
-2.255401240894876036e+00
-2.232216655186457732e+00
-2.201105930806262823e+00
-2.166340018849078231e+00
-2.094449390119546894e+00
-1.580209932219065916e+00
-1.001330922556756597e+00
1.693651103712077444e-01
2.388555009155961251e-01
3.070212415815203322e-01
3.521804518212997004e-01
3.895644992801487461e-01
4.458387728863070221e-01
5.211423618630273147e-01
5.609461477379278360e-01
6.009826683432463179e-01
6.719188252267210837e-01
6.739498355143572761e-01
6.849987589238789587e-01
7.105691833068537022e-01
9.756616579475352324e-01
1.425375834769199157e+00
1.780971153874640445e+00
2.111314925137055543e+00
2.328540483690393348e+00
2.387726152828528292e+00
2.455337043251374585e+00
2.469090355439560014e+00
2.441111031913956619e+00
2.419311481294136534e+00
2.410335041397543954e+00
2.417179728655912463e+00
2.427467307526448792e+00
2.430803203978297411e+00
2.438993736113893807e+00
2.432607146485872285e+00
2.423253123523276376e+00
-8.972201154627657644e-04
-1.352713648063091564e-02
-3.771310381226994357e-02
-4.779872957214126306e-02
-1.148843979396823589e-01
-1.633051096507200373e-01
-5.311661592568578394e-01
-1.095070088106921968e+00
-1.518146017039352591e+00
-1.837792192724998053e+00
-2.024370097311434247e+00
-2.122393362459783717e+00
-2.196327864895022408e+00
-2.257240712831135365e+00
-2.301453814817949084e+00
-2.378568023184973512e+00
-2.645775173363597244e+00
-2.767029575467841784e+00
-2.777974427565064186e+00
-2.805757456416073659e+00
-2.829467688471836606e+00
-2.860474048279837422e+00
-2.893506331881233073e+00
-2.892544455482109367e+00
-2.884072773801872547e+00
-2.910133998458644289e+00
-2.959187031011248692e+00
-2.977732972945161372e+00
-2.984537084432121734e+00
-3.002747129158604977e+00
-2.134526535217940238e-02
-3.453440260552893132e-02
-3.985233726715807501e-02
-3.109031983428888271e-02
5.134247369766770097e-02
4.113986931339058684e-01
6.281458581945200681e-01
7.021255802332646567e-01
8.237271301441252414e-01
9.183636241049710769e-01
1.369894194148659317e+00
1.851150713219845034e+00
2.067634218616945851e+00
2.204824023393527899e+00
2.331200366867495433e+00
2.404057790100100789e+00
2.503189524987301962e+00
2.578468808084350528e+00
2.591466356358086198e+00
2.606810146481354895e+00
2.620756123849397490e+00
2.937853844465034836e+00
3.163505992526684629e+00
3.365027971695488951e+00
3.461725867878289620e+00
3.505075743848151237e+00
3.530081779235427319e+00
3.554665996159004582e+00
3.571257640749146756e+00
3.581817651152380044e+00
3.625490926538418347e-03
4.913211420077841229e-03
7.994087680590740430e-03
-7.499238832518701631e-03
2.900828511030382334e-03
1.451450921986258656e-02
7.158559902797605873e-03
-3.396807573894555093e-03
-3.433500974758062901e-02
-8.005227167749165429e-02
-1.148668112313033368e-01
-4.382041143176189091e-01
-9.101481937423082647e-01
-1.389360330842353664e+00
-1.820533579142215475e+00
-2.205931587782596903e+00
-2.429385866341449152e+00
-2.539378846289693570e+00
-2.644068754738278848e+00
-2.719503929347646842e+00
-2.955283951928393105e+00
-3.056177547146389895e+00
-3.089414357588710747e+00
-3.094966419739730412e+00
-3.114121555029143895e+00
-3.125644369591824567e+00
-3.160489906422515372e+00
-3.194892992436757506e+00
-3.237790864207035657e+00
-3.235018741648291396e+00
9.513169864712407719e-03
1.490189313217679321e-02
2.268629683563882712e-02
3.390745664373943924e-02
4.560270599595023233e-02
5.082529952112893601e-02
6.666580531849036761e-02
7.612841396373123959e-02
8.453120990988741146e-02
7.619011404896550155e-02
7.663000220654132832e-02
1.108931827416408250e-01
1.810329757800045458e-01
3.986453893792584746e-01
7.620480338941801879e-01
1.130369818311064867e+00
1.625549752254021652e+00
1.869433370794314264e+00
2.071308428512084632e+00
2.350834638546130062e+00
2.689861669042509007e+00
3.107047628544193696e+00
3.363086775518663529e+00
3.451061811192122075e+00
3.510477554414294321e+00
3.556322980673378709e+00
3.526593406772991379e+00
3.503576830491266669e+00
3.506689445854378029e+00
3.520196161428569059e+00
1.183736540377139379e-02
2.012094110775584227e-02
2.659847473489414943e-02
4.599868193806428557e-02
5.952032522681342808e-02
7.276462504524616737e-02
7.593623550578629255e-02
6.525557078315215309e-02
4.606491108996206563e-02
-8.263804825138498789e-05
-1.025014959906148382e-01
-3.835221828149978363e-01
-5.733315555146014653e-01
-1.026278498880326406e+00
-1.353067814328423601e+00
-1.610209786524632536e+00
-1.767189987379211402e+00
-1.992228375282516950e+00
-2.150190579020542447e+00
-2.239158114865130944e+00
-2.386826665847931128e+00
-2.618820439921028864e+00
-2.705958105729673768e+00
-2.709811373919817079e+00
-2.696639019989171882e+00
-2.744611103548916464e+00
-2.891214516858037431e+00
-2.979761360202230147e+00
-2.984559732309661761e+00
-2.983459526983712529e+00
-1.911756421581880735e-02
-3.312033337585686132e-02
-5.795993010961433822e-02
-5.194155048262719815e-02
-6.114627191124424876e-02
-6.496447076336744897e-02
-5.704096309319698493e-02
1.447632434327291995e-01
4.655406824221974826e-01
6.893325224243151972e-01
9.140156855448364759e-01
1.263849235772555257e+00
1.520034337147121217e+00
1.821785625374158668e+00
2.151768477554729220e+00
2.259848932996136206e+00
2.351852344036396314e+00
2.383320061069160278e+00
2.383053808668560869e+00
2.361549618505816461e+00
2.356436168310646728e+00
2.345102286895233590e+00
2.387909504599990296e+00
2.388233487162487734e+00
2.406659585540714463e+00
2.475819289396832268e+00
2.500117841186932477e+00
2.521722645989843414e+00
2.525891937142188848e+00
2.484022589662156832e+00
-2.156452805582203397e-02
-1.222359446090715285e-01
-1.195057433534443825e-01
-1.079843411854397583e-01
-2.385775942241127601e-01
-5.336872979543768603e-01
-8.565233336602580128e-01
-1.119892746269429029e+00
-1.404928007952676028e+00
-1.602407438854868360e+00
-1.623007399545470353e+00
-1.782739490346312294e+00
-1.974822713528873175e+00
-2.062672741154603084e+00
-2.087767251673155133e+00
-2.129024982190349746e+00
-2.172562046401026237e+00
-2.209681929190001171e+00
-2.251339604734992506e+00
-2.303302596536130675e+00
-2.326533215008622868e+00
-2.340743761280245749e+00
-2.483414984454604735e+00
-2.528871858547024676e+00
-2.546367303704538454e+00
-2.542319376740237225e+00
-2.543592377879337896e+00
-2.537009413020046456e+00
-2.536076914501793400e+00
-2.537498845262752045e+00
4.115322511790658194e-02
4.906708683006090754e-01
1.045102440275225586e+00
1.575241960513013240e+00
2.057624972824540599e+00
2.342716250368220621e+00
2.609674760535124260e+00
2.860209278884526363e+00
3.115917011661238245e+00
3.336197718312779337e+00
3.484873384586784972e+00
3.528192943901457657e+00
3.555165526990142322e+00
3.577997070884691322e+00
3.621330696223424628e+00
3.638377382583317221e+00
3.626911357523530111e+00
3.607478825530768596e+00
3.574401614480785305e+00
3.530280789809729480e+00
3.513277137299092523e+00
3.485172865785277185e+00
3.514785097431388561e+00
3.522909869603347399e+00
3.553751735640771070e+00
3.615001828326116939e+00
3.641144426323113414e+00
3.631029818658667807e+00
3.598067119860103080e+00
3.351386249130713146e+00
-3.677579301782919474e-01
-8.194893974576544782e-01
-1.220782388811619601e+00
-1.442517676460283171e+00
-1.491046854198311733e+00
-1.617148783590559358e+00
-2.022261656892557102e+00
-2.370165740151069844e+00
-2.583040630430473161e+00
-2.691698244472051638e+00
-2.778883286124444574e+00
-3.015671773391161548e+00
-3.136309713462860582e+00
-3.155527841695531244e+00
-3.175320527562077721e+00
-3.209555688081881630e+00
-3.225684116242158339e+00
-3.262068100441076979e+00
-3.318994092605674240e+00
-3.345358665950782129e+00
-3.373331451004969672e+00
-3.372762122484733283e+00
-3.350375928809516513e+00
-3.297820204686644718e+00
-3.184715291075813859e+00
-3.172813723115222029e+00
-3.162863440324040987e+00
-2.892229249893662146e+00
-2.409209752729765341e+00
-2.041212959465195986e+00
4.627433292529145592e-01
7.950146042950991809e-01
1.152558146038223708e+00
1.529430675417434049e+00
1.846626347501322041e+00
1.923877370752696159e+00
1.986069381489302899e+00
2.037932571494130318e+00
2.036150276356181621e+00
2.064334765278070805e+00
2.095936712251661227e+00
2.142609240429404593e+00
2.178744501949859913e+00
2.194551682265591719e+00
2.213717778094861810e+00
2.207461505974509741e+00
2.177215921800116138e+00
2.130061257908658856e+00
2.111323556633838194e+00
2.097717228413628732e+00
2.086584699799330700e+00
2.050164378939362653e+00
1.736570393758495534e+00
1.585721122624311086e+00
1.562125895579507873e+00
1.523174813125488747e+00
1.471731340230406415e+00
1.391518861705997923e+00
1.177526829434512479e+00
