8.093252332750307558e-04
-3.553860592550230763e-02
-3.426953450753455338e-02
-1.026883495287602907e-02
3.563654836265017778e-02
6.912992426669799517e-01
1.854813087106736980e+00
2.932288249051878459e+00
3.571264709074394084e+00
3.993441492484585353e+00
4.221609035215298178e+00
4.172735463149507495e+00
4.189235136275088145e+00
4.224803460704975144e+00
4.171548803790332549e+00
4.026966295035696142e+00
3.429808874278751141e+00
2.508572938904475080e+00
1.771914325037494686e+00
1.191084990471074523e+00
8.924953547582562541e-01
6.858248408492069181e-01
3.907900038808490017e-01
1.568852759829600096e-01
2.033676640262876700e-01
5.972543057129385824e-01
1.332711509342983103e+00
2.425357591387775180e+00
3.247953071609638531e+00
5.320657371892548726e-01
8.473638505726774905e-01
9.957897180062416087e-01
1.009325633410923961e+00
1.036899278295200233e+00
1.080915356530464999e+00
1.149877769339421540e+00
1.174179885743501073e+00
1.161898689825482389e+00
1.016275161411881012e+00
8.482684873998183051e-01
6.742517862432957365e-01
-2.391057334265920264e-01
-1.067938014081950548e+00
-1.510782639466311972e+00
-1.578640802694523115e+00
-1.521782775650549091e+00
-1.400369651071144084e+00
-1.038232235079453503e+00
-1.601946136556915423e-01
8.236070794885590463e-01
1.412062273026364778e+00
1.932286889781891448e+00
2.369309521705894372e+00
2.563739734735313469e+00
2.735806072686841617e+00
2.664011545370977174e+00
2.842904813486296867e+00
3.471916670435181373e+00
3.508610065772602038e+00
-2.453797974488410860e-01
-4.474750627498231825e-01
-9.081496596152002221e-01
-1.073544393007661801e+00
-1.138788834801413907e+00
-1.260936983244587806e+00
-1.376348826802906489e+00
-1.534413582936694276e+00
-2.621414155583021266e+00
-3.742601309490006578e+00
-4.490790382386690816e+00
-4.815021075941737116e+00
-4.859362915366553182e+00
-4.741212161562401661e+00
-4.608751279422132363e+00
-4.389265560525765331e+00
-3.695291161649253642e+00
-2.876903372074900211e+00
-2.248815890848709032e+00
-1.555656427617747806e+00
-9.943251027592900915e-01
-5.399010922153881786e-01
-8.960064455977695408e-02
1.323849424731397273e-01
1.357757168457927321e-01
4.499677803685002420e-02
-1.620391772787268536e-01
-1.831884816777419878e-01
-3.290068109213860059e-01
-7.505218376857651918e-01
-9.937129589262155838e-01
-1.971881306574340575e+00
-2.920410007972069621e+00
-3.534592588760268050e+00
-3.753359452061320489e+00
-3.848126587591476966e+00
-3.806489533161571348e+00
-3.774985119465442018e+00
-3.756009751485651194e+00
-3.779741340516626469e+00
-3.752950705375303286e+00
-3.672487231903677429e+00
-3.004344748333555692e+00
-1.708709109997065267e+00
-9.042074514317763878e-01
-3.800133156147833535e-01
5.886380331018919998e-02
3.294865594060882863e-01
4.785896081740692032e-01
5.977803761067799204e-01
6.341536265471686695e-01
7.311245618320245665e-01
7.809426853861860529e-01
7.970432832539254830e-01
8.016195801603093196e-01
7.142578401660822918e-01
5.398085082637550380e-01
1.914422079774046881e-01
-9.606480387437044133e-01
-2.054689794384830126e+00
-7.809538001490914372e-01
-1.157182668739130005e+00
-1.442277425577846328e+00
-1.586152984213622386e+00
-1.579335256664245790e+00
-1.583037600897747144e+00
-1.531485944097264573e+00
-1.426552379442716845e+00
-9.039865980050497685e-01
-1.990616824894083647e-01
6.632366084569357723e-01
1.424859753363191928e+00
1.680783492254902978e+00
1.797891868780447044e+00
2.185175072673285257e+00
2.486583789211837647e+00
2.766768025473292258e+00
2.869114866739363556e+00
2.974116742138605662e+00
2.994963353718742560e+00
2.988484580518273592e+00
2.999135934074763643e+00
3.000673002816671708e+00
2.877384308131730517e+00
2.626662234612690661e+00
1.381530276535865687e+00
2.069498390243282859e-01
-2.653594057423359076e-01
-4.823787575100219049e-01
-6.757706466155691816e-01
-8.017772446570151090e-02
-2.182195885593792573e-01
-3.939678741815323404e-01
-3.607899159264338906e-01
-3.117797054525512923e-01
9.146046712384731103e-02
1.364705801150176701e+00
2.361844680063590385e+00
2.894362575186268494e+00
3.182100244002253220e+00
3.177270725974723042e+00
3.180377051009272815e+00
3.208307487697789284e+00
3.128067695842157381e+00
3.082252546218950506e+00
3.064633475579963129e+00
3.014604259008811571e+00
2.847969748646419497e+00
2.669645002539648537e+00
1.794926344388966921e+00
6.050482874001030797e-01
-3.368491528788306599e-01
-8.612614931040137867e-01
-1.151427132611628323e+00
-1.242812137799572447e+00
-1.236087954752577600e+00
-1.188229666876794433e+00
-1.129644360432919381e+00
-9.245293532933583913e-01
-2.706519354835411617e-01
6.469698857696163374e-01
1.569313053762024790e+00
2.308099614355195062e+00
2.744452485929859797e+00
2.965738464932606178e+00
3.055725757771275752e+00
3.080353993511957711e+00
3.035770134189236025e+00
2.977528637705446179e+00
2.792040025959729999e+00
1.645222290994087011e+00
7.257579429201997945e-01
-1.029136348117364319e-01
-3.534288556076877752e-01
-4.138562762399891626e-01
-4.492539418002534646e-01
-4.925954599884790341e-01
-6.121783657945996104e-01
-6.689819497338396204e-01
-6.581777203625496231e-01
-6.192585064737120559e-01
-4.033717897528553697e-01
1.888632114025430297e-01
1.010935917518867022e+00
1.791668777418833791e+00
2.282078757617059583e+00
2.718996621018682447e+00
3.188724709467720686e+00
3.472405587412080497e+00
3.720607928351633564e+00
2.422653537953262451e-02
-3.967899451103032438e-02
-1.128493552853944704e-01
-1.801968118642415240e-01
-2.732551605835807917e-01
-7.731243684224943236e-01
-1.995579994087102182e+00
-3.006713390705462174e+00
-3.571062036387651517e+00
-3.787170804143363601e+00
-3.773347175455938451e+00
-3.779031829602238712e+00
-3.762724378461305808e+00
-3.716360785665078659e+00
-3.655259442413283821e+00
-3.152634868527805168e+00
-2.418367894086260073e+00
-1.652682536410672309e+00
-8.173829853293569370e-01
-3.063080221879964649e-01
-7.089347919831490152e-02
-2.859577267245615451e-01
-5.057003392505386996e-01
-5.652832354969327122e-01
-6.983513389201279065e-01
-8.446341040760472207e-01
-1.033173163606025957e+00
-1.928823756698631486e+00
-2.764840875356287864e+00
-3.366548774819850820e+00
-2.247127217267626265e-01
-2.171750819646078579e-01
-2.700516315809087797e-01
-3.911246256839898128e-01
-3.810896260637798294e-01
-3.681220063540072696e-01
-2.731398690252535011e-01
-1.069986242314800995e-01
3.506312055693783236e-01
1.185547730622459550e+00
1.861881348933948521e+00
2.543399164890096653e+00
3.023912476725943765e+00
3.062915085287442274e+00
3.146163642702660912e+00
3.107912645522288297e+00
3.141529414911387708e+00
3.125286773090230952e+00
3.069806655251206884e+00
3.062945083150060643e+00
3.151132266465483500e+00
3.595515207036548588e+00
4.212399055642612744e+00
4.531983629021599569e+00
4.499386942468283301e+00
4.188969846477500703e+00
4.117397667816804940e+00
4.066092614584645659e+00
4.033453166640422971e+00
4.010866691432108944e+00
-8.437420675883496035e-02
-6.616328962130022528e-01
-1.788526985503533506e+00
-2.841985065889224948e+00
-3.670953125480565848e+00
-3.880918719622647561e+00
-3.841393081316350155e+00
-3.778710285126654966e+00
-3.632391412709452982e+00
-3.449610932688548015e+00
-2.970998807302169364e+00
-1.999922314944090118e+00
-1.427863380328218579e+00
-1.056844508355800016e+00
-7.548907365201826813e-01
-5.148213481863322949e-01
-2.155755833270514010e-01
3.962277260615942875e-02
2.047523084785861092e-01
2.542552365938471892e-01
2.993241897126887041e-01
3.244524685449384771e-01
3.439613249987556465e-01
2.121343350236769842e-01
5.480063527568021509e-02
-5.897373766346621915e-01
-1.659540401226119233e+00
-2.439310422981536775e+00
-3.048937579161075107e+00
-3.408096783127566809e+00
-1.663064660005447448e-01
-2.237606299153593881e-01
-2.419817787414196009e-01
-3.425425581052954360e-01
-4.336130908402578976e-01
-4.587664017085376078e-01
-2.109771295513384048e-01
5.673732995882702079e-01
1.453901928406672317e+00
2.239193767201057561e+00
2.926644883995943580e+00
3.416079878852726459e+00
3.661240677728486936e+00
3.847196485759231788e+00
3.880587617067110529e+00
3.914590561031452864e+00
3.950104970921117786e+00
4.006904057762470828e+00
4.043060461474721201e+00
4.059093059021898320e+00
3.986041596993492586e+00
3.824388101696131859e+00
3.746905840917286845e+00
3.638938228285891530e+00
2.622937026451908515e+00
1.891204139806366147e+00
1.291834416688296239e+00
1.053254774027186036e+00
1.028090332596252932e+00
8.540360166239489015e-01
-1.232468210621367327e-01
-1.981102999310846435e-01
-2.435422186027532132e-01
-3.082996395505294140e-01
-3.303155583306778831e-01
-2.225782491576939193e-01
6.450964087734207819e-01
1.559865523095074646e+00
2.394765828939146690e+00
3.116613216789576590e+00
3.527275075564588303e+00
3.558823457141056856e+00
3.561000576721610411e+00
3.424290664209959978e+00
3.348813832267290014e+00
3.296709081734111368e+00
3.218424700605013733e+00
3.131268766715129992e+00
3.049473901045850255e+00
2.983190659082002760e+00
2.968085420192817292e+00
2.966999709300674137e+00
2.988971108308952740e+00
2.418562346677022745e+00
1.776070813756351452e+00
1.209672357946443011e+00
7.363855430896193432e-01
4.412427589551685680e-01
3.320885251274909855e-01
2.941144835628125564e-01
-1.355213993482956222e-02
-1.807173345786072111e-02
-1.230649540024440769e-02
-1.415529753873096333e-02
1.198323950556481887e-03
5.102780139505345147e-01
1.591077193691195824e+00
2.375860088374674550e+00
2.671245932730104578e+00
2.641049229967214806e+00
2.431472623425968482e+00
2.241342700495222662e+00
2.079766721913849370e+00
2.110601866048051889e+00
2.151058029268170912e+00
2.111071833894442751e+00
2.131286816654369698e+00
2.110044479438579756e+00
2.042842699546984608e+00
1.989886946544992652e+00
1.853521656334935264e+00
1.678904833023282306e+00
6.708932625874037825e-01
-4.067433916110554382e-01
-1.275946425743283541e+00
-1.718222490261242852e+00
-1.807390072281103377e+00
-1.889493002316114056e+00
-2.037336130043686744e+00
-2.089218739857673590e+00
-2.758333765681832139e-02
-9.128532293012871224e-02
-1.864910570492661623e-02
3.871032000098710568e-02
9.679834525480600360e-02
1.409494304021615130e-01
1.430763430964570315e-01
1.665014777385593336e-01
6.144652549983034007e-01
2.069809620412668139e+00
3.156268627747058186e+00
3.844476255192086356e+00
4.281267927518588756e+00
4.424917760245522302e+00
4.364513223580725132e+00
4.456161948515941162e+00
4.551305613856436949e+00
4.589403383264735403e+00
4.492166799244294850e+00
4.306834576321077357e+00
4.055094909526243185e+00
3.838109663910071134e+00
3.505331721243284182e+00
2.490421650539072829e+00
1.495387098607146914e+00
6.972913875709327858e-01
2.659850256751633002e-01
2.053177880653928866e-01
1.456457543698069790e-01
7.741224404830542027e-02
-2.214774170915498885e-01
-4.530163029969630495e-01
-4.781851770302426030e-01
-4.777783700086012941e-01
-4.625978422679346003e-01
-4.751446146955323191e-01
-4.413265442665257332e-01
-4.037748509973091426e-01
-3.766585362137137016e-01
4.122704672212207377e-02
9.676358737564334511e-01
1.979982578208026256e+00
2.997311857830647241e+00
3.513016620007690882e+00
3.909361591828692806e+00
4.234825741247947306e+00
4.246986345659673034e+00
4.289504603191219623e+00
4.312570746648920483e+00
4.216820120212348755e+00
4.150299680535293412e+00
4.021733899886641872e+00
3.342520647040958082e+00
2.380388972402635694e+00
1.365813766986765820e+00
5.585890669372046702e-01
1.325953618643757603e-01
-2.492442933605815147e-03
-3.201410678397947907e-02
-5.768028301812486158e-02
-1.803561103335689711e-02
-2.532136695119524203e-02
-2.097740416909089217e-02
1.435988885691499850e-02
1.176328315468477131e-01
7.539983473343846443e-01
1.753056798627312673e+00
2.804312178302461600e+00
3.681519972239085892e+00
4.112970203484492160e+00
4.427381275100713331e+00
4.556450439921850837e+00
4.566766047234554371e+00
4.545421409961558190e+00
4.510321751169032112e+00
4.478526511578158065e+00
4.436520233522101009e+00
4.394266543877734854e+00
3.993876824743334275e+00
2.943007964179745528e+00
1.973079652365327785e+00
1.141786455191937666e+00
3.939912296424805671e-01
1.090917082689852879e-01
1.437475619668364402e-01
1.772674648726240143e-01
2.085026143636097562e-01
1.980767244527475712e-01
1.791070333837543882e-01
1.706885479683002138e-01
3.061557099903242270e-03
2.175515317118740816e-03
6.873227619925223117e-03
4.567015715853208618e-02
4.949410413593305358e-01
1.389820944355149246e+00
2.563079232254890094e+00
3.473167542299499644e+00
3.937452071657240538e+00
4.225449508201513105e+00
4.460084920033072997e+00
4.549018015478791810e+00
4.600248797849588733e+00
4.604715485594180535e+00
4.594799704649472183e+00
4.571469818847155864e+00
4.483038256159576740e+00
4.408969873703362907e+00
4.206397990012928467e+00
3.103350495492647632e+00
1.851239210528391244e+00
8.603635396040544281e-01
3.394290503108126078e-01
2.682584703750420796e-01
2.789326077844948570e-01
3.970404363495684263e-01
4.010922491850259508e-01
3.939025700125228791e-01
4.283162473849200791e-01
4.495356534074148036e-01
7.721802944186507978e-02
1.691341242703383041e-01
3.331349133904507043e-01
1.104788432152938871e+00
2.170891376769357173e+00
2.929438405015829971e+00
3.234818182757606575e+00
3.521899845161239551e+00
3.827688195192612497e+00
4.127331438255117391e+00
4.223605830608910594e+00
4.319788380322052035e+00
4.379111216392018058e+00
4.415377786366609492e+00
4.417899169538249460e+00
4.375155506854739862e+00
4.306643104864147809e+00
4.091614041513611966e+00
3.130713893187164309e+00
2.381928000282338864e+00
1.889939379647249451e+00
1.457856248521721021e+00
9.527905977338702037e-01
5.955701536243807048e-01
3.902702589126204047e-01
2.821081902426315069e-01
1.899120096755174125e-01
1.608516627381315900e-01
1.906264936420515033e-01
1.830018281610925612e-01
-2.649325834355053394e-02
3.133993147224050507e-02
9.543142781344504666e-02
1.338554361083382771e-01
2.066301155162684200e-01
5.626721401053528249e-01
1.472915734635538376e+00
2.219822944323488922e+00
3.005787931273463442e+00
3.474266085012159166e+00
3.815035829840806247e+00
4.204756570073832300e+00
4.552356921962359415e+00
4.653262049704316006e+00
4.666959687402653323e+00
4.669669033153730275e+00
4.698894772943481790e+00
4.661304903831680946e+00
4.559197308745879695e+00
4.213736118492395377e+00
2.843149801705175506e+00
1.924350249186448369e+00
1.170647072643922204e+00
6.801991116144227023e-01
4.469300573262040555e-01
3.109209809728026297e-01
2.901700418751300137e-01
2.790328115842605206e-01
3.190255401481254527e-01
3.553793934360234275e-01
1.673846834815167217e-01
4.138543297687141131e-01
1.405082532736175560e+00
2.391573091144891361e+00
3.265460666561024183e+00
3.726780890605517094e+00
3.986607288448273945e+00
4.237181009076969040e+00
4.460274713556265702e+00
4.474873722419297373e+00
4.473132227773969127e+00
4.518974653541627973e+00
4.476625131990895845e+00
4.368497063836858985e+00
3.449991204105488318e+00
2.530201919502508279e+00
1.880977377217180280e+00
1.507343476934251303e+00
1.231525154102932618e+00
1.112382072988748360e+00
6.996002760427906253e-01
4.532721723122591362e-01
4.412619530975571691e-01
4.326124906299949613e-01
4.219012602248125576e-01
4.074086104328656366e-01
4.032573433589654588e-01
3.997397586510580414e-01
4.648841149557544905e-01
1.079762744295781562e+00
1.104781127794120410e+00
2.075835167197092268e+00
2.567633138050974040e+00
2.921360998899249939e+00
3.091493682427138179e+00
3.212000663632796460e+00
3.276882889512378050e+00
3.299321650545862017e+00
3.326347977768123521e+00
3.273080318149737877e+00
3.110912490077774262e+00
2.199677247279687720e+00
1.380366834102329854e+00
5.649008636605010736e-01
-2.686962986974972267e-02
-3.244342042848173957e-01
-3.514062614229808146e-01
-3.537873235805990557e-01
-3.490720333818510546e-01
-3.409169397922721667e-01
-3.342620403960624431e-01
-3.204360738437953549e-01
-2.972693710974404491e-01
-1.262944202496200652e-01
7.870292281652757627e-01
1.779563569746839491e+00
2.645415117489465562e+00
3.209758026228541894e+00
3.613477068664561642e+00
3.840047630678087742e+00
1.007414224785175144e-01
1.299873119273383115e-01
1.694280782591346401e-01
1.745721802635812614e-01
1.868125313823944533e-01
1.660870544828601525e-01
5.992488341952546815e-02
-7.377315436733263843e-01
-1.538891697167885209e+00
-2.341132016422198259e+00
-3.016077579043223267e+00
-3.337858999814613536e+00
-3.377144239769159118e+00
-3.346740717631859319e+00
-3.323334805136755055e+00
-3.304078204757110448e+00
-3.303621452482329968e+00
-3.310154553619022444e+00
-3.314946855391376790e+00
-3.323494828440872517e+00
-3.308455303405956283e+00
-3.279898740624717313e+00
-3.102425251728337940e+00
-2.132453555513667887e+00
-1.017950806233039796e+00
-2.105907057501447133e-01
3.997216205140747824e-01
7.826472073639099136e-01
9.762788505604899081e-01
1.027836221409790474e+00
1.793343179475823390e-01
2.790700034837882426e-01
4.094511876085917823e-01
4.675013607107446623e-01
4.219283857719415831e-01
3.494108931481056946e-01
2.132678734460528858e-01
-1.292609606798000577e-01
-4.287075564172814213e-01
-4.803422924481509648e-01
-1.244262790288037213e+00
-2.030696221230668730e+00
-2.815731181728915899e+00
-3.251663685076841670e+00
-3.478641107821775602e+00
-3.495940558164277512e+00
-3.501532749265032329e+00
-3.562709951112226214e+00
-3.575941631760667150e+00
-3.549151986864013786e+00
-3.492057413544472411e+00
-3.319874822482058452e+00
-2.820411193688312945e+00
-2.054288294939182968e+00
-1.236584506779689008e+00
-5.839232081424156062e-01
-5.052021417327721142e-01
-7.123069000414127272e-01
-8.575254560966673045e-01
-9.080450796879870889e-01
1.011605270082102243e-01
3.230192671489877654e-01
1.287072471770340787e+00
2.285085024666024811e+00
2.720451026054332644e+00
2.610585661783390243e+00
2.297054972779840831e+00
2.019349175308549960e+00
1.909198059154427307e+00
1.938427216707888645e+00
1.987661925927927786e+00
2.060097304429902021e+00
2.099566928740745464e+00
2.061381067518120336e+00
1.994098827765058424e+00
1.971052327199883436e+00
1.932347405647701244e+00
1.093719696866596980e+00
-3.324156683774415200e-02
-9.552364947112284010e-01
-1.185249762698082243e+00
-1.151074946665016752e+00
-1.155679293479630498e+00
-1.158092763592947883e+00
-1.187004921738998187e+00
-1.189737584783392865e+00
-1.162443987886973895e+00
-1.073122265144891951e+00
-4.726874444556681265e-01
6.408061006023064721e-01
1.213951839910422326e+00
2.006829109177714621e+00
2.370199127363905145e+00
2.655006746260405226e+00
2.814738688843833714e+00
3.062183664628819191e+00
3.181178188631600623e+00
3.256810161858443298e+00
3.300830960598468700e+00
3.358139809220859640e+00
3.424560649450495209e+00
3.436738746655882970e+00
3.476569145159212670e+00
3.736368267641625440e+00
4.093302358830844589e+00
3.820476337058961835e+00
3.113308005753322671e+00
2.264148337504150899e+00
1.693128413573235624e+00
1.397287586070398824e+00
1.293940423492132341e+00
1.256768693216575139e+00
1.182636975520850786e+00
1.106282366461322386e+00
1.068727197420847208e+00
1.055067756359102438e+00
1.035515851735350434e+00
1.040755699115399890e+00
1.053002005606338276e+00
1.067562474164153397e+00
4.472353939100471854e-01
1.508485144556044322e+00
2.599032510358551207e+00
3.408240391256215140e+00
4.026358177570486419e+00
4.533046352762846176e+00
4.746082759887539027e+00
4.778603596053769387e+00
4.726049260854943590e+00
4.750776187107498494e+00
4.744820355209883544e+00
4.679974972137644684e+00
4.678233642600595488e+00
3.955381546372386481e+00
2.956237127736170311e+00
2.151552289749125269e+00
1.377316933630573947e+00
9.900197287807550595e-01
8.883226566537585356e-01
8.375402663943362080e-01
7.705444733920346900e-01
7.473705963973185096e-01
7.077194653337043340e-01
6.941924122384189877e-01
7.153312362613708508e-01
7.450904107908433716e-01
1.009679673633818053e+00
1.967023475494598994e+00
3.106328628652944346e+00
3.890291816881551679e+00
6.430913201358287035e-01
1.185528732870589241e+00
1.552317282512346797e+00
1.648361145696000341e+00
1.699048433640470313e+00
1.743099635848372797e+00
1.778812109773862060e+00
1.718449882155529851e+00
1.639532471583928785e+00
1.543459970075859999e+00
1.273921001791300078e+00
1.137314661013377748e-01
-6.940866847251206950e-01
-1.680507965868184073e+00
-2.226044412894034874e+00
-2.507308630942539196e+00
-2.640661319519191697e+00
-2.482058390364414890e+00
-2.586965592652335832e+00
-2.642675980752354103e+00
-2.640355594631242475e+00
-2.632275136227903101e+00
-2.407503658308469241e+00
-1.696497712442025740e+00
-6.805700710409985366e-01
3.089120961511726549e-01
1.027093727058689954e+00
1.470924279407515467e+00
1.781294196433418797e+00
2.094630039372102459e+00
1.066454899541044721e-01
1.394517613581325866e-01
2.334797100412271953e-01
2.350396454694542725e-01
1.933920434182722081e-01
9.586571753892760006e-02
-8.053869857937946686e-02
-5.308896587802541811e-01
-1.682542543798221324e+00
-2.822372711206448059e+00
-3.727895330614077629e+00
-4.171638538131543505e+00
-4.397571195119626353e+00
-4.453275098215907057e+00
-4.458734161947995212e+00
-4.470729398646676955e+00
-4.434703901681525728e+00
-4.412404765974550003e+00
-4.386195263705273462e+00
-4.315689741723594430e+00
-4.019136489443374316e+00
-2.924210835833900735e+00
-1.864616157880863545e+00
-1.013077258520350910e+00
-3.812052075668928008e-01
5.145202946260918342e-03
2.392841801131573021e-01
4.838475115017019101e-01
5.201333429984352774e-01
4.624525409911527385e-01
8.043557209192706350e-03
-2.552161940992116185e-02
-1.403606209907929947e-01
-1.643787480040720950e-01
-7.455054514266621357e-01
-1.450341642954775079e+00
-2.171313934341434049e+00
-2.916945932580114587e+00
-3.509701963990160323e+00
-3.934557583987536855e+00
-4.161362949446461457e+00
-4.215850287613663205e+00
-4.266673917222931323e+00
-4.311772611723343473e+00
-4.327291639102684329e+00
-4.330454409322235243e+00
-4.312188852232866410e+00
-4.282482326599635236e+00
-4.196428728392992191e+00
-4.033548886251845822e+00
-3.168362949303393350e+00
-2.329041995008384713e+00
-1.585547005671883891e+00
-1.060748437263880239e+00
-5.230113051922226086e-01
-1.414885722962053727e-01
1.119863450583912234e-01
4.421996537736549993e-01
4.784113113906413584e-01
5.520407959950510701e-01
3.805857698409784856e-02
7.350474679811905276e-02
2.483401127187108426e-02
-9.978890304462074978e-02
-1.591531667844603704e-01
-3.433351044090675597e-01
-1.453618945830345899e+00
-2.317116154974892428e+00
-2.945280327304726775e+00
-3.435300707476398152e+00
-4.000633580203551531e+00
-4.284324482036586446e+00
-4.348558196306109735e+00
-4.418590894816281534e+00
-4.466718301355200538e+00
-4.474419679359044721e+00
-4.500480332443787646e+00
-4.723002847103004775e+00
-4.817267838647148359e+00
-4.849507947157051468e+00
-4.823380175570064488e+00
-4.752225029607212825e+00
-4.633905053462838097e+00
-4.308222403368493936e+00
-3.161365867493068471e+00
-2.129893195792165628e+00
-1.383030522205195068e+00
-7.408608228569564247e-01
-2.965434510061467632e-01
7.577135522703792869e-02
1.164450542279446416e-01
1.778893804552199587e-01
2.439863135395463067e-01
2.915685182288473287e-01
2.908878274078993686e-01
2.910627516036925488e-01
2.383530123784357024e-01
1.502781272656197320e-01
4.615585532782433276e-02
-1.185307904732297163e-01
-3.827480305222555890e-01
-1.538223228289206546e+00
-2.481139308425273970e+00
-3.343321789901431362e+00
-3.865175249096346466e+00
-4.180455038670437773e+00
-4.244803652274543815e+00
-4.416337291140405519e+00
-4.498104945487359174e+00
-4.489274479064018664e+00
-4.457052226740755962e+00
-4.375272887116548048e+00
-4.265064367825980085e+00
-4.188624850619626194e+00
-4.151428462562383181e+00
-4.114508111145981140e+00
-3.599002067941048821e+00
-2.711278178314651122e+00
-1.716920043115168770e+00
-1.114718548787606567e+00
4.326640310843092307e-01
8.696073891030240421e-01
1.075480468147193891e+00
1.223093006485325818e+00
1.219514790783437164e+00
1.264473669995268779e+00
1.274723244813775302e+00
1.201106417486381028e+00
1.126142140040722328e+00
9.889485291486275198e-01
2.958887171876516398e-01
-3.494307732235049091e-01
-1.500478668098933710e+00
-2.192692758370472728e+00
-2.514679975600646600e+00
-2.545087713543836117e+00
-2.560389153952670860e+00
-2.572350124867477383e+00
-2.581030250163939943e+00
-2.587371742414299902e+00
-2.539306658711300901e+00
-2.332485239171369074e+00
-1.378807135486779911e+00
-3.581905257298485523e-01
4.820310258203533982e-01
9.619203537758420630e-01
1.329784138663063553e+00
1.530250042136105604e+00
1.560204585727724247e+00
1.591400306697906109e+00
3.174397320686268842e-02
8.568671836993538293e-02
1.413487103178845961e-01
1.843138909968707606e-01
1.819807382033813703e-01
1.115427254880805435e-01
-2.028246230224854674e-02
-9.453616217358845608e-01
-1.932768187107446245e+00
-2.730045498551473049e+00
-2.862334840917517997e+00
-2.800121795896883370e+00
-2.678843256327549938e+00
-2.672880531208702948e+00
-2.826686502935940482e+00
-2.915834749784621760e+00
-3.065504919608925682e+00
-3.173007154014266362e+00
-3.111704049424925955e+00
-3.048033611521771213e+00
-2.496335753598573515e+00
-1.215797043098788555e+00
-3.483022466774908787e-01
1.000990191330410894e-01
1.727919651301570159e-01
1.703408159985377868e-01
4.016733474375866475e-02
4.461247097810678436e-02
1.398141893252896339e-01
2.312529889348016177e-01
6.158070985533867225e-02
1.231306192486344570e-01
1.299113630215019410e-01
9.759174641194023891e-04
-2.184778739252167812e-01
-1.461821551544894682e+00
-2.791938638257546401e+00
-3.653571510828886648e+00
-3.638213234608211888e+00
-3.466315927833611976e+00
-3.339052251804352167e+00
-3.261901052336217521e+00
-3.195239066650063187e+00
-3.184014848802578790e+00
-3.114871112991770552e+00
-3.037407197505611833e+00
-2.877537571768917335e+00
-2.051760670582895685e+00
-1.069317686881702478e+00
-4.103176182645530412e-01
3.042607238040053730e-01
9.493483087669527531e-01
1.260931676103985488e+00
1.292782188032788326e+00
1.364631154924273559e+00
1.432621488463763804e+00
1.514710948951108582e+00
1.578881596430826262e+00
1.617262272871194062e+00
1.582170310208158570e+00
-7.770042680143010583e-02
-4.349630995095420394e-01
-1.501946377337764371e+00
-2.540903307648868292e+00
-3.492433148723518954e+00
-3.843116373832661470e+00
-3.904162234709383839e+00
-3.838427802346866979e+00
-3.757583613213899110e+00
-3.691594941340355707e+00
-3.635840075725985443e+00
-3.642322655358214867e+00
-3.679731543747201794e+00
-3.699087073610061616e+00
-3.640598244610910417e+00
-2.903238813294957588e+00
-2.069364803468601632e+00
-9.999776676835967493e-01
-2.928092887682482992e-01
3.004926662659979097e-01
4.999946958258048024e-01
2.266969107379691595e-01
-4.384588884783779950e-02
-9.427867849611012985e-02
-6.349376104391754594e-02
3.964238302902896305e-02
1.032647767195052774e-01
1.822544634509367656e-01
1.615053147761447705e-01
-7.500311328970335478e-02
-2.613789664194023921e-01
-6.840445796612720786e-01
-1.758384640596306170e+00
-2.600658374010066609e+00
-3.138744345455650731e+00
-3.281762902966634421e+00
-3.315744434647850181e+00
-3.363727816871358911e+00
-3.366530256343302163e+00
-3.384488367804558084e+00
-3.402956234558069504e+00
-3.396419154352643854e+00
-3.393715310554413112e+00
-3.347039800607751747e+00
-3.286463177264356883e+00
-3.180425309060531891e+00
-2.955645032153510599e+00
-2.388667296249369354e+00
-1.664868051439013286e+00
-1.110140419042343840e+00
-6.316719344363738164e-01
-2.665904155603301962e-01
1.307068109179019832e-01
3.494705976858685781e-01
4.491850926671331345e-01
5.746912428267617612e-01
6.248200001750238153e-01
6.096147594092431454e-01
5.177350521318409005e-01
3.107258112599801114e-01
-4.659236536137089102e-01
-1.789945937014027599e+00
-2.724171259135328427e+00
-3.285877491376616888e+00
-3.430108493285410010e+00
-3.548894704278127588e+00
-3.653484883338265377e+00
-3.991973450016810698e+00
-4.133666448620512135e+00
-4.135410233748268993e+00
-4.126267212229271841e+00
-4.082011629321266710e+00
-4.034285464703811996e+00
-3.961080252995106132e+00
-3.864587552524030301e+00
-3.696466755744278743e+00
-2.865900870868256067e+00
-1.925951081123232100e+00
-7.855062650061770402e-01
1.945593212337670685e-03
5.459343091959945049e-01
7.289565967735842644e-01
7.150289029848284628e-01
7.989147071003221967e-01
8.724294630957450947e-01
8.432917109064002048e-01
7.657530573227642190e-01
7.134544999142496957e-01
6.417325986529091031e-01
5.601235069854637594e-01
-1.054117720528940233e-01
-9.315736053682645013e-01
-1.669610850071698849e+00
-2.487599220821807400e+00
-2.865163056820988707e+00
-3.028801774856503926e+00
-3.185238963944057478e+00
-3.251361985341466365e+00
-3.277630799434813724e+00
-3.249850954700870265e+00
-3.258113996853438721e+00
-3.257901461361675910e+00
-3.257659185895950049e+00
-3.264988949355867032e+00
-3.156428240986214995e+00
-2.610914238889290306e+00
-1.634077875931972068e+00
-1.190904338660036865e+00
-1.282650197663743219e+00
-1.319111836789680581e+00
-1.383685356052978044e+00
-1.512241176629224526e+00
-1.752249581361294606e+00
-1.945010759615316109e+00
-1.979268570415577022e+00
-1.915225596837434763e+00
-1.793635929169732801e+00
-1.686045653090020968e+00
-1.587520498231379307e+00
-1.614671636725498294e+00
-1.896399457329472626e-01
-6.451287723668739371e-01
-1.699293999240473418e+00
-2.670387894769521431e+00
-3.378120480600348863e+00
-3.635906107177201196e+00
-3.697436064066042860e+00
-3.772064985210473509e+00
-3.847824134523452955e+00
-3.955105556803435007e+00
-4.081775783574995486e+00
-4.166775047699652568e+00
-4.269749930829579654e+00
-4.240222382232488485e+00
-4.152744144512408475e+00
-4.106174157830078997e+00
-4.033181140932908804e+00
-3.808339486214109559e+00
-2.726114246450073608e+00
-1.724455235246749707e+00
-1.049168915453074780e+00
-6.357846694465676407e-01
-3.101340648967960689e-01
-6.137214976423724377e-02
4.245085862910509544e-02
7.775789596675308779e-02
-3.137063730580154364e-02
-2.825903133292248515e-01
-8.065738702856972697e-01
-1.445580923933469375e+00
-5.355257506672559398e-01
-8.913783598230838878e-01
-1.071500901438628972e+00
-1.106374317525490092e+00
-1.179600382625807464e+00
-1.433684812925104968e+00
-1.575302637583158250e+00
-1.688795025011377460e+00
-2.155498328945414599e+00
-2.714371692008572090e+00
-3.173760280821439572e+00
-3.336831523575849889e+00
-3.370235229514257913e+00
-3.377450693473177168e+00
-3.323956827590053287e+00
-2.830688734651473304e+00
-2.046085746871775246e+00
-1.388235815286550823e+00
-8.344728710746250888e-01
-3.504761469458556600e-01
-1.336369905568265959e-01
1.390491793481398175e-01
3.918629499151342066e-01
5.442984104143300250e-01
6.987683142390281876e-01
7.821290556450759546e-01
7.885473265191592640e-01
6.690068786716655280e-01
4.100065364306049176e-01
-1.030419763273838774e-01
-7.624860477139380199e-01
-1.166225576601204406e+00
-1.217913418923719737e+00
-1.269475035746496339e+00
-1.339186568827671397e+00
-1.663614326170482771e+00
-2.181544319967892331e+00
-2.396564815474659937e+00
-2.442837309078480512e+00
-2.439304498873046789e+00
-2.449978207457579327e+00
-2.459886079444059792e+00
-2.471553131348568577e+00
-2.434601591414241373e+00
-1.985663506022870006e+00
-1.175907140992396460e+00
-3.639641550163388306e-01
4.197592139943315814e-01
7.894512545683518567e-01
1.150182085305869517e+00
1.455143857921488815e+00
1.477586617605885388e+00
1.526272518068255701e+00
1.553326271143730786e+00
1.563435040056012193e+00
1.879273103275815204e+00
2.069220877992660856e+00
2.089121187136139479e+00
2.093763556310642926e+00
2.120233875187778061e+00
1.242527798159018433e-02
-5.387678503127636687e-02
-1.892133907106944291e-01
-3.653906853710952030e-01
-4.657627457910356594e-01
-7.159856839066138789e-01
-1.229296643457040705e+00
-2.071245039542189748e+00
-2.742053295343366504e+00
-3.088209608536764961e+00
-3.191946349002135364e+00
-3.261633795552279391e+00
-3.313862024812979534e+00
-3.341075373642206525e+00
-3.354104628423141499e+00
-3.355938948427800828e+00
-3.353039712404008554e+00
-3.323971035627900861e+00
-3.268636463642897727e+00
-3.176835985088873660e+00
-2.935410978519942482e+00
-1.760101442002367067e+00
-8.931756931967009816e-01
-1.891926797899750046e-01
4.670491571483263993e-01
9.643847896891692972e-01
1.235665935497935131e+00
1.258700134274178373e+00
1.107097567435445296e+00
1.141856466855528662e+00
3.883011233928350403e-02
1.201621064476232348e-01
1.300723304344938991e-01
1.449331462811869475e-01
4.112605478602483766e-02
-2.266755055023995935e-02
-1.229788531198034301e-01
-2.919876272927879324e-01
-5.751950586779436270e-01
-7.679934542185604673e-01
-1.496408652693969721e+00
-2.435159248998147952e+00
-3.441369764196517966e+00
-4.008681878176125757e+00
-4.135523271340264984e+00
-4.193682887650550306e+00
-4.275852115115468699e+00
-4.230697442117999252e+00
-4.147933584474364110e+00
-4.044349945403469704e+00
-3.936214585962711343e+00
-3.875021152685478754e+00
-3.608007365459721782e+00
-2.848352242109436272e+00
-1.977715222544927931e+00
-1.345506569872572555e+00
-1.024757592445230792e+00
-6.855222418961748332e-01
-2.133252564155361242e-01
-1.537429068958856559e-02
1.956844123032413507e-01
1.818946220730159602e-01
1.712057901188969167e-01
1.011721410205952826e-01
-1.147211118293905568e-01
-4.125456555112159696e-01
-6.779742126292096494e-01
-8.717614630176443447e-01
-9.688887191838904123e-01
-1.758919334284088976e+00
-2.394429992274226482e+00
-2.788068693191232406e+00
-3.105253367351152427e+00
-3.368540109031687102e+00
-3.473102273033289222e+00
-3.595462678125121769e+00
-3.626116771097561031e+00
-3.642715968807664240e+00
-3.611880584149767870e+00
-3.527394216928600112e+00
-3.438917860446370156e+00
-3.365586567983670285e+00
-2.896302218260450978e+00
-2.277766421610620817e+00
-1.782739757680591453e+00
-1.398013194792114167e+00
-1.011044699357141585e+00
-6.385477491291113861e-01
-4.220223953582389886e-01
-1.651062394196134986e-01
2.856816720276148525e-01
1.066807588984355792e+00
1.354256564203191626e+00
1.360548005325575849e+00
1.359277143304150615e+00
1.395038633072472889e+00
1.469586365244968551e+00
1.526013368136160286e+00
1.551722555103132617e+00
1.543988938330245420e+00
1.529958259109410301e+00
1.531410590391272031e+00
1.586731216088124397e+00
1.372863126933932865e+00
7.785386358906994930e-01
-1.401041481222500273e-01
-1.185653676383696897e+00
-1.937779537593729895e+00
-2.229693698019632908e+00
-2.417124205879348509e+00
-2.509077513017450300e+00
-2.509513806060909680e+00
-2.513881732955441706e+00
-2.463209132589301742e+00
-2.389161893353127564e+00
-2.271771542332954752e+00
-1.892845726172257326e+00
-7.745055204336086518e-01
1.128140909629001820e-01
8.815730301735916763e-01
5.860792117823612202e-01
1.048822958387569448e+00
1.311171191856818075e+00
1.426367644975839122e+00
1.526672640311870444e+00
1.595050268744451660e+00
1.651199129535556365e+00
1.591141577048779787e+00
1.479823520457552499e+00
1.203965486919952532e+00
1.685085519718503289e-01
-7.383400519192651057e-01
-1.610205130276233909e+00
-2.210122864866278292e+00
-2.527002870600669304e+00
-2.707610426701783091e+00
-2.706094137620248752e+00
-2.687446779608804182e+00
-2.664330574644968586e+00
-2.672383070924921444e+00
-2.695131167890029378e+00
-2.732493582585388658e+00
-2.739034798560294082e+00
-2.813137262515061021e+00
-2.817347374558297091e+00
-2.786637046934198114e+00
-2.721771082307456791e+00
-2.595484879448036075e+00
-2.531541046926704119e+00
-2.468673925541768899e+00
5.663232186118098976e-01
1.497855534314331383e+00
1.964024250518322745e+00
1.709211839805524047e+00
1.201699854883832908e+00
7.372860259227500546e-01
4.812208517748609027e-01
3.376660414160561619e-01
1.869766540127354160e-01
1.778867923872161916e-01
1.719034210581269484e-01
1.493541964925135523e-01
1.494002561787951822e-01
1.122482639143179695e-01
2.227784551652553513e-01
7.641542766088949001e-01
1.219761515380053840e+00
1.505580989064736919e+00
1.535390586560398507e+00
