1.216099974313832599e-01
1.607414451346593776e-01
2.748316024385110135e-01
3.354262326610628064e-01
4.405896829190312225e-01
6.597935476357755791e-01
6.931781687264280123e-01
8.553043784514118286e-01
9.079047017168939693e-01
9.310000909091387111e-01
9.562684491867264880e-01
9.051232135266126244e-01
7.574106014810044751e-01
3.905679655025207087e-02
-6.366116476295007320e-01
-1.103369965026827604e+00
-1.152072271000404546e+00
-1.146646751328842750e+00
-1.129450573606058716e+00
-1.155082427377079668e+00
-1.492315736089994793e+00
-1.672614640619086934e+00
-1.734693749270138641e+00
-1.790670762246345582e+00
-1.798469585180112684e+00
-1.753293196034209300e+00
-1.750686164318417060e+00
-1.740789010899571165e+00
-1.735381115989975909e+00
-1.132895155681510301e-02
-2.727639837314051185e-02
-2.052827411669454552e-02
2.607971226281338012e-03
1.463932374638668987e-01
6.563445648944316035e-01
1.197138620964458999e+00
1.398530525622330378e+00
1.535024945979688749e+00
1.630526904433779789e+00
1.707872750231150594e+00
1.778306429738742755e+00
1.844933968245788591e+00
2.221933982009374642e+00
2.673136759137743290e+00
3.014279720952529829e+00
3.241556940302323220e+00
3.219139126085676317e+00
3.208983592963101206e+00
3.228394152035642506e+00
3.292192908595235501e+00
3.390942765662048775e+00
3.466178715647961539e+00
3.550037495359396722e+00
3.537223593990025172e+00
3.581309743586275296e+00
3.602450824535140317e+00
3.641117175320594423e+00
3.685498811664873475e+00
4.011955787971716703e+00
2.309548607690137811e-01
3.281259426681202851e-01
3.753912353485910347e-01
4.041225337363097414e-01
4.261796709305317732e-01
1.816654730677381979e-01
-2.867918158437433584e-01
-5.875034906306151328e-01
-6.799781590929045993e-01
-8.604234787279720909e-01
-1.431223070176842693e+00
-1.953468385216778458e+00
-2.284317191958227689e+00
-2.407153170063411007e+00
-2.497479633052320125e+00
-2.515779583108354700e+00
-2.559177624148002650e+00
-2.605009537505045714e+00
-2.648823386251103251e+00
-2.664686824708860868e+00
-2.663100016250258939e+00
-2.617875445221135244e+00
-2.574338966789198491e+00
-2.515067240783549707e+00
-2.453194796833360503e+00
-2.423329718880623318e+00
-2.505806511961887306e+00
-3.029410060573229035e+00
-3.695709458134060821e+00
-3.890843674304293565e+00
6.378498759106582261e-01
1.181245977914371803e+00
1.947919363170738105e+00
2.822125546432637577e+00
3.694238020454335025e+00
4.317566488621602083e+00
4.364907205683066671e+00
4.158792720923864650e+00
4.149291728560101866e+00
4.029370257080167050e+00
4.002283096419914088e+00
3.917570359621808329e+00
3.776535531214246788e+00
3.708163188537221711e+00
3.621222808429785278e+00
3.550500139140749578e+00
3.517283625595541974e+00
3.538956780076217612e+00
3.511384651024504588e+00
3.219705523879148767e+00
3.209499863218080673e+00
3.264492469039684153e+00
3.293391245772433695e+00
3.087882818442931665e+00
2.660541589906666893e+00
2.611540296104891024e+00
2.565542048376460382e+00
2.498307565637845507e+00
2.159428680366022757e+00
1.797851653646094006e+00
-1.802853200347802054e-01
-3.000568814296083464e-01
-3.956364811304186047e-01
-7.000116718083104761e-01
-1.242597379016107118e+00
-1.629333595705019011e+00
-1.810948919310727323e+00
-1.903799073159571309e+00
-1.936676492222489498e+00
-1.939814961217873224e+00
-1.946208534306774984e+00
-1.974707836070993316e+00
-2.049968641827233817e+00
-2.088306989612733311e+00
-2.106163707628257775e+00
-2.130717367731011169e+00
-2.142709517692098053e+00
-2.151709979801016193e+00
-2.148492428698927093e+00
-2.131606967653931317e+00
-1.756931921222193660e+00
-8.562296134707328976e-01
-1.937552575017718048e-01
1.898646094150505670e-01
4.052835575521456235e-01
5.338881120678216075e-01
6.428285396414973318e-01
6.965903476935473293e-01
7.690470017354996690e-01
7.982920954124037571e-01
1.951923223883577155e-02
9.767280276486842161e-02
5.231373766619440424e-01
9.420904049142357906e-01
1.181347269719535520e+00
1.263196767359450634e+00
1.281867366770321093e+00
1.284861373433024090e+00
1.289514297520530706e+00
1.300059587090508506e+00
1.296602082735483830e+00
1.286842465148946957e+00
1.281494705379502497e+00
1.274982326564974455e+00
1.267926932955485197e+00
1.275497773161323511e+00
1.280490605728245690e+00
1.304192294461852253e+00
1.336575668961061503e+00
1.354163258201877440e+00
1.360528223377110768e+00
1.274780288806762973e+00
6.135633401770914652e-01
1.912992275486757876e-02
-4.188905050563311305e-01
-6.566824759941299883e-01
-8.146228411720359830e-01
-9.758983292236347307e-01
-1.535578411097135332e+00
-1.845066215733956128e+00
-1.902739427911467329e-01
-3.012112621737836893e-01
-3.258566912666129856e-01
-3.450568738173416250e-01
-3.396320134733425977e-01
-3.305949442206013722e-01
-3.242167911005098269e-01
-3.127226137022120489e-01
-3.073284338230673485e-01
-2.977916432418695192e-01
-2.736279703461860779e-01
-2.542316586317970306e-01
-2.416281204692869167e-01
-2.242580544815394594e-01
-2.062041549259387707e-01
-1.886142003578078763e-01
-1.757797416979733629e-01
-1.456573001602731732e-01
-1.019393309518790702e-01
4.377285163570611703e-01
9.337218256009274242e-01
1.170070498596749831e+00
1.234068555505301479e+00
1.433877148733778917e+00
2.128138443103378297e+00
2.507161890217697753e+00
2.854158244022548807e+00
3.211921957561067575e+00
3.461384062366642311e+00
3.558646047104205401e+00
3.143441918768160454e-02
2.160064652753469067e-02
-1.827826230203889041e-02
3.802272416647115016e-03
-4.007892029696173697e-02
-3.972585326044843212e-02
-4.533996381174634077e-02
-5.094131111285837843e-02
-4.850037051316101466e-02
-3.997508292764561516e-02
-4.485495574697205556e-02
-6.428366152270661993e-02
-6.019721680345947040e-02
-6.090395623672722331e-02
-6.414791207535820716e-02
-7.655141172802407135e-02
-2.567268456782607622e-01
-3.318643546343019723e-01
-3.531391673545852816e-01
-3.489420865755648582e-01
-5.129315605803064226e-01
-1.010421297853757228e+00
-1.429286684699757615e+00
-1.760976977164725010e+00
-1.904596187188192458e+00
-1.991836553037210855e+00
-2.100332028408271157e+00
-2.139840853931574749e+00
-2.166426717575718808e+00
-2.184163772318757690e+00
-3.192491434575510552e-03
-4.371419932347896456e-03
-2.480701963461707515e-01
-5.292467040860012739e-01
-5.984712229076796230e-01
-6.325833115145675922e-01
-6.863332285686905010e-01
-7.196812962299341532e-01
-7.301978474257282414e-01
-7.393423222147280649e-01
-7.412284275364393604e-01
-7.329956027571313815e-01
-7.244830679136918805e-01
-7.234573984846722761e-01
-7.138701876843110972e-01
-6.517169120100370083e-01
-2.691042892667957487e-01
6.796685525761053670e-02
3.475184918689800395e-01
7.199323146107267091e-01
1.005455006093103565e+00
1.193534362045524988e+00
1.361436125364213767e+00
1.464951871623578983e+00
1.488491369327814118e+00
1.509408565276558090e+00
1.527023604935929812e+00
1.549765700034192450e+00
1.587508660196206067e+00
1.592274133874736819e+00
-1.989963806078409725e-02
1.879888661540792677e-02
1.583029932431184728e-02
1.245777139760450604e-02
3.717106043133371410e-03
-2.399033168058932290e-03
-1.102568289033071386e-02
-6.551791824815156665e-03
1.045191832142614435e-01
1.881244065723281234e-01
2.372644659439709369e-01
2.425710575342513442e-01
4.793729019869271690e-01
8.880547619392813452e-01
1.154473500563199417e+00
1.229018416702361893e+00
1.307473292503701590e+00
1.345938879361961105e+00
1.398161266728934260e+00
1.406808241705234552e+00
1.407380395504995052e+00
1.404380577783915562e+00
1.406867802820599422e+00
1.416024000525112125e+00
1.429033470053703292e+00
1.446083294422377818e+00
1.456436505743247345e+00
1.314178197447595231e+00
9.070720494579065374e-01
3.294678076528477773e-01
-4.600744872203251790e-01
-7.026027260537734964e-01
-8.277420081720789913e-01
-9.586319890696584078e-01
-1.413394614412935679e+00
-1.703469565304078337e+00
-1.818201322140897691e+00
-1.915894451185312208e+00
-2.046305980657820545e+00
-2.281247984989285715e+00
-2.352048618996009033e+00
-2.396863253890281431e+00
-2.438975388798751087e+00
-2.464893412095618963e+00
-2.487533860510659611e+00
-2.604812623075294820e+00
-2.710390153270457958e+00
-2.746082282394883833e+00
-2.767238015621522607e+00
-2.778753453138807394e+00
-2.773084088558126048e+00
-2.767068223671911298e+00
-2.751812591789426943e+00
-2.714941174090720111e+00
-2.524917683386448619e+00
-2.004265865353654252e+00
-1.299777749920740799e+00
-6.623498525661356551e-01
-3.231646086782336003e-01
-1.609019752922513646e-02
1.676086597125042710e-01
2.780987243476817916e-01
5.074319238653509645e-01
6.618831053537563847e-01
7.014061245181925086e-01
7.685401995410390263e-01
7.897052187692377156e-01
8.377644051144949033e-01
8.483261808816923155e-01
8.242987014427004544e-01
7.975217372809690897e-01
7.907258677755006904e-01
7.886756753648730411e-01
7.911247937626990634e-01
7.890312028698632796e-01
7.982466533221532767e-01
7.796117755547847805e-01
7.585519958106532457e-01
7.385960906889321720e-01
7.286623066326487486e-01
7.217645785239865663e-01
7.060617194697457188e-01
7.001034847062501676e-01
6.821737990376020022e-01
6.316039153840533604e-01
6.306400780163587960e-01
4.506071338832443041e-01
-1.319551109126829158e-01
-6.831788295509833020e-01
-9.987775528980039619e-01
-1.038346514829435879e-01
-2.006123794206248756e-01
-2.784150298370390297e-01
-5.323341417264597641e-01
-5.789287003775596130e-01
-6.234941698620305450e-01
-6.745719787279037538e-01
-7.043508265742927099e-01
-7.675829529591351452e-01
-8.862308686598031615e-01
-1.033639668091091979e+00
-1.176743357388824851e+00
-1.256486957295128937e+00
-1.405621058733785400e+00
-1.662215850286630436e+00
-1.760209278174788894e+00
-1.826464464690550571e+00
-1.837521319438462530e+00
-1.853264483230682158e+00
-1.867136470658139702e+00
-1.863869818548812507e+00
-1.860217873437398195e+00
-1.841686207402332576e+00
-1.829850814096671829e+00
-1.789332229785542516e+00
-1.776094665326465094e+00
-1.725139075697164737e+00
-1.112591133830889145e+00
-3.574875457073757312e-01
2.732119363030244275e-01
3.795906504922735847e-01
4.966583035784831734e-01
6.426093153351734033e-01
8.175622282547441166e-01
9.569743755845521171e-01
1.068624619496287620e+00
1.205229543998556752e+00
1.458963372939616088e+00
1.569533495833640213e+00
1.648716993736086156e+00
1.719415257564804511e+00
1.740321763139611067e+00
1.765442161003650812e+00
1.802832571554674468e+00
1.825458694218861755e+00
1.859305381123863121e+00
1.893620138737273306e+00
1.910685013298327295e+00
1.944051687336169287e+00
1.956390422332891843e+00
1.972793541730843980e+00
2.003229260926920663e+00
2.023155878386496465e+00
2.025584149764688924e+00
2.030324317824051317e+00
2.035517695803842564e+00
2.034783863925649250e+00
2.026436048411174085e+00
1.852088531712015929e+00
1.563554942117632685e+00
-8.737789195419957966e-02
-1.838679531390067790e-01
-8.497550349666578295e-01
-1.295921803434975317e+00
-1.472494241502736445e+00
-1.620937890299588791e+00
-1.745418612349209919e+00
-1.952307778930698401e+00
-2.404942104092258504e+00
-2.589597541396937874e+00
-2.620754284181158411e+00
-2.670585352599268436e+00
-2.696011230824026939e+00
-2.749442954988477350e+00
-2.781900068039076857e+00
-2.800616271640350430e+00
-2.821167109430184006e+00
-2.815697966118694051e+00
-2.798185091346130360e+00
-2.793681990677598481e+00
-2.780128274486663109e+00
-2.776129662829271094e+00
-2.775581938213913968e+00
-2.763959016163169746e+00
-2.738041725035632368e+00
-2.025055185514803124e+00
-1.183591934951096603e+00
-5.736683435206695325e-01
-3.321406529747095160e-01
-2.802505800247907519e-01
-3.500066813430283662e-03
-1.421786399324937930e-02
-4.327297790840353015e-02
-3.465997603588984177e-02
-2.992729608342149100e-02
-3.814551254254179569e-03
1.097503970612965507e-01
5.958610283761657245e-01
8.651544003933318017e-01
9.378572471093575835e-01
9.837791802083201143e-01
1.007998115561959285e+00
1.030628878323949005e+00
1.043720353924046718e+00
1.070008190599294196e+00
1.091435073699997371e+00
1.107131239437076919e+00
1.119157537439704475e+00
1.114124800933368853e+00
1.104733367646533182e+00
1.106486277713521149e+00
1.105590232307725795e+00
1.106003744779116005e+00
1.112167124732533541e+00
1.119535050402678644e+00
1.121959185142902715e+00
1.139423259006438371e+00
1.155074767444707051e+00
1.157135955684934769e+00
1.165250896959953542e+00
-1.909355294831815431e-01
-3.140162129144140057e-01
-3.071834281346794704e-01
-4.366671437732674299e-01
-7.405666572545480664e-01
-1.113076602888013245e+00
-1.533699423159180508e+00
-1.866380828860046526e+00
-2.097092042713779581e+00
-2.236552110617104017e+00
-2.313576459895865689e+00
-2.373110196499880864e+00
-2.428899648158088009e+00
-2.505384759222275104e+00
-2.667319214979620323e+00
-2.977687736866263091e+00
-3.118712895010534059e+00
-3.224533369990456588e+00
-3.325833340787068160e+00
-3.328733746653845138e+00
-3.308691277422791899e+00
-3.249840104124453788e+00
-3.217021261825240952e+00
-3.209492114456863554e+00
-3.204411517991344382e+00
-3.198294805786409789e+00
-3.180591546862253871e+00
-3.115971366984776836e+00
-2.921439334552678346e+00
-2.254575648330094939e+00
4.158260051520649148e-01
4.973298182794358979e-01
5.446820333507546019e-01
5.165515001925029548e-01
5.570048932081186344e-01
6.321674231537850464e-01
7.171249397359603650e-01
8.280477095015157385e-01
9.027789810527823144e-01
9.374415740942180220e-01
9.391502601848288334e-01
9.364394601820607011e-01
9.457942763730483593e-01
9.405517528090552304e-01
9.676479885922442126e-01
1.021201018448513631e+00
1.082436170120653074e+00
1.716325475798940570e+00
2.306571245580829377e+00
2.682960382258138488e+00
2.823913137951091556e+00
2.880744128812219085e+00
2.879415008617499439e+00
2.889888003338137334e+00
2.892538945355551672e+00
2.907015733969287474e+00
2.905492879588094990e+00
2.896299768963607857e+00
2.899687752368730109e+00
2.901939325612005405e+00
-9.272726214455195154e-03
-1.299545350538836366e-02
-4.044373393868980204e-01
-9.878172118647130517e-01
-1.483062087332846168e+00
-1.849831866437990469e+00
-2.021423888422565263e+00
-2.047208993062814564e+00
-2.063178805859135601e+00
-2.197849266733586049e+00
-2.416651232906261271e+00
-2.481172756172184357e+00
-2.543377953318096463e+00
-2.583478927523977564e+00
-2.599028668265886299e+00
-2.612088309979900380e+00
-2.621210184740857319e+00
-2.635621064549930725e+00
-2.636302592371752240e+00
-2.650065035814850312e+00
-2.666985477559897788e+00
-2.679001395366165994e+00
-2.682332850903782262e+00
-2.694484293729298763e+00
-2.683019790619580736e+00
-2.684202381617098787e+00
-2.678773649803110501e+00
-2.677083836653404880e+00
-2.670979773938074509e+00
-2.670464244084349126e+00
-6.429107883449034291e-03
6.251350856420296795e-04
7.754858563196609031e-03
1.032863254182700072e-02
1.909509578628165033e-02
1.986226375924389498e-02
3.421548077520113196e-02
2.229555742446531069e-02
2.986209398093032236e-02
3.303411033399319269e-02
3.094462825118024507e-02
3.477016355953576471e-02
3.912081015486116448e-02
1.908986784327693920e-01
5.712728697278585122e-01
6.717544867533988828e-01
6.740773541188318507e-01
6.729112822354061940e-01
6.651892695641924425e-01
6.461563915897885479e-01
6.274506726426368752e-01
5.928919131735220782e-01
5.419684293234416916e-01
4.458074114367251428e-01
3.787556761702537966e-01
2.752441351930010049e-01
1.162129095777681975e-01
9.640619826180943375e-02
-3.794802660679733042e-02
1.265868906555195073e-01
6.662567058637604012e-01
8.258431199722646721e-01
6.858281348300092617e-01
3.167435592949356948e-01
-2.165296244555309224e-02
-4.988639387259805602e-01
-9.985022049648957232e-01
-1.316977504974078617e+00
-1.799704624841387934e+00
-2.094638476570598318e+00
-2.238258404429445569e+00
-2.421573126769765771e+00
-2.523936425783678050e+00
-2.773404792224194448e+00
-2.529053010016799163e+00
-2.392667413797743503e+00
-2.087375421329465297e+00
-1.593911820129003454e+00
-1.632033776156636584e+00
-1.943467306248902737e+00
-2.226967551740915319e+00
-2.516888171242114058e+00
-2.782208627249660893e+00
-2.869372237106500911e+00
-3.087388331347070025e+00
-3.275707177587241503e+00
-3.436837123573543540e+00
-3.646462377166117985e+00
-3.969240137353654330e+00
-4.432839916137519154e+00
-3.400053945972756342e-01
-4.332007430684008953e-01
-4.403773117747984411e-01
-3.404887176090574119e-01
5.367924902230037931e-01
1.606939860511536367e+00
2.086257764898499900e+00
2.160716240920570907e+00
2.161615578124840731e+00
2.185937071085791938e+00
2.049485334347434407e+00
1.757812981365650229e+00
8.339544352769042712e-01
-2.536587379127441810e-02
-7.431479344782933039e-01
-1.046144462217982518e+00
-1.102231234206666910e+00
-1.585996921251414893e+00
-1.876657809182599834e+00
-1.854255188691536160e+00
-1.798940889396178910e+00
-1.694280717365501010e+00
-1.638417041022257159e+00
-1.635745357475800965e+00
-1.593878542993310221e+00
-1.535383906797341602e+00
-1.460837731430003839e+00
-1.369497601440081480e+00
-1.285620181036755572e+00
-1.212370524231027424e+00
6.904839936999349059e-02
1.340816297829347525e-01
4.046569004322735918e-01
1.245449918149150292e+00
2.125831972582710616e+00
2.829509843831163884e+00
3.408776400276313900e+00
3.867388507611252635e+00
4.120162594151404178e+00
4.287905185859054669e+00
4.373838636255389822e+00
4.443918780556531445e+00
4.449200390604510780e+00
4.457125906047777697e+00
4.474947581780638117e+00
4.515536711193422370e+00
4.537751464619058872e+00
4.568805920847239577e+00
4.613316368705551618e+00
4.652385475266394899e+00
4.713347393845168654e+00
4.733202763686755077e+00
4.766099697548981773e+00
4.788168333708846092e+00
4.804768362304905338e+00
4.819478245808434203e+00
4.822568857580207258e+00
4.808132521458513331e+00
4.762936775404502221e+00
4.768944015029656036e+00
-2.754992267776779080e-01
-9.191978500752654435e-01
-1.673229579509435183e+00
-2.394052990930306546e+00
-2.794503186677498086e+00
-2.914928328645123301e+00
-2.914707732252085126e+00
-3.002603044524930098e+00
-3.034130690561792854e+00
-3.304579861228017279e+00
-3.783642352675047782e+00
-4.196436418140540248e+00
-4.297435853716164544e+00
-4.195000795041115893e+00
-4.221562325646805114e+00
-4.217785359743317031e+00
-4.209756708488924914e+00
-4.171899095343566621e+00
-4.234374818216299019e+00
-4.300297611380190510e+00
-4.349649856677576309e+00
-4.312735919500362947e+00
-3.877388402049048999e+00
-3.247125684920606048e+00
-2.376553703249246752e+00
-1.506394286228457169e+00
-9.261978709784693953e-01
-5.219401584966574248e-01
-2.717352031832396819e-01
-9.455381584789190885e-02
-1.036044243040641286e-02
-1.712173597368993605e-01
-3.198650146502137748e-01
-3.789392090538775681e-01
-3.930509542026228709e-01
-3.975532784817301102e-01
-3.900915227584397238e-01
-3.854492534317013885e-01
-3.473236222382450333e-01
-2.905813317443040056e-01
-2.634120094218916908e-01
-2.086913779465315311e-01
-2.049159521178628707e-01
-1.703368887696931067e-01
-1.926574692716650772e-01
-2.658201807825543161e-01
-2.913724427728242028e-01
-3.338366428615859860e-01
-3.604644897781421053e-01
-3.851700478998829613e-01
-4.147455229224045192e-01
-5.965441729348665012e-01
-8.168791906772111533e-01
-8.272581424187706034e-01
-8.386249124808916600e-01
-1.096562395578229321e+00
-1.343896144060459541e+00
-1.412955153729255287e+00
-1.548802545936307506e+00
-1.715631984288225942e+00
-2.024961846341767902e-01
-7.967874439875264336e-01
-1.086324171215990786e+00
-1.104075680839541773e+00
-1.116918344831275833e+00
-1.113072781024642133e+00
-1.107906993983749588e+00
-1.132664392646587581e+00
-1.180178530459230712e+00
-1.186560398824691775e+00
-1.200256201691263236e+00
-1.199506740765670543e+00
-1.236146325409498203e+00
-1.271321634770763653e+00
-1.280981058810813034e+00
-1.286318281561038113e+00
-1.302183640198838921e+00
-1.300520434196385189e+00
-1.286273665307820613e+00
-1.277883648169131137e+00
-1.263694854695907477e+00
-1.219981093983476761e+00
-1.146338700841837532e+00
-8.126981971404524385e-01
-4.277617782756185094e-01
-1.700101931539498845e-01
-1.157442464097040991e-01
4.978889781064144149e-02
3.628118531811927450e-01
1.033668512547945006e+00
4.060881303254748054e-01
5.645242663986095311e-01
7.171019338658790598e-01
7.505698436191012846e-01
7.145856802191974388e-01
6.201653987559208048e-01
5.512230820440289225e-01
3.956333912270225683e-01
7.419694027490941757e-02
-1.553456462706954144e-01
-2.729043409409903087e-01
-3.812102493580536988e-01
-4.035985040472346852e-01
-4.507690941416284125e-01
-4.700986547326329590e-01
-4.833424727377075292e-01
-4.956613981191135276e-01
-7.064324864520618030e-01
-8.130601629456744028e-01
-8.434150210238176015e-01
-8.745584578223318806e-01
-9.178438919100843085e-01
-9.323286698290794705e-01
-9.706237472738686867e-01
-1.036783068776416794e+00
-1.079935331503268037e+00
-1.125493873979488413e+00
-1.178689047376531462e+00
-1.194939236120573733e+00
-1.300356021569546661e+00
-7.477075812279956324e-01
-1.190412518584973434e+00
-1.488213900658989175e+00
-1.540939392734149704e+00
-1.590277045859568528e+00
-1.607855853215526931e+00
-1.619782756785148381e+00
-1.616548262295535388e+00
-1.601534881586453407e+00
-1.602519509129638253e+00
-1.596022459456015063e+00
-1.600486083897056933e+00
-1.190249871004731563e+00
-4.376669633863716768e-01
2.874629000122220779e-01
9.491965917640892147e-01
1.345901447279850505e+00
1.486517026229172034e+00
1.619367933188434083e+00
1.633070617328451712e+00
1.644919694995238491e+00
1.646093855671638684e+00
1.643401755540389919e+00
1.653772111382398657e+00
1.659189586653011528e+00
1.650043537199184840e+00
1.662606889086312600e+00
1.688823363927797416e+00
1.712310966389203770e+00
1.762096121654670444e+00
-1.209530155361101741e-02
-3.521376646334269112e-02
-4.745416078425888223e-02
-5.437424701386489589e-02
-5.543106894685126407e-02
-5.167807842803739948e-02
-4.340075398035346532e-02
-2.790262434590826124e-02
-3.280802438414036348e-02
-2.823465886733850932e-02
-6.968827655471734883e-02
-1.142084255504697138e-01
-5.664945513829350299e-01
-9.913828992146240804e-01
-1.103225036665034020e+00
-1.090552965092242976e+00
-1.087881038710591275e+00
-1.172895568496428176e+00
-1.340679916065742106e+00
-1.420645335395278819e+00
-1.498084231159398705e+00
-1.669461589478100860e+00
-2.158634575516340082e+00
-2.503537229040872170e+00
-2.744531618405390283e+00
-2.849891072269460590e+00
-2.905122196924180056e+00
-2.984105736234032857e+00
-3.003539477506693700e+00
-3.021833547093451422e+00
-7.741604011964404314e-03
1.872288692568859977e-02
1.729720953301335309e-02
1.814894020266810681e-02
2.047909670734631565e-03
-3.381955308382908476e-03
1.742672481370989741e-03
-2.939799139528432963e-04
2.211018909989896086e-01
8.102989115780150353e-01
1.483366111563608314e+00
2.030549124527649685e+00
2.282977541762567508e+00
2.412985987121069265e+00
2.440155648486048712e+00
2.444107386523035164e+00
2.449136885380427842e+00
2.468450159438414282e+00
2.486164275944286572e+00
2.494591342919240340e+00
2.510882010536672926e+00
2.508285893064559069e+00
2.528470996296570572e+00
2.535670513200372067e+00
2.730964792787921258e+00
2.829516128185924462e+00
2.823751170137801303e+00
2.831109749171653256e+00
2.821072220058641999e+00
2.822674323212346792e+00
5.062734847965246789e-03
5.412430829790700754e-03
-2.510668958883549573e-03
-1.910276995939044417e-02
-4.619082390028711460e-02
-3.075678041427820086e-01
-9.210294446263125323e-01
-1.294973527218713949e+00
-1.398131537226048104e+00
-1.460059072246437717e+00
-1.521607040539372235e+00
-1.936526551263604956e+00
-2.206336813368926286e+00
-2.328467253420086980e+00
-2.377612480331815714e+00
-2.413650564417895161e+00
-2.738606820639942985e+00
-2.764608973489517396e+00
-2.804862133370464861e+00
-2.831806940492195945e+00
-2.842131052249223355e+00
-2.852625989086930325e+00
-2.847694413118906809e+00
-2.864845557108862462e+00
-2.834542243786104088e+00
-2.816259830775883266e+00
-2.805606078563149808e+00
-2.770620530750063537e+00
-2.750674733956015139e+00
-2.742866316266354687e+00
1.172082108175919943e-02
3.711981467368883486e-02
5.516322213974823863e-02
5.805584435642534985e-02
7.635856007878963347e-02
9.939339241784342360e-02
1.125530428073325123e-01
1.435874932682351113e-01
1.594031147081863276e-01
6.754358371650739379e-01
1.364155447363133877e+00
2.040006020619310245e+00
2.432695104453679313e+00
2.590393007272821624e+00
2.769127361487905947e+00
2.923632885620710997e+00
3.066404476919904809e+00
3.275678459021321487e+00
3.413774881727460464e+00
3.492634037327495111e+00
3.549313974103769809e+00
3.580766479276165981e+00
3.610880496479309976e+00
3.619693753306776784e+00
3.629290692172347566e+00
3.641032007107807722e+00
3.653079496388788705e+00
3.632890891580371040e+00
3.627659563827889233e+00
3.636608150102603965e+00
-6.001607328440667841e-03
-1.870440016547186488e-03
4.669428061221448691e-04
1.016695551915644123e-04
2.090920756018707291e-02
1.345486591463888361e-02
1.480297882862058843e-02
-2.498636379533224552e-03
-1.581017710139206653e-02
-3.060747217718301494e-02
-6.299699308180042867e-02
-4.117374065633169211e-01
-1.085613697082422391e+00
-1.921852458567272492e+00
-2.948031580114812478e+00
-3.686005355277030660e+00
-4.099999648852132417e+00
-4.203275058461413138e+00
-4.196217928603718228e+00
-4.180151488937653426e+00
-4.218135932031024105e+00
-4.169878252913963301e+00
-4.160243406028704349e+00
-4.092533302583792221e+00
-4.096799077409939649e+00
-4.015038374106818964e+00
-3.989107616411481150e+00
-3.944967598394107711e+00
-3.693643401655490432e+00
-3.596183326659651680e+00
2.633065974109790111e-02
4.736647644892257036e-02
8.842374625515492248e-02
3.877991677345411503e-01
8.833888170309909249e-01
1.398947638068057664e+00
1.912250431532095840e+00
2.493366586337271595e+00
2.988754511124993130e+00
3.341888366441243097e+00
3.612956593936294869e+00
3.695958454714105557e+00
3.822665477972276182e+00
3.868421852309114506e+00
3.847388554383918802e+00
3.837739115349703134e+00
3.817090847580009605e+00
3.811473856335852783e+00
3.810765139322725314e+00
3.812402366323375702e+00
3.816862619753500052e+00
3.803313773342883675e+00
3.823945719937682064e+00
3.821444427578424285e+00
3.840620912308492230e+00
3.854493227724727245e+00
3.828596731395714770e+00
3.833029424189040579e+00
3.795115657803615150e+00
3.780479419101557603e+00
-1.605090149878122402e-02
-7.536152672436155497e-02
-5.679452334854772078e-01
-1.075443802785111203e+00
-1.269075225225563486e+00
-1.296387730396762805e+00
-1.304734703272530272e+00
-1.305586995135183725e+00
-1.506818621360189736e+00
-1.584365851553941162e+00
-1.638875627701455562e+00
-1.681996080438636687e+00
-1.706182029940247480e+00
-1.747239367394453291e+00
-1.782648407395727386e+00
-1.814556680619084261e+00
-1.834483484598652403e+00
-1.850121656231637601e+00
-1.864891844010438060e+00
-2.083799031361955212e+00
-2.478843253938951108e+00
-2.794568573610810347e+00
-2.921292347990251947e+00
-2.943693668944904474e+00
-2.932303903313583149e+00
-2.926203380893837025e+00
-2.911567677021878353e+00
-2.892726218190827314e+00
-2.884067417765494135e+00
-2.860899342850140581e+00
1.388712556988307839e-02
6.821189318761219922e-02
8.581031065498391508e-02
1.048396009644862320e-01
1.282807351655118888e-01
1.664409256360973866e-01
1.790046899338893494e-01
1.869394491618771581e-01
1.919412713324265274e-01
1.941982262579471652e-01
2.118419051456152113e-01
2.703689019784599190e-01
5.725972474461860084e-01
9.085753899744837270e-01
1.027857484923411668e+00
1.090447810752182667e+00
1.129726156162769168e+00
1.179743924215852280e+00
1.373387191621606718e+00
1.942053725600715541e+00
2.413572627443289598e+00
2.869301391645203481e+00
3.090932789104147815e+00
3.195980982742809839e+00
3.259139327679878129e+00
3.332421152850908008e+00
3.354726929253849743e+00
3.375176520594723950e+00
3.381541634495595083e+00
3.392495415543737458e+00
1.383666082032138957e-02
5.112823819587211660e-02
6.438071497822241140e-02
7.142246262818205405e-02
8.221460632403650159e-02
8.845848419957513808e-02
8.937253780416075377e-02
7.840543994574987463e-02
7.355499298836877531e-02
4.866083629058133575e-02
-7.124078713464428170e-02
-4.131086946113283753e-01
-7.662910685769528385e-01
-9.438504845849896574e-01
-9.725379304641079692e-01
-9.986943159716099583e-01
-1.102329176269784883e+00
-1.465306057417413932e+00
-1.535336543016033062e+00
-1.601821697600332550e+00
-1.650419861062506932e+00
-1.716091923363795013e+00
-1.774253026640141950e+00
-1.872795133495539499e+00
-2.261233773756179399e+00
-2.546925386574291128e+00
-2.706813522356442903e+00
-2.834426642087628512e+00
-2.969060080705783200e+00
-3.144261834276623091e+00
-2.622425345704930411e-02
-4.854558601016022157e-02
-5.649176758439930501e-02
-8.568079770647918370e-02
-1.100654014152154803e-01
-1.119413882265886812e-01
-1.242962864496623687e-01
-1.308162226870399347e-01
-1.476604537937829531e-01
-1.558842815037523311e-01
-1.353742871107971035e-01
-1.427164497110351982e-01
-1.128500646663123108e-01
1.182646473198588066e-01
4.334025612825891938e-01
5.369864896169629365e-01
5.809918702253253908e-01
6.574010714013385215e-01
9.628565974112319736e-01
1.390016918694316539e+00
1.820544493450377388e+00
1.958197189507641989e+00
2.128672089303856652e+00
2.252039691596411153e+00
2.329170220621503695e+00
2.348651104566511272e+00
2.378236480862890190e+00
2.411386970091324411e+00
2.420940783504978988e+00
2.470734746503723489e+00
-3.819205757964094696e-03
-2.308743023832887306e-03
6.756276840664343988e-03
3.069698448522313518e-03
-1.216506548542307508e-03
7.860043068707581876e-03
3.257905150489925905e-02
3.776763664809499460e-02
3.170198298896247796e-02
3.904625812649663991e-02
8.080420396997889387e-02
8.784314758971248360e-02
1.168236910000997331e-01
1.275401604818373336e-01
1.513969539852972057e-01
1.280147653062287394e-01
1.269883891702304202e-01
1.274645837813661031e-01
1.308817751926047990e-01
1.453500853418986938e-01
1.337628983469803523e-01
4.264288973503937985e-02
-5.021387145272100394e-01
-1.002592333973418404e+00
-1.354592298626499325e+00
-1.611081972734908607e+00
-1.712293675598192566e+00
-1.800738641253251116e+00
-1.913337079081609549e+00
-1.938052058827499868e+00
-1.242250002780664470e-01
-2.344898877525788405e-01
-2.544933328521195026e-01
-2.688140700683533946e-01
-2.649572916174744996e-01
-2.603081175339892472e-01
-2.607765960489346058e-01
-2.488247221983762580e-01
-2.719952535006093242e-01
-2.620720383914437179e-01
-2.314787383393365483e-01
-2.250594727096044689e-01
-2.247347172658269443e-01
-1.925834706660244089e-01
-1.585875882079913479e-01
-1.359962576352002350e-01
-1.089774755559957120e-01
-9.133169786071466956e-02
-6.196674587426163894e-02
-5.288031694923114173e-02
-3.355977148271902660e-02
3.435830417597568465e-01
7.292994222865671894e-01
9.225579388305567008e-01
9.836990035883441674e-01
1.039076985343981852e+00
1.066502914333576468e+00
1.073835346062111284e+00
1.115562065228475674e+00
1.144903820527563454e+00
2.668071103355801679e-02
1.439442607198920532e-01
1.525733897910251657e-01
1.265538710820524604e-01
1.326865618746685682e-01
1.391324719860785597e-01
1.398671938859665231e-01
1.454601395950308462e-01
1.626229601540138126e-01
7.246538078459314747e-01
1.454269381013331364e+00
1.877819571623813744e+00
2.058251385294489033e+00
2.052075903627349263e+00
2.049106085766103647e+00
2.053237246352024759e+00
2.032578575980263924e+00
1.999897400992284968e+00
1.989981380107671338e+00
2.015462153989982408e+00
2.028733658236952841e+00
2.048510946765306873e+00
2.041134389346010547e+00
2.045925373030112571e+00
2.030816703630555775e+00
2.014004426141846160e+00
2.006545291728289548e+00
2.000485052696804544e+00
1.985943208365321899e+00
1.966732677643820093e+00
-3.874695803464522220e-02
-8.486149654924668440e-02
-1.651750140328351046e-01
-2.422226719632026015e-01
-2.846862930770569511e-01
-2.370467573655674620e-01
-4.372127965799008087e-02
3.541364643588544581e-02
3.078750390933004955e-02
-1.800123465365300462e-02
-7.574683336483165053e-02
-1.925284157112205352e-01
-4.506027517584499931e-01
-7.146007559233503725e-01
-8.770074551752027325e-01
-9.008624298444337652e-01
-9.586924782565370284e-01
-1.041368177614437007e+00
-1.167196412851498666e+00
-1.394457373143931811e+00
-1.473268492039124578e+00
-1.489986054595632048e+00
-1.678290909453843405e+00
-1.800868901482062023e+00
-1.819214689197896639e+00
-1.878957111036726468e+00
-2.010799812692436905e+00
-2.116158615775769025e+00
-2.211483844158248502e+00
-2.279333000239118778e+00
-4.377304566926609047e-02
-6.821817904066818095e-02
-7.681140606563383044e-02
-6.682615409318816424e-02
-7.448679256172720253e-02
-6.882846923884435031e-02
-6.654527696049392094e-02
-5.810680254973820541e-02
-4.557894853026882298e-02
-4.873767710498236316e-02
-4.254347264143849838e-02
-1.271643033046401805e-03
1.289572878788567412e-01
3.991846735030763482e-01
7.038069344144626260e-01
1.145764505732029814e+00
1.398349858451100491e+00
1.429844711053027240e+00
1.545218875079383380e+00
1.590354167743182723e+00
1.650438830877735796e+00
1.668929678090002700e+00
1.675618364182614561e+00
1.710553081270896891e+00
1.762652017941092275e+00
1.795447555237894344e+00
1.807150776000989501e+00
1.779440247888531390e+00
1.841294831818831357e+00
1.845131451511291321e+00
2.190607138751586580e-02
4.506776188506465830e-02
8.888916438488370098e-02
1.007277851266078217e-01
1.029655379713078772e-01
7.054038963284477159e-02
5.948641579702235171e-02
8.340582911207430894e-02
6.633478473641092610e-02
6.740584995001971946e-02
3.911733476603397597e-02
3.905710437976210592e-02
5.816440360431457401e-02
-8.915888780383982026e-02
-4.196536656714870972e-01
-8.309406140040436206e-01
-1.216019531968977496e+00
