-2.171634466345767067e-01
-2.464433736551756848e-01
-3.761493998775893854e-01
-5.606558704682411687e-01
-4.610863366382799700e-01
-2.746122421691192805e-01
-1.484072434280906128e-01
-1.635900351962128740e-01
-5.379397042276855556e-01
-9.641337660705442403e-01
-1.179258701074858084e+00
-1.166300036424082309e+00
-1.153912534533171774e+00
-1.103294815669607187e+00
-1.043722565819993564e+00
-9.896912253118855807e-01
-9.705463145045326590e-01
-9.132504226602614628e-01
-9.029776031003580172e-01
-9.662703085334184427e-01
-9.876791111145784008e-01
-1.020074711364559628e+00
-1.042873369200190137e+00
-1.060407278043333790e+00
-1.073452900544411781e+00
-1.068853438733390337e+00
-1.046889602747492320e+00
-1.006522876646208209e+00
-4.908441701473654772e-01
6.718072530304852741e-01
1.298333734720486188e+00
1.752765202030882374e+00
2.171414263040295278e+00
2.427465001809579359e+00
2.489625097661756215e+00
2.568358423924870682e+00
2.650088335594530164e+00
2.703053222644542508e+00
2.790464270972935701e+00
2.870263891046592075e+00
2.931620483600971383e+00
2.981127228129198059e+00
3.056681846497496302e+00
3.232806851556715877e+00
3.400095049398752955e+00
3.433303807371231198e+00
3.477561921544520818e+00
3.516807603892986744e+00
3.595698872417403713e+00
3.680764829884091593e+00
3.743201504332198670e+00
3.801337780211749617e+00
3.784396117490416600e+00
3.750958652132706295e+00
3.749104483064123805e+00
3.724845633122794375e+00
3.728234339944940245e+00
3.764026336316252941e+00
3.783221922143390259e+00
8.595469555791639127e-02
9.875091602568465687e-02
1.029418825804123833e-01
1.128477407806979249e-01
1.149283391573535790e-01
3.812048463747334803e-02
-1.652473452194018755e-01
-2.177080783544505516e-01
-2.171358678523483410e-01
-2.067609566337953453e-01
-2.155351341775143537e-01
-2.561598364123130467e-01
-6.034210989902530908e-01
-1.116285230588968114e+00
-1.686021531260898154e+00
-1.936314869969085084e+00
-1.999884358991394828e+00
-2.080209860063732208e+00
-2.482871732339122506e+00
-2.851156255595383548e+00
-3.045181130970261663e+00
-3.146373752208441843e+00
-3.248215890155172314e+00
-3.684806347886820710e+00
-3.986759565137815819e+00
-4.110340836492986760e+00
-4.141626532940102301e+00
-4.159132870199596432e+00
-4.161934255271273031e+00
-4.170730095031498053e+00
-7.555992906866322578e-02
-1.908035319693031917e-01
-1.994940692162427420e-01
-2.151197534798904021e-01
-2.145084387322808983e-01
-2.216551682958829428e-01
-2.180668080401106934e-01
-2.113879700727624156e-01
-2.046602144047572902e-01
-1.867045839876248503e-01
-1.634981841770257738e-01
-1.423071731977911814e-01
6.819233800863128137e-02
1.941632734323789633e-01
2.739780220184168669e-01
3.700380794508856264e-01
4.718087835198645497e-01
5.499502364641981611e-01
9.023446944527613311e-01
1.175889155904614958e+00
1.248393940777072775e+00
1.309070038874197817e+00
1.320745927109696627e+00
1.414248530857111774e+00
1.425327252374186227e+00
1.445267631302988853e+00
1.486245709464585119e+00
1.515599720360371494e+00
1.583812555203498951e+00
1.642047323359796529e+00
7.992478610441001996e-02
3.055913830326276726e-01
9.795214148600115411e-01
1.448692757903724759e+00
1.783709089957402405e+00
1.910223503499284048e+00
2.024675006739631744e+00
2.106642991060855508e+00
2.186221809753345457e+00
2.248064908436615994e+00
2.285447127762372244e+00
2.322228438446144239e+00
2.367834132410512549e+00
2.395068647753647362e+00
2.429852616500571383e+00
2.453609055886722068e+00
2.495049029692566478e+00
2.535904853811053350e+00
2.554985138171518511e+00
2.700855355161328575e+00
3.122586538348147922e+00
3.389413992507749995e+00
3.554427896448977720e+00
3.629923845204478638e+00
3.636556928924648435e+00
3.662543972450671870e+00
3.671563462613325779e+00
3.687903230057003157e+00
3.687957596143048633e+00
3.696419006547123409e+00
1.395526568477822860e-02
1.897224968613317464e-02
2.973184810421875685e-02
3.582041705457525427e-02
4.062949545039452187e-02
5.197796991005384365e-02
9.762803009916116992e-02
9.393723841616885561e-02
1.042516417340358381e-01
1.566437067735351463e-01
1.564666499379768483e-01
1.522659399967710436e-01
1.409299618852164759e-01
1.312101367849946854e-01
1.218403166862229159e-01
4.945117104702112520e-02
-2.865781904850118744e-01
-4.029188993430965482e-01
-4.584402997032070437e-01
-5.761469787545447918e-01
-9.825410191514141189e-01
-1.324545239783366579e+00
-1.424612109622838796e+00
-1.491024873287359886e+00
-1.535229726964644215e+00
-1.633246654896862493e+00
-1.789868543541039081e+00
-1.907109245543886278e+00
-2.015194872881316712e+00
-2.046957057783696410e+00
-2.921034478979961033e-02
-5.460446470816068126e-02
-8.050473301041079222e-02
-4.122989732417554620e-01
-6.033079593110819427e-01
-6.259391595548822185e-01
-6.343734928267348305e-01
-6.679243173379912912e-01
-7.346921420244227896e-01
-1.177180116792469367e+00
-1.512194945481179609e+00
-1.608509013202898741e+00
-1.703719421867462280e+00
-1.768850909561942020e+00
-1.998855404883123743e+00
-2.238303328060832431e+00
-2.254606296717243552e+00
-2.292289379611601063e+00
-2.301973866786691580e+00
-2.317538588021912371e+00
-2.337194188135925277e+00
-2.373165665568585325e+00
-2.380379701360504363e+00
-2.383681944048773094e+00
-2.380025715706493905e+00
-2.370764326985489667e+00
-2.365107999126259575e+00
-2.343617921833561102e+00
-2.324172572198718978e+00
-2.300243608689560570e+00
1.189140645109495976e-03
6.245634091297517197e-03
9.213717564888677242e-03
2.074239684713543447e-02
3.102129377548760308e-02
5.329659250209153876e-02
6.996310671198149866e-02
1.089677275476202273e-01
1.312098413981850897e-01
1.475286348569656014e-01
1.717770731113269778e-01
2.037486913855847404e-01
4.542407734515346851e-01
6.699815621753306694e-01
7.525661441377378136e-01
8.841713777398034768e-01
1.416136037624561306e+00
1.936107482529012103e+00
2.319976160279633159e+00
2.759262115692698192e+00
3.318609479547079300e+00
3.610169107021968582e+00
3.870380726788229975e+00
4.058904236120325137e+00
4.233252549427885647e+00
4.272485818904556254e+00
4.323006849692473175e+00
4.371830866810737959e+00
4.426988182327115773e+00
4.477340296990441892e+00
2.724446923469361556e-02
5.923255970985032148e-02
1.137894516738479911e-01
1.302028138360216136e-01
1.463851824259397583e-01
1.589434638410190115e-01
1.768019947059849550e-01
2.598709573523300120e-01
5.135193604987902116e-01
6.155171494111579822e-01
6.866345618349393165e-01
7.001016506966372122e-01
7.229762778141755053e-01
7.589707472414949363e-01
7.847088413324351253e-01
8.062992036737894885e-01
8.617893525288291556e-01
8.883890112250667492e-01
9.129407358098107217e-01
9.601164687536379860e-01
9.827776472152582876e-01
9.939122641836352079e-01
1.003720245426687807e+00
1.021844182062387141e+00
1.024396339211249618e+00
1.053760912376637826e+00
1.057759311373298816e+00
1.066776368508193018e+00
1.071778930939838892e+00
1.080146308353372664e+00
3.663905225660815407e-03
9.813685546927635936e-03
1.157665595092581719e-02
8.170885638435853790e-03
9.642523406265660069e-03
9.721448796625674002e-03
1.382772003297683995e-02
1.367178689036189707e-02
-5.159437545007213022e-02
-3.992418589583787147e-01
-6.176492484435730512e-01
-6.778615132495713347e-01
-9.498827844552453215e-01
-1.414410015778756247e+00
-1.756642183022886883e+00
-1.940234503245600317e+00
-2.099965912076837249e+00
-2.235689789637921088e+00
-2.374917589472252288e+00
-2.840717917001235548e+00
-3.246642350512787267e+00
-3.510857064907579428e+00
-3.671403438198567848e+00
-3.757627768786875766e+00
-3.801782572609155864e+00
-4.010969472281015413e+00
-4.261783552343123560e+00
-4.335948671181673042e+00
-4.344837325097577363e+00
-4.349449998387596494e+00
-1.860617188981257900e-02
-2.028583104284165453e-02
-1.424087537833127956e-02
-1.012962825342109130e-02
-6.760190659683053965e-04
6.641815832627930710e-03
1.586960788707721115e-02
2.026361695983074432e-02
-5.993485783869580141e-02
-2.525632188633717412e-01
-3.778554466634841957e-01
-4.271967941163750115e-01
-4.926716869259189502e-01
-4.891983749206288423e-01
-4.836163339623701374e-01
-4.928745254588574598e-01
-4.867980364836680951e-01
-4.894934946644989848e-01
-4.829578937629475655e-01
-4.875615519349238425e-01
-4.798067545177472359e-01
-4.814707713550864798e-01
-4.701831716055337451e-01
-4.540671472597721525e-01
-4.383111858313057940e-01
-3.893725051448271302e-01
-3.856573318923231519e-01
-3.830613323282400229e-01
-3.250290553451403719e-01
-2.813081882769560282e-01
3.267564403183581285e-03
2.064012228228169488e-02
1.880255794758589061e-01
3.784157816766012816e-01
4.370682927021055098e-01
4.992319998197856656e-01
5.673031065710538723e-01
9.692759146604041920e-01
1.360509012832352926e+00
1.620645824497128684e+00
1.728952391081877371e+00
1.800006986506996087e+00
1.885353610067498575e+00
1.968081816067023260e+00
2.037324726306124933e+00
2.105320161145057600e+00
2.299481955751146778e+00
2.663276130603736469e+00
2.921650069175043107e+00
3.068884220344576086e+00
3.102448371624169088e+00
3.168041011478914815e+00
3.249119072592641544e+00
3.352498794734669829e+00
3.471905729839074084e+00
3.940035077795699170e+00
4.294800914293736227e+00
4.453518397884746349e+00
4.503496217232184406e+00
4.564755804410939533e+00
4.985435919219911860e-02
7.621065678346389261e-02
1.097231921074052485e-01
1.463420153129602885e-01
2.051134006299603074e-01
2.404092167683624659e-01
2.786861614323459801e-01
2.992088839861375971e-01
3.204619327301171938e-01
3.253476217381293667e-01
3.581937098092353722e-01
3.740564720825685363e-01
3.869000664941535939e-01
3.985777728509133921e-01
4.109918126919149817e-01
4.351089915024761723e-01
4.546630258650238843e-01
4.687386500334093653e-01
4.813767406886997335e-01
4.952385440630089342e-01
5.082128230674008984e-01
5.215878836165228627e-01
5.522451260422914787e-01
5.496606811781942215e-01
5.705758407165831825e-01
5.437360734817027197e-01
3.470232272034046161e-01
-2.475664116471234522e-01
-7.397327204794617028e-01
-1.053504457405205041e+00
-1.758874916932863519e-01
-3.265848419437969996e-01
-6.891142982424226515e-01
-1.047036345592374573e+00
-1.327125606494783616e+00
-1.430477493113849974e+00
-1.501876003504075907e+00
-1.591952587392231555e+00
-1.730013533070961618e+00
-1.971613202869150872e+00
-2.030809328328199381e+00
-2.068263298119638716e+00
-2.101435491977237557e+00
-2.136457826754819322e+00
-2.242377017120235294e+00
-2.304557339828533280e+00
-2.358114418002813739e+00
-2.368783985550008797e+00
-2.377438853613253134e+00
-2.397713162507099316e+00
-2.414029890315724014e+00
-2.483507346531216520e+00
-2.518795922363048501e+00
-2.536332527328944764e+00
-2.552153595510550765e+00
-2.572626855738051610e+00
-2.566363328740475236e+00
-2.550621532982050521e+00
-2.528961996592946626e+00
-2.500683203328611270e+00
1.492751299536042991e-02
3.406759020544392058e-02
2.072363608492399922e-01
4.536924954785589437e-01
8.677929797436618742e-01
1.449366456855528007e+00
1.915699246312992932e+00
2.335417073281982780e+00
2.668483633326355520e+00
2.851496709967055843e+00
3.026268654158609461e+00
3.074136541695871472e+00
3.119062332668040671e+00
3.163262950825695086e+00
3.182646046354209446e+00
3.235508256442972463e+00
3.313932410984421040e+00
3.390950049892913043e+00
3.813535185195305210e+00
4.144162329752012930e+00
4.463753920471487113e+00
4.614237564490373700e+00
4.682990319817537106e+00
4.727653268546085918e+00
4.839003463457213883e+00
4.863729411313737039e+00
4.878419765075832082e+00
4.875465493012410612e+00
4.876669103867434352e+00
4.880921770326043685e+00
1.710413356286479697e-02
3.097485212800672044e-02
4.929645816366196726e-02
6.556665075927743669e-02
7.609431867743589317e-02
7.532128251612192626e-02
8.225215421882492439e-02
7.877360234662147964e-02
7.756884202018361762e-02
8.900440260569184026e-02
9.308412357536102744e-02
1.120565054690942919e-01
1.248015508792196804e-01
1.297095579105831398e-01
9.953807804741943155e-02
2.753048938346255858e-02
2.163045748314535582e-02
1.951232627203584521e-02
-1.296855284427557431e-01
-7.265031509942079246e-01
-1.244772302235330752e+00
-1.693113147671121643e+00
-1.976761850128423426e+00
-2.142804011050071011e+00
-2.247585697858224929e+00
-2.514976181966869007e+00
-2.930537376156709950e+00
-3.177280274575222663e+00
-3.220123083979681056e+00
-3.235241962028030382e+00
-1.370720970416580350e-02
-3.332757346070931714e-02
-2.262480189992426838e-01
-4.122583172206117919e-01
-4.736410932830389942e-01
-5.040065472424747339e-01
-5.349858828571555369e-01
-5.627917986924371174e-01
-5.714308523709302756e-01
-7.021044981979442934e-01
-6.960403264012670066e-01
-6.986732971137704640e-01
-6.945000126665350493e-01
-7.022780431450219574e-01
-7.137162890877142285e-01
-7.297584951510371898e-01
-7.458360685388062405e-01
-7.443608996068717953e-01
-7.317862138251685078e-01
-6.566728551830286476e-01
-6.664895855165630101e-01
-6.642499260481733447e-01
-6.660870410248564966e-01
-6.677326942342631799e-01
-6.688675903978574810e-01
-6.661919604657869920e-01
-6.499441964813917894e-01
-6.374801555329722147e-01
-6.012822980345569057e-01
-5.876678491627816969e-01
7.021865840979039930e-02
4.131065766280416218e-01
1.076931602325549964e+00
1.780842331848805582e+00
2.533481267903543888e+00
2.955574895552679493e+00
3.165186003996371955e+00
3.259226879358897655e+00
3.273677398952571149e+00
3.248716614035246586e+00
3.208737665074254508e+00
3.191943076749319985e+00
3.205266036364041504e+00
3.210516331611581453e+00
3.203451695728850357e+00
3.208247889272679121e+00
3.270528500399481064e+00
3.878761417858737737e+00
4.240327192747729512e+00
4.455211718067378257e+00
4.580181644328512824e+00
4.661737391696240351e+00
4.696368308343974007e+00
4.725012106655392508e+00
4.738357614442525012e+00
4.767100020088689938e+00
4.788727483504788829e+00
4.797368474211260114e+00
4.800112006899941441e+00
4.763245314747774017e+00
-7.496455752102380334e-03
-1.946456756985079709e-02
-2.449207280027005523e-02
-1.071053813295236301e-02
-1.882457579475155934e-03
1.914408953147850312e-02
3.223909268214202734e-02
5.065530126741078776e-02
5.341709431836794836e-02
5.714006806073634176e-02
5.238085674655892227e-02
6.014685375795314481e-02
5.974620802772579592e-02
-1.357708946215419737e-02
-1.862497391744487307e-01
-2.316996163617411342e-01
-2.609102747521532817e-01
-3.645416604927376181e-01
-4.908897028224811221e-01
-9.906708997425088814e-01
-1.295719917892020678e+00
-1.300593211597857124e+00
-1.307339860096990769e+00
-1.377591906163207591e+00
-1.712225244195771934e+00
-1.797795916876346434e+00
-1.884762776437413967e+00
-1.957586278305587069e+00
-2.038679481671373583e+00
-2.151008471589130888e+00
-4.394612755123866732e-01
-9.766712562145607457e-01
-1.285628353136000435e+00
-1.345471247574458573e+00
-1.437889610116022121e+00
-1.518824047752099338e+00
-1.893164023089258130e+00
-2.323099379089590411e+00
-2.445476202407888433e+00
-2.515595044106357925e+00
-2.543561456967644130e+00
-2.555667268411871085e+00
-2.553871920395441641e+00
-2.556906887212917034e+00
-2.581019271724694253e+00
-2.605740554071922066e+00
-2.633304476293985008e+00
-2.659380575372943589e+00
-2.702606162954147795e+00
-2.791337957801772962e+00
-2.799570873806698224e+00
-2.800912587313811208e+00
-2.772439239265730215e+00
-2.764062088574049003e+00
-2.767561492323475481e+00
-2.766580153071816817e+00
-2.777262948871490167e+00
-2.803181297799120397e+00
-2.795275963337844338e+00
-2.766075483651162958e+00
1.604628880595188392e-02
4.464923029962747369e-02
7.457141513704110269e-02
3.541544746296244606e-01
7.467003576036421730e-01
1.038578908811065959e+00
1.253550435890860459e+00
1.414073410332653324e+00
1.523796765735789149e+00
1.627950403930780388e+00
1.718354664710143975e+00
1.831079866112104160e+00
1.891075288403103682e+00
1.983716453629813303e+00
2.034098459765247835e+00
2.166349272015113403e+00
2.564194971192416794e+00
2.921133473271761538e+00
3.235785026621881055e+00
3.410335478862713821e+00
3.569726273585406950e+00
3.700657753930993277e+00
3.813318189732754604e+00
4.017498292972647711e+00
4.295345525958141231e+00
4.337917747161999849e+00
4.375927874548560581e+00
4.423701414637204898e+00
4.478861491026435715e+00
4.800680206994597299e+00
3.600500074500424530e-01
5.823920508658346762e-01
7.132792745632678955e-01
7.747988247505399606e-01
7.979794089868140761e-01
8.000625053573978684e-01
8.092478431984881926e-01
8.256636959370891038e-01
8.390468186160975339e-01
8.524085345247109924e-01
8.755860844537641796e-01
8.639158671090452213e-01
8.370033545748112314e-01
8.350201129920473697e-01
8.331755075237026187e-01
8.231009541622025250e-01
8.298510431959077449e-01
8.319818811681147785e-01
8.353078646736125101e-01
8.656463337761858279e-01
1.036783253454327536e+00
1.108278267707274889e+00
1.103988755589070614e+00
1.102338627323126818e+00
1.094567520214740020e+00
1.115366834310374422e+00
1.118133719952452365e+00
1.008298034214944128e+00
9.094288725446203481e-01
7.665784724493063251e-01
-1.757206332584509423e-01
-2.446435918527132825e-01
-6.440664445383068593e-01
-1.321498315928655742e+00
-1.964238147136436741e+00
-2.462366765088239262e+00
-2.703777509650570288e+00
-2.921373353930469818e+00
-3.058276174377644541e+00
-3.398510492569690289e+00
-3.876622323231218470e+00
-4.065567085213407594e+00
-4.117601868690941913e+00
-4.170796052781561514e+00
-4.200930172918909022e+00
-4.247967155089848568e+00
-4.409279832660917720e+00
-4.552838281561580658e+00
-4.568433658823498611e+00
-4.597660494647011653e+00
-4.606544953122164721e+00
-4.596633418608407240e+00
-4.598101040696840336e+00
-4.599719303931114389e+00
-4.604537992318642914e+00
-4.617501349485273465e+00
-4.630236177820783894e+00
-4.656109191907086498e+00
-4.647331628490878330e+00
-4.637195742225844519e+00
2.806656516933092246e-02
4.218922081151559034e-02
7.519623858576436615e-02
6.949390843388232597e-02
8.968125361571574472e-02
9.813471708885779243e-02
1.026501384585594701e-01
1.106670488132704688e-01
1.331035786623221973e-01
1.719259556011686341e-01
2.022731550041990678e-01
2.494453169829976003e-01
2.760150724873157158e-01
2.916223842048022430e-01
5.538551004621665719e-01
8.190507399146486067e-01
9.075591499751942681e-01
1.022003283745745339e+00
1.141155308906750099e+00
1.275848207244977717e+00
1.534535229384307753e+00
1.573341624575030018e+00
1.635919862844035677e+00
1.671795090828272823e+00
1.755566452323477966e+00
2.211125340157035435e+00
2.738691654071847559e+00
3.198958601316617134e+00
3.398102026779657336e+00
3.530431324055387510e+00
1.939376883021501352e-01
8.391335697185140496e-01
1.122614550292788449e+00
1.200984860411642430e+00
1.257388595111045282e+00
1.334703733101755496e+00
1.391865298104115078e+00
1.445089675681450192e+00
1.493738464404614774e+00
1.516766183734678197e+00
1.515754974097809349e+00
1.505898507332398717e+00
1.512428527994349237e+00
1.509004566680521409e+00
1.518211461403376150e+00
1.531898305254130177e+00
1.539728104917544638e+00
1.547760653474515857e+00
1.538333094504738874e+00
1.536183250103009490e+00
1.340774559584628101e+00
1.113210276392407660e+00
1.105475944495655227e+00
1.103809080621389382e+00
1.083743651545608477e+00
7.567142910630402231e-01
3.775826316267268945e-01
1.943574984065200850e-01
-2.889508426922754447e-01
-7.955146589957147185e-01
-4.176173129131453554e-01
-8.268657110037143099e-01
-1.164374677884446374e+00
-1.350914480164442155e+00
-1.471732816802314936e+00
-1.657666582723780202e+00
-1.854005271210875438e+00
-1.894751415038384401e+00
-1.942733225037268419e+00
-1.964840092897277124e+00
-1.984757276682445948e+00
-1.992877889847340711e+00
-2.005888230851989640e+00
-2.003367571368875222e+00
-2.021470511752128107e+00
-2.024560731171231698e+00
-2.048969411453413603e+00
-2.060897588749010190e+00
-2.083305169576369131e+00
-2.084855173889264890e+00
-2.090297745827725873e+00
-2.093280951659954425e+00
-2.097289981547047599e+00
-2.097632882100337604e+00
-2.087997818483192436e+00
-2.088001216490801948e+00
-2.080327266167697253e+00
-2.080268127096243536e+00
-2.070057120902371484e+00
-1.917368409429493825e+00
3.890879039422764918e-01
6.618233031715041736e-01
7.372337048481490962e-01
8.015214499357978806e-01
8.550416125036925941e-01
8.923184891509680083e-01
9.282199190051827475e-01
9.777707206209105273e-01
9.911813377930289715e-01
1.007963045675590141e+00
1.033916619704577045e+00
1.074920376381426346e+00
1.108820047581432489e+00
1.122085232341815342e+00
1.135763259044115125e+00
1.163719083498626183e+00
1.224309308881428082e+00
1.345702044413911169e+00
1.936106374212846593e+00
2.651636527833836965e+00
3.093043274478013416e+00
3.504420208262857273e+00
3.840066457340423511e+00
4.029138696726954016e+00
4.107902332752513708e+00
4.209841033702872437e+00
4.283668126051179748e+00
4.354255709679365260e+00
4.390494501362114832e+00
4.416922964933831075e+00
2.029922695169257205e-02
4.979209400617053832e-02
6.660751787631769005e-02
8.911846754527744108e-02
1.148571681968829777e-01
1.469782039074035984e-01
1.665587723411553756e-01
1.998777176920633059e-01
2.101491766901293634e-01
2.344993907510493913e-01
2.477797727150536367e-01
2.571656449159948066e-01
2.684144733797292348e-01
2.750444157897650732e-01
2.868250687101541185e-01
2.932636272031755587e-01
2.991672215684168523e-01
3.008358314072268058e-01
2.984522559891696902e-01
2.953335308832633621e-01
2.940946570137741300e-01
2.448366599403739019e-01
9.762647879702174292e-02
1.032920182710949791e-01
1.036572756308320048e-01
1.046682996579982317e-01
1.078416894451738745e-01
7.674441428564407475e-02
5.646789655828621246e-02
5.943743049882390522e-02
-3.253734741282670456e-02
-5.074953351757488518e-02
-4.530039513184400124e-01
-9.418115790443937207e-01
-1.233071388293118353e+00
-1.396331796084443466e+00
-1.498088317005284331e+00
-1.578013048207414393e+00
-1.847467838499412984e+00
-2.235979728369067665e+00
-2.356884868438402947e+00
-2.402544285454465633e+00
-2.473652758849786970e+00
-2.544630726153332301e+00
-2.676080696977218842e+00
-2.768128695178835752e+00
-2.831552702479498862e+00
-2.890923256507549777e+00
-3.152736452643095433e+00
-3.482273304787065982e+00
-3.594275757242555880e+00
-3.673786953166145341e+00
-3.718332328362625727e+00
-3.757701644691052500e+00
-3.757677402650733800e+00
-3.760618777670246882e+00
-3.758869634808765792e+00
-3.774332362172722721e+00
-3.763483292056876373e+00
-3.773179649758405585e+00
5.706571833164565677e-03
9.494774472926740400e-03
8.843659018167176339e-03
2.128755020053918479e-02
3.978160109958978063e-02
6.660058498154343420e-02
3.470487028165026855e-01
6.248000168836802537e-01
6.795007290107510922e-01
7.422664680647924618e-01
7.787722560331651334e-01
8.384133537146516435e-01
8.568097245168724285e-01
9.471521383883996226e-01
9.647700577021108836e-01
9.989408845829755856e-01
1.069928651922147145e+00
1.119610552484627597e+00
1.357252320773770338e+00
2.035173364408808805e+00
2.548153834170857834e+00
2.983888667036933562e+00
3.358726901607498316e+00
3.562721431357312785e+00
3.760716357106451913e+00
3.905337357510371810e+00
4.029039251233568208e+00
4.050938520630829487e+00
4.065982073895076709e+00
4.087656166124146395e+00
1.613593347928631710e-02
3.000529380982158018e-02
5.290902971418293826e-02
6.687587454616623905e-02
8.927644414632751602e-02
1.081965958666261940e-01
1.323471640309192843e-01
1.242967168258691801e-01
1.204456887997304437e-01
1.044331896313494545e-01
9.177728515500110928e-02
8.176668662202331295e-02
6.796006019418877886e-02
7.951864345283556068e-02
7.740861731270928803e-02
8.271560233251830374e-02
9.061891631470954389e-02
9.190968188817198736e-02
9.866570479689995565e-02
9.600685520797619388e-02
8.610098181683528695e-02
-1.719437561115082225e-02
-5.634170917975449555e-01
-1.085848511132960770e+00
-1.398358885188249578e+00
-1.562732247174632771e+00
-1.804991361072670664e+00
-2.148638328909474371e+00
-2.789182512508973311e+00
-3.295827521288244188e+00
-3.569668856642743138e-01
-5.001615509471526444e-01
-5.585405532518478156e-01
-6.302041449790303229e-01
-7.588609305424873774e-01
-8.074176188096379159e-01
-8.132971244476905337e-01
-8.142744438057605283e-01
-8.039723855136038377e-01
-7.860357987214565689e-01
-7.786157170077695477e-01
-7.717488953760233139e-01
-7.611855680282332282e-01
-7.668002324366953726e-01
-7.754665652486891769e-01
-7.709119518034291962e-01
-7.418245659326681007e-01
-7.168999917246005049e-01
-7.108747239450794453e-01
-6.889515300376023443e-01
-6.855795654446743548e-01
-6.583840900871320567e-01
-6.299644874533665284e-01
-6.157252544043816389e-01
-5.930140896099359571e-01
-5.754203932712363967e-01
-5.320323176138360699e-01
-5.151633627711348362e-01
-4.826274570447329770e-01
-4.609403667963926643e-01
3.467114753436227603e-02
2.969322337956382604e-02
1.056663993390532380e-02
9.825729686719764100e-02
5.451583804299395819e-01
1.041614594957747997e+00
1.748035632883026214e+00
2.302397601025932605e+00
2.813184862497737360e+00
3.227172440628614858e+00
3.521184850460593818e+00
3.784346010154853168e+00
3.975837726432471797e+00
4.169226820796553490e+00
4.200433446593012654e+00
4.256543471746343066e+00
4.305010503132394639e+00
4.352999192330571532e+00
4.370879753280545899e+00
4.392560151725382056e+00
4.397617610621542994e+00
4.400701276299941789e+00
4.397666715357533285e+00
4.407935321253293459e+00
4.432344696179559840e+00
4.441758829939571385e+00
4.451231289513584599e+00
4.450049498847866936e+00
4.458685127048689800e+00
4.459892281291126359e+00
4.209891368108194427e-03
7.983269561219748928e-03
1.473588003810911984e-02
2.496586842091989833e-02
3.224782747172851016e-02
3.361134045256768815e-02
3.496852764919466255e-02
2.921302763756783785e-02
2.799344911381825354e-02
3.473197632644751259e-02
2.513603649953496250e-02
3.036092311302736324e-02
2.942977079815006780e-02
-4.526006387312789259e-02
-4.005777467680700088e-01
-8.403754866504726806e-01
-1.151700390131514817e+00
-1.173857783041305725e+00
-1.180626012156959614e+00
-1.247796180776522323e+00
-1.464883544217540523e+00
-1.531304475977482094e+00
-1.582549715416777802e+00
-1.622689760097490108e+00
-1.648550018485006818e+00
-1.869279294852281170e+00
-2.340012741379853267e+00
-2.816868914733318352e+00
-3.037838037760612231e+00
-3.147365253956443620e+00
-1.140267296228173466e-01
-1.931755123982794031e-01
-2.752537121790836205e-01
-3.435939054967354633e-01
-3.889151313879566363e-01
-4.232859318590593833e-01
-5.019332982031708967e-01
-6.503960492744620403e-01
-6.901302878318794631e-01
-7.280996461777616835e-01
-7.648582358272226767e-01
-8.037012539485939300e-01
-8.340183254208712871e-01
-8.672731651287453047e-01
-8.683647366872219164e-01
-8.572107222252811631e-01
-8.410562349635666290e-01
-8.326482592865201982e-01
-8.187994380740891698e-01
-7.999951745485360810e-01
-7.767806319229950685e-01
-7.321409312117999058e-01
-3.481866176830343829e-01
2.298203257496223006e-01
8.002447970562365231e-01
1.142866717368797413e+00
1.574801735035296746e+00
1.896254050917680622e+00
2.138339531775357294e+00
2.249902646962822939e+00
9.492265998279643402e-02
1.404376143751628059e-01
1.935780836766735069e-01
2.544798143419645386e-01
3.029374346681222852e-01
3.519562656210944995e-01
3.922709733150293032e-01
4.532817341375759423e-01
4.753019786619040454e-01
5.166026185234215973e-01
5.274398025390216738e-01
5.397498949128076706e-01
6.876406458608463890e-01
9.914005839861155245e-01
1.109678949250898272e+00
1.179623636726066849e+00
1.207576290018358200e+00
1.230171511118222094e+00
1.244356585423829653e+00
1.263974279605658113e+00
1.275139519151716083e+00
1.310452163981146612e+00
1.364480119672135006e+00
1.503860023796885992e+00
1.573003450218732224e+00
1.597132333365016255e+00
1.619903086295706229e+00
1.636850432348532003e+00
1.648325556986974805e+00
1.665277979226420513e+00
1.116296587450584833e-02
1.565811984595032874e-02
2.542730411233976376e-02
5.509102920900149636e-03
-3.478490887031761014e-01
-7.662694098966584821e-01
-1.027533494204397879e+00
-1.132501150810040658e+00
-1.208555624977054821e+00
-1.390125299884813259e+00
-1.579517426643714861e+00
-1.678901886080115480e+00
-1.786857042828061015e+00
-1.912024876303202614e+00
-2.028161787473510724e+00
-2.548216919081481624e+00
-3.073951810443405819e+00
-3.485509503513398499e+00
-3.644968476451046602e+00
-3.741490379541730249e+00
-3.865454165828997368e+00
-4.148269550900856473e+00
-4.252466370461021938e+00
-4.331264179459510366e+00
-4.403909384088083634e+00
-4.428259806705102442e+00
-4.446170171496815371e+00
-4.518068746866339858e+00
-4.609087635290422647e+00
-4.661367781704261581e+00
-2.686624389215980929e-02
-4.237986891968702208e-02
-6.596811593880520797e-02
-7.794704486057114912e-02
-9.214160965684015103e-02
-8.780616467546771553e-02
-8.442274772225864810e-02
-3.789821510561830475e-02
-3.140815154476867682e-02
-3.344452350188672346e-02
-4.098218043694945578e-02
-1.390609091373090980e-02
-6.235855558783885699e-03
3.305054559174481349e-02
6.403818597731558704e-02
2.729413616848663793e-01
7.786471571609809850e-01
1.271494274918137046e+00
1.350728965972944673e+00
1.451437828817324416e+00
1.538769351794933238e+00
1.870386141154267712e+00
2.526179639966303014e+00
3.074311517485081247e+00
3.349551646039287345e+00
3.573578175192228645e+00
3.814366207094570527e+00
3.946128642712837031e+00
3.961130339367844311e+00
3.972928979391411097e+00
3.748914308575620330e-02
1.045972188758946819e-01
1.301914316740930277e-01
1.604377364926958260e-01
1.789259837875609715e-01
1.918045460297524984e-01
1.967133397344757173e-01
1.988476062409788581e-01
2.079291080377509149e-01
2.362872250090517490e-01
5.969859181464852727e-01
8.745909607547045495e-01
1.031248022112629226e+00
1.029264256809071965e+00
1.006655778694124148e+00
1.003958847043730840e+00
1.007974039570213698e+00
1.002792925267632862e+00
1.043969918953290943e+00
1.028648415052242138e+00
9.992987027338918748e-01
1.004400384437317051e+00
1.001107208067467891e+00
9.883598239152255882e-01
9.829926926798603359e-01
9.816585968721229793e-01
9.808852210259052518e-01
9.946424403779000611e-01
1.009210053421909725e+00
1.035469884818298825e+00
1.245641495208924497e-02
-9.381345787584668625e-03
-3.412336837540888568e-02
-4.612795028926115759e-02
-2.578375696234157521e-01
-4.070164094448036618e-01
-4.026754914044860523e-01
-4.039715490668963072e-01
-6.223487569089183324e-01
-9.641636958086927667e-01
-1.253906951602104636e+00
-1.466435205623070948e+00
-1.590932454295081122e+00
-1.675009388950658762e+00
-1.737716710977727175e+00
-2.042592066833301079e+00
-2.099358987442859092e+00
-2.110527149975946593e+00
-2.199232424385367590e+00
-2.268640603572492864e+00
-2.321604902970322737e+00
-2.689671273534491203e+00
-2.825985125461818459e+00
-2.873597931718867571e+00
-2.923005986911215714e+00
-3.049761281191495144e+00
-3.603636111959534816e+00
-3.981919476399823576e+00
-4.140923822167708046e+00
-4.274636696902764044e+00
-8.103950333596891820e-02
-3.134056870246745841e-01
-4.599773969026091924e-01
-4.975705340479295580e-01
-5.387777887497272600e-01
-5.920772781412534380e-01
-6.072514390967815867e-01
-6.093154221463283893e-01
-6.112632683139941348e-01
-6.061578034910735102e-01
-6.223516370792649965e-01
-6.295017515979052236e-01
-6.215913565542330321e-01
-6.294511218246857664e-01
-6.210461994832178201e-01
-6.183292170298747559e-01
-5.939843377072736574e-01
-5.821383415272823880e-01
-4.793337134610277661e-01
-4.819298898392082031e-01
-4.755764663484302601e-01
-4.712555858206301518e-01
-4.616930812099741543e-01
-4.657999681256358437e-01
-4.813149634043019653e-01
-4.635755293192351800e-01
-1.103186519890451689e-01
2.143355785955836645e-01
2.648979772412687339e-01
2.953553316590145639e-01
3.597681480782766866e-02
1.123841192850230652e-01
3.355877610455094695e-01
4.547988245132209006e-01
5.048304994889317721e-01
5.950701399956117577e-01
7.146234278895179370e-01
1.093021556351003287e+00
1.383756934657369708e+00
1.419326468004848296e+00
1.465934804008517389e+00
1.487529908559066971e+00
1.534045106089081845e+00
1.544899018050234440e+00
1.558979141537216062e+00
1.584776208467213454e+00
1.595074840973789598e+00
1.620612721893328390e+00
1.649682340316380280e+00
1.695569154706361603e+00
2.253452654432647861e+00
2.696909408922970819e+00
3.045158446619817827e+00
3.171387544128524194e+00
3.237479200035429550e+00
3.292919939620769565e+00
3.331855936040910127e+00
3.351612134709435420e+00
3.364612799124625742e+00
3.374859641613093153e+00
1.563692627427271803e-02
3.132741999845727043e-02
6.134025092416610370e-02
8.842015584441809128e-02
1.148502636475963595e-01
1.399058516007633535e-01
1.483735024405220537e-01
1.638812404496295672e-01
1.850278472626842308e-01
2.054738774223946185e-01
2.344344521316973351e-01
2.799453994934025247e-01
3.191832275638825100e-01
3.539049959933427414e-01
3.588647027001600764e-01
3.688810332457876373e-01
3.713420915342416362e-01
3.791873670298025467e-01
3.864433346375105716e-01
3.939397637070009006e-01
4.298053382503768116e-01
4.415011939026274312e-01
4.547874923794942292e-01
4.507030272293594542e-01
3.917115603318609418e-01
2.152804121864315967e-01
2.042495353554598381e-01
1.978418042832631452e-01
1.583185682115569315e-01
1.526037495808857114e-01
-3.387490247666290200e-02
-1.064936461432839238e-01
-4.470206890644632947e-01
-9.281048933910864829e-01
-1.170343809201735530e+00
-1.544983383095525742e+00
-2.031751197106296036e+00
-2.274238266245333762e+00
-2.405908743248156068e+00
-2.483421252202078655e+00
-2.538643802948209238e+00
-2.586553890647254939e+00
-2.699737167230181090e+00
-2.869445796431783879e+00
-2.884463979386912236e+00
-2.900681069306382920e+00
-2.923548695784538243e+00
-2.931109553432980963e+00
-2.949116552928675805e+00
-2.989312056048115895e+00
-3.051467440284827859e+00
-3.069554932063319530e+00
-3.211113906265094631e+00
-3.250526923369212451e+00
-3.280593101504682974e+00
-3.323257065130315713e+00
-3.340834065323304181e+00
-3.372512394120474433e+00
-3.386072431241892389e+00
-3.404490685846838893e+00
2.062434979586969842e-03
9.417118662908813276e-03
3.018443507434277751e-02
6.629740345505721888e-02
6.852932350842415310e-02
7.068125233613321845e-02
6.692266006211555762e-02
