-2.691839309510073164e-02
-9.010254549950951625e-03
-1.097188049080651678e-02
-1.613838801202117576e-02
1.379718807489816595e-02
-3.238421502731788498e-04
1.565942716149038016e-02
3.510223903798936895e-02
3.045961660272057323e-02
1.076874711912844534e-02
-4.475956133726395961e-03
-2.518873880525335923e-02
-4.482681963619836174e-02
-5.691252026571208544e-02
-6.907931253418293782e-02
-7.413302717758125937e-02
-5.525503178306438723e-02
-6.098384167149237950e-02
-7.137258302700293100e-02
-7.874156150724626047e-02
-6.804955312062199724e-02
-5.686792753545498458e-02
-5.452999194917671627e-02
-3.450496183583161292e-02
-5.631864868682760761e-02
-5.680372816448074624e-02
-9.171321606644566860e-02
-1.047670225136871913e-01
-1.173952439216438409e-01
2.270614918483220262e-03
1.400695893632354638e-02
9.262396685013423586e-03
3.771505191554790082e-02
3.882278732069168597e-02
5.232722569323996348e-02
6.463500462684845793e-02
7.086371978913308389e-02
9.194318077719346172e-02
7.775525445631759069e-02
5.434427478797923539e-02
3.278962566933936451e-02
1.961156844807607907e-02
9.028423578499825131e-03
-9.460350563055219819e-03
-3.899659081096158719e-02
-5.081338460713624716e-02
-4.557341219602537713e-02
-5.196319187315008581e-02
-5.489104870620688248e-02
-5.321550901120445515e-02
-4.836717178428839164e-02
-4.450089322088430360e-02
-3.342280711137290278e-02
-3.617946979418747155e-02
-3.034137670117688021e-02
-2.799653364792958898e-02
-2.164387844759067120e-02
-1.748198850937099369e-02
-2.987305703382001076e-03
1.918139198134170137e-02
1.371348507932770334e-02
3.779577263636606579e-03
-6.101850564640071486e-04
-1.632156913627351436e-02
-2.360471638757616342e-02
-3.346301983610093511e-02
-4.418185094115313627e-02
-4.918610664469311167e-02
-5.622297997905960354e-02
-6.602258775523184298e-02
-7.248940066935059823e-02
-6.408161950899564363e-02
-7.795455684386283501e-02
-7.946380511571776717e-02
-8.498555129900701999e-02
-8.761038577921531623e-02
-9.083029087474539520e-02
-8.500513179150273602e-02
-1.121922934375711584e-01
-9.333414058315746276e-02
-1.213202502075251127e-01
-1.390975324506873445e-01
-1.340291889493941957e-01
-1.356055844654444065e-01
-1.126130997983018217e-01
-9.786123149145666000e-02
-9.119457775795024312e-02
-6.861037123191771059e-02
-7.894429378245962359e-02
3.912344817661945855e-03
7.676064429892578804e-03
-1.614784623262944044e-02
-2.175427316920171966e-02
-3.606750748404426166e-02
-2.536901326777661614e-02
-5.084969813430628705e-02
-7.132745098008597129e-02
-7.752037376592763041e-02
-8.402821419305994688e-02
-8.555592061540685800e-02
-8.727369799974914188e-02
-8.582422106212891921e-02
-8.803753349808386697e-02
-8.706194761386480685e-02
-7.383930656151771466e-02
-6.263510932011533139e-02
-6.925237219671764866e-02
-4.911748194272555490e-02
-4.048721414296928972e-02
-4.250413635869770834e-02
-2.806544164845511252e-02
-2.119606858334351779e-02
-2.750619865507655804e-02
-3.053930320822906969e-02
-2.340532407085778310e-02
-3.405285440726981555e-02
-3.860697919105481046e-02
-4.914522768728248059e-02
-5.924056704203264911e-02
-4.428579609307832683e-03
-1.865061253159301310e-02
-2.178869701126339223e-02
-3.403583927619319160e-02
-3.424273155392806856e-02
-5.070560038123325675e-02
-6.573166179875850057e-02
-6.396231077306678559e-02
-6.478156137749851995e-02
-7.956295064621590751e-02
-7.936341434596939914e-02
-8.566724838543411658e-02
-6.887359950086523186e-02
-7.205401875569136805e-02
-8.483170587731003742e-02
-1.114560471892151183e-01
-1.240128246162413850e-01
-1.166196511558963561e-01
-9.667875665203952418e-02
-6.858305128163302844e-02
-2.465074266988188934e-02
-3.794741625451711342e-02
-3.658064724504318105e-02
-2.961882182797162533e-02
-2.855200952958494159e-02
-3.266644693047373454e-02
-5.518764971545794124e-02
-6.039145886798869683e-02
-6.329837507343608061e-02
-7.798523399220269603e-02
-1.960568456684422950e-02
-2.074602126177335290e-02
-3.670204075663949239e-02
-4.430254908967602712e-02
-4.752531436050192598e-02
-4.797260790782903461e-02
-5.454586910202155470e-02
-5.928966420907678947e-02
-6.079479056479976384e-02
-5.726472453162529536e-02
-4.393603176042092107e-02
-5.161565297797517105e-02
-4.914924523124444139e-02
-5.359933395519011351e-02
-4.165095960174711176e-02
-2.550248677843290276e-02
-2.392013577447748077e-02
-2.551273178177143261e-02
-1.104007032785465914e-02
-2.927316374711052063e-02
-2.143415768898094403e-02
-3.970902119452027201e-02
-4.876306537925866047e-02
-6.009755532807018602e-02
-6.846304216742729598e-02
-8.258847179349240730e-02
-1.016809963248452714e-01
-1.196626015325446407e-01
-1.282264224186781265e-01
-1.285348552722243021e-01
-1.067591151869324434e-02
5.618130877061824902e-03
4.899302556927762065e-03
-5.637708115596893124e-03
-4.244723211030525245e-04
-4.535374072278347372e-03
-1.031297325736586085e-02
-2.113618928308720613e-02
-2.267330300812182148e-02
-2.069198034036701800e-02
-3.715805962729074041e-02
-2.723647498706336517e-02
3.345598096746661004e-03
1.938568170537217916e-02
2.890407565760752528e-02
4.971618574584808770e-02
6.963432721115206392e-02
5.467622672582950205e-02
3.813799485980527704e-02
3.094725338315466867e-02
2.015626708506355891e-02
4.740251543562667980e-03
-2.016927807923139110e-02
-3.584105653422900439e-02
-6.444135124902844458e-02
-5.100336709654979678e-02
-5.484996662475227075e-02
-6.357012549719372185e-02
-7.625847303734172022e-02
-7.685114449397725811e-02
-5.253923945027213355e-03
8.092961413865435924e-03
7.978792660498005423e-03
1.778503447742905974e-02
2.305708893485629296e-02
1.300268659902563406e-02
1.732232737939016012e-02
1.450262486409620993e-02
3.326715451623299402e-02
5.245118913981938746e-02
7.760048267664149124e-02
7.044376877198733899e-02
5.148870063077461146e-02
4.938588235400531712e-02
5.396893650463220615e-02
3.325700613382084891e-02
2.219320941390880500e-02
1.367779146923698078e-02
9.707497490056910677e-03
9.156913404910514004e-03
4.709056571783332146e-03
1.568859399723912095e-03
-3.649486204480383109e-03
-1.335083903430363435e-02
1.125036025586990257e-04
-1.217697221972005757e-02
-9.193606319937009178e-03
-2.570552546564847454e-03
4.945888645923864589e-03
2.740484349331387751e-02
-2.803810168213868165e-02
-5.054643553427953101e-02
-5.220068152326278604e-02
-6.846363981694204848e-02
-6.786957769364505844e-02
-4.490087172460295595e-02
-2.006988882477363928e-02
-1.710403787140164431e-02
5.702810264657548478e-03
1.418987446454332210e-02
-8.371499771050300992e-03
-2.508441300521279532e-02
-3.695673782357721676e-02
-3.323963155308562456e-02
-4.566211105920579827e-02
-5.861659651201098914e-02
-6.105809854729635916e-02
-8.478164899927063958e-02
-9.210527948254436381e-02
-1.039792364673418484e-01
-1.072969095861272260e-01
-1.128298925071515579e-01
-1.127172754726351728e-01
-1.166674619932341755e-01
-1.208498039454486972e-01
-1.399628091015584219e-01
-1.114338266753914092e-01
-1.145483352325653154e-01
-1.229563213989929849e-01
-1.082282772979590857e-01
4.187194528380951825e-03
8.960534330310916673e-03
8.847114842370896667e-03
1.979120051858875018e-02
1.707429497430423826e-02
1.908510694231055349e-02
1.127803605232479897e-02
-7.763606085728021189e-03
-5.773632232570126248e-03
-1.715004290644679338e-02
-1.803869623171926173e-02
-2.484651998396422007e-02
-4.402045729668319085e-02
-5.894056443406713724e-02
-6.363332353575709699e-02
-6.572389690197774637e-02
-6.973030252731000911e-02
-7.619218045408068796e-02
-7.478060898797668499e-02
-8.423914330018886232e-02
-7.742550105316842179e-02
-7.636177007368322167e-02
-7.839844970659710921e-02
-8.838743357367162545e-02
-1.052688505318441908e-01
-1.114483742673006150e-01
-1.186609403440846977e-01
-1.092445254605557692e-01
-1.015458153803862756e-01
-6.573930886192663747e-02
1.433692734839062295e-02
3.108966710239608605e-02
5.482723461091448813e-02
4.499985759261424662e-02
3.021136062467882216e-02
1.376703650950656874e-02
-2.545045670363295376e-03
-2.129501194506722844e-02
-1.752169930311541987e-02
-4.427094118676667966e-02
-6.146470882878291020e-02
-7.739269761822195615e-02
-9.013104975484087511e-02
-8.325760328482810502e-02
-9.691452993530474957e-02
-1.000684841099396677e-01
-9.815923459537387319e-02
-9.547485794636106915e-02
-9.574591694832394750e-02
-9.725533621708984389e-02
-8.724660044815460425e-02
-1.013364183179530920e-01
-1.036871410926338000e-01
-9.857990435669752860e-02
-9.367901679569955176e-02
-7.553687469474593130e-02
-8.488883449791925773e-02
-5.909994570087320070e-02
-6.811591869057312398e-02
-7.667535274601139372e-02
-1.205184108823598686e-02
-2.988745358378715189e-02
-5.442095851607160750e-02
-4.298796614971617247e-02
-6.499470284096744988e-02
-8.305831605919888894e-02
-7.796291914931485767e-02
-7.936867318652016112e-02
-9.194856922511986108e-02
-8.305586965539407673e-02
-1.078058003626092415e-01
-1.200480813300368876e-01
-1.108237546707435822e-01
-9.660587403804971052e-02
-1.028081425047504133e-01
-1.034068094324271520e-01
-1.029780140946071898e-01
-1.233041902315656912e-01
-1.400908059288359930e-01
-1.335975208875653242e-01
-1.428527082991820352e-01
-1.260251501053452627e-01
-9.511283524640989917e-02
-7.851657919564464239e-02
-7.032211786597571124e-02
-5.493730042096039295e-02
-6.523672189167274704e-02
-6.100860196440669597e-02
-8.706402359064788210e-02
-8.795031921055382340e-02
-1.974441624439203166e-02
-4.422737622135018698e-02
-5.741579692630095766e-02
-8.051439359204529134e-02
-9.296778069068846462e-02
-1.061366715579604991e-01
-1.099384985073655202e-01
-1.170710811045901634e-01
-1.157142674612222227e-01
-1.240031045191221232e-01
-1.322947429258721219e-01
-1.411047087997511773e-01
-1.315735236651839613e-01
-1.211337466729899143e-01
-1.193009859436297976e-01
-1.095169378185622544e-01
-1.178204043404263018e-01
-8.676497130333796215e-02
-7.379791398708374084e-02
-7.164337664775438652e-02
-4.230584635198628152e-02
-6.679624519027058116e-02
-6.802652009435218583e-02
-8.004207835311474839e-02
-9.350942925857175236e-02
-9.184860403407550666e-02
-1.083665089845775448e-01
-1.275012278464075499e-01
-1.441371601077874320e-01
-1.489121311040777218e-01
-9.280067275530790374e-03
-3.975471240044165661e-02
-3.674889342226216743e-02
-4.156310465132481702e-02
-3.976306097872991940e-02
-3.558308188730825716e-02
-3.916667507710256541e-02
-3.702494083162530952e-02
-3.217036378276551256e-02
-4.450308605986452032e-02
-4.727925055964554701e-02
-5.129430853666158696e-02
-6.463809651608376505e-02
-5.704818566795311074e-02
-4.600966046536870274e-02
-4.205577924879295298e-02
-3.721737485019908226e-02
-1.642826148285943949e-02
-5.478383179828433258e-04
-1.660647416164518332e-03
-8.939329356207300833e-03
-2.020336267865932220e-02
-3.458214960779588260e-02
-5.249617373393050679e-02
-6.597911186373094095e-02
-7.260441487925226034e-02
-7.401982960177251603e-02
-8.539478101553260592e-02
-9.343386561650288136e-02
-1.039287347333568701e-01
-1.796970875072111725e-03
-1.088267253225166237e-02
-2.790327691156632359e-03
-1.659136134323926579e-02
5.661362981158206409e-03
-1.090520065614229359e-02
4.624657802169024681e-03
4.284580132539491173e-03
7.659175372201159487e-03
1.070489828521257493e-02
2.087615550367845699e-02
2.353139059169312430e-02
3.043286803829597931e-02
2.521916583346200599e-02
5.241681369939939911e-02
4.575216538059646842e-02
1.940954031737833485e-02
1.130072162657328599e-02
-8.235172233040859852e-03
-1.930098337094133393e-02
-3.837311745004196029e-02
-2.316042241266675489e-02
-4.855165340534940005e-02
-5.346877698533686329e-02
-6.010396835803321486e-02
-5.664833686498643023e-02
-6.942557796493004085e-02
-6.579352437031069090e-02
-4.968274422523738520e-02
-5.792801881102777745e-02
-5.044062716751143661e-04
1.006253447406382784e-02
7.036908290261569693e-03
-4.349769283202437054e-04
-1.931168852041878839e-02
-3.796283890137272521e-02
-4.337742738239322438e-02
-2.983595994776817167e-02
-2.754705837868307028e-02
7.480261664874511551e-03
7.789795694039368910e-03
1.632489039554889734e-02
1.736968706069597079e-02
1.296098553361154856e-02
-3.864175727993298531e-03
-5.495552230438393963e-03
-1.684793351293715352e-02
-2.047343909611258617e-02
-3.130013054941126194e-02
-6.991339893859452315e-02
-8.070638277318892273e-02
-9.736239347796935006e-02
-1.062714230003754257e-01
-1.097766611316441931e-01
-1.117017083721183746e-01
-1.133815553812258514e-01
-1.205599104865062027e-01
-1.210751385883345188e-01
-1.126308292893891672e-01
-1.110881591222990100e-01
7.237880836558096588e-03
9.152927634976961574e-03
1.014482062359176040e-02
1.524319011526749715e-02
1.761243854324476277e-02
6.402209951644664832e-02
5.545848742670540787e-02
6.308704650818026949e-02
7.598061637993235029e-02
5.800019974404990036e-02
5.388533790961501369e-02
3.561474547074580665e-02
2.934015381508254736e-02
3.089272724790061153e-02
1.682693798333950025e-02
8.225842851485847679e-03
4.787799919599327811e-03
-1.076583311687526884e-02
-1.441574066391609205e-02
-3.120459512130344809e-02
-4.667038650534413580e-02
-4.562875214948034636e-02
-5.147431860335433679e-02
-4.903292819042268103e-02
-4.518809210937340531e-02
-3.696947883029018389e-02
-2.974862159720302948e-02
-3.624366447106945610e-02
-6.867850252833404556e-02
-7.630250511071991204e-02
6.481304502420030290e-03
1.580693651843498998e-02
3.080665801299633730e-02
3.834895449095383768e-02
4.455008289353044187e-02
6.957539371260254568e-02
6.849206796082649151e-02
8.492705358844521157e-02
6.911783472955977670e-02
5.747153960292211705e-02
4.745237016600271224e-02
3.113398443310497199e-02
1.030345721829813502e-02
-1.321480601537101604e-02
-1.806045420226878861e-02
-4.193693090337446971e-02
-4.592978866765241863e-02
-3.599103630761759515e-02
-2.990146630094025690e-02
-3.157257286843288824e-02
-3.577056869083328206e-02
-3.375930129013447745e-02
-2.942563659306891150e-02
-3.005401141987378358e-02
-1.864680290248717578e-02
-9.154554385481392109e-03
-1.284519104500223344e-02
4.622115253874462676e-03
1.246552496596044397e-02
2.571603957325844375e-02
1.910361290805064408e-02
6.778466250857024741e-03
7.013076002282387852e-03
-1.876381716150782308e-02
-9.164812966982934309e-03
-2.754972563566499694e-02
-4.286992044625195786e-02
-6.378082281942455689e-02
-6.748094804541023006e-02
-8.420327307439480491e-02
-9.250368950658910405e-02
-1.053917663529766457e-01
-1.273378133969047254e-01
-1.317076141090843533e-01
-1.303454956962594169e-01
-1.388287800854829113e-01
-1.371971300477198841e-01
-1.288446091835371843e-01
-1.217962244778779540e-01
-1.188335509989408428e-01
-1.511288413504149886e-01
-1.611290354954709181e-01
-1.756294319647198898e-01
-1.645883645422803188e-01
-1.438264043708915030e-01
-1.530577131038880212e-01
-1.308050713844338964e-01
-1.039895161461679290e-01
-8.952726285466411360e-02
-9.708276637635290807e-02
-6.097067011534862760e-03
-1.181160574701038690e-02
-2.023316504804485022e-02
-3.663716975880165760e-02
-4.123044527765216960e-02
-5.946866830420749483e-02
-7.216234759359767270e-02
-9.169974498273164576e-02
-9.749935627301573038e-02
-1.069087967837913239e-01
-1.129318961030241486e-01
-1.205678084223450186e-01
-1.188185280012153816e-01
-1.000829401582694206e-01
-1.156029081091112243e-01
-1.282406801755093251e-01
-1.292840444475340522e-01
-1.216212788980123721e-01
-1.069185731239428172e-01
-1.037822081265150076e-01
-9.951494536810190361e-02
-9.510142190366832615e-02
-8.752150677783576693e-02
-8.405759377467743321e-02
-8.228698119104987940e-02
-8.095878587399159276e-02
-7.820209737294636643e-02
-9.452293920782194048e-02
-1.081226298377062772e-01
-1.242528090503404598e-01
-5.552829177814881320e-03
-4.916003763165286561e-03
-1.801354191056391343e-02
-2.468455984529045397e-02
-2.935106283118882331e-02
-4.520357344317131598e-02
-4.663991181742491166e-02
-4.465009183384852087e-02
-3.782811675699675885e-02
-3.525523251543706549e-02
-3.989848382048812730e-02
-3.802086370720514363e-02
-3.689538053490806768e-02
-4.263452652271031151e-02
-4.835352686023682012e-02
-7.420032337775250841e-02
-9.280119920052680438e-02
-8.660056340060649782e-02
-6.928581236477474037e-02
-5.094662468109904807e-02
-5.895184404382944332e-02
-4.068222581546923622e-02
-5.017301759211273415e-02
-3.417240841394540707e-02
-4.904393518402459795e-02
-6.476123101018621542e-02
-7.625332565664255657e-02
-8.780154616711420557e-02
-9.145686559910376490e-02
-1.131438364370483673e-01
-1.914469376416201227e-02
-1.958925191286109077e-02
-3.501842018473615148e-02
-4.689036800051057247e-02
-4.940089022190555929e-02
-5.626023815170639458e-02
-4.742774115570455584e-02
-5.081454892137642759e-02
-5.405807445936527955e-02
-5.695803197881306457e-02
-6.486459864113643115e-02
-5.710950688722678248e-02
-4.882808370131884457e-02
-4.257100116106075222e-02
-4.232323686984282990e-02
-2.544782366025007819e-02
-2.628461975174235452e-02
-5.926828406266425320e-03
-9.475723179673201796e-03
-8.883105593302137101e-03
-2.068387351905216776e-02
-3.637464972081939918e-02
-5.460676042213694070e-02
-6.698928437852957885e-02
-6.789574474227030865e-02
-6.979103601318777106e-02
-8.589398272024335868e-02
-9.812245328863360150e-02
-1.110011603096721367e-01
-1.139114167157725399e-01
-1.759156196820926832e-02
-8.452037893525657028e-03
-5.457195392156492797e-03
-1.109254308434185800e-03
2.058639377141487439e-03
-5.648199401613585718e-03
3.517503145717641028e-05
-7.431854071307796364e-03
-1.686676811451390950e-02
-4.471781040121079742e-02
-3.665349379376110772e-02
-1.434281579516268751e-02
-5.564543019738830282e-04
1.496612110135503264e-02
2.322371704552649713e-02
3.864030116458060798e-02
2.653769532541660342e-02
2.774971608997406011e-02
2.284535387283360280e-02
5.396415212973626474e-03
-1.049198199497865594e-03
-4.347653315281699987e-03
-1.043300505879499185e-02
-3.769414067202894042e-02
-5.691537537777377476e-02
-6.418225093510394885e-02
-7.354246633147236423e-02
-7.271274398395657923e-02
-9.101321684186178262e-02
-8.857483553539893806e-02
2.656735115575143118e-03
1.764129062349890920e-02
2.058669299623455337e-02
2.507981422414329309e-02
1.664559389775898540e-02
2.075556134066523783e-02
3.480234041400315226e-02
5.734766268978133685e-02
6.404511768533946436e-02
7.568227123756257613e-02
8.468387055087324422e-02
9.036045498187017522e-02
9.383735057349322506e-02
8.027443871452209778e-02
5.942906358081205542e-02
5.593994805954592697e-02
4.576684667975558507e-02
3.826014161746742193e-02
3.524481951496855753e-02
2.187870901701378934e-02
7.771565954150450733e-03
9.123659774716651183e-03
7.003668587331549934e-03
-3.611775924114564613e-03
-1.077397242302918084e-02
-2.575115181939673092e-02
-1.833057102895378071e-02
-1.967047350598294733e-02
-2.127310975701832488e-02
-3.100070625847742289e-02
3.421196866908243154e-03
-9.910707857151056233e-03
-2.447818576769623597e-02
-2.083053807154940443e-02
-5.260732638966612862e-03
1.299094769731448315e-02
2.097936095787602401e-02
2.680923022821520701e-02
4.146533016695041346e-02
4.546205939568663534e-02
5.436331684345858256e-02
3.367499338910495688e-02
1.735341782824310550e-02
1.266025518098185323e-02
4.958818313429763300e-03
-1.614882707970655834e-02
-2.914422021864032653e-02
-4.479506042106665142e-02
-5.384235030060455229e-02
-6.015247915971591586e-02
-6.584640397977842285e-02
-6.608382412280246199e-02
-6.661749647249823325e-02
-6.945206073352876153e-02
-6.886225999362999284e-02
-7.836583295159059437e-02
-8.048008929772389186e-02
-8.283485310264164514e-02
-8.431257059032082335e-02
-7.130684434957068607e-02
9.479376446902160538e-03
3.147294242722778468e-02
4.179263085848389236e-02
6.307224525150151306e-02
5.362296376004947740e-02
3.427303743836149219e-02
2.275552659866715566e-02
1.621768112511651552e-02
9.338341951286700457e-03
6.671342973927768538e-04
-7.027418592424439919e-03
-8.272177042861409216e-03
-1.062687067000975608e-02
-1.562187761920217841e-02
-2.995626020215812202e-02
-4.401623091653750208e-02
-3.522200467132202695e-02
-3.689397853320156712e-02
-4.453366804042375310e-02
-4.688297593530330737e-02
-5.231799482292463777e-02
-4.840498925429514987e-02
-4.814595115368772160e-02
-4.831722990684430424e-02
-6.455462543704582057e-02
-8.626397450591724581e-02
-8.002507847688948572e-02
-7.164265541210797228e-02
-5.722136515200480777e-02
-4.997502820730535117e-02
2.729245694532552932e-02
2.519526840516302102e-02
2.953387783077706177e-02
4.620241420596523513e-02
5.412896695064721431e-02
4.698744139034766870e-02
1.433256806901606756e-02
1.359671605961794427e-04
-1.089734500811329748e-02
-3.213288845805094274e-02
-5.015036227146794923e-02
-5.078138540532651374e-02
-6.134971949672191061e-02
-6.217935610890022030e-02
-6.496413991379393349e-02
-8.835462424551557281e-02
-7.287255608321840938e-02
-9.182506107720256328e-02
-8.429621113379087705e-02
-8.121509537967348813e-02
-8.032512335475987253e-02
-8.680856896578978410e-02
-9.013830133074317297e-02
-9.428404123366765366e-02
-5.688441637087961883e-02
-4.186558072416410314e-02
-4.072235905199737133e-02
-2.599409035546339231e-02
-2.070711510890617738e-02
-4.297470153771622281e-02
-6.049786829727345563e-03
-2.499681905391454295e-02
-4.752792736377180888e-02
-7.414644049823693184e-02
-7.832084466968299019e-02
-7.521507467635046851e-02
-7.852600439412731059e-02
-9.384908957375773242e-02
-1.018736117699872712e-01
-1.035760223824330473e-01
-1.234162799050392556e-01
-1.126672613047147997e-01
-8.695558692917199073e-02
-9.467205325005852157e-02
-1.008340621196867071e-01
-1.123964904824094613e-01
-1.259194456115132199e-01
-1.264010155823338533e-01
-1.322029521973496491e-01
-1.638678626524905646e-01
-1.514936056795837538e-01
-1.243076091651730136e-01
-1.030270063936000180e-01
-9.849903594432371512e-02
-9.397103576215723453e-02
-9.664414491336528745e-02
-1.011042069174970803e-01
-8.310156129653480106e-02
-1.129895326336015360e-01
-1.143460454973261042e-01
-4.258018078464975535e-03
-3.567503862905180290e-02
-5.844090999603458042e-02
-6.260689099452264317e-02
-7.020378617551185918e-02
-9.827473748460599512e-02
-1.089801588763662094e-01
-9.974846305695000970e-02
-9.071034899067809132e-02
-1.026802675222754507e-01
-1.035430628355156202e-01
-1.114904956509536332e-01
-1.059943060987548341e-01
-1.080407028851643886e-01
-1.064829840991384780e-01
-8.411546035688546863e-02
-8.517967670933199176e-02
-7.468231193272154012e-02
-6.889701665362227279e-02
-4.622939470826967212e-02
-5.427506647341154289e-02
-4.004580079100810569e-02
-5.554983408908178294e-02
-6.546055180179642663e-02
-7.749008194970020968e-02
-1.002786870958320697e-01
-1.160490589995620270e-01
-1.156073732309360197e-01
-1.231178940122402976e-01
-1.326452365161012170e-01
-1.313701583021734814e-02
-2.206053834385237472e-02
-2.675591605230680237e-02
-3.442896702621801863e-02
-3.466109966133752024e-02
-3.459365488282633433e-02
-2.209316668732137084e-02
-2.310554864163165759e-02
-2.224658129048465161e-02
-2.514550116924678738e-02
-4.676932002835458568e-02
-6.151108858334733420e-02
-7.460482161168360826e-02
-7.574044044430226774e-02
-4.954004816399376621e-02
-2.500608552907628360e-02
-2.028650736282811354e-02
-2.200728605135024440e-04
3.796143196829947393e-03
9.299800724413017847e-03
1.231176646434146288e-02
-5.095348014544920368e-04
-7.727922186630826161e-03
-1.056788918554462699e-02
-2.742849134099341335e-02
-4.107049845399991794e-02
-5.776353189157993478e-02
-7.079679455297648027e-02
-7.293639553932758368e-02
-8.391342021896866510e-02
9.303355921252563950e-04
-1.213678152295689580e-02
-2.033496699965538917e-02
-1.391393299966998606e-02
-1.595595320469282707e-02
-1.147934976944568058e-02
-5.595639469194115326e-03
-1.439439753579845743e-02
-1.658614500704204409e-02
-5.223913712259813796e-03
-2.337986689672844672e-03
1.967693002543212562e-04
1.194328379925586187e-02
1.403656597895424490e-02
5.750039248621665114e-03
-3.348403286248902849e-03
-1.105088553340503876e-02
-1.550075979167994146e-02
-2.086110432474213433e-02
-6.725983801950094487e-02
-8.677323367022052314e-02
-1.016953555586291857e-01
-1.309653852573298416e-01
-1.769880832506762758e-01
