-6.527859863463844267e-03
-4.019757764071219160e-03
-2.731509463145770887e-03
1.689588540919891024e-02
2.207033774450289573e-02
1.841442256774734887e-02
5.861202130530828586e-03
9.335648274777846520e-04
-2.877112240335070320e-02
-4.062635265575149923e-02
-4.306929164175682390e-02
-3.837172321282348447e-02
-5.081924110204030787e-02
-6.264737493964836479e-02
-9.572521648785922710e-02
-8.611064386340919197e-02
-1.005164221716936673e-01
-1.082303137120538827e-01
-1.167530790418707665e-01
-1.339042158483103040e-01
-1.207146587820098066e-01
-1.097241304486315100e-01
-1.212647174221463675e-01
-1.301232893733404450e-01
-1.438148171713725665e-01
-1.541083420387807379e-01
-1.544149917478894185e-01
-1.403133878744164398e-01
-1.107783812670239537e-01
2.102205174007710023e-02
4.811541545786532370e-02
4.073373221562202190e-02
6.431782216162648669e-02
3.777227150411773676e-02
3.005086740275949089e-02
1.712779502234085260e-02
-4.977429005711971055e-03
1.042964184567571860e-02
8.480251934829281107e-04
-1.626101396868529642e-02
-4.296355003530187566e-02
-3.972538857816571012e-02
-3.581594670494799015e-02
-4.757239750438893577e-02
-5.362379818817567673e-02
-4.709570382922335235e-02
-5.234910622262243379e-02
-5.522172550187302853e-02
-4.883323157586282048e-02
-5.957553182537133479e-02
-6.422812808109695792e-02
-7.179767109808422865e-02
-6.991376180006300678e-02
-7.425033075758141754e-02
-6.161080102222165483e-02
-5.705774354575962604e-02
-4.265248822641034415e-02
-3.512904078394409740e-02
-5.892536734899710138e-02
5.543735765849349371e-03
-1.056037616704577631e-02
-8.125512509672784545e-03
-1.228180712046786360e-02
-1.249197326948356737e-02
-2.923843470330157387e-02
-3.981242827018926372e-02
-5.254815812687747834e-02
-6.029263761514680464e-02
-8.488340785784539988e-02
-6.393056063298063751e-02
-7.000332802368457175e-02
-7.224993398724181837e-02
-7.466509500519823150e-02
-6.513398476512262392e-02
-7.515340879902435156e-02
-8.632230993649300799e-02
-1.082257032083208254e-01
-1.311544872896111547e-01
-1.313655093754215741e-01
-1.152708796063942054e-01
-1.249002923325143871e-01
-1.094837872498659326e-01
-7.504810297860133039e-02
-4.531714127857759677e-02
-4.450146385821033418e-02
-3.918574303025683381e-02
-3.719065893989875055e-02
-4.900457289747386924e-02
-7.554836560325148276e-02
-1.234024345149270334e-02
-1.879069948587157313e-02
-3.412480682684843059e-02
-4.432652827250044281e-02
-5.396357905599054317e-02
-5.482658953899380988e-02
-7.323194862848515785e-02
-7.528975824138979533e-02
-6.967696459916804252e-02
-7.204321916830663808e-02
-7.115395802077932597e-02
-6.711797060917025493e-02
-6.698076767997654390e-02
-4.970001687297438686e-02
-6.042790140235336505e-02
-5.967947657640464837e-02
-6.446282745548452542e-02
-5.922829446990029306e-02
-4.024652960706855825e-02
-3.275756807861793934e-02
-2.548883872319447977e-02
-2.367766663123379092e-02
-8.795389521551391296e-03
-5.044253990347317973e-02
-6.385934416743210829e-02
-6.992720755904327512e-02
-8.588486112083354440e-02
-9.105126941823746267e-02
-1.131525170282572934e-01
-1.136201826537920345e-01
-3.388445431457961284e-03
-1.690160014609954492e-02
-1.562891328912051694e-02
-3.142747883705527406e-02
-3.718590926294632060e-02
-2.994597264105416240e-02
-2.747576024983057127e-02
-2.142915974534500070e-02
-1.692397108720925664e-02
-2.842034947117747651e-02
-3.116646879055710515e-02
-3.966654061547862653e-02
-3.548986591373183563e-02
-3.393252221421323711e-02
-2.098047067948529548e-02
-9.361838564113116393e-03
1.005547922558995382e-02
1.437858461900812235e-02
2.409256869087027589e-02
3.478447708765278201e-02
3.184164754577944317e-02
1.287444261167103657e-02
7.152682528411215442e-03
-4.913266603108651896e-03
-9.226899940165005087e-03
-3.871390083308089841e-02
-5.052811220788730462e-02
-6.017319333038136792e-02
-7.119833996970734158e-02
-7.019292356294110080e-02
9.500201318014752120e-05
3.697539989965695044e-03
-9.435221515069192738e-03
-1.309718758905335963e-02
-1.366297685426028953e-02
-1.105534841411788712e-02
-1.039909207399650204e-02
-4.656059214110222326e-03
-6.267486638150599268e-03
-5.891520472706151916e-03
-1.981097727020396382e-03
2.206888456279201827e-02
2.028945073349392933e-02
3.058085206776246789e-02
3.450497537373229534e-02
1.189754371838503549e-02
2.685719717714888863e-03
-1.114875857891668709e-02
-2.799460766230171122e-02
-4.621924955604897467e-02
-7.220379744536011002e-02
-6.584510393211984169e-02
-9.712774995817696766e-02
-1.127587828554164062e-01
-1.184418139953601345e-01
-1.279506091016240077e-01
-1.289053776874186097e-01
-1.337643350349685678e-01
-1.381015054883898419e-01
-1.347009680833168299e-01
1.474616546371419756e-02
2.122700024739995750e-02
6.417635120295958617e-04
-3.999782760791273199e-03
-1.420275795067517735e-02
-1.389091859780670207e-02
4.377373758565412248e-03
1.631398023104396050e-02
2.822763839776832456e-02
5.162790851576989914e-02
5.962456303307707428e-02
5.742803519066351503e-02
5.774319935425318434e-02
4.264673531851530253e-02
4.084898116712974009e-02
2.648135200346313223e-02
2.015669615941510784e-02
-5.128212942764165394e-03
-1.553782372007078347e-02
-3.752047718285639322e-02
-6.023838911934489837e-02
-5.812172582623686273e-02
-5.698602681445131407e-02
-5.613689167716910677e-02
-5.982252820767996332e-02
-4.972848435352743984e-02
-5.315092220994931810e-02
-5.303949011963741966e-02
-4.525120801127149872e-02
-4.737150083408006584e-02
-6.468077257036923457e-05
9.033892046571224271e-03
9.734664162738810786e-03
2.814635774300668775e-02
4.276754032164058889e-02
6.672169501147706683e-02
7.892406687652275821e-02
6.963528542337010796e-02
3.939485423243173357e-02
3.011691323182591473e-02
8.050282397438112553e-03
-3.278983666679727987e-03
-1.592199430845808034e-02
-2.685410803030992971e-02
-3.483655301091301976e-02
-3.665936243454773202e-02
-4.919525884417937783e-02
-6.275979127910641386e-02
-6.611571831444579272e-02
-6.928586818033617700e-02
-5.866958459111122626e-02
-5.121168202734246999e-02
-6.102020179676871658e-02
-5.324624188918078427e-02
-6.734799816152116370e-02
-7.017491122159837114e-02
-7.819162753274674915e-02
-1.017158044161443203e-01
-1.087079193933813970e-01
-5.338771831659819278e-02
-1.919335285029680725e-03
2.025498476369428161e-02
1.718219393268799119e-02
3.444101053333870066e-02
5.791288947723889635e-02
3.781684375730086367e-02
2.929789464059496737e-02
1.636901728245023641e-02
1.920584058721670068e-02
-1.972706687624312810e-03
-9.486808431655564811e-03
-2.171236147799863667e-02
-5.107623316615565734e-02
-5.103225092777367161e-02
-5.333287328096236735e-02
-5.259266300339474065e-02
-5.551753000274833871e-02
-7.013902285726569819e-02
-8.021196049542028694e-02
-7.477835818726226436e-02
-6.900027937896185959e-02
-6.687341203732795336e-02
-7.946603279228003913e-02
-7.437072999168144183e-02
-7.623511982623495942e-02
-7.131192261833092794e-02
-4.373559140798502498e-02
-2.914813269319629918e-02
-1.580855043391084236e-02
-3.584620277164526914e-02
6.794141453474833274e-03
-1.597064366904918375e-06
-2.869785039354427747e-02
-3.957256455989868749e-02
-4.933809614627657908e-02
-6.110457568784786325e-02
-6.093090691501033135e-02
-8.369398707357836309e-02
-8.350247468959894059e-02
-7.900009794122193896e-02
-9.723190681085562559e-02
-9.803860615067436224e-02
-9.234623515912925018e-02
-8.675376554354832792e-02
-8.545129160263714718e-02
-8.417375489050747672e-02
-9.685159312547859944e-02
-1.159353361960078488e-01
-1.307575585023195985e-01
-1.651146768527709252e-01
-1.557110216131256386e-01
-1.421457245310837059e-01
-1.236518955998374136e-01
-9.851384042775887528e-02
-7.328419193639967855e-02
-5.942702185766234046e-02
-3.639927898658132377e-02
-5.388352930730234275e-02
-5.257214858228584364e-02
-6.756247954090215113e-02
-9.172959701073197386e-03
-3.541982460411619016e-02
-4.397996969424667474e-02
-4.953664400073695684e-02
-7.317330234337421357e-02
-8.430676481329368865e-02
-9.235178602771489109e-02
-1.026291163029350167e-01
-1.097530616764632594e-01
-1.136138213754228909e-01
-1.032299426931071046e-01
-1.061311937124553434e-01
-1.086962907542136786e-01
-1.048479251533998707e-01
-1.047557525552501034e-01
-9.088844522493554068e-02
-1.004647786859491077e-01
-7.310836646174066755e-02
-6.853630124264299683e-02
-3.903715701232810670e-02
-3.488198752213128584e-02
-4.922280779708454457e-02
-5.465054670695956851e-02
-6.870781786584991002e-02
-8.701953364088971243e-02
-8.441835019573809551e-02
-9.279207177078857560e-02
-1.106685967961675565e-01
-1.156723085246414429e-01
-1.319229474757613874e-01
-1.420382081003677098e-02
-3.227844510544332357e-02
-4.994507600543679482e-02
-5.529805049702857939e-02
-6.230594929873530669e-02
-6.159112130783572781e-02
-5.465629237011040975e-02
-3.644102781650082612e-02
-3.751449503025985205e-02
-5.417089587134166218e-02
-4.650868784399887074e-02
-4.332931654251007819e-02
-6.903054618196555192e-02
-6.388070919741105358e-02
-5.077974464234574076e-02
-4.034725240589077250e-02
-2.423421472775075247e-02
-1.206859753119259027e-02
5.698376651861621761e-03
1.751469202916396822e-02
2.156220770279522123e-02
1.737936641990212722e-02
9.854097613485771762e-03
5.482302872777300613e-03
-1.841411568630673887e-02
-4.282896611818284849e-02
-4.467982146906086804e-02
-6.310958524356086174e-02
-7.663183851829936943e-02
-8.908179799878786220e-02
-1.722718569898544147e-02
-1.637503279111163917e-02
-2.410876920088303454e-02
-2.144037822394992063e-02
-2.598126942835277120e-02
-2.088074936191843325e-02
-2.174656146570256438e-02
-3.671183258190508641e-03
-1.120946904825867452e-02
-3.353722593905587857e-03
-2.744599750148539550e-03
1.332007626399202456e-02
2.149165635317646858e-02
2.034535484236051420e-02
2.184797513174074890e-02
1.591821902192919885e-02
6.978550324087777479e-04
-5.354282125481383235e-03
-4.522168781994859513e-03
-3.096119182443234086e-02
-4.052710648085083162e-02
-4.992190143227766275e-02
-4.823995410137398021e-02
-6.087965704526478866e-02
-7.223524005128117986e-02
-7.634691786957127635e-02
-8.809846243050642456e-02
-8.648335938285252322e-02
-9.796222776931598486e-02
-8.933982501299753132e-02
8.960507700285433308e-03
7.687005698334486818e-03
3.399456987170897462e-04
-1.657836156432471522e-02
-3.407273152495481766e-02
-4.981597674722585550e-02
-4.173871180557225252e-02
-2.658676542844606167e-02
-7.047380330615693467e-03
1.459971612906164201e-02
2.889499826870076116e-02
2.087584922322751474e-02
2.480272369848870312e-02
3.175593216952266040e-02
1.187744438940445402e-02
1.521546458139147462e-02
-2.107183338202235634e-03
-8.131357360363519055e-03
-1.027087958953331118e-02
-2.847859029427112290e-02
-4.343604793567693023e-02
-8.351836103699718239e-02
-5.857570878004225712e-02
-7.528507735781370114e-02
-7.794617557964257648e-02
-7.470510666915664011e-02
-7.380065275238262279e-02
-7.468554474320422687e-02
-8.079944542767103499e-02
-8.120677338477830243e-02
2.308465542997115150e-02
1.940169011695540985e-02
9.734445561197469995e-03
1.858777933866299914e-02
3.146331870196224928e-02
4.343225546079360067e-02
4.268707001488186020e-02
4.842697868611392509e-02
5.249811678354239508e-02
1.833467231144724624e-02
2.091660327714776543e-02
-7.458581801306610193e-03
-2.320161830561277491e-02
-2.506934651561222582e-02
-3.628224370816932748e-02
-4.959572972920846257e-02
-6.621659948101595028e-02
-8.223445035574204753e-02
-9.249755888493077505e-02
-1.036850147651756510e-01
-1.087950754817691157e-01
-1.123281417736959054e-01
-1.159882334312012375e-01
-1.099982645947843035e-01
-1.069626993282507543e-01
-1.107127942404062815e-01
-1.078847879770713641e-01
-1.187946575515908959e-01
-1.271209121321338342e-01
-1.169343122264206170e-01
1.929605508421131793e-02
3.271843004391718213e-02
4.124349610051240150e-02
4.627658475003505051e-02
4.964852357097020857e-02
6.475511976206246856e-02
6.326452550845888811e-02
5.817452566729063718e-02
4.694074626589572752e-02
3.848836435603543438e-02
2.223466356122924190e-02
1.044913947959470214e-02
-1.055006380377872081e-02
-2.359520508762065830e-02
-2.341089125098883006e-02
-3.115982189418645826e-02
-3.803674856480903504e-02
-4.305016327677343296e-02
-3.405979057685518813e-02
-3.444332117872862808e-02
-2.186031343149939798e-02
-2.234093998053367572e-02
-2.308723912786244878e-02
-3.127463717354502654e-02
-2.876654156908401219e-02
-1.656832883732689554e-02
-1.969986831747787964e-02
-1.542686126450834930e-02
-4.938310351133448281e-03
5.468642963417830877e-03
-5.629964258837313884e-03
-1.631460442609573153e-02
-2.436626647445214178e-02
-4.468262077237367125e-02
-6.268480505314887041e-02
-6.120512599501629070e-02
-5.985079386243305488e-02
-6.269164005786936888e-02
-6.213766008902572857e-02
-8.912868268965624952e-02
-1.012589140454638742e-01
-1.053469544211516340e-01
-1.098504755572819180e-01
-1.275060831017100771e-01
-1.321879880619474534e-01
-1.264667064258616913e-01
-1.249936633171380984e-01
-1.186257705245085947e-01
-1.252702203655224888e-01
-1.459455870074804762e-01
-1.587939361464205668e-01
-1.630378808721374140e-01
-1.485689581277566951e-01
-1.218366263107077269e-01
-9.595862512449244985e-02
-8.665592362838282769e-02
-9.016370408558904703e-02
-5.630302697601418521e-02
-6.797439144613402762e-02
-8.371709737795776651e-02
-1.549066640286425774e-02
-1.869711486538520526e-02
-4.162662492391890068e-02
-6.576146854992409585e-02
-7.750219834478992709e-02
-9.085157547453408255e-02
-1.008405885779917882e-01
-1.088319788108256664e-01
-1.135320633343521041e-01
-1.111997489239223841e-01
-1.135767153626888321e-01
-9.984638416257385352e-02
-9.807563401937507974e-02
-1.045384272142328708e-01
-9.619279112788643726e-02
-8.973852202198766281e-02
-9.018365863188071430e-02
-1.036462880655660279e-01
-9.543922347668970518e-02
-8.367225182806943551e-02
-6.812157321622908102e-02
-5.688230264570738604e-02
-3.654072101330416850e-02
-4.323483089678835378e-02
-5.740032530872004463e-02
-7.304341579461380574e-02
-9.096649221326030821e-02
-9.693181142058818200e-02
-1.105597425582901250e-01
-1.243965464214883965e-01
-1.595047810765809135e-02
-3.499696580904608501e-02
-3.944549486790865228e-02
-4.261877535348184559e-02
-4.914956417214798312e-02
-5.319921290975910405e-02
-5.871190063663199454e-02
-5.958569379612131678e-02
-5.793466388982385779e-02
-5.033909609966397830e-02
-5.330753998072637612e-02
-5.843725750686237785e-02
-5.504533887795658165e-02
-7.708112812671731595e-02
-7.421281650564943988e-02
-5.888773930602131390e-02
-3.970568982741316810e-02
-3.729789927834676472e-02
-1.689288177519680800e-02
-1.277599382337766057e-02
-2.076599908941773043e-02
-1.237154762328267037e-02
-6.888973158186880753e-03
-1.721339617276545012e-02
-3.026126851528977008e-02
-5.658863051438690894e-02
-7.643084949005182760e-02
-7.680191561183112581e-02
-9.216576386012639843e-02
-8.752397212912181590e-02
-3.921085286899269468e-03
-1.529521539441706414e-03
-9.435154390013845288e-03
-2.700176789083841289e-02
-2.371208698011679702e-02
-2.221559895853960145e-02
-1.988530780564653697e-02
-1.361885493479435272e-02
-1.370095634685758283e-02
-6.866861978597512198e-03
-1.426723608763832800e-02
-1.705988523864168313e-02
-1.022238784799760040e-02
4.996330113648425955e-03
3.260219190561382263e-02
2.399805226190782764e-02
2.454544121568181039e-02
2.350642898979915865e-02
2.219105644167114824e-02
-7.080059013382308808e-05
-2.401538646668203297e-02
-2.707690201981793193e-02
-2.878776401582194486e-02
-3.401708625810546255e-02
-5.741342301432167394e-02
-7.518196250032110894e-02
-7.116505478934181950e-02
-7.105444082676537487e-02
-7.692841286925358735e-02
-8.614335035277279062e-02
7.059969805825329348e-03
1.634081761568605823e-02
6.298843579788696370e-03
3.670189255575795687e-04
-7.956565397686438113e-03
-2.862414025546093643e-02
-4.015239689899010450e-02
-4.130840816120983500e-02
-1.600278805047361183e-02
-1.083256023583743094e-02
4.435586157481075098e-03
2.268246427108255858e-02
4.189769194864383789e-02
5.349743701106197957e-02
4.116260155122292846e-02
2.135283374603843404e-02
8.594824864819328170e-04
-1.457024124134624794e-02
-1.950902519388741235e-02
-2.791803058703414692e-02
-4.259236962448666869e-02
-6.572659863095015043e-02
-6.749404300228670217e-02
-8.952773812147084287e-02
-9.597410421330565544e-02
-1.046264559000164573e-01
-1.039197909961419863e-01
-1.036013657517386444e-01
-9.811746018728798036e-02
-1.029124285257856236e-01
2.728073049751788322e-03
2.205544191414586172e-02
2.355253115810641146e-02
2.544764178650991623e-02
3.167997256634230013e-02
2.735637341107878887e-02
3.115940240257101049e-02
4.270826877406670719e-02
5.699526415421912739e-02
5.254542223434847947e-02
4.290923112067963896e-02
3.533781769490277475e-02
8.962848367616179507e-03
-8.321651771223802924e-03
-3.016016121642292255e-02
-2.981089412909105132e-02
-5.323315148948876141e-02
-6.521298893526557283e-02
-7.823511676648142732e-02
-8.328404144818665755e-02
-8.529846274981524312e-02
-8.240118012998021158e-02
-9.189159594552549770e-02
-8.189294325661228280e-02
-8.200439043773345704e-02
-8.896276131378315355e-02
-8.098538679850666999e-02
-1.046504615821206990e-01
-1.210134400669324872e-01
-1.394905282794529633e-01
2.572223857292140273e-02
3.252097703394906530e-02
5.136903087123231154e-02
6.131042089089142055e-02
7.902817524916233571e-02
7.981863920365570020e-02
1.000894360543507361e-01
8.513516332945604559e-02
1.072051663003317223e-01
8.098092477641773146e-02
5.993799767087375219e-02
4.693878896875615381e-02
3.141071913062850468e-02
5.274770556442112679e-03
-8.337373537218263284e-03
-1.568065358891593611e-02
-1.593234766111963768e-02
-1.865886696645787518e-02
-1.964202886076056934e-02
-2.692912391934039473e-02
-2.825741648602362807e-02
-3.283138712078870203e-02
-3.916552793929302390e-02
-4.132151882582339036e-02
-3.353887485760424780e-02
-1.107489162735049090e-02
-2.327252662078735032e-02
-3.673434889056560737e-03
1.229314171587317719e-02
2.128105861091692669e-02
1.983307355725101584e-02
1.405874215117415560e-02
-7.042570924773179641e-03
-1.329266189974681253e-02
-3.378139603785328127e-02
-4.210001389911369185e-02
-4.863843487999031795e-02
-5.434049718224048808e-02
-6.854854690853140475e-02
-6.740672518337492702e-02
-7.709033367099968337e-02
-8.979525225805783106e-02
-9.984000552655504512e-02
-9.965146853376949387e-02
-9.749016764976138616e-02
-9.427846319673882647e-02
-9.374986923491536450e-02
-8.698839864970274449e-02
-7.639642557065308426e-02
-7.568111625608835158e-02
-8.565915266055464106e-02
-9.098517716279329315e-02
-9.686706208224449277e-02
-9.693254127796820108e-02
-9.035229201071699745e-02
-7.271330935955896968e-02
-7.359281391235966696e-02
-6.085424478411262383e-02
-6.093071832681924704e-02
-5.050689377971316618e-02
-3.593129156040137870e-03
-1.996193061200767643e-02
-3.119825475849940383e-02
-3.404011855082600402e-02
-3.127892128775768693e-02
-3.584864685186823358e-02
-5.190802418761907011e-02
-7.899570967242514063e-02
-9.097458220398839390e-02
-8.847482788554868194e-02
-9.944570377580327913e-02
-1.033714985688606869e-01
-1.120055624377079007e-01
-9.293356914281862557e-02
-1.028456790679634220e-01
-9.612836571070988712e-02
-8.278283527262178532e-02
-9.634117210067832948e-02
-1.070666561630219255e-01
-9.850744891383853008e-02
-8.615289916380922119e-02
-8.733013032030231826e-02
-6.631462627480191885e-02
-6.777310286821376650e-02
-6.635609303019467109e-02
-8.394749985141483628e-02
-1.001806621508581074e-01
-1.259888812971695637e-01
-1.203157719686991367e-01
-1.458416468564274204e-01
-3.099451036987449590e-03
-1.314935659383981853e-02
-2.519251894653621454e-02
-3.279740894912856752e-02
-3.720036144922860694e-02
-4.145056507042020610e-02
-4.416122068068932538e-02
-3.250285301543553995e-02
-3.047975681763671202e-02
-4.284608067456568276e-02
-4.682513880694823966e-02
-3.899872754555970544e-02
-7.072098553392405784e-02
-7.983468739705076866e-02
-8.237885712839732033e-02
-8.525535144429445544e-02
-8.010419433417771684e-02
-6.024353418053134124e-02
-3.196434776942169709e-02
-1.839732595652994462e-02
-8.710872064275721610e-03
7.492090739113482084e-03
1.715434806914502286e-02
1.009953795803990653e-02
9.514326544156782167e-04
1.158807747844719724e-03
-1.393062956026337208e-02
-3.055716446227198929e-02
-4.506265152371040361e-02
-5.977027233228168063e-02
-2.366670777395224121e-02
-3.974026002930972079e-02
-4.077699508228772168e-02
-4.534248803532474337e-02
-4.708649574452340031e-02
-5.082597563525485806e-02
-5.256312391540128581e-02
-4.619575272694267237e-02
-4.245775968602784334e-02
-3.976383426877907329e-02
-6.105245186773346211e-02
-6.035929134735232293e-02
-5.576943533783871448e-02
-1.988884974188748211e-02
-4.389429602853107959e-04
1.393089496075208822e-02
4.284852934267002755e-02
5.738435572352235114e-03
9.379177424200161803e-03
5.323213323828890169e-03
-5.347224711260387640e-03
-2.061542085815090339e-02
-4.650672664550115076e-02
-4.542823499977922258e-02
-3.936605241167395741e-02
-6.558525150374878987e-02
-5.613880468779208766e-02
-6.550968897716928641e-02
-7.017934238900323807e-02
-7.509243261832215799e-02
-3.291315012064839531e-04
-1.016311365106742880e-02
-7.013809967744543544e-03
2.407479343633370586e-04
5.112306916625571074e-03
-3.890136288678984131e-03
-8.898137074545444877e-03
-1.199606204209771598e-02
-1.959607078466480204e-02
-1.389213585025490111e-03
5.389841334527616795e-03
1.338901821251785480e-02
3.265228433279780684e-02
5.145310824212581680e-02
7.316740977117523748e-02
5.107908045057319574e-02
4.652908463052083526e-02
3.334640464737124305e-02
2.583015350889157624e-02
7.007590925619932437e-03
-1.429794103483737061e-02
-2.468747275234991698e-02
-4.803385953155017707e-02
-5.856835767437056084e-02
-6.191002558898466013e-02
-6.758912279047163407e-02
-7.078071875316786776e-02
-7.794595396959297373e-02
-8.109014734645322853e-02
-7.864282415974661877e-02
6.858095098238164815e-03
1.426759039623710229e-02
1.069998490574377258e-02
1.048789278970195700e-02
1.301922547693678753e-02
1.560518226521445152e-02
3.460299796450744259e-02
3.054298989659102320e-02
4.602906678499665838e-02
3.984136893379614658e-02
1.650972486292174093e-02
6.331715248290752454e-03
-2.024536925964297296e-02
-1.686028724378226679e-02
-3.508171766193324270e-02
-4.245578047518853287e-02
-4.621063590464673937e-02
-7.179578520135483644e-02
-8.408830916546168599e-02
-1.121316789629748650e-01
-1.085822480389258410e-01
-1.205374601892176267e-01
-1.205916823744404287e-01
-1.233014703267805712e-01
-1.183094986880457861e-01
-1.225370452108253821e-01
-1.261747844648873351e-01
-1.237671090113341560e-01
-1.344171984454677338e-01
-1.544294588212849206e-01
-8.751080660368284417e-04
3.349094561336541861e-03
5.837657010835075461e-03
2.366638746675734858e-02
4.617336787555993693e-02
6.460273332593483020e-02
6.821206538146597220e-02
6.669193999851949495e-02
5.592504017225151391e-02
4.505765985197258960e-02
3.252609580636400821e-02
3.487302913960648593e-02
3.032130279982335128e-02
8.904412327712475650e-03
-1.504482903627955490e-02
-3.375593072057424260e-02
-3.822740854909406627e-02
-5.349594160419993832e-02
-5.451910208198055413e-02
-6.120932880076718208e-02
-6.373793319382529965e-02
-5.108173597999222243e-02
-5.544908817894862035e-02
-4.019364371090054788e-02
-2.648598549390782098e-02
-1.491077737925541533e-02
-1.769272316657143074e-02
-2.947189524267559979e-02
-1.287914101912378956e-02
1.610008606306929588e-03
7.657086010580159592e-03
2.601892727112625758e-02
8.278616555098122776e-03
4.931797628661034605e-04
-9.112371936008627563e-03
-1.975267185010612381e-02
-2.913205849201841793e-02
-4.326859948493160662e-02
-4.510696875776779025e-02
-5.459375309380409130e-02
-6.500922503024983423e-02
-6.161737702850687143e-02
-9.296677081061882619e-02
-1.003264527969194714e-01
-1.052285886450494284e-01
-9.928392284076315022e-02
-1.175107571314905480e-01
-1.154340228806573637e-01
-1.244464247491520736e-01
-1.238055824102888280e-01
-1.172033870686284007e-01
-1.467836295002949432e-01
-1.677186999629801945e-01
-1.698865591320579405e-01
-1.656986647508612298e-01
