-2.138023121381575631e-01
-6.054320892079176897e-01
-9.673890793319297465e-01
-1.215663533805334762e+00
-1.667414957994116875e+00
-1.945040602942942121e+00
-2.214524459445056159e+00
-2.341378348940433618e+00
-2.332374075019103543e+00
-2.301914802252895687e+00
-2.304465992135738883e+00
-2.331775589176111829e+00
-2.336734725469566065e+00
-2.344718839502723640e+00
-2.309198619252884388e+00
-2.258859181219695422e+00
-2.216420748838881405e+00
-2.150441275293531795e+00
-2.052184364194735267e+00
-1.834376328715217053e+00
-1.605137586939055394e+00
-1.220459268484559656e+00
-7.239954177964788018e-01
-1.599213626669419019e-01
4.492705077116665446e-02
2.237458173217994895e-01
3.070804114734468904e-01
3.622660393844474025e-01
3.493478106629369639e-01
1.548893206589154782e-02
-2.318171813367371492e-02
-5.431393758732902532e-02
-2.366193546667694214e-02
7.685258017275545250e-02
1.308241197078313378e-01
1.377149672017679016e-01
1.679721359989694296e-01
1.981561873574379518e-01
2.547614904497465527e-01
2.725056897696952474e-01
2.758640000185464403e-01
3.151921265808640404e-01
3.667664548310173300e-01
3.793401464661835254e-01
4.044814559392166387e-01
4.192358079087787903e-01
3.544523091036120288e-01
1.057347328357993721e-01
-4.059591261493836756e-01
-9.701920028404235063e-01
-1.063923011041058686e+00
-1.418972400110141363e+00
-1.628429129840823997e+00
-1.776594926027060595e+00
-1.782071810576023818e+00
-1.658671027654590624e+00
-1.076070230772099290e+00
-6.703241288590175984e-01
-3.596702787645418842e-01
1.635888393951114017e-01
3.445256858940281552e-01
4.632391609664521792e-01
5.788545429593794367e-01
7.244028754591865793e-01
8.715316696799048080e-01
1.022973188058567962e+00
1.170929283742114579e+00
1.308716799081748761e+00
1.454312103214914442e+00
1.581081434191441648e+00
1.683618932445120508e+00
1.685043400356638799e+00
1.700230210934944530e+00
1.712430360870089707e+00
1.727345891390571708e+00
1.719744176089000876e+00
1.731208101076015859e+00
1.747318270970648735e+00
1.768467336661845524e+00
1.807400425997069071e+00
1.844020541600162710e+00
1.845986833450771192e+00
1.864320162292077088e+00
1.875574934064256682e+00
1.921077999370000899e+00
1.921282034288392060e+00
1.923301767923078609e+00
1.915669520424885475e+00
1.836779984561468959e+00
-2.008756902035528924e-01
-6.674573628789581825e-01
-1.331811053928014577e+00
-1.777140743574955550e+00
-2.013584727928932949e+00
-2.198411208200631961e+00
-2.302173153138440398e+00
-2.318574523132784115e+00
-2.332297923759609759e+00
-2.186004156535171106e+00
-2.141447571310112874e+00
-2.046062453233845613e+00
-1.833010445438607139e+00
-1.374917302758925208e+00
-9.824542632821153809e-01
-6.979439978722858928e-01
-5.399220207550210482e-01
-4.159133628305715646e-01
-2.793858981338863678e-01
-1.752096211374372936e-01
-9.698798867040527016e-02
1.814036216256929845e-02
1.145554491409483400e-01
2.095369321522754791e-01
2.941026501599615095e-01
3.702825866472659877e-01
4.185043329757992536e-01
4.498917015878844405e-01
4.660335387228640158e-01
4.828766284712742718e-01
4.541069374199439151e-02
7.893088090826012870e-02
8.587024157156300519e-02
1.415019482605328061e-01
1.217691764936559701e-01
1.390502249048393424e-01
1.122421833132781488e-01
1.345585696540664289e-01
1.424649095056600978e-01
1.458086167973363378e-01
1.333682583468977778e-01
1.061788779830704216e-01
8.091401236339816616e-02
-2.662556147595811218e-02
-3.065261932404862999e-01
-5.121581779490533837e-01
-9.659803361980046077e-01
-1.483442069101533090e+00
-1.829008078361986422e+00
-2.086160494490990391e+00
-2.246755551073476465e+00
-2.220937031996153888e+00
-2.086664415192010846e+00
-1.757092726637787372e+00
-1.632837403320769987e+00
-1.255045316456519622e+00
-1.016807166630203652e+00
-8.218429254010820584e-01
-6.796860960650759065e-01
-5.197740357526974275e-01
1.521275095038132907e-01
3.602284369832049471e-01
5.728754915889386901e-01
6.627277480243679575e-01
7.344087550008878695e-01
7.959512809855320281e-01
9.614951410976320112e-01
1.024496979238949335e+00
1.077942644294064944e+00
1.084091516127330568e+00
1.088310601585536164e+00
1.077188394979669894e+00
1.039880464834352258e+00
1.045676258458912544e+00
1.009100499972781950e+00
1.020051212992092893e+00
9.884694262518880503e-01
1.009681892541690829e+00
1.014608068438514810e+00
9.906670480979276050e-01
9.808355548499781973e-01
9.559268569594390197e-01
9.546933621171485029e-01
9.117560116913299151e-01
8.914982359742651408e-01
8.373887947169310619e-01
7.707873128347689784e-01
4.757494011196261030e-01
-2.398570649790711662e-01
-7.698178767223466945e-01
-1.550122927785283211e-01
-3.751975865491747886e-01
-5.014026978140260216e-01
-4.717018681292143301e-01
-3.611558568408130832e-01
-2.176031131550058839e-01
1.550527826383480134e-01
4.839815391047542770e-01
7.895523266091692971e-01
9.579718392066581822e-01
1.101015110114717421e+00
1.220318951915302819e+00
1.303215125330347446e+00
1.396361424298612208e+00
1.495401664381842632e+00
1.566451334990103694e+00
1.622068602323376796e+00
1.690192709814419381e+00
1.723373346735630030e+00
1.782422725008026232e+00
1.855309450823212858e+00
1.897142784100674717e+00
1.942673210617687163e+00
1.971709600969765219e+00
2.009350974320688099e+00
2.026329402573023852e+00
2.045993661331791280e+00
2.102170185871063079e+00
2.160147114181806938e+00
2.224568103681637599e+00
1.378518600528823995e-02
6.641685924055507062e-02
5.457669251691883716e-02
6.562739615818054262e-02
5.017568879687676897e-02
8.387501526573697130e-02
5.858962724056220039e-02
5.182840146191924208e-02
-4.922784120879248465e-02
-2.631463635824112246e-01
-8.771533914732265735e-01
-1.522865511506778624e+00
-1.718559075222956700e+00
-1.972979338048011400e+00
-2.099559459699081199e+00
-2.235201062332471622e+00
-2.343003619218468003e+00
-2.409106599211736643e+00
-2.404587152266236760e+00
-2.410574072447453808e+00
-2.220048343801396484e+00
-1.931459810878864092e+00
-1.696684440856721432e+00
-1.484712337830714102e+00
-1.223093396085020323e+00
-8.714758433145348704e-01
-5.595371111011274712e-01
-2.740378851067590271e-01
-9.788971360435652636e-02
6.016746043599910387e-02
7.692239278687973414e-02
1.178472023627373522e-01
1.455304064795107100e-01
1.457732172881888721e-01
1.375892180345982818e-01
1.337788568808461753e-01
1.525421157526350158e-01
1.666482312715821812e-01
1.904450710439012096e-01
2.121764952152978279e-01
2.044847371332361718e-01
1.862182242559202727e-01
1.909932580301810512e-01
1.854627931783839612e-01
2.176350515352928061e-01
2.457031525336050293e-01
2.366999780446686352e-01
2.319367753758680706e-01
2.458172667471521522e-01
2.628241688656461350e-01
2.571707192339985348e-01
2.265470248037670109e-01
1.471247556953245161e-01
5.001512041245012585e-02
-2.577653311979724027e-01
-6.574872792879529193e-01
-1.271934017665534711e+00
-1.595621917295977799e+00
-1.855004076989166695e+00
-1.995763595070161323e+00
-2.056194578044278631e-01
-3.778798525746928094e-01
-4.628746825908495177e-01
-4.759557673538544753e-01
-4.534303902564807975e-01
-3.601021435118566538e-01
-8.976267770990181694e-02
2.420808722389728995e-01
6.018600027545795150e-01
9.285177291196385907e-01
1.209356120294822423e+00
1.466924089056740099e+00
1.723833053738515808e+00
1.927700117086716292e+00
2.087231289284106506e+00
2.232199160577478914e+00
2.324622097212260208e+00
2.379085292397746354e+00
2.430991044250031763e+00
2.433102518661466984e+00
2.480103648425799001e+00
2.497128635997425850e+00
2.504693988910852376e+00
2.457409294766255137e+00
2.390770121709907325e+00
2.384043199157273474e+00
2.431855428060910818e+00
2.487561668258770009e+00
2.537795462454580431e+00
2.540648255505361330e+00
1.086399316646624938e-02
4.221312876851530949e-02
8.339697720388460078e-02
1.089094325006723374e-01
9.504759406547792777e-02
1.247078865098328743e-01
1.232646172578852062e-01
1.307734987634800172e-01
1.099725736390441411e-01
1.254084993580961427e-01
1.142047252056792028e-01
-7.848128218368696785e-02
-7.900199926524520411e-01
-1.675739065044060006e+00
-1.922600781823108118e+00
-2.232584702809307764e+00
-2.347893424377879068e+00
-2.375471807753836373e+00
-2.307462362992064975e+00
-2.130497036922117893e+00
-1.825094853308936838e+00
-1.541819278481210365e+00
-1.290115356700243465e+00
-1.111443439845215764e+00
-8.688348105487933015e-01
-5.885577131822847807e-01
-2.802454145820566511e-01
-5.814148540534036513e-02
7.771046503094525271e-02
1.836638857330161467e-01
1.103531833599216694e-01
2.279842012075103952e-01
2.966177628018082935e-01
4.001242989489535162e-01
4.615131892677851733e-01
5.384719044285938283e-01
6.133188935728250968e-01
6.556629421255465440e-01
7.013514966859741850e-01
7.519681354624662140e-01
7.746235103659099286e-01
7.981888229337237295e-01
8.205962835158512325e-01
8.204548659907577868e-01
8.713906837471392386e-01
8.741176883864516522e-01
9.078188538131035656e-01
9.020236253489803957e-01
8.713953039886355167e-01
9.010589028708367865e-01
9.290448116792974220e-01
9.219907902981139269e-01
9.241233814811937730e-01
9.748463619202970554e-01
9.710063794822271221e-01
9.444397397136434780e-01
8.586494324520643762e-01
7.751657784889441904e-01
6.375955768920695821e-01
4.025713062505354434e-01
-1.590714525411136560e-01
-5.520854556457028828e-01
-1.171349025221644746e+00
-1.727000958290751065e+00
-1.865948977760767624e+00
-2.094612052894739840e+00
-2.153043386925948433e+00
-2.069533901540853371e+00
-1.907497954599307377e+00
-1.720059884467004974e+00
-1.537654278600019797e+00
-1.234373572015327047e+00
-9.369561234885355194e-01
-8.054013973788094471e-01
-6.211700594307962842e-01
-4.291924671719608009e-01
-2.563267288117040965e-01
-1.452665059805906267e-01
-4.198880492030329648e-02
5.212702404573184289e-02
1.234172017516152325e-01
1.493678406296990724e-01
1.566923405785099199e-01
1.898666211387637914e-01
2.163628338599749568e-01
2.421071261127238916e-01
2.197198184359945294e-01
1.989831577729235801e-01
1.862970678418672532e-01
1.796097324597068223e-01
1.201058153090230930e-02
4.034904560085064013e-04
-1.211577624898554483e-03
-9.292169401323836439e-03
3.193919789614698204e-03
-7.229455916809620492e-03
2.685226215462870394e-03
8.052958003011336657e-03
4.339770447582509683e-02
3.212917938662074313e-02
4.182221905201298495e-02
6.391219630677918984e-02
9.350339469087023958e-02
9.253574303157593994e-02
1.012083283369915182e-01
8.876571196027505106e-02
5.676771974037837787e-02
-3.010974753183122410e-02
-1.582664411985512665e-01
-3.268148250440560676e-01
-5.114731478594886083e-01
-1.009738655404675889e+00
-1.677582500687586187e+00
-1.893920052223795558e+00
-2.234983227874161482e+00
-2.282032604849621560e+00
-1.996893394690159473e+00
-1.438538372329440929e+00
-1.194650715765020799e+00
-9.146540618803827849e-01
2.228578783099098570e-01
4.236578261320251837e-01
6.281627971716079450e-01
8.611538050917038056e-01
1.047475020580477256e+00
1.171239567365875534e+00
1.221137558397387135e+00
1.318614292431071089e+00
1.379416429955648393e+00
1.393112784559652706e+00
1.431580782313012667e+00
1.464096190926959640e+00
1.514658724807873780e+00
1.549544057255411111e+00
1.528522301256296956e+00
1.528077173552867762e+00
1.519433842314440897e+00
1.512071476026744632e+00
1.523613578323337769e+00
1.519264783240405148e+00
1.558869419486106578e+00
1.566788796126163508e+00
1.584377469909913350e+00
1.588067785167722512e+00
1.594113331914995157e+00
1.614307021195146019e+00
1.607647420799296123e+00
1.564554229942438646e+00
1.476412300779289311e+00
1.455765149506110578e+00
-5.026487258116759532e-02
-4.777963443688067885e-02
-6.788650834641365983e-02
-4.922227070153999823e-02
-4.080480870278443972e-02
-8.045289076764801373e-02
-1.825027571144450800e-01
-5.462633582746880823e-01
-1.266729523513112632e+00
-1.729669539575874326e+00
-1.807357737801104536e+00
-1.942353483763850974e+00
-2.095281998113556643e+00
-2.191004055582604249e+00
-2.255908307885790887e+00
-2.302007876060745861e+00
-2.298506220113047060e+00
-2.263641769568446094e+00
-2.152693361349567347e+00
-1.928224127033468793e+00
-1.769655200269893314e+00
-1.519836531965902182e+00
-1.210534825258055003e+00
-1.026938027286822486e+00
-8.350590721155165541e-01
-6.759001983951342662e-01
-5.252768829052978372e-01
-4.226452787182017334e-01
-2.798305502198923378e-01
-1.508128449765046009e-01
8.479777555258359578e-02
1.659835892002770041e-01
2.281684252437717608e-01
3.441990191427267143e-01
3.407500756934210839e-01
3.540934143195487160e-01
3.471218830466016869e-01
3.550103100011910429e-01
3.810339745244419873e-01
3.847573560707688856e-01
3.862109369269178250e-01
3.818540770392700456e-01
4.093781444954916471e-01
4.081229197922513485e-01
4.428750584967146575e-01
4.399012666926863657e-01
4.697915517571235600e-01
4.828868553580117351e-01
4.861892396950006079e-01
4.897413441548212898e-01
4.473625200160236126e-01
4.789546848898741938e-01
4.299425584196158723e-01
4.051229743862104216e-01
3.278498198341607273e-01
3.386805473391400478e-01
3.072738034041663790e-01
2.647463144703770532e-01
1.893846597818647226e-01
-1.225650318281038265e-01
-7.148696527934683687e-01
-1.145078420960216725e+00
-1.244104670062934570e+00
-1.496392833135305356e+00
-1.690230281167190540e+00
-1.694164088124139322e+00
-1.704606071873902451e+00
-1.686509427453086296e+00
-1.586246192287348977e+00
-1.442933941049684421e+00
-1.300545232496318260e+00
-1.139010465678367723e+00
-9.462144009604044337e-01
-7.259358927765104941e-01
-4.348011579053224218e-01
-1.406650337659252625e-01
6.285799444925399548e-02
1.939483309743361694e-01
2.153207730580019852e-01
2.855222279811453490e-01
4.043959787104361436e-01
5.607385343987792981e-01
6.918188344489770714e-01
7.897515781776806021e-01
8.890366054657352635e-01
9.636145253533852095e-01
1.020904441247047600e+00
1.004727211822248112e+00
1.030304003319576500e+00
1.038182974818705473e+00
2.598523599962462155e-02
2.647678623468645645e-02
9.873615001837593441e-02
1.092348800974756590e-01
9.873112884682355705e-02
8.138219246065561685e-02
5.143869761636891969e-02
7.930881522628457914e-02
5.178300520320645861e-02
8.661036221893204934e-02
7.584998812847774941e-02
8.626790629747643768e-02
5.050602029757431805e-02
3.367043562517900435e-03
-5.698139253700892221e-02
-6.852865169374980359e-02
-1.480046437644927382e-01
-3.479885494459721285e-01
-9.778724843315984572e-01
-1.600393966476521435e+00
-1.767189346431665475e+00
-2.079353182137090084e+00
-2.163322773053223624e+00
-2.228769253991227828e+00
-2.243563871294853129e+00
-2.201042173797310486e+00
-2.138349853391179334e+00
-1.991319411386646587e+00
-1.792942980190055158e+00
-1.593494636183706126e+00
1.558604105908572290e-01
4.682665044495958329e-01
7.137522206809390202e-01
9.933050680217325734e-01
1.219381090650011989e+00
1.374628028942519897e+00
1.527535714438737813e+00
1.602421950991722799e+00
1.684260232823665770e+00
1.693987257787779477e+00
1.777698703231687771e+00
1.785162532921578782e+00
1.823463653523360373e+00
1.798703745467924886e+00
1.836638389412537542e+00
1.896796643810404914e+00
1.892839456911161733e+00
1.955807697990094463e+00
1.940514487292873236e+00
1.939987301589214397e+00
1.899587823490189287e+00
1.933970663352226005e+00
1.926045519367716397e+00
1.941546483973330739e+00
1.946319926551364876e+00
1.911987805881512514e+00
1.930499251327130850e+00
1.913318230825521882e+00
1.944106704333159019e+00
1.934120379919472610e+00
3.807877366695682810e-03
-3.720901611046708440e-02
-1.492110434348164691e-02
-1.710920659589483875e-02
-2.389959622721267440e-02
-4.343589141984852825e-02
-4.538103776501275360e-02
-3.960371669073946277e-02
-5.651362879970711628e-02
-6.940789343216140217e-02
-9.599598707404442821e-02
-1.594825191121805041e-01
-5.179686751413277168e-01
-1.461742304313641050e+00
-1.813284131530332299e+00
-2.009974645845956420e+00
-2.053661956763418228e+00
-2.108151339558213877e+00
-2.059198159748278467e+00
-1.970835208839472497e+00
-1.834115044945401340e+00
-1.710572480703883125e+00
-1.666194574622048563e+00
-1.687652622452451068e+00
-1.694570458158087156e+00
-1.661341162908178015e+00
-1.648481023552950564e+00
-1.468258883976127471e+00
-1.125058793818567437e+00
-6.864251979700138895e-01
2.844535766876274407e-01
4.973729183623472050e-01
6.190284680169795273e-01
7.976685456124350537e-01
8.443716469138953240e-01
9.080071899248046696e-01
8.880804437771432358e-01
8.960937270748553507e-01
9.375168964677735861e-01
9.129154210907464151e-01
9.537167674430936382e-01
9.431360676309111790e-01
9.880466738348219202e-01
9.394028203599050775e-01
9.449405960333684407e-01
9.400781442168101298e-01
9.367277768383232006e-01
9.473937070792668447e-01
9.448410609515719427e-01
9.715406236960183461e-01
9.821575503294629472e-01
1.021465505246020866e+00
1.012549820660190392e+00
1.003017775461032990e+00
1.009869493682083119e+00
9.589352393855217205e-01
8.806521609250557159e-01
8.477124636552183512e-01
8.322974254515665971e-01
7.411019348986317423e-01
-1.888800570372169696e-01
-6.823489398086998170e-01
-1.281784778522193413e+00
-1.589699742413264616e+00
-1.826464911017763981e+00
-1.790227239813088733e+00
-1.830592857227587356e+00
-1.707117866627242186e+00
-1.619697639221235885e+00
-1.411651489446877239e+00
-1.143402420175526402e+00
-1.040611078861669592e+00
-1.040916727646890250e+00
-1.031352935938717241e+00
-9.714073573985519960e-01
-9.011543727816258009e-01
-6.924606631947125557e-01
-4.806344187674888579e-01
-3.421749565404187399e-01
-1.695130231238579921e-01
-7.402868174665701295e-02
3.521995520326560991e-02
9.526684029815733756e-02
2.083804164002195369e-01
2.330469311458075177e-01
2.847148886813504753e-01
3.314703213781969859e-01
3.738292589438314550e-01
3.930594721982768047e-01
4.389204736677038143e-01
-1.544450472655094046e-02
-4.347268495724516610e-03
-2.799355161833665118e-02
-3.985784160361709183e-02
5.656050683775053212e-03
6.199105027182415240e-02
6.100973840194542919e-02
6.602504803581535353e-02
8.333133639185294483e-02
1.406803395187923023e-01
1.364616385049431946e-01
1.433772557821242633e-01
1.702850877844050148e-01
1.736409097412515146e-01
1.867661373326242324e-01
1.737649417768907800e-01
1.713557096256022039e-01
1.533423520795181572e-01
1.074437018203373562e-01
9.305559380475336706e-03
-2.195049778107992788e-01
-3.881128487044060993e-01
-4.895289068788827302e-01
-8.510848308105443127e-01
-1.426042889075099129e+00
-1.864732497731024674e+00
-2.122261763606108076e+00
-2.248779677195742455e+00
-2.234207411806182986e+00
-2.251980690472688007e+00
9.182498614523311453e-02
2.431605295692342850e-01
3.768343062086914053e-01
6.115551696747146826e-01
5.978809908776406834e-01
6.863268518684479957e-01
9.021347705001445672e-01
1.176733877032995146e+00
1.427048497902669189e+00
1.634520397221640886e+00
1.816890081196447682e+00
1.924561673283045948e+00
2.021841162553710269e+00
2.134602878585352581e+00
2.226175761256621310e+00
2.228956119293046712e+00
2.280240540993307974e+00
2.303394857143628016e+00
2.384190726572178232e+00
2.387729262219488113e+00
2.408549762372650616e+00
2.454861155386910632e+00
2.512211476040730140e+00
2.508638725662466040e+00
2.508441280079695357e+00
2.546852820626477332e+00
2.552991828466973701e+00
2.593853020682013177e+00
2.565928643076332172e+00
2.552107479113379540e+00
2.106666973948539620e-02
4.853640742997224200e-02
5.321530781310734176e-02
6.603538398110442298e-02
8.593426918356107669e-02
6.261588569906073598e-02
4.210661821753064471e-02
4.741226175611013005e-03
3.847623195072498448e-02
2.909474017075424496e-02
1.520126651877010820e-02
8.338417580417915864e-03
-9.546065468332984305e-02
-3.311359139352065828e-01
-6.653885363711895540e-01
-1.072350561930197843e+00
-1.368961744680576853e+00
-1.594675019364752977e+00
-1.702371170540248224e+00
-1.842957132608615822e+00
-1.972486762573788743e+00
-2.098080639905636424e+00
-2.248020944698383428e+00
-2.355907315955847459e+00
-2.455138534787395965e+00
-2.414713509714838668e+00
-2.367655324700403963e+00
-2.226131547419656798e+00
-1.958923140658036077e+00
-1.595394451963916049e+00
2.015773674200219967e-01
3.588269098149232672e-01
4.562814876540689513e-01
5.625783756980650141e-01
6.421237301588867963e-01
7.206474146683227167e-01
8.247075972482387218e-01
9.661416757694082369e-01
1.051606563182269749e+00
1.167117334485861635e+00
1.234479282766923092e+00
1.321184712055800459e+00
1.370571447665808185e+00
1.426923746840172535e+00
1.462718578896040400e+00
1.498191504776237304e+00
1.532285453502588490e+00
1.569465892247436933e+00
1.607745725827729899e+00
1.757567339788725036e+00
1.851782801432990233e+00
1.962631664879668891e+00
2.067101782953936429e+00
2.173568942372475554e+00
2.235715398965333556e+00
2.330889073988812399e+00
2.394978728434759230e+00
2.439046081993820003e+00
2.548188035263187157e+00
2.615956475496227007e+00
5.726855398728464275e-02
6.356709984556563331e-02
9.586212494942722429e-02
8.355411958306055431e-02
2.890689810133505178e-02
-2.652585027123107175e-01
-7.461349165309787423e-01
-1.328206880585929950e+00
-2.067670254952926445e+00
-2.562324056128873373e+00
-2.797148005702713824e+00
-2.893242378949921978e+00
-2.928608266344636224e+00
-2.910351490598605206e+00
-2.853418382375118689e+00
-2.733204299404778048e+00
-2.597008896185968752e+00
-2.297559871588191083e+00
-2.054315797759043161e+00
-1.653323852267285288e+00
-1.293171646368073358e+00
-1.023933851327693212e+00
-7.653971033695616821e-01
-5.739383136516527095e-01
-4.227058818288569331e-01
-3.508869452698017422e-01
-2.399268866360363128e-01
-1.478488793299490844e-01
-7.084088815646594206e-03
4.791173646401716835e-02
6.967270414761650432e-02
1.171006204824470431e-01
1.409602150235265416e-01
1.743012991432347225e-01
1.889120534834529408e-01
1.987542513344281170e-01
2.059815409617059001e-01
2.358655417901127094e-01
2.507095365495651818e-01
2.806001511608440246e-01
2.989811542422239343e-01
3.381438188957285873e-01
3.260086417385933966e-01
3.663536524355048285e-01
3.615410532568613111e-01
3.714712161684351477e-01
3.820639907582165651e-01
4.107786288113544626e-01
3.973055719423549403e-01
3.214786227753337888e-01
1.385521159194851581e-01
-8.052811246365279563e-02
-4.029137434405347662e-01
-7.989360409249257611e-01
-1.381815170016756689e+00
-2.039128655762329156e+00
-2.447881273884249254e+00
-2.552527949134152596e+00
-2.581069586832626328e+00
-2.482674863061166803e+00
4.000020422295133549e-01
7.007314862390486843e-01
8.640110273232994853e-01
9.348038876095395855e-01
9.950475709049771966e-01
1.067379453633719555e+00
1.085346371204250815e+00
1.097321445267365414e+00
1.168243787847649040e+00
1.235365047224019630e+00
1.370447811712692809e+00
1.533399131760890821e+00
1.805578915706301135e+00
2.093866144668437457e+00
2.285913178738988361e+00
2.448823876271502442e+00
2.563175508113049617e+00
2.656644135613961399e+00
2.716377085893300070e+00
2.805537318662749691e+00
2.830427932922424006e+00
2.889316892901665934e+00
2.967247550547789103e+00
3.027525241170465620e+00
3.067524440804346053e+00
3.068400702488869758e+00
3.079156738046122666e+00
3.111129558021828334e+00
3.160325902986528490e+00
3.182700822178798905e+00
2.833086059458433600e-02
6.486827003773367600e-03
-2.998045395743644329e-02
-1.006829797470316507e-01
-1.825121827659311191e-01
-2.665586278503979667e-01
-4.069134034152668833e-01
-4.786962914775194644e-01
-5.111911642669110245e-01
-5.963481584948063796e-01
-6.940670298100817259e-01
-9.281604446608563430e-01
-1.285271604223408026e+00
-1.939903795322096336e+00
-2.866430169714182519e+00
-3.235541047306837559e+00
-3.438968237064857547e+00
-3.525656733049196134e+00
-3.492779738720701133e+00
-3.456034296779026516e+00
-3.386977619339808676e+00
-3.176994634900747627e+00
-2.804496160656864134e+00
-2.638006280730021302e+00
-2.541189204156802273e+00
-2.454495114435813807e+00
-2.339096742006632645e+00
-2.230381070767738283e+00
-2.099880250532938586e+00
-2.003657324157725128e+00
1.457208774532753326e-01
3.064831871217513770e-01
4.693747382479505625e-01
6.146895021084720634e-01
8.170387572618867944e-01
9.538418547129314806e-01
9.926718649914431092e-01
1.043018352285019601e+00
1.126869939993085268e+00
1.259630815384189528e+00
1.362289116475267514e+00
1.506605267797275660e+00
1.623612710214269228e+00
1.767554062056494457e+00
1.801440767499721485e+00
1.784234894126287552e+00
1.780239302370569154e+00
1.763054580403198512e+00
1.787477930777131352e+00
1.790820321615289146e+00
1.839435277378824285e+00
1.860967381302475854e+00
1.896093067967692614e+00
1.906531107884153142e+00
1.798472772392836649e+00
1.742373073096973313e+00
1.610862656343108990e+00
1.613388697244344305e+00
1.598447937529941409e+00
1.629039472075581418e+00
-9.207832833861248276e-03
-3.363319122197754030e-02
-4.216759907376717298e-02
-1.809435459492297338e-01
-9.625314188243636604e-01
-2.086556244694116380e+00
-2.630127012070061721e+00
-2.797562453098964230e+00
-2.882583573250541153e+00
-2.867113417523116770e+00
-2.777416336793418594e+00
-2.688627781291830221e+00
-2.599551345883695408e+00
-2.470867943488578522e+00
-2.297792660725435976e+00
-2.160992030739768754e+00
-2.092141652270178120e+00
-2.009830680544431036e+00
-1.956952521247880217e+00
-1.904605288578236522e+00
-1.784858198591152911e+00
-1.575216665916346015e+00
-1.360391671839326300e+00
-1.159081290665064712e+00
-9.803755802364535477e-01
-7.764248147504918540e-01
-6.391371380064789776e-01
-5.317868418363579375e-01
-4.548749549418573679e-01
-3.239822933330054333e-01
6.840662730448660023e-02
1.728262924754648266e-01
2.828005097907980714e-01
4.165065923648264556e-01
4.905714178832296657e-01
5.270952108850011086e-01
4.544641629918291237e-01
3.366698370232362736e-01
3.002795084973542417e-01
2.335124572488177230e-01
2.095805522798639409e-01
1.678007209049239556e-01
1.779592471631639139e-01
2.025908770278721238e-01
2.239417614356111752e-01
2.390033158868286045e-01
2.127162422724110935e-01
1.634200477984948940e-01
1.767041458936125797e-01
1.630534977182047096e-01
1.480925836270841067e-01
1.163011406991649455e-01
1.217784301170463102e-01
1.587443467272232345e-01
4.985575344938615594e-02
-2.686190351902922879e-02
-2.386599223292108773e-01
-6.514828070909822744e-01
-1.318202629079042065e+00
-1.854113616237735407e+00
-3.019635179926024038e-01
-5.524629878182957254e-01
-7.947817542123568613e-01
-9.642857000552688129e-01
-1.129383848093220788e+00
-1.256715072446222381e+00
-1.338630475694405186e+00
-1.340276510612569139e+00
-1.340812620415812617e+00
-1.251530386286324736e+00
-1.110279827244484263e+00
-8.725351234485929641e-01
-7.827237665879880346e-01
-7.212271400107539421e-01
-6.436845404488794609e-01
-4.156582970535115384e-01
-5.212866550557188061e-02
3.774321689692741177e-01
7.570212611755131604e-01
1.007343279634304256e+00
1.180821837418117415e+00
1.366736981228942938e+00
1.517274392836691188e+00
1.684751546375469422e+00
1.804275878485609885e+00
2.022604967328749836e+00
2.165522016586591825e+00
2.265856201016255955e+00
2.312178860129087354e+00
2.377266199989765738e+00
6.278332186936344539e-02
1.400766394747663401e-01
1.719330145303470392e-01
2.199699852451552362e-01
2.237125523063660804e-01
1.765112825735905278e-01
1.437903505689699102e-01
1.636029233368187508e-01
1.718010945424133240e-01
1.645622828421605677e-01
1.203152309517136753e-01
5.002184973021346626e-02
-7.330012547008364632e-02
-1.427270577277890140e-01
-1.988282227737320496e-01
-1.735791264634132247e-01
-1.907385100894377905e-01
-2.577713106367894857e-01
-3.604388203857037398e-01
-4.557884885885128412e-01
-7.405281456910177695e-01
-1.204884580243805292e+00
-1.767765684370046220e+00
-2.175385238814258937e+00
-2.486590025300214446e+00
-2.761275707612818930e+00
-3.026573941051021954e+00
-3.301160759160532976e+00
-3.584090349109935847e+00
-3.639807894391164034e+00
1.410178516862508613e-01
4.429481327589235296e-01
7.509737000104373950e-01
9.253122892548469869e-01
1.000378302282441290e+00
1.069269256708400562e+00
1.194910185974851435e+00
1.305764283314301943e+00
1.497637388553595628e+00
1.715781410787845740e+00
1.931959381728953984e+00
2.197215005876404614e+00
2.340340886882271043e+00
2.539973967921613340e+00
2.633499101219769489e+00
2.674545013447477526e+00
2.603938412095308852e+00
2.595381047173512368e+00
2.629908355528595809e+00
2.673017371218254112e+00
2.712841713824493795e+00
2.813815245653655595e+00
2.963000306423400509e+00
3.066217709886281728e+00
3.241415546633091171e+00
3.399785640456957747e+00
3.508307893623051399e+00
3.581342573081123248e+00
3.678766230020699357e+00
3.719055805427593953e+00
6.987429181364404607e-02
1.207912004603357292e-01
1.744970332011378522e-01
1.597135530088750199e-01
2.009919550590691384e-01
2.674734575583865848e-01
3.501737199879801365e-01
4.727377996347680855e-01
5.610820047919221620e-01
6.394392746527672866e-01
6.750947395950814833e-01
6.422119938642909531e-01
6.129443584160466640e-01
6.162089506319523569e-01
6.261060234754507459e-01
6.685512432904754387e-01
7.447625989792995282e-01
8.246572165690316814e-01
8.563480870151327640e-01
9.054524471721656642e-01
9.595232379414715407e-01
9.600674347396843666e-01
1.004856471691415232e+00
9.737205918361815371e-01
9.674176369587580426e-01
9.429131245374653414e-01
9.787721890792147050e-01
9.486870838523839833e-01
9.498038687180624384e-01
9.578337146089109799e-01
2.641353548503829266e-02
8.172758528849497633e-03
-7.687428350904081109e-02
-1.117093750598353030e-01
-2.040523784293477028e-01
-3.656820004808535862e-01
-5.612692820323658127e-01
-1.304861882935852258e+00
-2.176974950116303376e+00
-3.036291196623498667e+00
-3.548296231413401891e+00
-4.017440117760680884e+00
-4.034233526838616690e+00
-4.048103674892399972e+00
-3.990367341388568079e+00
-3.957956384088030966e+00
-3.910384052661874055e+00
-3.986775917373218459e+00
-3.933731358586363136e+00
-3.995297116332564347e+00
-4.107745844738886376e+00
-4.231184052916424854e+00
-4.259537457209305877e+00
-4.162454102330663375e+00
-3.891583613943847553e+00
-3.570646031550408050e+00
-3.413222679542668558e+00
-3.128144969196938963e+00
-2.788693742313455903e+00
-2.380750462981502835e+00
2.090618472635252245e-01
4.120935320637627575e-01
5.155267043232267810e-01
6.781415341371426209e-01
8.635061020040795121e-01
1.034970589753204662e+00
1.164121343410392306e+00
1.309465113787393165e+00
1.448825939812554253e+00
1.569823529939591511e+00
1.597136169895971181e+00
1.634102817703366073e+00
1.675097148101781119e+00
1.748352066398441984e+00
1.796369406668386626e+00
1.931323015266519727e+00
1.921934118438919814e+00
1.956117113603532465e+00
1.982082516613100198e+00
1.978485578355643870e+00
1.993585319049460347e+00
2.024639688046795172e+00
2.031409956856975896e+00
2.006493100446378630e+00
2.012470767471994826e+00
1.949066106276590826e+00
1.871337717939617784e+00
1.789042282370016279e+00
1.661788069108701471e+00
1.506341772258003475e+00
-1.199543915780878767e-01
-2.630552761809941131e-01
-6.380242736187602404e-01
-1.165859502165803363e+00
-1.852930678780674301e+00
-2.447916275991612878e+00
-2.642697223541924600e+00
-2.893278427002385911e+00
-3.141606987114994531e+00
-3.248102026264738651e+00
-3.226546468059736661e+00
-3.238751697441655697e+00
-3.172130380875209710e+00
-2.900405663534876055e+00
-2.534310132833499818e+00
-2.254969683691729010e+00
-2.072117395790751271e+00
-1.813299233026890001e+00
-1.548338726259299580e+00
-1.368631928216549110e+00
-1.182105625371091095e+00
-9.947745054218466443e-01
-8.685945262057743754e-01
-7.201694394298808755e-01
-6.377666064124902778e-01
-5.235938075271228120e-01
-4.059941380281258949e-01
-2.172021702330413917e-01
-5.364476032315898535e-02
1.187748880111818839e-01
1.204012263290536178e-01
2.102947905901467185e-01
2.375203069559557456e-01
2.653512830212209628e-01
3.685881325733761926e-01
4.214762972043117339e-01
4.176080683543964556e-01
3.885029123479888935e-01
3.325266269052978840e-01
3.847424977065064811e-01
3.953888972551644065e-01
4.106576319702753830e-01
4.065290720597748986e-01
3.708438903395572250e-01
3.183881218204823171e-01
2.410234741099207545e-01
1.431851760795365414e-01
3.805961225165400974e-02
-1.579910469438081666e-01
-4.027672582369634102e-01
-8.173235514363021981e-01
-1.318428017191997093e+00
-2.018410537175867603e+00
-2.382187364065436519e+00
-2.524859200286636796e+00
-2.601600088998947680e+00
-2.741156974879879638e+00
-2.810953980502132854e+00
-2.892943132158530606e+00
-2.964193247364731665e+00
-4.659738677589825989e-02
-9.057682407837333582e-02
-4.811538541289876042e-02
8.167170764127854032e-02
1.977675261246725213e-01
3.982501616261419630e-01
6.345892196466078605e-01
9.634994102815447325e-01
1.296510786444602159e+00
1.524623654514451143e+00
1.716945337423986695e+00
1.853173905264896115e+00
1.948209163933091626e+00
2.086683259663392409e+00
2.197323976390255229e+00
2.359072685888445875e+00
2.504567486260571130e+00
2.650504216103774624e+00
2.768827046863119978e+00
2.934259270680780407e+00
3.037187582060607571e+00
3.138432963968283751e+00
3.216546335410281454e+00
3.192498808332710158e+00
3.194526525203210454e+00
3.212217006319324941e+00
3.174097114223089378e+00
3.200804242633528141e+00
3.224178525834088926e+00
3.235670896865309842e+00
-4.209158410366771463e-02
-5.627595243322308649e-02
-1.219124391275370478e-01
-1.224384561639893371e-01
-1.318132419176890613e-01
-1.845159092843027260e-01
-2.304743796334801642e-01
-2.893378575376703288e-01
-2.886684228550608911e-01
-2.678373072160032398e-01
-2.673303740265245421e-01
-2.319147828847816784e-01
-2.938117011568440184e-01
-3.414355399668935753e-01
-5.349304656608733222e-01
-9.670363613298322836e-01
-1.676779471653703890e+00
-2.134665078534092153e+00
-2.502824499170745565e+00
-2.948023052705003977e+00
-3.163216189778819132e+00
-3.210732820247333752e+00
-3.135958318117293864e+00
-2.853275236897851119e+00
-2.659904876801628681e+00
-2.537252117244533256e+00
-2.474239247203110281e+00
-2.461357524265015417e+00
-2.529973664486959706e+00
-2.617979116380779736e+00
-1.244890363120034274e-02
-6.535997539263760370e-02
-1.086109073764877364e-01
-1.991576325328690833e-02
8.467233014994644813e-02
3.166912123347795927e-01
5.111059157598282221e-01
7.417775909022051861e-01
9.051815316634497233e-01
1.063525583491022442e+00
1.173151280828518939e+00
1.341946412723020510e+00
1.490285650273980744e+00
1.627548578383805955e+00
1.762707636932836275e+00
1.888803809003750889e+00
2.018890778092887750e+00
2.090162969569479667e+00
2.092880642840295735e+00
2.123179621876550627e+00
2.245280173300426174e+00
2.324920613662722069e+00
2.389690208543019168e+00
2.401379000363025984e+00
2.499828439832519678e+00
2.556766501041743300e+00
2.585740427094771920e+00
2.602902629969245929e+00
2.578198428633954098e+00
2.655012738041065745e+00
2.726572255618799068e-02
1.134553982230847996e-01
1.917060082502132778e-01
2.586083956905408376e-01
2.690181739981850617e-01
3.616894672903465668e-01
3.815608945830775145e-01
4.754705925500631314e-01
5.638973760176062555e-01
6.429988894927992638e-01
7.827770846327654075e-01
8.943212716633883730e-01
1.025875817356090014e+00
1.082310371999980259e+00
1.086609808353605988e+00
1.056121883816883544e+00
1.074267214989342856e+00
1.047827459132915973e+00
1.094786462320261222e+00
1.145165529959328854e+00
1.203333226056797489e+00
1.171443801980257104e+00
1.160938217019694907e+00
1.116948100111784248e+00
1.085728125394126220e+00
1.045138027137630266e+00
1.031746282196341458e+00
1.017165520378655597e+00
1.005056427822495602e+00
9.556210921287997540e-01
-4.559778040495069545e-02
-1.123796707824907259e-01
-2.175703562304708294e-01
-4.009831384985679259e-01
-1.010967075404863191e+00
-2.128039236105643717e+00
-2.891408324960092813e+00
-3.501946128743880227e+00
-3.990882237100227936e+00
-4.253178058154113650e+00
-4.450876842837326208e+00
-4.454618252212504181e+00
-4.300735784561600106e+00
-4.200512625922087295e+00
-4.087908038378114561e+00
-4.005982519918188878e+00
-3.963765608157785003e+00
-3.935464714552910248e+00
-3.833203618884341690e+00
-3.616497650166886846e+00
-3.272543832816411591e+00
-2.862495857015874723e+00
