-9.966324940803895915e-02
-1.515169372935868952e-01
-9.628869617298811689e-02
-1.486904488293408488e-01
-1.472360632641513678e-01
-1.437456701242209589e-01
-1.095731561004233690e-01
-9.408230614534519864e-02
-1.165489242249772850e-01
-1.110264900492246992e-01
-8.836508516572666450e-02
-8.541060363351615781e-02
-6.141441295771087050e-02
-6.780522491191201540e-02
-4.422556703980437542e-02
-4.956994983961978546e-02
-6.005173411044516935e-02
-9.667024415708691532e-02
-1.305702291086856537e-01
-1.582246533546355360e-01
-1.944782098816581484e-01
-2.550692045860350476e-01
-3.052863373003458225e-01
-3.445943408811392716e-01
-3.742861189633402974e-01
-4.306424330489344587e-01
-4.694467238215558336e-01
-4.722850613777017093e-01
-4.789480440346769452e-01
-8.674330284527440732e-03
-4.558885499651776918e-02
-1.016177992195936020e-01
-1.327602289009634784e-01
-1.827572920312650340e-01
-1.946836765958919468e-01
-2.074782933530110451e-01
-2.050694710906195151e-01
-1.853026844724352529e-01
-2.623528342289491722e-01
-3.607438066235442164e-01
-4.804338179979165124e-01
-5.200236279301539977e-01
-5.844322854764832931e-01
-5.875057707926872874e-01
-5.678016309994476929e-01
-5.261854955088833830e-01
-5.012418754737362203e-01
-4.849544463522657001e-01
-4.123226406894143214e-01
-3.769294855786201048e-01
-3.126344471751665854e-01
-2.486808790447690432e-01
-1.922114050390377749e-01
-8.721736098444368701e-02
1.142795194451402818e-01
2.501697891435206156e-01
4.521950129422646625e-01
5.197460248848068121e-01
6.017468703866547530e-01
6.128679842364442854e-02
1.383004240762460979e-01
1.484289674726572694e-01
1.588046585438009362e-01
2.090869690000775050e-01
2.333325885496192187e-01
2.938736088551330283e-01
3.217732654476929133e-01
3.864944978978891443e-01
4.197286180350973672e-01
4.364824411406791893e-01
4.583440577634692037e-01
4.518129990400446272e-01
4.478763642020767155e-01
4.508850558438900480e-01
4.697607592737565452e-01
4.769110473091700553e-01
4.599007275607021605e-01
4.329525806528752851e-01
4.078431162064425908e-01
3.529864955650539593e-01
3.331735107609085089e-01
3.200132395905609384e-01
3.145749374374855467e-01
2.877074602480078624e-01
2.442768870492916800e-01
1.961201036307262113e-01
1.488262269935778370e-01
7.113147137158956634e-02
2.828168274025527618e-02
-6.017100548938242310e-02
-8.924295535301329796e-02
-8.851543628314252621e-02
-8.112517978230990301e-02
-6.826265963433283956e-02
-1.116924209543405377e-01
-1.891657053475252204e-01
-2.568983968230573733e-01
-3.742246788439852478e-01
-4.302340124981822722e-01
-4.768855030894526559e-01
-5.255827379158554136e-01
-5.479415324911789398e-01
-5.733519514536419281e-01
-5.621085085910203505e-01
-5.377107561503082778e-01
-5.169168457448022336e-01
-5.115144762680983170e-01
-4.581261249142706271e-01
-4.488310045786562674e-01
-4.108628616374631615e-01
-3.833726129278547945e-01
-3.642003737003483566e-01
-3.652601692149770041e-01
-2.893801759457070299e-01
-2.665677728949599201e-01
-2.377053454934051346e-01
-2.090651837178761074e-01
-1.844800062771499438e-01
-1.131600561201423910e-01
5.555774578485711546e-02
1.158130161178938383e-01
1.501158225595190798e-01
2.066747144842471240e-01
2.565909384128753357e-01
2.852443899564050533e-01
3.288876585449035939e-01
4.327879537648496866e-01
4.537549436208975218e-01
4.510150967886613627e-01
4.692648756349324657e-01
6.009282872901277051e-01
7.172340646457309177e-01
8.149020663911293871e-01
8.838206635903388397e-01
9.197735543479176323e-01
9.300653396149846097e-01
8.833896853572953400e-01
8.112138698914963530e-01
7.758851207570540698e-01
7.586067231821765899e-01
8.111383647924056417e-01
8.204305462446730424e-01
8.726867271245040136e-01
8.565885448532782886e-01
9.142798499399757972e-01
8.806123722143526233e-01
9.404016177493915718e-01
9.182688671364572786e-01
9.661454148859917046e-01
2.497419925180429517e-04
1.260899109709107471e-02
1.481487188768556770e-02
-5.759998623612993390e-04
-4.130062613075545508e-02
-1.206173148341859180e-01
-2.445120487386738817e-01
-2.475542281512399245e-01
-2.255611258523265161e-01
-1.948110337370105027e-01
-1.633726140373325253e-01
-1.739850757849374652e-01
-1.648022157544357380e-01
-2.012646565186664294e-01
-1.995359871098328075e-01
-2.559448437695359124e-01
-2.432640370376085714e-01
-2.438479520889480501e-01
-2.818036094267880598e-01
-4.402063228658558147e-01
-4.674512474213518010e-01
-5.732854676049283782e-01
-6.376050732349731742e-01
-6.861006605267935266e-01
-6.680605404577691919e-01
-6.681414205896725189e-01
-6.299776013995666002e-01
-5.915676955111616175e-01
-5.290361593638830406e-01
-4.936860558393458831e-01
3.602944416365724822e-02
8.803867663492187523e-02
1.511693393572025590e-01
1.874801834322928351e-01
2.411667015027381678e-01
2.637100855095279028e-01
3.198702160404262029e-01
3.279681912888790518e-01
3.713006855297754649e-01
3.474852238160516804e-01
3.742560754015533675e-01
3.557761870252848513e-01
3.906201087178161613e-01
4.336740268008839050e-01
5.016077232837182764e-01
5.758592815888583516e-01
7.445802155862817351e-01
8.114839981252234269e-01
8.959004344085121918e-01
9.511195751962608913e-01
9.697725767799434404e-01
9.612201252143881547e-01
9.247854592258171191e-01
9.562123824531739702e-01
9.414566903560658284e-01
9.894023188423801685e-01
1.012704014266291974e+00
1.070008877526002600e+00
1.076246092021883927e+00
1.088960064774142422e+00
4.552057848883838548e-02
7.879953934404307359e-02
1.604381473408659220e-01
1.558547451266125983e-01
1.476802434396695951e-01
1.335530264313349591e-01
1.511325825408349199e-01
1.753956415115648648e-01
1.940155591145367453e-01
1.702115939142982981e-01
1.462150096587053194e-01
1.414214817655372880e-01
9.916083137137382542e-02
1.026213535828065238e-01
9.154570138274538416e-02
1.283317152287683782e-01
1.083188777832954641e-01
1.280402699566973723e-01
1.127389940420578246e-01
8.174895552304511925e-02
5.941322037633896269e-02
-1.905514293564596062e-02
-4.593716068509011430e-02
-7.128096445041655349e-02
-7.984225516895468444e-02
-6.207697363107864130e-02
-1.014185364310110637e-01
-1.043698240947387723e-01
-1.351851941249154199e-01
-1.683817101297116481e-01
-6.752374195430822790e-02
-1.329048436698137270e-01
-2.544282671775299209e-01
-3.273734437886595683e-01
-4.117200559665374349e-01
-4.795727686221258335e-01
-5.160261983709404365e-01
-5.384881318991653343e-01
-5.857536868710179201e-01
-6.079063760918469450e-01
-7.017382065751623932e-01
-6.800532445602984755e-01
-7.029362739933684434e-01
-6.278625844522428556e-01
-6.044892948646530817e-01
-5.087451306859822608e-01
-4.903272150162433229e-01
-4.288152995169702275e-01
-3.669435358297928329e-01
-3.190505120992920829e-01
-2.720563881608683010e-01
-2.356166041236622821e-01
-1.682021153745882902e-01
-1.361146963906658125e-01
-7.385573329504505069e-02
-3.281666851068912316e-03
9.332933982748403690e-02
2.163806034732842498e-01
3.412652378750296034e-01
4.225772334091073557e-01
6.671999068724307480e-02
1.222515869636314478e-01
1.294428246571190100e-01
9.571158448838942845e-02
8.845443539894612406e-02
5.292021538502036243e-02
4.713209963590412471e-02
4.075838220738626366e-02
3.666280284281390328e-02
3.658685629315928944e-02
4.240137803600267652e-02
2.305435963898120125e-02
3.308184903462122600e-02
1.482542128140722226e-02
3.144489822713664173e-02
-7.232952473093703927e-03
6.042515772263452878e-03
-2.817555582371242262e-02
4.120262813673246372e-03
-3.098650252261208465e-02
-1.690586810374233168e-02
-8.863329965441250902e-04
5.289125187147938629e-04
4.357354956297168104e-03
1.339669738432206283e-02
-2.916210402598266166e-03
-1.720175656007231352e-02
-3.059378935477332848e-02
-3.860187001859158307e-02
-6.086212919531248933e-02
-3.515854237820942307e-02
-6.098957095658039118e-02
-9.416149473555800176e-02
-1.465378920210909930e-01
-2.324726033927617674e-01
-2.643633933581143181e-01
-2.853585731060196973e-01
-3.185165333719216507e-01
-4.309185180868401188e-01
-5.133467026993869808e-01
-6.367907078535846033e-01
-6.628618242454734633e-01
-7.261437195789274268e-01
-7.169950879506870045e-01
-7.067030480087823641e-01
-7.058981868942649784e-01
-6.778246964529616170e-01
-6.619221741305411078e-01
-6.320859514522704226e-01
-6.639373883098924622e-01
-7.058394976904565077e-01
-7.741123175124204892e-01
-8.019080696391974739e-01
-8.655751971073594175e-01
-8.607125891844631393e-01
-8.702975790768141540e-01
-8.623314878760481861e-01
-8.236275225662896826e-01
-7.400398606916051003e-01
-6.603169279713653195e-01
9.190607129056077573e-02
2.163370281560005048e-01
3.501510406690596655e-01
4.959783265601558355e-01
5.890206456661940537e-01
6.790121488377242054e-01
7.390720846106306752e-01
7.744602974585274024e-01
7.585963772999330113e-01
7.440155883464206754e-01
7.304838764303054344e-01
7.388117105551710306e-01
7.497676582333635542e-01
7.895677117353274710e-01
8.211173918385296089e-01
8.294173725720145329e-01
8.242837985735336215e-01
8.086679433149724927e-01
8.264911802650638517e-01
7.783444023726837635e-01
7.637174823367360865e-01
7.536961809064268714e-01
7.692536385041612856e-01
7.747053554629863559e-01
7.772475323321037521e-01
7.820334777795449055e-01
7.826893537426820036e-01
8.182232122914429029e-01
8.355732145005299039e-01
8.790354588002520231e-01
-2.318640209652924212e-03
7.368979931946196757e-03
-8.157600377206636680e-03
1.069233721070936456e-02
2.710702001145303200e-03
5.588744118962362187e-03
-2.978345174636624210e-02
-2.762518066934253891e-02
-9.569537203616064469e-02
-9.822980769854111616e-02
-1.110787404840027776e-01
-1.317023401866816434e-01
-2.383882062435108140e-01
-3.639860862796499008e-01
-4.712095358647894749e-01
-5.811207398023910953e-01
-7.311334765431332094e-01
-8.822254911982039260e-01
-1.055220135083220212e+00
-1.282823750033885046e+00
-1.378201104536578736e+00
-1.388835554997281729e+00
-1.323156932911406569e+00
-1.287207317764370584e+00
-1.213503070625412406e+00
-1.142881130486390173e+00
-1.060086941009401595e+00
-9.829634663128778982e-01
-1.006031986786685151e+00
-1.016825600363369997e+00
1.721550726245365788e-03
5.039268601823624315e-04
4.176624937250779032e-03
4.338699768655425448e-02
7.940415124276373193e-02
1.199991459366448465e-01
2.121259047791849983e-01
3.312703739874445774e-01
5.004086688102190594e-01
6.324211322107271549e-01
7.462723766828872618e-01
8.403053209822244352e-01
9.142353496157118453e-01
1.005698738110823776e+00
1.073435683951519559e+00
1.076966699208394163e+00
1.114229412004072328e+00
1.127978299585258082e+00
1.152484391085485171e+00
1.177650793570206300e+00
1.252518794483175935e+00
1.298465348529724173e+00
1.346805953393672928e+00
1.396898392659672306e+00
1.417361895377882375e+00
1.421503078383127949e+00
1.404594382701462418e+00
1.373005306665280090e+00
1.354964112781819496e+00
1.326515503589341005e+00
3.181335446520749954e-02
-6.673785685068212015e-03
3.153467306084810351e-04
-1.276869648327618248e-02
1.413894892356099692e-02
-1.032002465887518067e-02
-1.629933443913553909e-02
-3.971824732293713356e-02
-3.372344454327109997e-02
-3.648051805491261262e-02
-3.672980493617273440e-02
-4.253684926009958234e-02
-7.225245824149416352e-02
-1.387292988223081391e-01
-2.106663218428778683e-01
-2.993458476310532079e-01
-4.220085601019066823e-01
-5.000399126622557811e-01
-6.028911543300068399e-01
-6.699243172888461606e-01
-7.794914622480664246e-01
-8.478841260401223101e-01
-8.671230075613876043e-01
-9.286211255614266191e-01
-1.037203455319870793e+00
-1.203012043219921390e+00
-1.369899284570326392e+00
-1.587290194532247734e+00
-1.766545850907028203e+00
-1.883699649358893335e+00
-5.276873142234700213e-03
4.952621808549268617e-02
1.245064836125061580e-01
2.865245622967485528e-01
4.685203053365068482e-01
6.501315530220501682e-01
8.226427476381847903e-01
1.052536004599553765e+00
1.174625105522712376e+00
1.308017522828511137e+00
1.380585848473643962e+00
1.462318269324012654e+00
1.560241617800110392e+00
1.626979691623763102e+00
1.715995844129632353e+00
1.774433305882128886e+00
1.860711429564544162e+00
1.914186483519894288e+00
1.958742484285657559e+00
1.954865595161402236e+00
1.928115619195297281e+00
1.878788144797244763e+00
1.851846959726650699e+00
1.810181949976793714e+00
1.781665182254036361e+00
1.752717894508990737e+00
1.741367018446343007e+00
1.711842564130807043e+00
1.735039642109732272e+00
1.677212069095476155e+00
-3.405706007929575757e-02
-7.532711704794192720e-02
-6.095836423538158327e-02
-5.450669363488678393e-02
-5.966910333785210158e-02
-6.026526135596634026e-02
-4.310138407679335593e-02
-6.138633772834566071e-02
-8.924214978874632498e-02
-9.797848061841607503e-02
-1.292051204472008941e-01
-1.336363750652182492e-01
-1.421716315976489509e-01
-1.401815699182550612e-01
-1.725873007338836196e-01
-1.589699017982743046e-01
-2.261121227305187276e-01
-2.690525464217023432e-01
-3.056694001741985245e-01
-3.504548251772002798e-01
-4.148882317095541894e-01
-4.474899935765196957e-01
-4.987319589274200604e-01
-5.334509730498755431e-01
-5.623502775240892815e-01
-5.921777822650722278e-01
-6.348824367346017628e-01
-6.439238654698788977e-01
-7.122727928770877792e-01
-7.091981348748186420e-01
-1.803506434015043902e-02
-4.710248391827792647e-04
-8.365402761544454835e-02
-1.524407593467542732e-01
-2.517055904336392147e-01
-2.854386032512637450e-01
-3.273140131853048418e-01
-3.841264080574763873e-01
-4.603456864750098965e-01
-5.246197931535176995e-01
-5.167072139227802952e-01
-5.221833694546246241e-01
-4.385203390555462155e-01
-3.252467511446466841e-01
-2.146914326081310886e-01
-1.135572529972831979e-01
-3.432216535124060774e-02
4.050076424809823106e-02
8.658814271153603137e-02
1.743685823191941653e-01
2.503062010834820605e-01
3.035973467456464792e-01
3.853438621256244367e-01
4.947430561146617944e-01
5.106414299428689851e-01
6.080529701484475025e-01
6.677254242207951718e-01
7.869845758450747519e-01
8.436927288026396798e-01
8.869758385914717769e-01
1.935086049590152221e-03
-1.498517173611671905e-03
-1.369405492740319828e-02
1.896678286326176216e-02
-1.393056234165745977e-04
7.461710232869630567e-03
-2.706521627299111193e-02
-4.802296126415465938e-02
-5.149769556541687610e-02
-6.426814950192935583e-02
-6.133811124285950406e-02
-9.846564863479601026e-02
-1.161822153551320125e-01
-1.852850053527370922e-01
-2.063526869821035448e-01
-2.284093443070446816e-01
-2.621259784000848359e-01
-2.690822919905102584e-01
-2.689658054068188586e-01
-2.843631241974952650e-01
-3.076022219751042841e-01
-2.843876681120310335e-01
-2.732871561890430345e-01
-2.625077060532196582e-01
-2.862311869613544668e-01
-2.419813204085602409e-01
-2.608266911792078147e-01
-2.443145081445321221e-01
-2.942214025131954513e-01
-3.174274090870699561e-01
-1.012529086573698139e-01
-2.231131779371667290e-01
-3.977556803869065627e-01
-4.704802024863041221e-01
-5.442080478923789766e-01
-6.518949367551953866e-01
-8.104416414384720824e-01
-9.933376529883956030e-01
-1.327690635477454251e+00
-1.516505831793536041e+00
-1.664664587521321737e+00
-1.663023822299714016e+00
-1.609775482264079072e+00
-1.450962807649293307e+00
-1.104927108029329919e+00
-8.947421488854157001e-01
-6.969367554237206885e-01
-4.988323852091370858e-01
-3.753408691562019062e-01
-2.997564001369854569e-01
-2.951046204383168114e-01
-2.975408350414375791e-01
-2.983758060487272656e-01
-2.588464813423531630e-01
-2.294569387541365302e-01
-1.339674997060059658e-01
-9.085284352313566236e-02
-2.263090617788328374e-02
2.170992858055853514e-02
7.018702727567942279e-02
1.398944881115264834e-02
5.320798705898287934e-02
6.419007311512740788e-02
1.012935310021613744e-01
1.011367268994624591e-01
1.083180068012355168e-01
9.189028754140907140e-02
1.330743277432987204e-01
1.356694193745649479e-01
1.836922338923384079e-01
2.090397526252620319e-01
2.067066214334633278e-01
1.975452695174370610e-01
2.327817440725313547e-01
2.249136812419281761e-01
2.369914128169051115e-01
2.147436942118552961e-01
2.159872023688373943e-01
2.019155621552256308e-01
1.959575881513865303e-01
1.702636313461299011e-01
1.699742181525987494e-01
1.752474446240513961e-01
1.880491289854517856e-01
1.967922686684422939e-01
1.985581681456072278e-01
2.052125098893939625e-01
2.177039830281393140e-01
2.162780385697906926e-01
1.958409299834746320e-01
-2.058484730228864190e-02
-5.405509034585376238e-02
-1.223353966035832241e-01
-1.364852951852610075e-01
-1.372278483081280365e-01
-1.594719101581605625e-01
-2.576831130147387294e-01
-3.266856491529518403e-01
-4.518962755374912321e-01
-7.691440766941661789e-01
-1.174053753958208990e+00
-1.360425031647359839e+00
-1.502217091558261775e+00
-1.473090699505088308e+00
-1.428066284799247576e+00
-1.245914676070834393e+00
-1.059897205379520146e+00
-9.208910301965185230e-01
-8.425707213305876353e-01
-8.074343386894815566e-01
-8.275421076035521795e-01
-9.019519789797546538e-01
-1.055920299537954854e+00
-1.313805845709604458e+00
-1.435687651278192645e+00
-1.509655803448411993e+00
-1.448425562374516806e+00
-1.423798450245190805e+00
-1.354014641380042017e+00
-1.336008687152362207e+00
9.083998746208507558e-02
1.813908861368698777e-01
2.925809532863978268e-01
4.184052796148101105e-01
5.442371633068316950e-01
6.941732206035737818e-01
8.029573168287456042e-01
8.960541854143132534e-01
9.583708020148457019e-01
1.000045266279358414e+00
1.053391003014048977e+00
1.114937447043003571e+00
1.159951314744469109e+00
1.206039777928756607e+00
1.233142410882416939e+00
1.260051823009646466e+00
1.295266928671703344e+00
1.318800198458523143e+00
1.331328127955886398e+00
1.342356701114371997e+00
1.338773983232568021e+00
1.325578455019013724e+00
1.357275865727542774e+00
1.360895679975746564e+00
1.337852080454333237e+00
1.349883243607431949e+00
1.344633368646369398e+00
1.333563120294801951e+00
1.310636036552925932e+00
1.312530595748552242e+00
-2.906978804533843011e-02
-1.611945308221301304e-02
-2.437780192442775412e-02
-7.538353752072030761e-03
-7.619584034924980001e-03
-4.088854048839653255e-02
-4.834948191418825952e-02
-1.651235963134254636e-01
-2.602977408762617295e-01
-2.630011377727721755e-01
-3.191834000253688797e-01
-3.436718782151916840e-01
-3.469038139525028042e-01
-3.602361137567952065e-01
-3.935076835870891521e-01
-4.312804127357503514e-01
-5.634894686293369093e-01
-9.985040813852978925e-01
-1.428538287252047123e+00
-1.665216432080101949e+00
-1.747834337222533341e+00
-1.750305933148151638e+00
-1.670295477756759794e+00
-1.606948171874503339e+00
-1.485422488966690269e+00
-1.382369936624403328e+00
-1.231357396989663400e+00
-1.108521873582501538e+00
-9.800106810402311464e-01
-8.696217255653633238e-01
8.808845186544284056e-02
2.848978804525567066e-01
3.867005517902366574e-01
4.909704920880504364e-01
6.058783525000563941e-01
6.820880985078111580e-01
7.543959166057293553e-01
8.412943849912178917e-01
8.813801240826074634e-01
9.393267004962203570e-01
1.007517848994035070e+00
1.045343580863788757e+00
1.089321037432581019e+00
1.110701660917927436e+00
1.107002951492642939e+00
1.123368920865355669e+00
1.140102926260835092e+00
1.162240726023805459e+00
1.157896290296065223e+00
1.136389178033555325e+00
1.044228962084732926e+00
1.021381171931981635e+00
9.809405726724944596e-01
9.784426516963217191e-01
9.991208899960033474e-01
1.024788245956537613e+00
1.024701990543891439e+00
1.033443839763042105e+00
1.029435131552602911e+00
1.015140660806816753e+00
-4.005471400408186673e-03
-1.380306895920864821e-03
-1.758484252717181645e-02
-1.647902857952575698e-02
-2.304188900474607102e-02
-2.808823953769817861e-02
-3.459754061220170207e-02
-4.359464484726410793e-02
-6.520681619999321721e-02
-1.299315020944130650e-01
-1.898603061015160520e-01
-2.817276087706731547e-01
-3.852263013047410034e-01
-5.249747816440122339e-01
-6.245931314906025822e-01
-8.514136230686275564e-01
-1.084041370954485828e+00
-1.446437306125216926e+00
-1.574396364917229008e+00
-1.610996693102025867e+00
-1.666035546844287341e+00
-1.658544263936780450e+00
-1.682327787076075332e+00
-1.584381257033593560e+00
-1.503069842989476212e+00
-1.257509303950783197e+00
-1.058446441834174356e+00
-8.762453972867838559e-01
-7.537755012373096308e-01
-6.408080622840778284e-01
4.166832365527456394e-02
1.264589922856110826e-01
1.595704049501211752e-01
2.183373123140491812e-01
2.683056791733517410e-01
3.317074484932727718e-01
3.917284069681702952e-01
4.525778275722399102e-01
5.276805369488601904e-01
6.474254326695627615e-01
6.852606103060057130e-01
7.265149156921355544e-01
7.407710680867837238e-01
7.405552253224383374e-01
7.409878251213523059e-01
7.536858248218856193e-01
7.418772468424996713e-01
7.429834371629467915e-01
7.460538567018957234e-01
7.429567801558042417e-01
7.349649188949359813e-01
7.464073229195941073e-01
7.542828123002009999e-01
7.744752133323675736e-01
7.876619709651306867e-01
7.941413357372596460e-01
7.859973849641560539e-01
8.035576057901939739e-01
7.479199535626135376e-01
7.644774565834855373e-01
-2.021983818831070076e-02
2.747437497543365678e-02
2.637235219862820931e-02
6.121921542306994757e-02
6.044398615343413161e-02
8.102708791922294540e-02
6.061618856893163931e-02
7.459220562454796366e-02
6.081693571889268402e-02
5.229861192441581652e-02
6.354615588439872786e-02
1.049955957144198954e-02
8.770883634321342132e-03
-2.971838945134265206e-02
-5.475346402107815480e-02
-1.760007491694708381e-01
-2.682403699618441939e-01
-3.750140804846985310e-01
-4.308958055562487344e-01
-5.463394893161185317e-01
-5.961940452180498617e-01
-7.659832645726050160e-01
-1.096214779707068043e+00
-1.270566236462512544e+00
-1.458344440641528905e+00
-1.579581723375630187e+00
-1.639614629895808084e+00
-1.579495136888520168e+00
-1.618761726640921328e+00
-1.661095444707563207e+00
-8.618320958124957298e-02
-5.682784671118101816e-02
-6.726804688813345368e-02
-3.672773208288118707e-02
4.641301480138106117e-02
1.954949794555448928e-01
4.143033853860011995e-01
6.173096935668003216e-01
8.063963066445972716e-01
1.001210995782449320e+00
1.212249124793095767e+00
1.372400841877075006e+00
1.454864484404202907e+00
1.578984551919629054e+00
1.643595864560037922e+00
1.757741694837575475e+00
1.833943067026300611e+00
1.893194529581802232e+00
1.906619691715454978e+00
1.939523213304378713e+00
1.924063989251666218e+00
1.904000669450972349e+00
1.885346014777556700e+00
1.877736237119594254e+00
1.876750147570003024e+00
1.879293220067122405e+00
1.851253125581877601e+00
1.826258352617306846e+00
1.821680624669061777e+00
1.796172965654242004e+00
-7.289038018410506914e-03
-1.604907597966055005e-02
-2.239001158960970267e-02
1.883014986473020846e-02
5.164657155140502109e-02
4.620332359570458736e-02
3.240826761283109592e-02
4.909873262830871665e-02
4.086501912488769983e-02
4.625966336727543177e-02
4.346043361460894677e-02
9.263482825523947084e-02
1.292453610317462198e-01
1.241710765448741649e-01
7.301762224283962766e-02
-1.180602981188023926e-02
-1.591934004766685229e-01
-3.324753863482073912e-01
-4.803217011556674687e-01
-6.688347317040758133e-01
-8.845901757766181372e-01
-1.116697117363000036e+00
-1.321323438762485925e+00
-1.546310329164784836e+00
-1.740392083709789928e+00
-1.919890519806765949e+00
-1.991389207283448259e+00
-2.035511223356918808e+00
-2.119217765225246186e+00
-2.041706558745290945e+00
4.268914407203789306e-03
4.084760446232098968e-02
2.453917150289156718e-02
-2.545747659409236530e-03
-2.762492054527834404e-02
-2.965003333804593771e-02
-2.576247111241727200e-02
4.469469118222327980e-03
-4.786663209096304536e-04
4.042527070734475841e-02
5.559576473692884324e-02
2.404789375678686170e-01
4.389112142474527190e-01
6.584547831392187911e-01
9.248958071834004757e-01
1.189603281665914558e+00
1.527381179534540001e+00
1.688685828541463652e+00
1.872651590769546681e+00
1.946032440319070966e+00
2.021096522477761503e+00
2.075880168745068755e+00
2.122698132870827870e+00
2.140086086382342767e+00
2.172880333111120166e+00
2.161786670050046322e+00
2.184413327101573987e+00
2.170418432179067825e+00
2.183480800486893969e+00
2.185415713033798557e+00
3.556725529721656287e-02
2.585650378741896627e-02
4.364995141709054893e-02
7.188424326511504148e-02
1.147836293294469401e-01
1.600839140429398677e-01
1.585538866499391908e-01
1.411630305358064774e-01
1.021891163077098957e-01
1.016302674993086880e-01
5.142971494281547290e-02
3.881584019726943419e-02
1.376316705314388489e-02
-1.004268558670500314e-02
-2.788452364690728602e-02
-2.343174170834833037e-02
-3.379673086465646847e-03
-6.624638967997337202e-03
-3.975137842534019056e-02
-3.856364161186238981e-02
-1.017970734302682118e-01
-1.185077085720348394e-01
-2.292095937398265504e-01
-3.579588279309932064e-01
-6.828039316687259941e-01
-1.151382550985217801e+00
-1.528212149899309535e+00
-1.779200719441570655e+00
-1.959757510549202220e+00
-2.009509956367347971e+00
2.229050367377254441e-02
1.049188717081854516e-01
3.635473296328359805e-01
6.294459080801344530e-01
8.604511763415224612e-01
9.709791874838888948e-01
1.046975466339237881e+00
1.080123730287513739e+00
1.102614283019703656e+00
1.130714669542852491e+00
1.163173639543023441e+00
1.228708197847628858e+00
1.266974566836139182e+00
1.389279736851441127e+00
1.481905823475269113e+00
1.583618600591039760e+00
1.688207042065059005e+00
1.746801548772196400e+00
1.846719052310480391e+00
1.998114545731716429e+00
2.107429992508794037e+00
2.261948271047601100e+00
2.349156115987521609e+00
2.384224886447885883e+00
2.357213624098847493e+00
2.354783097774967082e+00
2.337504696621423239e+00
2.342058273506819610e+00
2.305429699309289315e+00
2.325596499432044162e+00
-2.791436227587979282e-02
-4.909007140837182148e-04
-1.358682611145428133e-02
-1.484453126715272638e-02
-1.374613672795627593e-02
-1.248020868089233688e-02
-6.803160867280100971e-03
-1.872947452374303795e-02
-1.270569050014025946e-02
-1.061721222398213753e-02
-2.167396466713671088e-02
-8.584044157573711767e-03
-6.228794665078631054e-02
-8.522088749577139133e-02
-1.324201533246048279e-01
-1.629152662107599681e-01
-1.783868384891021674e-01
-1.936412169086216273e-01
-1.928802448245243717e-01
-2.586959592108695194e-01
-3.400070181823393600e-01
-4.727950146861826797e-01
-6.241760590348832682e-01
-8.819265755918310745e-01
-1.448617709052517188e+00
-1.881667874826627784e+00
-2.175480160880133074e+00
-2.366076258570572577e+00
-2.455763058927590503e+00
-2.380511189551091089e+00
6.112302536372734435e-02
1.935800237188169404e-01
4.085766096662574176e-01
6.109675876860678478e-01
7.513242537188181691e-01
8.935903458175283864e-01
1.056597272339538485e+00
1.154983051075111344e+00
1.275122502906635091e+00
1.346022388682735604e+00
1.489793043907748693e+00
1.616969641801512703e+00
1.743290046234593049e+00
1.837044977013535085e+00
1.931696513137177496e+00
2.015496399096788682e+00
2.088955790892571773e+00
2.133310141945518268e+00
2.089289780192986168e+00
2.079878519008168780e+00
2.059086572524120307e+00
2.078164384573375489e+00
2.103661813544357440e+00
2.155821235237542322e+00
2.209597323119541379e+00
2.228689039255611348e+00
2.273094031880241950e+00
2.318781238436709025e+00
2.345222532921293013e+00
2.387668885261200469e+00
-4.759458268871756548e-02
-1.944222427362329864e-02
-7.482714937926085441e-02
-5.449992762045262340e-02
-1.136611499886371890e-01
-1.050049091335226586e-01
-1.260229664546960726e-01
-1.298769607757818412e-01
-1.139228928563096876e-01
-1.125640321784697889e-01
-8.678119271805830037e-02
-8.583246918907237732e-02
-4.667088094422060240e-02
-6.164526131424410971e-02
-4.184418978267063355e-02
-4.520700242538403663e-02
-3.783039101896398804e-02
-4.941810608214061012e-02
-5.130963069378904895e-02
-4.990600066766781584e-02
-4.374348544287551266e-02
-1.128095385866387940e-02
-4.678150942387469813e-02
-1.513265053052758463e-02
-8.578174211689909567e-02
-1.657124276086935910e-01
-2.730747719197156864e-01
-2.823724636061888393e-01
-3.333191458821311293e-01
-4.428126438696944889e-01
-2.054531679464031146e-01
-3.849337170653293616e-01
-5.999300081391826245e-01
-7.171382861782696905e-01
-8.987658184105329351e-01
-9.664590840724078813e-01
-9.971630421350134998e-01
-1.034175653092517688e+00
-1.007029365213153893e+00
-9.993807985842475539e-01
-9.807971218738669172e-01
-9.484965080278308092e-01
-8.942945714730899942e-01
-8.396405948026364197e-01
-7.354632808054285542e-01
-6.654869084837294890e-01
-5.797758922004577764e-01
-5.238228114925057577e-01
-4.257736631994545329e-01
-3.537141428760145478e-01
-2.421126958715705269e-01
-1.515456879517054767e-01
-5.560132354765905116e-02
-1.543502734061401316e-02
3.693190185667018233e-02
7.699935011799996509e-02
1.218815969890579276e-01
1.804134352691671994e-01
2.371764218068059815e-01
2.854018731869384928e-01
-2.841423711228255149e-03
2.465454469605620272e-02
4.929141478649361197e-02
6.808164323265156193e-02
1.048334178600354438e-01
1.055974363894277984e-01
1.349431607233379515e-01
1.220691696560679551e-01
1.377360430559722293e-01
1.342512485539848199e-01
1.352375691939062818e-01
1.274436071983927887e-01
1.173151236131425024e-01
1.156568793902245373e-01
1.231692780893508532e-01
1.277554097312487980e-01
1.358007822831725497e-01
1.512599436605570058e-01
1.099612839596830760e-01
1.566424426255740021e-01
1.799524657189507382e-01
1.967913019748019077e-01
2.032677007495288513e-01
2.338390758834826277e-01
2.555862848527550857e-01
2.633565559449031479e-01
2.475971299211780496e-01
2.382402923845859111e-01
2.265896597555964731e-01
2.097556480743035523e-01
5.839863356217347111e-03
-8.943108936850893698e-03
-1.074725830518237675e-02
-2.444385241693266403e-02
-2.549722945542779243e-02
-8.984012103386380954e-02
-1.813294251058870099e-01
-2.765073186865004140e-01
-4.083326698944224065e-01
-5.723389249089920749e-01
-7.727998982969309649e-01
-9.597760783480846491e-01
-1.141597320335431709e+00
-1.265409930498391677e+00
-1.346447199726880983e+00
-1.326677792129427047e+00
-1.418911488710010271e+00
-1.529721584212580421e+00
-1.741916575603129402e+00
-1.813712978829740585e+00
-1.807128807816003935e+00
-1.792134744124859402e+00
-1.704890433289000695e+00
-1.679844578989386328e+00
-1.605222895541212891e+00
-1.613676450911195159e+00
-1.605538810962543250e+00
-1.581601550847768323e+00
-1.489114378204905220e+00
-1.382070988206983486e+00
1.035431935496866768e-01
2.343190377807943259e-01
3.602111601276046793e-01
4.439708048168475862e-01
5.472006457917039102e-01
6.040638543902875357e-01
6.717199983815618225e-01
7.646335118060468838e-01
8.234962962880076898e-01
9.324260801283205113e-01
1.008897658420922827e+00
1.102228533512771502e+00
1.175113360320622524e+00
1.236183164052685024e+00
1.318600452888043062e+00
1.368533540097387480e+00
1.422475927296999565e+00
1.420433870206678106e+00
1.445809650488613762e+00
1.399507296787523947e+00
1.406860274169694947e+00
1.396258204337465170e+00
1.394510434073755079e+00
1.371329667722367640e+00
1.350076474774515756e+00
1.331701585244379427e+00
1.320069664062657910e+00
1.334238375945123289e+00
1.314353495292998053e+00
1.334947569925343469e+00
-1.371377786225524108e-02
-2.505600416041052839e-02
-6.394183895596308731e-02
-9.121352424453285646e-02
-1.187698241142968458e-01
-1.238025900882097630e-01
-1.127739049333483790e-01
-1.038796286915854572e-01
-1.003424175771188143e-01
-9.242804089732338524e-02
-4.526997598980574133e-02
-2.340999764414258139e-02
2.282098063093963847e-02
1.561067785309435199e-02
6.089940068197513545e-02
3.602249683044024542e-02
5.729643826022157854e-02
1.234841226860448893e-02
-1.022975696511665630e-02
-1.127236979511470755e-01
-2.122469213855343872e-01
-3.364304290332281178e-01
-5.582312771828653597e-01
-8.017890677726480231e-01
-1.098923132574042505e+00
-1.294695705637610939e+00
-1.491867779161478946e+00
-1.616462432663309690e+00
-1.766320158145402219e+00
-1.854711082941925770e+00
-1.219087525473800011e-02
6.719435857743744078e-02
1.750778522325397990e-01
3.813328502767047712e-01
5.642400228174123678e-01
7.483585137162760414e-01
8.538688575299135941e-01
9.182307094723413110e-01
1.040186818158655768e+00
1.143719481381236136e+00
1.254738664417498706e+00
1.352010276171153214e+00
1.467037050212004257e+00
1.540507502229293779e+00
1.607910458773320395e+00
1.668374994786266052e+00
1.737997833577958895e+00
1.822376718855495126e+00
1.887033207634767562e+00
2.035383349022987343e+00
2.100396136149228266e+00
2.218181648664015793e+00
2.248358183733675020e+00
2.308237644966137037e+00
2.317956371408603111e+00
2.321099174472445181e+00
2.281272390827919772e+00
2.243469283744174092e+00
2.244578279644266594e+00
2.262853022803852365e+00
1.916103884460883386e-03
1.030001187326436314e-02
1.966566590399190101e-02
1.474121741455854985e-02
2.019790096969693860e-02
3.861374659945629451e-02
4.270658635734293079e-02
4.610035375185103645e-02
4.095088916146856495e-02
3.117333074407115101e-02
2.234111650300702953e-02
2.460236612705177933e-02
8.836361466174003088e-03
1.551194038162769309e-02
3.589583323903836054e-02
4.635983577707387948e-02
2.368533960030917707e-02
1.674015333994547869e-02
1.825685361813257981e-02
6.121952161062408151e-03
-3.159903021654865765e-04
-4.810719403534057491e-03
-1.701827669080775360e-02
-9.300049042761826534e-03
-2.997547334010399953e-02
-5.428169998159503018e-02
-1.025168853283338621e-01
-1.647453291434603784e-01
-2.818638589420592311e-01
-4.185622206157331160e-01
-2.329866735227942853e-01
-4.097288323032239887e-01
-5.970556167004816839e-01
-8.239819707335811483e-01
-9.766746732989437518e-01
-1.148597978420178745e+00
-1.208146655315602835e+00
-1.353227495072340858e+00
-1.422094623186755946e+00
-1.460199748870623759e+00
-1.425078401551238549e+00
-1.420167394912112746e+00
-1.338103249327681210e+00
-1.233411645773867971e+00
-9.882119014770980314e-01
-7.202283523791225273e-01
-5.811471319863267260e-01
-4.231521578527322469e-01
-3.027760615522305798e-01
-1.886835091012189491e-01
-9.074381663800080988e-02
4.772585670481806208e-02
1.758340017124340182e-01
3.015438313819122085e-01
3.814743494897430143e-01
4.436032454195290020e-01
5.281474238905146112e-01
5.410705527031742790e-01
5.633402325407609323e-01
5.443651022831691444e-01
-3.012506718575353598e-02
-5.853035389885112572e-02
-6.089233708836676306e-02
-7.081813256808035251e-02
-8.583591600006905409e-02
-1.126806597217364231e-01
-1.278711575363263575e-01
-1.155716380974630558e-01
-1.186911685995895721e-01
-1.282454957385435468e-01
-1.099460759701578472e-01
-1.022129381078649146e-01
-1.107918945875029926e-01
-1.050085327394408435e-01
-1.002263746362898889e-01
-1.219986675690768324e-01
-1.436753106020650095e-01
-1.057349753099308953e-01
-1.057579346717950758e-01
-9.098256280408698049e-02
-7.151220914652255123e-02
-4.267419081012954057e-02
-4.963455407386474505e-02
-5.081109179689191624e-02
-7.727388044893857000e-02
-7.064958169979054792e-02
-9.274401946686117171e-02
-9.847278180730728581e-02
-8.373236060136904357e-02
-8.022310500401455546e-02
1.867596663521763761e-02
-8.488164225132759089e-03
-1.514450968168817857e-02
-4.946297575001088603e-02
-5.406156679584214059e-02
-1.622530674096313852e-01
-2.839031602669483956e-01
-4.837121859064795748e-01
-6.233121642642776017e-01
-6.798054238631375812e-01
-6.422367274036774321e-01
-6.622770225346422679e-01
-7.706428966221964272e-01
-9.025733470837258299e-01
-1.074527182868110220e+00
-1.178246959279230177e+00
-1.201733366859698116e+00
-1.255977484642406994e+00
-1.332769428541971113e+00
-1.450004740721210661e+00
-1.441745794002810666e+00
-1.303117505823389699e+00
-1.268001711989678038e+00
-1.225945007017319233e+00
-1.102830550269964016e+00
-1.098219598318702195e+00
-9.630835815712995851e-01
-8.909181826465160103e-01
-8.479277314709152691e-01
-7.868888618016510739e-01
1.396299688558010066e-01
2.147887748778042338e-01
2.879570457745895817e-01
3.583187942413509353e-01
4.233192451910531839e-01
5.358754215831238454e-01
6.062942137374953688e-01
6.911421959962364969e-01
7.169763147321539520e-01
7.642004041104497603e-01
7.977396865424862815e-01
8.261997457126044608e-01
8.542331242068013086e-01
8.979910531776863492e-01
8.750258543179720849e-01
9.075825296865377423e-01
9.203123364408746232e-01
9.276205782724835647e-01
9.179072023831754690e-01
9.584639506449319502e-01
9.544086080936469152e-01
9.612954732436707062e-01
9.646580545558811615e-01
9.813016797026126170e-01
9.440615152360258833e-01
9.364481704556079089e-01
9.184527118499800080e-01
8.977779255249006551e-01
9.003953102810247078e-01
9.026639951721199262e-01
-1.807797567767885014e-02
-1.821937635585866092e-02
-2.275374448761335183e-02
-4.120557701258462102e-02
-3.095608669498100748e-02
-5.320738882279407722e-02
-3.337972203857957759e-02
-5.867777801419596373e-02
-7.715631158943302148e-02
-1.435048046319782333e-01
-2.566470879777181247e-01
-4.562049258481726266e-01
-6.513589146677545294e-01
-8.218523076343994260e-01
-9.409810232378128525e-01
-1.013143266871558090e+00
-1.047677135781671653e+00
-1.062663952958292857e+00
-1.141685517249308113e+00
-1.182574141408834656e+00
-1.178498881429679956e+00
-1.207113480665813032e+00
-1.248726952013120339e+00
-1.255966737841563541e+00
-1.239910951946432638e+00
-1.112774381912720489e+00
-9.696238339229920067e-01
-9.586518410310158611e-01
-9.510670449506595236e-01
-9.439192106029182794e-01
1.693852864962742608e-02
8.064541593273472087e-02
1.685259930516812554e-01
2.100063419727362934e-01
2.359062910519964806e-01
2.886976302325255372e-01
3.091060155625937056e-01
3.602716426780084857e-01
3.923088607996261246e-01
4.719583440494052873e-01
5.365614892179862983e-01
6.006785144983747271e-01
6.453732814899691972e-01
7.640808354361949828e-01
9.174921936778608345e-01
1.050251681490187217e+00
1.213055204494387862e+00
1.307061264773898390e+00
1.358084776391718540e+00
1.340581838077963939e+00
1.313221464941718652e+00
1.275869026334094380e+00
1.294609537214254535e+00
1.292199320744859214e+00
1.291570615012348267e+00
1.291423879668214925e+00
1.288739002595562289e+00
1.300686578537487925e+00
1.298156659724635897e+00
1.294122874295059233e+00
-3.212383803134120919e-02
-6.458374616734204737e-03
-2.503193117630538728e-02
-9.988543676583454961e-03
-4.639849700308765201e-02
