-3.005986439180768910e-01
-9.778418844282087408e-01
-1.607505570181269272e+00
-1.898513974814737493e+00
-2.155787999320610382e+00
-2.173592348141824449e+00
-2.172651091943178958e+00
-2.206232686571546253e+00
-2.240206742664964334e+00
-2.270275094109736269e+00
-2.328082795141262373e+00
-2.368764727806210502e+00
-2.375817860343422794e+00
-2.384878989056553600e+00
-2.426606116065967100e+00
-2.483200432520179746e+00
-2.617136498469692985e+00
-2.761823925540864977e+00
-2.802395381863381552e+00
-2.787303171946228453e+00
-2.736697043337524171e+00
-2.727678196060069116e+00
-2.706299605861173685e+00
-2.652426284644268328e+00
-2.572200836656413081e+00
-2.532178781689237379e+00
-2.412120168704134482e+00
-2.172289120071090984e+00
-1.844377889795563163e+00
4.748026603522464417e-01
9.360920881532371896e-01
1.354893698859190643e+00
1.740878281606539790e+00
2.079849980923123010e+00
2.358310916644207555e+00
2.567931546175893143e+00
2.771389268502713055e+00
2.883109771265913501e+00
2.998170422092447218e+00
2.863817002921289934e+00
2.816490671094002085e+00
2.827215582895996171e+00
2.898180266783335846e+00
2.917588483095679752e+00
2.978361444109115297e+00
3.073898543299435460e+00
3.314736210259261906e+00
3.425281693746090816e+00
3.528497560692344770e+00
3.719770577497107045e+00
3.856794713466924929e+00
3.996248463913788296e+00
3.965728015443855003e+00
3.915320210725228733e+00
3.861538360815887749e+00
3.741876187044704594e+00
3.618015481070345984e+00
3.527416388671682057e+00
3.454441339382798404e+00
-3.375226765399571421e-02
-4.396884077502058452e-02
-5.599046836736066429e-02
-1.056459930697879052e-01
-1.556895506452332933e-01
-2.648112676844278646e-01
-4.338959470330630008e-01
-7.042136742695026541e-01
-1.027925086944310173e+00
-1.296334055243264727e+00
-1.890009291150599235e+00
-2.425629136947069941e+00
-3.037808075686220910e+00
-3.366019558605861217e+00
-3.572221979228983102e+00
-3.620625758663124749e+00
-3.601355323853614898e+00
-3.554388750681938269e+00
-3.471823156385191123e+00
-3.440072849418058798e+00
-3.370134509117588273e+00
-3.332931171724389241e+00
-3.240391431580758930e+00
-3.171807838902716448e+00
-3.164362794913838872e+00
-3.190981240471111313e+00
-3.315392380344024836e+00
-3.360871197382723885e+00
-3.374918466105002679e+00
-3.356724072547064175e+00
3.494839709715350656e-02
7.591625143654821828e-02
1.236752592159641451e-01
2.279055460579182402e-01
5.038824790748295257e-01
7.707358009366970242e-01
9.986476899714281652e-01
1.263835118302502503e+00
1.515520128796155719e+00
1.723931624863623169e+00
1.922738010533333597e+00
2.123387139469546714e+00
2.303927141944485335e+00
2.500098099440012156e+00
2.622394482772337110e+00
2.767875550091429382e+00
2.885562479402061786e+00
2.962874680964649343e+00
2.997500777854026133e+00
2.997970927964551446e+00
2.899322325140146095e+00
2.896013719267427344e+00
2.804751191484321726e+00
2.816115668518954340e+00
2.797889092745792450e+00
2.822715715899752009e+00
2.805238817047696287e+00
2.826743149106613728e+00
2.845685419894305124e+00
2.875644059968381239e+00
6.206988794695126460e-02
7.427520988720398565e-02
1.339605650290071615e-01
1.242509332231250263e-01
1.046834159554024535e-01
1.396236568444265969e-02
-5.581273654119628391e-02
-1.465342584289991423e-01
-1.929494967405506189e-01
-2.466675407867360836e-01
-2.937245310330507397e-01
-3.187162803782655485e-01
-4.572003879012803695e-01
-7.906380125763208255e-01
-1.127522381711872690e+00
-1.409263258608300484e+00
-1.655439659661189777e+00
-1.921584016293785169e+00
-2.292903395114078258e+00
-2.563130657431074599e+00
-2.820431807875158015e+00
-3.074781934359450464e+00
-3.213409850154401948e+00
-3.304805821797270671e+00
-3.282588036618897753e+00
-3.201631720325192276e+00
-3.155666362393747981e+00
-3.114833423499565157e+00
-3.106255318851545599e+00
-3.073232489319966287e+00
-2.914893246052925949e-02
-2.210967550700104062e-02
1.432928669140924594e-02
1.312534489777501534e-01
2.829483868148019443e-01
5.062491005780833664e-01
7.548628491028426257e-01
1.000883811389417399e+00
1.258821030230455662e+00
1.525744756221529164e+00
1.883256339452458183e+00
2.173371817259167393e+00
2.464926403517614162e+00
2.711887664379416307e+00
2.985658568167286475e+00
3.116182667863615752e+00
3.236880714475347975e+00
3.239537923052422386e+00
3.165938598425898753e+00
3.150725005027249725e+00
3.188418109579183479e+00
3.175404937937273520e+00
3.194458298656550177e+00
3.400848754760885218e+00
3.666328358256707887e+00
3.827901646482101850e+00
3.994040001438889931e+00
4.043774948736278851e+00
4.166151286619705907e+00
4.163985466273087077e+00
3.681727181536176285e-02
2.404920452263070024e-02
-8.018779452512926620e-03
-1.276765979868782763e-01
-2.462315043129888470e-01
-4.162457034522003552e-01
-5.345175653186166054e-01
-6.262127459684032615e-01
-6.478894988300167856e-01
-6.619126330658475776e-01
-6.497649665718518985e-01
-7.915066560461950784e-01
-9.130690001929018251e-01
-1.065023541789815065e+00
-1.233793549292967251e+00
-1.602411220069319242e+00
-2.240981717836249665e+00
-2.935891008531683610e+00
-3.455936720545103924e+00
-3.676476683040352800e+00
-3.871820749751984536e+00
-3.991877330495931631e+00
-4.096104658975055379e+00
-4.141572033040836764e+00
-4.201936988416512975e+00
-4.151128313867946673e+00
-4.116822807773678150e+00
-3.934182951545054152e+00
-3.935786692542729615e+00
-3.914806535032710588e+00
-7.678883151038148891e-02
-5.765814108555066680e-02
-1.079983293936213617e-01
-6.306355525889367764e-02
1.197479481131967505e-02
2.130137245323195372e-01
5.006275777589224152e-01
8.542811706764996682e-01
1.292506974177203949e+00
1.743784503364550043e+00
2.212783587839584065e+00
2.577510350197913969e+00
2.821823446957359316e+00
3.000303698391178386e+00
3.188017164807082526e+00
3.287509497724042440e+00
3.353953730702565750e+00
3.343164947478648674e+00
3.347329110795534746e+00
3.327679975297315629e+00
3.419897276544728637e+00
3.461673598072058766e+00
3.634039572673092078e+00
3.764679314173394964e+00
3.875430991707919048e+00
3.917081180909264493e+00
3.971674726557691049e+00
3.952337544346473219e+00
3.860462491499925708e+00
3.833998836616836048e+00
-3.980423774533865811e-02
9.486311319957599353e-03
-4.210798544221829032e-02
9.971498586104951545e-03
4.253019540982320990e-02
1.284996898714722002e-01
1.086247851732510122e-01
1.569411143135977516e-01
8.802144780093323906e-02
6.318122519700286599e-02
-4.100201654696503106e-03
-8.863530418697376789e-02
-2.767432169136309072e-01
-5.092137982915208028e-01
-7.576242590678188282e-01
-1.129822881868295603e+00
-1.438028508305289499e+00
-1.792441686425594316e+00
-2.151812060857577702e+00
-2.423200709814761655e+00
-2.777844813837440530e+00
-3.007322080084652516e+00
-3.230874255093675540e+00
-3.456985594008528562e+00
-3.648710706710206253e+00
-3.719981777146162294e+00
-3.760895821464950384e+00
-3.791496909959831907e+00
-3.738374636248259275e+00
-3.647966284932600889e+00
-9.886881590228040195e-03
-1.211540983097689553e-02
-4.071203289270050596e-02
6.041605724804562094e-03
1.800514706523832081e-03
2.847385346452780200e-02
4.398131801839044036e-02
2.523827770906596560e-02
2.328996733869338753e-02
9.587773364866679360e-02
2.244260929406368121e-01
4.431850967395540297e-01
7.393278718896811874e-01
1.077718122601065698e+00
1.509400772832337090e+00
1.861336437579792502e+00
2.106559020281269845e+00
2.253998602118696404e+00
2.428085825639677786e+00
2.580515942227190607e+00
2.706019603534525864e+00
2.733726351760770612e+00
2.701913423740536668e+00
2.647231548092282782e+00
2.624492578768135242e+00
2.636540106253072224e+00
2.596252729363671019e+00
2.659433453102467038e+00
2.702847002617021044e+00
2.746934570893131422e+00
4.682720232077284411e-02
7.310662808571298521e-02
1.213435404759679315e-01
1.413996111586054705e-01
1.363597204595099199e-01
1.243203486009623604e-01
1.196264397228287979e-01
1.489410004157949996e-01
1.889566699645782444e-01
2.372610880039923154e-01
2.550795870910571583e-01
2.712598332989837879e-01
2.569824595613801055e-01
2.924603003421279990e-01
2.962848686576499135e-01
3.288632017291465148e-01
2.968055191469571308e-01
2.844044642845283133e-01
2.496825569325115957e-01
2.429912409729246547e-01
1.827246582568402833e-01
3.034201245416312531e-02
-1.728115304615091830e-01
-4.453721415026100638e-01
-8.009161701072631256e-01
-1.338539969083672787e+00
-1.838094151182619873e+00
-2.270692966285204673e+00
-2.380335552635798990e+00
-2.516234380518939773e+00
-2.166506275523079894e-01
-2.775669845338826214e-01
-3.371748286789524318e-01
-2.868679683262977398e-01
-1.863213227383015980e-01
-8.275821713135202151e-02
1.565513703437455828e-02
7.043659074786745578e-02
6.099518075992597238e-02
1.149495607716612411e-01
1.388751891230423363e-01
1.639455067561315094e-01
1.554643195470356287e-01
2.088520012492710576e-01
3.560756999892311647e-01
5.574649562433304784e-01
7.871639619972092827e-01
1.088035553831468549e+00
1.402809860093414684e+00
1.803564886474007256e+00
2.142629725036235833e+00
2.366705982432081523e+00
2.529281633106883920e+00
2.619196548660410517e+00
2.715140546167232216e+00
2.778252656072845550e+00
2.879612359876783767e+00
2.995825278949325376e+00
3.023359361664939460e+00
3.036886157762640703e+00
-1.373795097742711580e-01
-9.828641139776511659e-02
-1.190434167594073556e-01
-4.563450027319726487e-02
-1.100932738825352447e-01
-4.510964122438471113e-02
-1.050927734071131769e-01
-7.685588323262676491e-02
-1.407310445729890724e-01
-1.322044797068725186e-01
-1.129929318165594082e-01
-7.166344913942296335e-02
-3.036335433156448632e-02
-2.052461776016510295e-02
6.296065079232024408e-02
6.658883461996062403e-02
1.425343635050378976e-01
1.178226835378005655e-01
1.524374571742522777e-01
1.086745945502067268e-01
9.582855740502534136e-02
6.410594667054794749e-02
3.399417866762384499e-02
-8.923510125804219595e-02
-1.126123464795415197e-01
-1.201465347801943667e-01
-7.166488947057939041e-02
-4.459049515496388283e-02
-2.150304322764549914e-03
9.214175111888753267e-02
1.838401354566175996e-02
7.475798167521843784e-02
1.078924563476810899e-01
1.599152923949299643e-01
1.230550078838492378e-01
4.507961967453144592e-02
-1.026881792305882612e-01
-3.072928487008227405e-01
-5.323733235662532204e-01
-7.938013227589910681e-01
-1.306315774440720778e+00
-1.876144814893956347e+00
-2.345965519166083091e+00
-2.728205036213336321e+00
-3.037437212419231702e+00
-3.269068596962452222e+00
-3.451214042293561768e+00
-3.540240897519580709e+00
-3.525023673188841578e+00
-3.487215594170131272e+00
-3.407367586348437616e+00
-3.347550126282069716e+00
-3.269744380687710006e+00
-3.277016748031188254e+00
-3.267511816835813043e+00
-3.198328707234426194e+00
-3.179318975264333602e+00
-3.085001208508185488e+00
-3.098037558037098016e+00
-3.044915045095340833e+00
-1.695276807156599966e-02
3.408847007169310550e-02
5.784780145887395697e-02
9.983290438310057913e-02
1.127889616921231852e-01
1.445180819988734766e-01
1.875105283743224716e-01
2.511942621252418739e-01
3.430240846135347299e-01
5.323897103561714417e-01
7.587477340502474243e-01
9.258393167241367738e-01
1.158789527154957089e+00
1.379323813844917090e+00
1.590037199126462575e+00
1.745060590119337229e+00
1.870972525272004416e+00
1.991932042786118018e+00
2.189289563395834470e+00
2.315348570400395545e+00
2.426107674107591539e+00
2.541497401201303408e+00
2.683493009042007493e+00
2.770928611858324064e+00
2.849874174471275889e+00
2.842700403750107352e+00
2.920716509948115824e+00
3.024726995287751574e+00
3.144513990787741964e+00
3.263323050347659571e+00
1.387859541105740217e-02
5.517768883379368244e-02
4.043708841537979604e-02
8.035049624682845393e-02
4.299901350633741903e-02
1.595775261947287443e-02
-1.747279040208661594e-02
-5.016570314504336520e-02
-7.686954146962968193e-02
-1.512747373735087719e-01
-1.291274742049639546e-01
-1.336334210068973183e-01
-9.884691898288505696e-02
-1.756468187442815077e-01
-1.776919732665625251e-01
-2.169223611535313345e-01
-2.579459378433059391e-01
-3.193342204224339231e-01
-3.601836392759870664e-01
-3.657532661266879037e-01
-3.646305487204308249e-01
-3.449374424882194479e-01
-3.490012331387075672e-01
-3.433249497782224213e-01
-3.148922619403660139e-01
-2.824175162016188678e-01
-2.651933548185236300e-01
-1.882947068852756645e-01
-1.668724362200835198e-01
-1.104090073818238399e-01
-4.894367149167207220e-02
-1.381443514603823974e-01
-2.928104102236598894e-01
-5.703590376191627342e-01
-8.863659459608793645e-01
-1.499468882369730638e+00
-1.952734308749441983e+00
-2.407891427172910603e+00
-2.849463640219960681e+00
-3.146932218699041606e+00
-3.317493683708773844e+00
-3.406106225667209220e+00
-3.439114790226169394e+00
-3.405720121330689576e+00
-3.424860510391975144e+00
-3.269270924392067901e+00
-3.126626405875521542e+00
-2.835368510854132662e+00
-2.793835714364139911e+00
-2.700248282318915560e+00
-2.662516374870151914e+00
-2.555058007967192069e+00
-2.368966456956651534e+00
-2.118860942386719071e+00
-1.904879609569172016e+00
-1.683140023415006015e+00
-1.499170479618078033e+00
-1.305753216878329015e+00
-1.178308616967693290e+00
-1.071095399374542012e+00
1.047975727718813699e-01
2.975927929289001739e-01
4.345037392438094725e-01
5.203443350594003647e-01
5.840580905896484154e-01
6.923636686296295029e-01
7.414277072636501487e-01
7.916660228599968763e-01
7.759076024407517425e-01
8.166688773783532529e-01
7.962159631015823802e-01
7.893397457906731196e-01
7.800668987406470523e-01
7.536322457093771465e-01
7.604997582388715038e-01
7.431416398841043103e-01
7.685160589916185669e-01
7.793091373075504702e-01
8.289757363225561670e-01
8.210784296312125807e-01
8.733492819482738811e-01
8.788805748970059950e-01
9.360260184741526768e-01
1.002103012803639226e+00
1.086697114687692034e+00
1.086494013288101135e+00
1.163308854759356636e+00
1.343249352161513421e+00
1.396500692260207677e+00
1.417828840576606408e+00
-3.459826539362402531e-02
-1.752768595036703278e-02
-3.219917059205314180e-02
-3.284507816703461508e-02
-1.493707350285203017e-01
-1.671986500573891254e-01
-2.585187041337096425e-01
-2.688841332365824455e-01
-3.123533223195705810e-01
-2.940168113538418893e-01
-2.502759913046962437e-01
-2.377635605992359513e-01
-2.902525476067590593e-01
-4.105307153592143710e-01
-6.784123918029272282e-01
-1.613838350131051147e+00
-2.082977700099803098e+00
-2.275869400563182321e+00
-2.423125980882315567e+00
-2.540286851581578631e+00
-2.642192545519662428e+00
-2.657083050930714396e+00
-2.703595924310342902e+00
-2.683469484448058218e+00
-2.676112588021884786e+00
-2.505859076264633334e+00
-2.266557913185089479e+00
-1.890227781116399441e+00
-1.777629661577231124e+00
-1.728580963280688554e+00
-3.716724665420053069e-03
-6.265655272060653702e-02
-6.865814450484107601e-02
-5.366774049093445131e-02
5.726343705215337920e-02
2.261997764610568229e-01
4.974615133400585032e-01
6.681976076148189447e-01
8.395720406696713933e-01
9.264654691731988301e-01
1.023703431718019363e+00
1.106315330845170974e+00
1.207072711399120646e+00
1.327920750025449070e+00
1.419012779265510504e+00
1.570483183384736137e+00
1.715364355694832366e+00
1.919049171784562802e+00
2.041819590662981909e+00
2.181669939055621565e+00
2.276225723175694604e+00
2.322287140821146068e+00
2.319565057099024941e+00
2.368508938456571844e+00
2.432508145286917056e+00
2.498996551929849819e+00
2.573932590390559660e+00
2.603324841277248503e+00
2.673714525693256405e+00
2.672398191588629235e+00
6.274712000437833448e-02
6.659082800286557358e-02
9.106580679655218447e-02
8.726360164954222176e-02
5.089258269504701865e-02
3.502995150361559729e-02
5.881036071558648493e-02
2.636460217578052989e-02
6.439998623156793778e-02
8.958569977474244161e-02
9.052452384478966441e-02
9.823282767834284890e-02
4.475494390471265738e-02
-1.303873581344254518e-02
-1.594525544125978689e-01
-3.184244630470635107e-01
-6.824565146974908014e-01
-1.139307045816174480e+00
-2.020036781402207549e+00
-2.699025998293727469e+00
-3.017445222090102241e+00
-3.238537723328871021e+00
-3.385695039600942202e+00
-3.442030451933296931e+00
-3.499578833481740592e+00
-3.488856894018226296e+00
-3.452404134507720102e+00
-3.413545805981465620e+00
-3.337626601226054035e+00
-3.324552455685652497e+00
3.979751747480722579e-02
1.452010264665956965e-02
-3.642878509284132316e-02
-1.066848974239489045e-01
-1.616442313172501422e-01
-1.083187322333453995e-01
-4.895205712661739039e-02
3.195404327223722030e-02
1.621903073242558779e-01
3.086179227658382151e-01
4.783231242438392705e-01
7.129610712972289654e-01
9.862500877790865150e-01
1.354094121376066662e+00
1.653719059097702893e+00
1.983593258808946436e+00
2.226286040571468838e+00
2.472249379200869512e+00
2.708293515813648522e+00
2.851477314142184749e+00
3.021288769537275876e+00
3.077892294044037413e+00
3.132432455994897502e+00
3.106078953439746826e+00
3.122944172096463245e+00
3.080018597244214007e+00
3.043714930521553619e+00
3.057640321687000728e+00
3.051648265167963725e+00
3.059665652742664665e+00
-5.781963221081007874e-03
-5.589951043120175087e-03
2.360295837035546879e-02
4.265484075729138180e-02
2.532271638040103912e-02
1.060550409620524860e-02
7.461234935840811711e-04
-1.060085299746498649e-02
-1.801650374682713454e-02
-2.924257588988906850e-02
-1.843935382955358415e-02
-3.531837559292424350e-02
-1.308065598592592638e-01
-3.314029849778348802e-01
-4.167366385638017756e-01
-4.780518838744849952e-01
-5.223531007397463899e-01
-6.147061166359252260e-01
-8.796825478330582149e-01
-1.454794535964480939e+00
-1.998428692512193461e+00
-2.277210173244585523e+00
-2.634110083765564436e+00
-2.832072488539246535e+00
-2.874341616404869182e+00
-2.870908823645843544e+00
-2.857081731586922579e+00
-2.864837529359464341e+00
-2.865206629660690396e+00
-2.815755058629639151e+00
2.205896006101156770e-01
5.361995845339635469e-01
4.439043232606036948e-01
3.804435606924623237e-01
3.346312061499632784e-01
3.062877747239464155e-01
2.432502303589704207e-01
2.131432117751578814e-01
2.113820448442534639e-01
2.270956963363070791e-01
2.976877448921514402e-01
3.504100990970290264e-01
4.487500691200982383e-01
5.602371971198210066e-01
7.548490563312151291e-01
9.894303448496963860e-01
1.252801965197184897e+00
1.504343656260249240e+00
1.758080871127204237e+00
2.031197406240928149e+00
2.270812413785736616e+00
2.518440993108521653e+00
2.672025538627047947e+00
2.888164426954923591e+00
3.008297717136379390e+00
3.072285285048349746e+00
3.122977279921598903e+00
3.183655795204999972e+00
3.190191799658695704e+00
3.222075374102846279e+00
1.110087842264763022e-02
5.801863339206962678e-02
7.900951975263600935e-02
1.073507881575310741e-01
1.139000940993747241e-01
1.847450328715861401e-01
1.858450802519723000e-01
2.266067877191883517e-01
2.469338339397904314e-01
2.767024664587987570e-01
3.065890759336293292e-01
3.209064328385067832e-01
3.546743911526680781e-01
3.961665206020751340e-01
3.865085806951712444e-01
3.708421975903096190e-01
3.900720842234060015e-01
3.653166021560668719e-01
3.569538948257184874e-01
3.857003768931912546e-01
3.933025478104817951e-01
4.350824062788799518e-01
4.667773033701790864e-01
5.242377139336158454e-01
4.773694269476755347e-01
3.814130071158129964e-01
1.430409169935340785e-01
-2.448935652575405519e-01
-5.956913583089005204e-01
-1.027413041818225015e+00
-6.084186739472684513e-01
-1.128888182810153129e+00
-1.396831370845696307e+00
-1.586345868869349918e+00
-1.593257575665553150e+00
-1.549034734237348054e+00
-1.550247808947643025e+00
-1.490853505835749049e+00
-1.502983704303772594e+00
-1.472427230041000623e+00
-1.494659519875936926e+00
-1.514381819294795317e+00
-1.563682351909813750e+00
-1.571538439866164705e+00
-1.580752133326877029e+00
-1.595401209090889338e+00
-1.682277982595799637e+00
-1.679056276870764641e+00
-1.690614839976583683e+00
-1.485060929160067822e+00
-1.229438425098824172e+00
-9.505132600188492820e-01
-6.853247184569937200e-01
-4.649385788543072828e-01
-2.870586729722452990e-01
-1.609887298933103950e-01
-8.022783117029554101e-02
4.113782844825249196e-02
1.813985496150861687e-01
3.437353565424371427e-01
1.064863095595672687e-01
2.208885185086807978e-01
3.077642380445412273e-01
3.707892238252215034e-01
3.709493292625152261e-01
3.839445781103507649e-01
2.888288357074676460e-01
2.278774148468196981e-01
2.303817626250523332e-01
2.254197640875033326e-01
2.727384038128393140e-01
2.712111023911814578e-01
3.792859033679703007e-01
4.511162988278245578e-01
5.609922903586920251e-01
5.607743180623029344e-01
5.307161564918143615e-01
5.037834447792352011e-01
5.274215477628001469e-01
5.620870052150986895e-01
5.476776179289958302e-01
6.043902546522524899e-01
6.348923874506627874e-01
6.903898915080233234e-01
6.764294795944917338e-01
6.908338552635060470e-01
6.832299718415536516e-01
6.564819025971482258e-01
4.753548590834968390e-01
1.936502741027841812e-01
-3.905157303969106763e-01
-6.879533065271492553e-01
-9.653465247448294040e-01
-1.423648320510806364e+00
-1.695090896648487666e+00
-1.848591486727240829e+00
-2.006204092119445281e+00
-2.122443463412014175e+00
-2.211601823122053556e+00
-2.259933165132202326e+00
-2.317573869511608375e+00
-2.292978154718733563e+00
-2.260482431690718830e+00
-2.227405498625030233e+00
-2.218864978293880963e+00
-2.182022999742168956e+00
-2.130144846612023191e+00
-2.027274169542823135e+00
-1.975323504877585234e+00
-1.985185944465427399e+00
-2.001865527125966882e+00
-2.045071933001709308e+00
-2.038342056373967370e+00
-1.985265936742366399e+00
-1.848123892699813142e+00
-1.658021769408778434e+00
-1.442755669014975428e+00
-1.210814982466861700e+00
-9.645445401601153712e-01
-7.333354958115414490e-01
2.584956506546933763e-01
5.156948827098076782e-01
6.663169042833272382e-01
7.768353806087193725e-01
9.095917323258282394e-01
1.028522463243590312e+00
1.083735144343406898e+00
1.126235726302144080e+00
1.224231647687546554e+00
1.320202860140177847e+00
1.430611649887100212e+00
1.494102578475259957e+00
1.570336666193940633e+00
1.607414740414041976e+00
1.670533088272761590e+00
1.686514315615503135e+00
1.683426715521994410e+00
1.688688962175203034e+00
1.739569688671599224e+00
1.799923339520432819e+00
1.809094030819609955e+00
1.834018369130522519e+00
1.801290423443732802e+00
1.844850261776937339e+00
1.784363261622929242e+00
1.727363451514295933e+00
1.658115720994240094e+00
1.642381379329994839e+00
1.562566055635274287e+00
1.426574023203006414e+00
-3.025286288282675318e-01
-7.696519001486401557e-01
-1.272400090270625395e+00
-1.643127988343507262e+00
-1.971604575819677407e+00
-2.245618869288960706e+00
-2.487817525142142827e+00
-2.603367847585676298e+00
-2.639014935408431572e+00
-2.615842473360943110e+00
-2.536615006713775156e+00
-2.444988492210004249e+00
-2.311784172095022516e+00
-2.178364148605523631e+00
-2.015857563971712452e+00
-1.921814417800488117e+00
-1.824013787059828751e+00
-1.743120365379098979e+00
-1.730177775080955493e+00
-1.725341623059539087e+00
-1.678921154350199618e+00
-1.554580971584542226e+00
-1.451675978291257607e+00
-1.318489487052640241e+00
-1.189483988910332135e+00
-1.076862529469942542e+00
-9.625200111520723079e-01
-8.620756467516973442e-01
-7.845269552738572960e-01
-6.818990117858574340e-01
1.300842936421598983e-01
2.587110248477008101e-01
3.734010817475210686e-01
5.069605998157180604e-01
6.103292240047487605e-01
7.322673434345611243e-01
8.523029317895680634e-01
9.452090410817787225e-01
1.000702777637821450e+00
1.121259729906773028e+00
1.216298698567610526e+00
1.259418910109088241e+00
1.277360720639134639e+00
1.312845092563824423e+00
1.390563618200810758e+00
1.439623258980652354e+00
1.476788918356569669e+00
1.545776673001241663e+00
1.635837388886991040e+00
1.659426240523003360e+00
1.677456700861644334e+00
1.645040080172503805e+00
1.611788373071849412e+00
1.569819437890833225e+00
1.541064335309766831e+00
1.524888985435594257e+00
1.587569811429947686e+00
1.636759757929092007e+00
1.642633581823653044e+00
1.670341528255614216e+00
6.262548424458776186e-02
1.009171431127844076e-01
7.177838849651421715e-02
-1.075299380340041799e-02
-7.372239446728924561e-02
-1.664413894830819862e-01
-4.621961671774869052e-01
-8.420712013963073117e-01
-1.131296820377146517e+00
-1.462575489677230944e+00
-1.719482127848213526e+00
-1.932248540113650215e+00
-2.123275845327369016e+00
-2.403970746141070425e+00
-2.579369589138353458e+00
-2.809701256234680589e+00
-2.925708871504016706e+00
-3.005353986169602365e+00
-3.017679845938229910e+00
-3.025260288108087003e+00
-2.835888558990803610e+00
-2.663630147571283135e+00
-2.449648498924866580e+00
-2.423640082336845136e+00
-2.411097987514774221e+00
-2.462900021656367677e+00
-2.630681274133483072e+00
-2.683196983800359536e+00
-2.735274939937993643e+00
-2.591604037034383801e+00
5.877248058558590810e-02
1.137567136866936002e-01
2.275582804793670477e-01
2.910876686244561196e-01
3.161232883655550330e-01
3.734157143676568036e-01
3.698929927205291124e-01
4.546870014744867072e-01
5.278335609722244470e-01
5.933439107043810834e-01
6.980326119109662164e-01
7.874047999757755045e-01
8.938403472880477318e-01
1.013520437435590171e+00
1.119522987476993636e+00
1.237692587402090982e+00
1.313028638242849766e+00
1.418046435301517860e+00
1.512891556124556169e+00
1.621431701549549631e+00
1.723271194302453901e+00
1.834340051651985881e+00
1.985007204068793607e+00
2.109644149300827554e+00
2.270736175456149031e+00
2.355507232268311490e+00
2.439817399803279496e+00
2.496215629267081848e+00
2.536665984457546319e+00
2.611407243961155533e+00
4.171495715810373539e-02
8.043927495903011038e-02
1.286620070028073881e-01
1.107577838736694825e-01
1.006635152548389089e-01
1.949037378415724997e-01
2.673666832149669825e-01
3.558381349762094747e-01
3.958376436879922911e-01
4.031017058906802286e-01
3.895910103022774962e-01
3.527263116449944613e-01
2.663160612735465671e-01
2.248638906147608363e-01
1.754132315097611250e-01
1.627332236273151822e-01
1.305671236944992986e-01
1.318218929153497920e-01
1.759597024783318142e-01
1.898884426800313829e-01
1.922825726189388296e-01
1.716037277031251529e-02
-3.481913245832103376e-01
-9.366034316766479462e-01
-1.605736617029199564e+00
-2.123047912401725412e+00
-2.385336558539011165e+00
-2.586511754968067400e+00
-2.701985053016804805e+00
-2.725346160230973869e+00
9.086231217222746903e-02
2.945515359249055720e-01
5.244784780643757527e-01
9.366928741895622634e-01
1.120809413069219662e+00
1.222295806491827008e+00
1.234762488034952810e+00
1.310875827862340026e+00
1.213000080032924588e+00
1.200009850475640016e+00
1.103945909038643203e+00
1.070190669368827674e+00
1.012540510235194979e+00
1.100176563222432291e+00
1.334222861973247021e+00
1.548267366279170831e+00
1.807690575921613974e+00
1.995332631527859446e+00
2.194456929223794983e+00
2.348718099082783617e+00
2.479821018672990984e+00
2.562380274742413810e+00
2.645574016357212344e+00
2.712366336122838728e+00
2.811550576501586907e+00
2.884290948149681899e+00
2.923179537552798024e+00
2.989835293970418473e+00
2.977323028954581119e+00
2.988391098491935072e+00
-8.343412246563491549e-03
1.685423629913106180e-02
5.245703395300711780e-02
6.271847992039261688e-02
8.116412118445104351e-02
1.212712918250652694e-01
1.698453884437597650e-01
1.913421625325509579e-01
1.963077522568729139e-01
1.840335715911152192e-01
1.920115770253839060e-01
1.645481400612709699e-01
1.758563426201515678e-01
1.527172653718742168e-01
1.680673230113700622e-01
1.598385451156760784e-01
1.979743987672358541e-01
2.118577052161938756e-01
2.008616933917491965e-01
2.299116663514862435e-01
1.594758999389259135e-01
1.648613356820452513e-02
-4.113448426353819576e-01
-9.045670753394515762e-01
-1.203818492267828777e+00
-1.490239401624224858e+00
-1.759989949501220785e+00
-1.845258855761065853e+00
-2.003436127867491479e+00
-1.953565102192692304e+00
9.638129159731707862e-02
2.605099331109792526e-01
2.601485018293068219e-01
3.828196467192411245e-01
4.632305228076473713e-01
5.606740419903358807e-01
6.569254769050123510e-01
8.129088699794483341e-01
7.935997503160449051e-01
7.922474080617001313e-01
8.219427862813620811e-01
8.456899621997666650e-01
8.963900318273873014e-01
1.019382636116917151e+00
1.133760916595071944e+00
1.232584431863971375e+00
1.329643854104523903e+00
1.413733002377589143e+00
1.563329861746608707e+00
1.631870434361861300e+00
1.736719250570507356e+00
1.859764216685219740e+00
1.939824248753524216e+00
1.956500047558924926e+00
1.990913089539255054e+00
2.099816052976268388e+00
2.206034104134037221e+00
2.323998813075318193e+00
2.432937900142325915e+00
2.593539551498657225e+00
1.147689276812184217e-01
2.171943702806197751e-01
2.174739455413138289e-01
2.472683789676982102e-01
2.383395542414814272e-01
1.983084260235413732e-01
1.594203665248219992e-01
1.463915712197506325e-01
1.691543032585854645e-01
1.692476571554280274e-01
1.740908105898140990e-01
1.684582313980108881e-01
1.624458799873600423e-01
1.711261062506925223e-01
1.967787494475832233e-01
1.778610453033814820e-01
1.329422217612675761e-01
9.242997329266061657e-02
6.256149004160019289e-02
9.861434281221134746e-02
1.004437119830234593e-01
6.902581730912238367e-02
8.274331664969630795e-02
6.463699326703875592e-02
-7.142228456386637281e-02
-2.193760506961333068e-01
-4.112828725323629531e-01
-5.987952319914909838e-01
-8.276868845158349419e-01
-1.130883507364311757e+00
-2.875078109221899658e-01
-8.179235118431626983e-01
-1.171039639406373567e+00
-1.409271775663813342e+00
-1.586767064232044167e+00
-1.670441327708476864e+00
-1.652637174278829058e+00
-1.631228541045741887e+00
-1.534076054912643761e+00
-1.492089976239077354e+00
-1.505458011111535210e+00
-1.568793041657922771e+00
-1.593122213968022560e+00
-1.567530915035414196e+00
-1.543593664119249587e+00
-1.521511926743279730e+00
-1.506553570889592075e+00
-1.443388654735978216e+00
-1.476441270080239843e+00
-1.450823816121369125e+00
-1.411762552753552669e+00
-1.291951304095911413e+00
-1.190448580599594353e+00
-9.988677542651842600e-01
-7.839438109762308926e-01
-5.794090278715851028e-01
-3.064829039123374010e-01
-6.928098375774180417e-02
7.756592833455450142e-02
1.846173269978866049e-01
9.563513777921739401e-02
1.607234441315994466e-01
2.109300915169306512e-01
2.646905450823652250e-01
3.285860925369682439e-01
3.462629863352152948e-01
3.146684693422807100e-01
3.414452112931821715e-01
3.820152284274123677e-01
4.197184872519576504e-01
4.206417145647874389e-01
4.086448798245665426e-01
4.045626680359122318e-01
3.871870501078155113e-01
3.644965789616085305e-01
3.453512185283393321e-01
3.252893335026245669e-01
3.486186451983060430e-01
3.543622661716564481e-01
3.612989769420389963e-01
4.673334484070175154e-01
5.012250091385997974e-01
5.498967862255609296e-01
5.413279209097811018e-01
5.995617444747093350e-01
6.388998900970941364e-01
6.872275010110672211e-01
7.802660739076109353e-01
8.621178098467540130e-01
9.468547627898227237e-01
6.243885180372193977e-02
1.825506041791659650e-01
2.282649907370573883e-01
2.280477414792658475e-01
2.307540153505307501e-01
2.784709986165421203e-01
2.969525373636882626e-01
3.199910551205672471e-01
3.466218185444536193e-01
3.521469071659572014e-01
3.691329120341803605e-01
3.053204073173287902e-01
3.514223050481355415e-01
3.763292555120816285e-01
4.437615572216553339e-01
4.872708846116696746e-01
4.895203200969096557e-01
4.846837908665964645e-01
2.880020529411289054e-01
9.502855613302216287e-02
-1.271679343698323139e-01
-3.903098728918785176e-01
-8.438895858544597228e-01
-1.270256367175627954e+00
-1.686000359876838051e+00
-2.120157020808603132e+00
-2.475998335450196652e+00
-2.535193098291898206e+00
-2.510075387203585695e+00
-2.736824273666948582e+00
-1.568362013957046996e-01
-2.931919949009968995e-01
-4.358945711740072060e-01
-5.401742699201594888e-01
-6.618674493214148358e-01
-7.059697446677858368e-01
-7.249219856567643561e-01
-6.603115197257249935e-01
-6.326918062494231165e-01
-6.054079708106969715e-01
-6.282269849025301500e-01
-6.596582822095374832e-01
-6.662016843988166626e-01
-6.549442031688752497e-01
-6.520983502106714180e-01
-5.022763319258285453e-01
-4.212578081597144752e-01
-3.451077856334395788e-01
-1.833925466298830520e-01
1.184559552448485875e-02
2.226097548496819012e-01
4.109958101349550086e-01
6.204636099511591230e-01
8.198691877330477329e-01
1.049424558795625684e+00
1.278972297302268579e+00
1.530688171428634226e+00
1.710545313598199613e+00
1.852112881800061839e+00
2.047445240054306836e+00
1.415396615334866548e-01
2.250365759352758732e-01
2.751313590474346871e-01
3.145400130681483830e-01
3.544819587001147299e-01
3.971602770228547796e-01
3.915011189939276992e-01
4.548670684348443682e-01
5.222389945555698798e-01
6.019545820318816798e-01
6.489809554893304355e-01
6.924492096130177021e-01
7.813050825605558636e-01
8.471629730108825029e-01
8.926301499184645660e-01
9.210070750769784320e-01
8.963128689246375735e-01
8.831671353681350700e-01
8.187230613858694772e-01
7.089491200047655095e-01
6.676335649655993354e-01
6.631247592078119979e-01
7.294232458365197402e-01
7.662510791134153898e-01
8.476793154342331382e-01
8.307561062603144864e-01
7.676198709021117006e-01
7.469134560319851124e-01
7.147987351096399822e-01
6.964925987393073559e-01
1.704501839401373689e-02
-1.471923559731892414e-02
-8.855319183292194307e-02
-7.226862862804911414e-02
-1.323219742215111794e-01
-5.480829207475145237e-01
-1.416953376365144956e+00
-2.015315279705413243e+00
-2.448496711166296080e+00
-2.737592299809154195e+00
-3.042541710409353062e+00
-3.174788206623666564e+00
-3.242700356852972199e+00
-3.274087146225775680e+00
-3.235290552234045602e+00
-3.180261342530404711e+00
-3.133121509980441033e+00
-3.173618861254198453e+00
-3.130975265974363264e+00
-3.091272149776481015e+00
-3.070689781898876092e+00
-3.131393632014512818e+00
-3.129586661995769514e+00
-3.188117905706570276e+00
-3.142395491035802735e+00
-3.238244230118684452e+00
-3.276408399894499723e+00
-3.308301178600974168e+00
-3.219665524402702594e+00
-3.173963414850126341e+00
5.600773997243668062e-02
9.427415728537724693e-02
1.237806491636020967e-01
1.442398538218747084e-01
1.082542233861446407e-01
6.814886661764969766e-02
2.378645930013256748e-02
3.938216843253086741e-03
-1.063024067668865216e-02
7.260653776217836086e-02
1.947142006247468415e-01
3.847262191270008902e-01
6.665797938285911162e-01
9.378473501972190984e-01
1.266022123909152697e+00
1.529786397418723132e+00
1.883970993445424513e+00
2.173893552267841756e+00
2.318188584323948920e+00
2.439880409570363007e+00
2.546926343644842383e+00
2.638379659531977506e+00
2.737157784177183917e+00
2.829637800455795826e+00
2.848587045841127541e+00
2.888313389286161659e+00
2.923821611726818315e+00
2.957872947263751051e+00
3.066394485038244078e+00
3.169269187787319364e+00
6.536613595370074914e-02
1.144087757939248745e-01
2.080661978724464567e-01
2.650044582369044943e-01
3.072322987212707246e-01
3.202271974377347008e-01
3.089038128992001031e-01
3.394336218215185386e-01
3.113296059481652778e-01
3.239640292655219245e-01
3.807961175931343090e-01
3.616504900935892941e-01
3.428823767388060606e-01
2.258439709756706881e-01
1.111856280522443841e-01
-3.396503906401210360e-02
-1.228105004893109281e-01
-1.281151603569918862e-01
-1.047517104894279266e-01
-6.438019627522240107e-02
-9.191967484208313222e-02
-8.655934242695943748e-02
-8.760049598576563623e-02
-5.871828255106435746e-02
-2.809734996086643219e-02
1.508779063660627695e-01
1.655629121374135315e-01
2.320619349247780572e-01
2.500980871232134639e-01
2.656653021583330054e-01
-2.749089742411314416e-02
-1.140376591852066829e-01
-2.058103157725860166e-01
-3.063249990526350497e-01
-3.112986991127945635e-01
-4.914114389412763684e-01
-6.637865360495800449e-01
-1.001339305798797152e+00
-1.296776590686667507e+00
-1.281499216381607908e+00
-1.382024421782010348e+00
-1.849550903950267111e+00
