-3.179867027649110889e-02
-2.680576862947628772e-02
4.319174070895756556e-02
1.283313890277057168e-01
1.982023503670507503e-01
3.181641040992916336e-01
3.837518236340239919e-01
4.380206488760625683e-01
4.361470921256334066e-01
5.061684112595821183e-01
5.723883558732445476e-01
5.952513285756150241e-01
6.073832657248673383e-01
6.087272639288339171e-01
5.794359261377776127e-01
5.556659227648254040e-01
4.959178696739089398e-01
3.871515409302875854e-01
2.648544158755007372e-01
1.196113481717434313e-01
-1.106563188264131359e-02
-1.939944664379749384e-01
-3.958191278452736217e-01
-6.610428297808885745e-01
-9.630560177950719947e-01
-1.340347413384647135e+00
-1.733960781467934087e+00
-2.174941510978849468e+00
-2.305334680747942677e+00
-1.475404073343257808e-02
-2.118640139697047092e-04
1.012605586206716674e-01
2.549967265824397145e-01
4.007334271843198126e-01
5.666500322015268765e-01
6.320512772393848122e-01
7.330692788190765752e-01
8.081337867281848109e-01
8.251503700517915929e-01
9.578004574187838349e-01
1.101313364785926341e+00
1.282252253469032377e+00
1.574099431134452054e+00
1.905323983811446187e+00
2.321932295718013961e+00
2.582247399981860703e+00
2.873253584089154877e+00
3.109610777510651847e+00
3.303957499636787087e+00
3.449405081985236876e+00
3.528825593645979808e+00
3.559900889406500735e+00
3.581296210610920738e+00
3.631948115378609732e+00
3.657790380655026041e+00
3.648631974596933336e+00
3.579645024191388192e+00
3.535961563810863240e+00
3.512353256250868583e+00
9.019542524399055180e-04
2.178012678213069042e-05
3.135423533381095917e-02
3.808992151535608994e-02
5.540406075859691248e-02
2.500520716789408904e-02
-1.091555207162128727e-03
-5.240554668952717571e-02
-7.316001319084025623e-02
-1.028584906707754876e-01
-9.824678168530791289e-02
-6.915437921974720847e-02
-9.653519139414562522e-02
-1.772707447412009696e-01
-2.962706811349876124e-01
-5.093472525713620414e-01
-8.252329289484612307e-01
-1.417083953926828954e+00
-1.850924693936139009e+00
-2.213873200655343876e+00
-2.443638311679285469e+00
-2.503025051715902283e+00
-2.442110973253914352e+00
-2.470414687821605781e+00
-2.492383508191650332e+00
-2.528577198500693068e+00
-2.550662237352766315e+00
-2.565152185959262532e+00
-2.575274574854877319e+00
-2.559174997455706091e+00
3.623333481665028111e-02
1.077152504087903750e-01
2.667443162227414177e-01
5.367097077171238961e-01
8.486697721482351353e-01
1.224148331667883838e+00
1.601566887179506127e+00
1.975694369664780403e+00
2.340099840553399702e+00
2.646735597112947147e+00
2.910535874968092962e+00
3.049552291832550388e+00
3.181220102662633220e+00
3.171164769354672064e+00
3.145417810848857076e+00
3.016162559158841017e+00
2.983045974603274253e+00
2.962484363390728515e+00
2.998387674839678496e+00
3.052801553334177243e+00
3.148181571308944271e+00
3.215158568265286565e+00
3.296544802176381683e+00
3.331409984348259190e+00
3.428587277930189803e+00
3.484436846212045857e+00
3.562784531963217649e+00
3.572334491350684260e+00
3.579965265892051107e+00
3.427227116731521139e+00
-1.235260755778609248e-01
-2.409224394146870785e-01
-3.960874419451183015e-01
-4.370569500943571883e-01
-5.165541301894530646e-01
-5.259269955722677414e-01
-5.858872295164742061e-01
-7.214018566455734360e-01
-8.917976492673965749e-01
-1.119782149905911961e+00
-1.536483606888740860e+00
-2.112163229543633669e+00
-2.807773738025081123e+00
-2.905440655020252283e+00
-3.078813248937024127e+00
-3.150698753210978253e+00
-3.123967925538154056e+00
-3.073863347292157933e+00
-2.952890938535637222e+00
-2.899215397844165487e+00
-2.875010168278232303e+00
-2.826312345064456277e+00
-2.776033905772032906e+00
-2.737194043551138822e+00
-2.670713846502954958e+00
-2.623535432299626713e+00
-2.545165645448737468e+00
-2.370168288778922605e+00
-2.238560100210819304e+00
-2.097548799347459969e+00
2.010608529627220808e-01
4.696607013637654204e-01
7.818933335680131602e-01
1.082203716796102722e+00
1.414369878700540761e+00
1.721655608732756804e+00
2.018351323022889332e+00
2.261391402986139720e+00
2.508838129662941174e+00
2.637586414915497723e+00
2.772932391593313284e+00
2.823046797823706378e+00
2.863699878687022693e+00
2.843630305081945142e+00
2.701807322554881097e+00
2.629224747452358901e+00
2.528660316023051191e+00
2.509530157025238406e+00
2.470942491693079113e+00
2.456659417955903812e+00
2.439658117714386787e+00
2.445828144964772299e+00
2.410894048307771431e+00
2.384707451679064505e+00
2.340488839478858552e+00
2.324354582016385784e+00
2.283798638325537311e+00
2.248815784674932594e+00
2.154267488162027178e+00
2.065954790036240496e+00
-5.572883872984739362e-02
-1.653580451227490977e-01
-2.881202579625724569e-01
-5.543221059412357654e-01
-1.071322257365589614e+00
-1.626884760880411118e+00
-1.807099453577857062e+00
-2.099774497737895818e+00
-2.174060682416912638e+00
-2.252944525077421822e+00
-2.261286290974668489e+00
-2.251164081316638033e+00
-2.219525058264667727e+00
-2.169757430708143087e+00
-2.049502031449740969e+00
-1.966210104037846129e+00
-1.811775984658184013e+00
-1.770450541995597149e+00
-1.744097315933421877e+00
-1.678975902467731096e+00
-1.573569601581361388e+00
-1.310310438366169672e+00
-9.577444970813064895e-01
-5.820521378726813966e-01
-1.889634845444360667e-01
1.652901121326685319e-01
5.463099479398438874e-01
7.223975326723501844e-01
9.340207565165601356e-01
1.040180804309300155e+00
6.252154422875809414e-02
1.068229255608152684e-01
1.250381346488279311e-01
8.176963298771050548e-02
2.814268438467677075e-02
-9.143455624398492965e-03
-2.299440179391263467e-02
-4.514242185345955505e-02
-4.669826964082383208e-02
-1.797276458697352405e-02
-4.925139663209735646e-03
1.490080949304922395e-02
3.808872812830951457e-03
-2.684716715446371603e-03
-9.079977045771219640e-03
-3.922216257214238000e-02
-7.398425872579515727e-02
-8.191453892284403238e-02
-1.249271020365971679e-01
-1.303868238802610158e-01
-1.410150296400516090e-01
-1.605834788331902685e-01
-1.932228251742287850e-01
-2.567356346469482076e-01
-3.005456925810437996e-01
-4.089175931644549733e-01
-5.280718588599360164e-01
-7.714033690815994548e-01
-1.134977590563918337e+00
-1.533090466723229683e+00
-3.508532375283347493e-01
-5.398300517968059875e-01
-6.783288638423980998e-01
-7.290014457968756467e-01
-8.085027272826539324e-01
-7.267985653963783266e-01
-6.829459799171417878e-01
-4.896333605395941646e-01
-3.012198210033938395e-01
-1.249866380227493134e-01
-5.233019354956927605e-02
-2.982933343198836476e-02
-1.135142358049476274e-02
2.199078150881954991e-02
1.015704679669287014e-01
3.129315953249436899e-01
4.960155982425513699e-01
6.811848426606502693e-01
8.531913509705144616e-01
1.016378495960835737e+00
1.148056615576835915e+00
1.291391840297137827e+00
1.468105283583571286e+00
1.630634061375210386e+00
1.872570675333286028e+00
2.055356237107312634e+00
2.247622219113924125e+00
2.335001240961220859e+00
2.309589139740182873e+00
2.199688537517733522e+00
-1.099929738776811300e-01
-1.832502012890058762e-01
-2.153138524675251020e-01
-2.030826558813550453e-01
-2.115095138101174832e-01
-2.056556744259921410e-01
-1.866106507880604115e-01
-1.745148333119537765e-01
-1.806443694727522253e-01
-1.613283140334030585e-01
-1.493068988504954453e-01
-1.522050762580718086e-01
-1.723938806202392482e-01
-1.745802295584452934e-01
-1.568891453072283060e-01
-1.466501789252447896e-01
-1.702773051093619816e-01
-1.547576170122116346e-01
-2.304765473829939459e-01
-3.078541740218470046e-01
-5.161241549792727756e-01
-7.377898204281505556e-01
-8.865000793029018666e-01
-1.122065614446628334e+00
-1.643625584128587391e+00
-2.196767602683968867e+00
-2.581382216445937683e+00
-2.787273258051982339e+00
-2.881347145706500523e+00
-2.738201367488218185e+00
1.540830763875349896e-01
2.697433715503094742e-01
4.607644767347034431e-01
6.374178758124108279e-01
8.354773210123451754e-01
1.114127913117029411e+00
1.330400758601008038e+00
1.488221281354048520e+00
1.558031985589730883e+00
1.677529773290056481e+00
1.752823000329917003e+00
1.848024352031282458e+00
1.941464326024023856e+00
2.045576591141491374e+00
2.175809797979258331e+00
2.362341590640844480e+00
2.452117051623510680e+00
2.463674854572523998e+00
2.531101143233281281e+00
2.524870621327491182e+00
2.528708582842287278e+00
2.539332148510283105e+00
2.542982072378559888e+00
2.530504478729621809e+00
2.493792530204736124e+00
2.469856918037601989e+00
2.471810250323235092e+00
2.398034557154826274e+00
2.403053121428713634e+00
2.372345289731487838e+00
-2.462087711529142853e-02
-5.098289106288787786e-02
-5.556578283903354509e-02
-5.086234269545243658e-02
-5.489558803948253046e-02
-4.856381791664077241e-02
-4.502328275016284631e-02
-3.296230108152477245e-02
-2.333065104615194771e-02
-4.374498164454247717e-02
-3.918557531406932637e-02
-3.906345081699934274e-02
-8.237090629178030199e-02
-1.447201039591029526e-01
-2.661062574167585293e-01
-3.651180255846714906e-01
-4.762178699045942487e-01
-8.896300472385541003e-01
-1.485476637823070156e+00
-1.959247211112176146e+00
-2.145628521008380751e+00
-2.302674364202058399e+00
-2.328079672581955695e+00
-2.277237783112386449e+00
-2.233122394368247665e+00
-2.198028324403745515e+00
-2.144882042307007630e+00
-2.055568571778249254e+00
-1.930388141401629509e+00
-1.663836043813208043e+00
2.198588414054266638e-01
5.001237121805828245e-01
7.147204251990644241e-01
9.993213765295883011e-01
1.215924610151335461e+00
1.449116215665830376e+00
1.655896751886408724e+00
1.838824880296160869e+00
1.969161974620356137e+00
2.025439973364137280e+00
2.127518620278191719e+00
2.200404076733705416e+00
2.232783304415685954e+00
2.259043567654539952e+00
2.319742581390800140e+00
2.344423375441027080e+00
2.316835919233149355e+00
2.307663623812696851e+00
2.316723321548951109e+00
2.349915981519329122e+00
2.378487191029636350e+00
2.404971063956901745e+00
2.441999079098251091e+00
2.506579808657025232e+00
2.542148051709023804e+00
2.565337622424620267e+00
2.590681384898461559e+00
2.652488774111649406e+00
2.643671078222959991e+00
2.671031670478944076e+00
1.328677411472288863e-03
1.299840329264851171e-02
-8.222699295624066873e-03
-6.535411466926230317e-02
-9.509749991490916432e-02
-2.293739247753610044e-01
-4.017613844289421032e-01
-6.636417414155240113e-01
-1.054473774442718170e+00
-1.442057256100968798e+00
-1.889395383496712766e+00
-2.208084415978954329e+00
-2.509744657559739078e+00
-2.774539747833415504e+00
-2.855901476452009646e+00
-2.740879650662976452e+00
-2.583278231972130801e+00
-2.408269323379060189e+00
-2.324935382730680455e+00
-2.214487627259918767e+00
-2.155095449605064939e+00
-2.045975627323269208e+00
-2.014363911007201580e+00
-1.960993798134329502e+00
-1.800964076932102031e+00
-1.625744959658057542e+00
-1.341625569229031090e+00
-1.070054802487672374e+00
-7.905522046049375806e-01
-5.346676496238078613e-01
1.865584774280366898e-01
2.737605570606663208e-01
3.715320205257065522e-01
3.804949104882167643e-01
4.687976308575118045e-01
5.063273261264956693e-01
6.001940931635337817e-01
7.059365662775360928e-01
8.237139595100080314e-01
8.898340571671193855e-01
9.669314094673423510e-01
1.024422718509510277e+00
1.097373537851818348e+00
1.070468486682641718e+00
1.077927347993320017e+00
1.062007863431880805e+00
1.101095042601714091e+00
1.129858415227394053e+00
1.120960923477931859e+00
1.134730134032593707e+00
1.144822718748390589e+00
1.155138515325543569e+00
1.162474340635041292e+00
1.173069511786444030e+00
1.224720184016521829e+00
1.212544989801245920e+00
1.186781318529584794e+00
1.156293209323495441e+00
1.133582138860639299e+00
1.080722455648073010e+00
-4.839931310415794552e-02
-1.259115851091085481e-01
-2.039416251156860038e-01
-2.499786436908779663e-01
-3.776935446505097493e-01
-5.952865133574936074e-01
-9.247666690584745997e-01
-1.275642245662153673e+00
-1.683210477212800260e+00
-2.191895527327201609e+00
-2.404986083723042345e+00
-2.677896277287852733e+00
-2.778161595884360402e+00
-2.835187641637906264e+00
-2.801328913719680624e+00
-2.729695176631190545e+00
-2.592871104235225044e+00
-2.353487227581451791e+00
-2.196235777698752223e+00
-2.035997137284515368e+00
-1.968686249119928844e+00
-1.870579573596861556e+00
-1.635642592103252912e+00
-1.243966113556890907e+00
-7.945818944436376929e-01
-4.966303442448393168e-01
-2.683214698801669185e-01
-1.555622886022676732e-01
-1.063211309835976059e-01
-1.094652422527182811e-01
8.230026242847446327e-02
8.085441806526773301e-02
1.258403612116285319e-01
1.724176244698105154e-01
2.150042217956561474e-01
2.072257193659166885e-01
2.335121218811309907e-01
2.349648689455495210e-01
2.861333413931748115e-01
2.791931679670518474e-01
2.847753994878046702e-01
2.980933294343592332e-01
3.409213203811916060e-01
3.708749646003537404e-01
3.898427198266264382e-01
3.925477435730873044e-01
4.127808204279477255e-01
3.943579674491157205e-01
3.964158917496070633e-01
3.845177923290931665e-01
3.910571830906821589e-01
3.615494248028133795e-01
3.460264004347273215e-01
2.566128105949311289e-01
1.373423271895557463e-01
-9.065994062407933818e-02
-2.777168622979011570e-01
-5.377921033340770096e-01
-8.500071405671063562e-01
-1.152885016927120754e+00
-3.143460831154170076e-01
-6.638926072009955215e-01
-6.906346612556921727e-01
-7.358030914629395403e-01
-7.852684482790014409e-01
-7.428979907073848254e-01
-7.034579803849462243e-01
-7.319651277353785845e-01
-7.010811935415510732e-01
-7.115752397119269324e-01
-7.283108764743351227e-01
-6.945576065038965297e-01
-7.239371745790422752e-01
-7.842752167146995745e-01
-7.752385824134403469e-01
-7.803688152964621816e-01
-8.288336629638987096e-01
-8.482944040710276301e-01
-7.922369233756989537e-01
-6.581446314774928030e-01
-4.020613281482947055e-01
-1.014241369375024071e-01
3.100264376754813256e-01
6.208233716083775278e-01
9.006874265732363050e-01
1.064604365738555991e+00
1.254689282861848554e+00
1.373021960954686538e+00
1.489716208822285948e+00
1.678445695842617935e+00
8.371414131387282243e-02
2.190992795132358228e-01
2.502871059918053143e-01
2.432526044269545940e-01
1.073091819820882198e-01
5.618262911194686626e-02
-7.713143928627902435e-03
-5.178938347953146448e-03
-3.019948922919358722e-02
-4.040822165380195813e-02
-8.778862448278623720e-02
-1.498433041231357898e-01
-1.742911124458012828e-01
-2.166752985638787377e-01
-2.264685084401190096e-01
-2.743740893575330464e-01
-2.550750029808563357e-01
-2.789893272444263217e-01
-1.973906311104847155e-01
-2.053878759896475559e-01
-1.702235082525468124e-01
-1.799802084937843494e-01
-1.741249508525573308e-01
-2.016478776704186404e-01
-2.056053315130445258e-01
-2.501204874153546975e-01
-2.709486110321600583e-01
-3.381262476690315433e-01
-3.715934946940731010e-01
-4.669764903692859015e-01
-1.390925675396311179e-01
-4.369533053332122496e-01
-7.486892116417582788e-01
-1.019501205566383017e+00
-1.282527588619660763e+00
-1.451047516832777662e+00
-1.662524667314205340e+00
-1.849065295677037257e+00
-1.999177102662760053e+00
-2.151622772524813154e+00
-2.197827274716815715e+00
-2.292663567315333939e+00
-2.303558314056495249e+00
-2.364320431400201983e+00
-2.402183070589457792e+00
-2.423508740300880593e+00
-2.413799655560898483e+00
-2.405988209235903952e+00
-2.368517189808802215e+00
-2.283660758479897357e+00
-2.067091627383728980e+00
-1.761828652212148461e+00
-1.541699119330270484e+00
-1.251593283783588584e+00
-1.021944120746746343e+00
-7.878045139727291035e-01
-5.877012197327247112e-01
-4.222432607573232133e-01
-3.073407407173571748e-01
-2.201686232808153232e-01
6.285641769740225870e-02
9.218407268415448885e-02
9.879353344815272608e-02
1.153385229390909150e-01
8.352924915560672181e-02
1.047029551634520439e-01
7.792856422794307292e-02
9.094637504400227002e-02
7.223049137751283433e-02
6.625294973543342791e-02
3.510150117608269726e-02
-3.039220501442621569e-02
-4.311167024884578203e-02
-6.405045119986968460e-02
-5.265758708074925326e-02
-5.792172564020423020e-02
-1.481924501119865484e-02
4.483973821585284653e-04
-5.408536706954230212e-04
-1.100156221573027338e-02
-2.387795876272548121e-02
-6.372739985314805622e-02
-7.476439157323440388e-02
-9.003374151564876027e-02
-9.810789758029928032e-02
-2.010739871700398529e-01
-2.909782526296332827e-01
-5.525652241879166482e-01
-9.759195279599328643e-01
-1.354416603983406464e+00
-2.176870191889423156e-01
-3.596772752457019218e-01
-4.462547958351632538e-01
-5.711121722132813661e-01
-6.578494665405275610e-01
-6.758235541402826119e-01
-6.844610898054837023e-01
-6.992941679109069275e-01
-6.814401830386231929e-01
-7.280820317866248947e-01
-7.171606518662153595e-01
-7.350579600495212862e-01
-6.950363133037307239e-01
-6.505606745699772375e-01
-5.837711255691571122e-01
-4.539593834137226613e-01
-2.261130669789113146e-01
9.572148122449386509e-02
4.458955097094469688e-01
8.120390260306120656e-01
1.026514444992497443e+00
1.195182288003624693e+00
1.296902832944102135e+00
1.378360094287808479e+00
1.448560481205978245e+00
1.478619170601563670e+00
1.497224543765859117e+00
1.506163688692344182e+00
1.504629167332114825e+00
1.521291716714708642e+00
7.334459927876414362e-03
-1.015717574842912689e-02
5.033774050016655288e-03
2.173556762994525299e-02
2.550257489467104913e-02
2.862415777777852638e-02
1.762597979211153604e-02
5.167816213692599803e-02
3.678627101302420210e-02
5.007282049093134124e-02
7.423465021356989713e-02
8.520911341290297869e-02
7.845801149489445292e-02
5.698775333716103730e-02
4.560621691689144275e-02
4.141471869321912413e-02
2.837824101997049597e-02
3.550680843561142275e-02
2.657414061354097454e-02
-3.051420180232786161e-04
-2.643707134154357208e-01
-6.457090175732240755e-01
-1.121738796568994001e+00
-1.254089995651640033e+00
-1.449976114122281778e+00
-1.650604784667743408e+00
-1.829544087059320923e+00
-1.890254000528695189e+00
-1.891654700043453152e+00
-1.800783117709925607e+00
8.848215003111399579e-02
2.452355464357084402e-01
3.410121209014631560e-01
3.780581604016921560e-01
4.120838585607034532e-01
4.385229880339559516e-01
5.018617253101973485e-01
6.429632143728702953e-01
8.614238058080749827e-01
1.083343861822770204e+00
1.373723640393518020e+00
1.620372345867185260e+00
1.839102661491642365e+00
1.891151097034874828e+00
2.015323429536254984e+00
2.094015694344195211e+00
2.130315813324929586e+00
2.160636057572793867e+00
2.194632081112633859e+00
2.326002933974822273e+00
2.404981740109272792e+00
2.463624747971018270e+00
2.507722896379413591e+00
2.529949210829625539e+00
2.546228394279498541e+00
2.534193547113519518e+00
2.541458702500780653e+00
2.502396438397810119e+00
2.488473207346434179e+00
2.446342578354189889e+00
1.250545828311418715e-02
1.913051023434106032e-03
1.058740593802382987e-02
-2.626424011732089378e-02
2.521247247438657135e-03
-7.562281342106808718e-03
2.265912110448670483e-02
2.018131852942578811e-02
3.128535147113684078e-02
1.185272060445994452e-02
-9.853446564202686386e-03
-2.890044612760279963e-02
-7.321555683241220969e-02
-2.267511125359524815e-01
-3.641233908514215356e-01
-5.365043681778201012e-01
-8.148219923006398968e-01
-1.280101537285380786e+00
-1.500859819740263390e+00
-1.777966437301856661e+00
-1.971128117824456849e+00
-1.994045735388859875e+00
-1.970930284545355571e+00
-1.791656389699868068e+00
-1.644155875702756564e+00
-1.375446681088890344e+00
-1.244044612906278102e+00
-1.130568783262101640e+00
-9.855313742627100915e-01
-7.568985311842229002e-01
2.798228829285047126e-01
6.063319614250202161e-01
8.882182880524123192e-01
1.103179024207255665e+00
1.252300838648122472e+00
1.344544656861396570e+00
1.429372033282338306e+00
1.505457357085135950e+00
1.542161839014918989e+00
1.572275258887840588e+00
1.591717788086875141e+00
1.625010284304985841e+00
1.610026271875999226e+00
1.623410480548755030e+00
1.638683340121060317e+00
1.633616012511385218e+00
1.580580783728669614e+00
1.588094387204427749e+00
1.623507985280739696e+00
1.635864979778083317e+00
1.617953044717543198e+00
1.602822272229290190e+00
1.597470962513962256e+00
1.576830932791769113e+00
1.567559957855910291e+00
1.522101472880006412e+00
1.542043668867453032e+00
1.558154229131094803e+00
1.570129594519704908e+00
1.548591639166398304e+00
2.436272670986633360e-02
5.624837489963473852e-02
2.191796037522219381e-02
1.627790102607683947e-02
-2.544426850878376417e-02
-8.304180279287452782e-02
-1.105925999020318379e-01
-1.743048691215975110e-01
-2.580360444819447263e-01
-4.393339357268531975e-01
-7.556659383654603657e-01
-1.086872718836771501e+00
-1.389208744049554189e+00
-1.891032679705050956e+00
-2.184641895894038122e+00
-2.417868060415585330e+00
-2.488311975682297117e+00
-2.530280362646809333e+00
-2.497208895076158175e+00
-2.356803334796877092e+00
-2.110513277958903089e+00
-1.856837908407861004e+00
-1.567517915080027358e+00
-1.228055790380935042e+00
-9.424921873931380034e-01
-6.439709979248807725e-01
-3.273720460185952086e-01
-3.284348157411332014e-02
1.295263497099012062e-01
2.200276708983968654e-01
9.004961772134455200e-02
1.598070168179227535e-01
2.463936955208345103e-01
2.743361618796031354e-01
3.029192326144281022e-01
3.392151737671965095e-01
3.826998732339581544e-01
4.001693824867837423e-01
4.405343328836461847e-01
5.127137988372999500e-01
5.636212841754739689e-01
5.821983497260844187e-01
5.667222900284151210e-01
5.210534168119691500e-01
5.135955101599880557e-01
5.359191659817615916e-01
5.710556466072523873e-01
5.985023291620394925e-01
6.609593192801100914e-01
6.978039340766725163e-01
7.110572199611187028e-01
6.686432691260179029e-01
6.755995728712416160e-01
6.603357936459668398e-01
6.507741558568537199e-01
6.474230451587608126e-01
6.484243983239403875e-01
6.075029662328693680e-01
6.003873881068574336e-01
5.947504298152501701e-01
-4.485215307779517185e-02
-1.030893355385809895e-01
-1.554800687326179098e-01
-2.797865247193059290e-01
-3.725962422675880292e-01
-4.971028887933709450e-01
-7.041688132702620395e-01
-9.788246900863890598e-01
-1.358371358699093756e+00
-1.853034129096423843e+00
-2.460803128772862003e+00
-2.542608916039173383e+00
-2.735379482499240122e+00
-2.771271854393287715e+00
-2.752357092808634942e+00
-2.562021209309722991e+00
-2.278295125158849910e+00
-2.010790245273062382e+00
-1.687531361968720667e+00
-1.437218706299300486e+00
-1.155417215777112983e+00
-9.344891284626964945e-01
-7.578139885560480904e-01
-5.810562403842323143e-01
-5.041342350624780089e-01
-3.910092774122929660e-01
-3.099989219266719997e-01
-2.616527517041449813e-01
-1.829146488199639986e-01
-1.184396757261757388e-01
9.701780055358014132e-02
7.496019940523641900e-02
9.311081868108932180e-02
5.306770260259721650e-02
7.178881731729075399e-02
4.711332225712198951e-02
6.447868706391260418e-02
7.047455447564957010e-02
9.745260711045210245e-02
1.506418079944231714e-01
1.943183478346100779e-01
2.544587869798182744e-01
3.291430912953223209e-01
3.947369438920982909e-01
4.616902753789611236e-01
5.617379949314107446e-01
5.947557965237925126e-01
6.416106310981763983e-01
6.673807315163670095e-01
6.587351707869693040e-01
5.845192601458564230e-01
5.326996170394664443e-01
5.226676523277523634e-01
4.785492173833822416e-01
4.001194388138812341e-01
3.232418799451146629e-01
2.238968192134157265e-01
5.754869587396402308e-02
-1.325440573460292815e-01
-1.730286086551932057e-01
-1.500124970547000169e-01
-4.936715203649746364e-01
-9.699992461929334286e-01
-1.298568633637704028e+00
-1.354549229930638532e+00
-1.514460231975885529e+00
-1.583460553978571994e+00
-1.688818240491888556e+00
-1.757943456910664004e+00
-1.811277418383042015e+00
-1.882971295276720358e+00
-1.933984580814568588e+00
-1.961301909461152126e+00
-1.949209732867568379e+00
-1.984699090235011010e+00
-1.960723056527338581e+00
-1.936317197888177022e+00
-1.754696261144495617e+00
-1.616243768732952724e+00
-1.383446837798308460e+00
-1.069871620392695455e+00
-6.476113131261715949e-01
-2.408846292556564017e-01
7.828912476652832853e-02
3.450902500440325427e-01
4.614379038150534518e-01
6.107733496102354387e-01
6.497162490477217389e-01
6.773529625039553803e-01
6.805724878111095721e-01
1.681816379747945456e-02
2.908081179584623421e-02
3.037919354229529426e-02
4.681194746856932876e-02
4.226989952223535185e-02
3.443822535476434576e-02
1.902112797622279583e-02
4.662960978198878170e-02
2.020204286436091262e-02
5.698104985361070185e-02
3.131830864907880763e-02
1.370557175641952743e-02
2.565267775179760207e-03
1.438390703883562008e-02
1.661625623122052475e-02
3.338907061623024725e-02
1.661747688223724068e-02
2.351412481143821953e-02
1.904535376946468392e-02
3.018133823578322827e-02
1.579693504268841336e-02
2.765793466130529038e-02
6.481032729420757588e-04
-1.343408757169223949e-02
-6.223723286040944158e-02
-1.170934330188854733e-01
-2.365484320193410595e-01
-4.677088360670982325e-01
-8.329943496930416469e-01
-1.238959694999019590e+00
-5.565224371093595579e-01
-6.738590525343670645e-01
-1.002273449772727254e+00
-1.139586275094734535e+00
-1.150400280265622133e+00
-1.090968181783770197e+00
-9.734935444828662909e-01
-6.816792834923240951e-01
-3.940330911010746506e-01
-2.220400252000074293e-01
1.164711935065032566e-02
2.398758966632987821e-01
4.069000409916456729e-01
6.732846128449068157e-01
8.565361231024718469e-01
1.129744173603638657e+00
1.284451153596696926e+00
1.384427908188350598e+00
1.465654149544468376e+00
1.551132663903876274e+00
1.629067398647603637e+00
1.664881547952707264e+00
1.720773750534579927e+00
1.703415459584303404e+00
1.739985025108005345e+00
1.735617912041095057e+00
1.776222362797987397e+00
1.785656788613807500e+00
1.841688826341929097e+00
1.850585191562294396e+00
1.756204495109209285e-02
1.622165210510533723e-02
4.098238664774546403e-02
5.103874853263100364e-03
-3.993534190087320163e-02
-3.652721942311761005e-02
-3.962248428940806644e-02
-3.186732390467676007e-02
-7.667845627796607277e-02
-6.673642961864563461e-02
-5.969670397899397296e-02
-5.955335682442976231e-02
-5.809637561279992063e-02
-6.597441283191850248e-02
-7.904220703601040621e-02
-8.807109657549548609e-02
-9.823681797318102593e-02
-1.220528360708267035e-01
-1.253566722876336137e-01
-1.600083286171206931e-01
-1.619507294569388633e-01
-2.483100402286515518e-01
-5.384487541234139751e-01
-9.089566804241154818e-01
-1.294173101948580040e+00
-1.751022809292794857e+00
-1.821268343156699387e+00
-2.059276106235278014e+00
-2.180088687546549941e+00
-2.195583175736450343e+00
6.469917508816262763e-02
2.027371353983256630e-01
2.911542263561562316e-01
3.825488850242951266e-01
4.304068221972698893e-01
5.343191951304986365e-01
7.587457292351076354e-01
1.024444263004075761e+00
1.308206423323071022e+00
1.593493691469838103e+00
1.817011226040502692e+00
1.992982996340244783e+00
2.180261485679721112e+00
2.303270449603740389e+00
2.443030478631992963e+00
2.558344065643916476e+00
2.645852192129807712e+00
2.757437308273424925e+00
2.793264186424829543e+00
2.807486182903137895e+00
2.814850753566062291e+00
2.854814175815066246e+00
2.874391689705015462e+00
2.893134601188278587e+00
2.918596726496570870e+00
2.971438560072917845e+00
2.991202940754972506e+00
2.985167124101223646e+00
3.024376240502221869e+00
3.063266027920342527e+00
4.322021912421387946e-02
1.343547650460873988e-01
1.536695549329073485e-01
1.672898766151436345e-01
1.458416077907141728e-01
1.487759610172085245e-01
1.662135477863905531e-01
2.076792063342113581e-01
2.305121710837916560e-01
2.725079447760269113e-01
2.222013430124149536e-01
7.353057810186824916e-02
-1.301182648937778408e-01
-3.705938529377118540e-01
-7.070362929589459888e-01
-1.199576854182481389e+00
-1.714597069584168576e+00
-1.921765095104109644e+00
-2.258295477790484007e+00
-2.625946103442579282e+00
-2.802031971294263624e+00
-2.917465752248602939e+00
-2.935572549586212165e+00
-2.929448683926855868e+00
-2.863419684789271891e+00
-2.721142224118753727e+00
-2.472692731049108694e+00
-1.985261366135932404e+00
-1.595243755329929902e+00
-1.303885579300796405e+00
4.080062292892870923e-01
7.234128862679469751e-01
9.621665365775036172e-01
1.095644859881290678e+00
1.263397460133420802e+00
1.328183944418673601e+00
1.428872254672552078e+00
1.478301078351662134e+00
1.513666032753839152e+00
1.550618803695033243e+00
1.576667376972930912e+00
1.589423525936574322e+00
1.570304114023301167e+00
1.565359228690932358e+00
1.525154776839523496e+00
1.514689346958582705e+00
1.469063215195494321e+00
1.477583524211245170e+00
1.480241966387389363e+00
1.470765957990215478e+00
1.449143089020473285e+00
1.418748637293646420e+00
1.417514598414278959e+00
1.389528384835694963e+00
1.388730269525818350e+00
1.388548797229164578e+00
1.424355552213288245e+00
1.450138075690952766e+00
1.432758973175264572e+00
1.411488141884266412e+00
-1.541419433539077677e-02
2.765265552364323809e-04
-3.625328498049699283e-02
-1.597066538649870582e-01
-6.866254386005171684e-01
-1.235837289348397761e+00
-1.621901542196608759e+00
-1.887322022587533787e+00
-2.072311103190351389e+00
-2.217947149447613953e+00
-2.367007072477192331e+00
-2.498771705106189067e+00
-2.566131815596400578e+00
-2.571232557259734541e+00
-2.482128228327762365e+00
-2.392480624479175866e+00
-2.226378905753633397e+00
-2.107396585253428878e+00
-1.933749057483208134e+00
-1.651656624222446190e+00
-1.348926273901805750e+00
-1.044650256845520264e+00
-8.611342809882475136e-01
-7.111470938139530240e-01
-5.573354445237252985e-01
-4.696051829679787071e-01
-3.766667806117767192e-01
-3.317042075016095048e-01
-2.350945114548679271e-01
-7.805958266778223464e-02
1.097918794726908398e-01
2.086940594768885437e-01
2.266830069455985364e-01
3.229384227064550639e-01
3.432729521135165496e-01
3.613146143879419347e-01
3.634474516325381654e-01
3.768187317079118581e-01
4.026266702148380006e-01
3.795576824599794508e-01
4.113015206794821688e-01
3.871746834776534363e-01
4.290691666883227895e-01
4.034258837736112158e-01
4.414173374851888543e-01
3.853543052581921424e-01
3.777130494016171514e-01
3.899608443039779826e-01
4.266015374329554799e-01
3.919510069696475751e-01
4.235632129331387552e-01
4.060292001837323972e-01
4.401201099640198455e-01
4.190762429676971879e-01
3.966304795493478252e-01
3.169339215858286707e-01
1.808400549217474562e-01
-5.698986683944495812e-02
-4.977871136664783758e-01
-1.014335188457285764e+00
-8.417054956056442550e-02
-3.463448042157053486e-01
-5.293081523776370645e-01
-6.492569750373897719e-01
-6.460525100568400569e-01
-5.694521317557320605e-01
-3.185606317773089780e-01
-5.567714650271449184e-03
2.566429563407889303e-01
5.125528974524704573e-01
7.994316073487366392e-01
1.033255139826808389e+00
1.227914241643284443e+00
1.369760734790089973e+00
1.522249294573030376e+00
1.626865483180554239e+00
1.719633290762786038e+00
1.770671460752730519e+00
1.833033765023605488e+00
1.845958830446445820e+00
1.863762027961629153e+00
1.837685973479856960e+00
1.817947850222146444e+00
1.790503133809355774e+00
1.814954132009112930e+00
1.800063815057667549e+00
1.808957465056973524e+00
1.831708137032180161e+00
1.842105433307095419e+00
1.857752687537711722e+00
2.065582047763199480e-02
2.642135986019999300e-02
4.106000772802845949e-02
6.087603566443047093e-02
7.676005628264759295e-02
6.497511423287224974e-02
8.295842623853597053e-02
9.745295729581515687e-02
9.751675166583728682e-02
8.660566889681159397e-02
1.011230859748387945e-01
1.281155570070180993e-01
1.407384669890889284e-01
1.605311175709618898e-01
1.408973065841867545e-01
1.476298970863435533e-01
1.352363760122027303e-01
5.817058241736335067e-02
-2.246705339032392668e-01
-8.516231783664831578e-01
-1.381168229649317070e+00
-1.486046623155525381e+00
-1.689914063538729971e+00
-1.871089889589702349e+00
-1.955990642565405890e+00
-2.028366437614792517e+00
-2.057562174522919562e+00
-2.033649632764968018e+00
-1.818365951864536978e+00
-1.624055164925440886e+00
3.181644066029729045e-01
5.789392505212468398e-01
8.571428280253141629e-01
1.152690272345533673e+00
1.363840668999100503e+00
1.597269345097277471e+00
1.857590093502665685e+00
2.003518264164700025e+00
2.104221508136918217e+00
2.160204144424092476e+00
2.235426486493337084e+00
2.280683891427214949e+00
2.319572008689009923e+00
2.327052694799698340e+00
2.355191187172269274e+00
2.358145029129592007e+00
2.381382435178911017e+00
2.394813575477984458e+00
2.402002899945305359e+00
2.472068877607218162e+00
2.477570991011240675e+00
2.494514036945413960e+00
2.496591818083108372e+00
2.470562051646710611e+00
2.480162004371166518e+00
2.492541000955107666e+00
2.494960570147745749e+00
2.488544291350921700e+00
2.484236468120401220e+00
2.468563823550297354e+00
-7.008797665831806127e-03
-5.283929258405885981e-02
-4.586630504057968155e-02
-8.451210256356045392e-02
-1.106599895860046756e-01
-1.848190951280202499e-01
-4.477752606791158829e-01
-9.660731034247560522e-01
-1.441765744817882666e+00
-1.608126862978733085e+00
-1.833148935764411958e+00
-1.951590789213532462e+00
-2.054870986802052713e+00
-2.155869862221911237e+00
-2.218728818585468332e+00
-2.235426923618880846e+00
-2.173019763565871454e+00
-2.102038384779500557e+00
-1.941184963763408877e+00
-1.765407014625516524e+00
-1.532605490763843115e+00
-1.358496167744152938e+00
-1.169878056028951452e+00
-9.536815087847382300e-01
-6.858568656865291491e-01
-4.244593229869180750e-01
-1.737072956805780222e-01
2.936887317471109649e-02
1.522441167963462516e-01
2.956168679020985124e-01
5.494429703419220073e-02
1.084854077045465381e-01
1.216966278705508275e-01
1.285828382313108642e-01
6.180567494742555956e-02
5.636703381087594666e-02
4.196524600666726168e-02
4.308685219871297850e-02
3.282385883233856355e-02
4.349818241378141520e-02
3.756735909759181813e-02
1.641170115280472450e-02
2.469846809924860359e-02
5.251276984015795096e-03
3.066672161709149864e-03
-3.766156204075558900e-02
-3.526505068074886617e-02
-2.641725300416083305e-02
-1.131437378022833763e-02
-1.453072780576708870e-02
-1.653491051921390440e-02
-1.194515042161438043e-02
1.114832441868137541e-02
3.050720574545797564e-02
5.738334976271816656e-02
4.834802834375906411e-02
3.272221020313260953e-02
5.366829068271940228e-03
-2.880890731024630252e-02
-7.473172157485592770e-02
-2.666268620018803770e-02
-1.413530077982611544e-01
-4.454099532079477397e-01
-1.126256471912179258e+00
-1.408133059108504170e+00
-1.784635657249384222e+00
-2.110710449080715811e+00
-2.284212712379204202e+00
-2.262779286732082173e+00
-2.162786507854634888e+00
-1.951180014865477652e+00
-1.515856399234994267e+00
-1.102764910594532966e+00
-8.159921152823255142e-01
-5.934554730485636087e-01
-3.967712809535425267e-01
-1.724718060317865509e-01
-3.091554669055596172e-02
8.897164712645778961e-02
1.538087395344531205e-01
2.638613449831393454e-01
2.863074756289358813e-01
3.366195468996626694e-01
3.459260473645857648e-01
4.009758756557250670e-01
4.371906268754830460e-01
4.526018560784229039e-01
5.290914387288073728e-01
5.198952054899779185e-01
5.172884547211352713e-01
1.881421734147922450e-02
8.850532214926040697e-02
7.792411895523224108e-02
8.054296369857356919e-02
1.036321074922159635e-01
1.192531249175888680e-01
1.521386392355539852e-01
1.196311481906951746e-01
1.698945829168412858e-01
1.519834996511001679e-01
1.740054093408786862e-01
1.743341900361593533e-01
1.680126748995902364e-01
1.493486798900272861e-01
1.602832753259232912e-01
1.788100694427939563e-01
1.804935388696658205e-01
1.822133573980745380e-01
1.857161501270765402e-01
1.704322800341400712e-01
1.550001549983572868e-01
1.484249237694546253e-01
1.869773757550126092e-01
1.923048491269290783e-01
1.744712289956384665e-01
1.384991743129863895e-01
4.555433850940403262e-02
-3.112823897871451195e-01
-9.244802730792842649e-01
-1.376376156689570474e+00
-9.608733898447642530e-02
-3.381131032830845817e-01
-3.633476096900630226e-01
-3.023618007464880519e-01
-1.915995888444541606e-01
-1.080009659281678108e-01
4.205267304562483599e-02
2.407868266073803221e-01
4.244294031702536829e-01
7.477501397858685728e-01
