5.043089271286883835e-02
2.141048133909306816e-01
3.051153728641122220e-01
3.933156067083617979e-01
3.813080788814743882e-01
3.956857703504380042e-01
4.625757978361585976e-01
4.757244630580549360e-01
3.983339261370093531e-01
3.411257224314541703e-01
2.910066607184832455e-01
1.427013140828699289e-01
-1.050342086685957521e-01
-2.528962054442221996e-01
-3.778479710517714252e-01
-5.010616501440455783e-01
-5.600424564940987837e-01
-6.760233008560707635e-01
-8.007016818898107235e-01
-8.764095324472604975e-01
-9.385769782168646991e-01
-9.979353189252597733e-01
-1.085972343974556109e+00
-1.170203090694321268e+00
-1.222002006958724074e+00
-1.225270018761136948e+00
-1.329777897620761484e+00
-1.308921439830877720e+00
-1.290598552533362087e+00
1.910860555671241648e-02
2.290565950226426326e-02
-8.755329881597780084e-04
-7.997290140907990785e-03
-3.092080717657689007e-02
-1.568837006312372856e-02
-1.672507099068666278e-02
1.601889796935391033e-02
1.464500980169580052e-02
4.290154242053995787e-03
4.841515709345181606e-02
1.059569500268603137e-01
2.386969433286547371e-01
3.709813388657863253e-01
4.943337787098754377e-01
5.783637124952639708e-01
6.410412770433606688e-01
7.402812436936800911e-01
8.557268351013398444e-01
1.035394582399550290e+00
1.237241385736644883e+00
1.420766348020310765e+00
1.624221989503844554e+00
1.818827606064250535e+00
2.010564150388412852e+00
2.213107630832183315e+00
2.346934644644670609e+00
2.477921850283287597e+00
2.557277575871217401e+00
2.581685970394302032e+00
4.504278905328395165e-03
-2.760876438190353749e-02
-1.046317967320518905e-01
-1.549615156936478277e-01
-1.693399323581468441e-01
-1.268981444681294979e-01
-1.602596165285537499e-01
-1.748934017067431679e-01
-2.061528565913629540e-01
-2.176333957283941023e-01
-2.085778014646305356e-01
-2.254554796237804859e-01
-2.271460378867713181e-01
-2.381549222765873275e-01
-2.680408373498927022e-01
-3.054058058662874053e-01
-4.620325431697958063e-01
-6.494783270167017175e-01
-8.686416202266940001e-01
-1.115224597259677930e+00
-1.307246443712505535e+00
-1.526518944130549782e+00
-1.691206979440539770e+00
-1.883789534461823623e+00
-2.197972269225276776e+00
-2.411141320678390265e+00
-2.599194561380749224e+00
-2.767417263924172754e+00
-2.879509690976343794e+00
-2.986679208083855563e+00
1.414765651921555747e-02
5.209848928776730781e-02
3.362006546217556624e-02
-5.628728156685497419e-03
-9.078215389447039096e-02
-1.501871647197596804e-01
-2.231297608211578187e-01
-3.575859722414022057e-01
-4.231683995171105495e-01
-4.108887737224160563e-01
-3.985755162647010574e-01
-3.832697318207091697e-01
-3.223278410027928254e-01
-1.337638424716514896e-01
8.997868932970953804e-02
1.786814850847102121e-01
2.282414248162994985e-01
1.727671665028252812e-01
1.396141190068242999e-01
1.697799901184420812e-01
2.218767353626320549e-01
2.243474624210222423e-01
1.870794024214072482e-01
1.907557095562108507e-01
2.659282287705359016e-01
3.848917312248901768e-01
5.110663576199347968e-01
6.401975575553211506e-01
8.213863520070434632e-01
1.112992750226479144e+00
2.938983027011056737e-01
6.023159670152857803e-01
8.088994801117027622e-01
9.537216128196451814e-01
1.057899590248556176e+00
1.119768554693713725e+00
1.232587712801415769e+00
1.314243008164936777e+00
1.445372831178668216e+00
1.518488456422610655e+00
1.734142517070157652e+00
1.879431444742696300e+00
2.024931441449293157e+00
2.199026061918650576e+00
2.389869115406275668e+00
2.470304684608304324e+00
2.497813939165028696e+00
2.526970109496893269e+00
2.494349682743189245e+00
2.495525471859853184e+00
2.465386907456888821e+00
2.418223439026113475e+00
2.388340416259693288e+00
2.377994858220353613e+00
2.323510763090443909e+00
2.293753044253946882e+00
2.310751219692724234e+00
2.306830264651304141e+00
2.323911240196484762e+00
2.277309646895063100e+00
-9.879823789638593479e-03
-8.940961808570310754e-02
-1.376887876081124007e-01
-2.020373270003171795e-01
-2.839235331029277276e-01
-3.633419601944256616e-01
-4.288589380382322735e-01
-4.366637087469746326e-01
-5.566304451311776536e-01
-7.597528641313229247e-01
-1.029307211924379128e+00
-1.212789677401954647e+00
-1.332310217592107104e+00
-1.660361575011742419e+00
-1.813706862726449875e+00
-2.013499266295186718e+00
-2.174856171014976081e+00
-2.383039780876643920e+00
-2.523083921224860138e+00
-2.716922174896360787e+00
-2.904566208080572309e+00
-3.020191900196146140e+00
-3.104575296712264620e+00
-3.178780928493400548e+00
-3.250359004817974462e+00
-3.258896934463337391e+00
-3.256163052043077766e+00
-3.217248623931515450e+00
-3.204436302465439645e+00
-3.210521097931331003e+00
1.335226140741497571e-02
2.235724985069247744e-02
1.250885892354204089e-02
6.499372594107812040e-02
1.557447627154099346e-01
2.758476239606362235e-01
3.117644253096816254e-01
3.287422596602315727e-01
3.417655681199691653e-01
3.790293804032760505e-01
4.234713607688957437e-01
5.184738885202510028e-01
5.902083424433541836e-01
7.165521344616924138e-01
7.924757688771653097e-01
9.227170711416646798e-01
1.026678047057319354e+00
1.189184657485736540e+00
1.418549198147495138e+00
1.640571097026591429e+00
1.838370768211668782e+00
1.979642548592171369e+00
2.105595713877039810e+00
2.200082720216796517e+00
2.235056937997846216e+00
2.291972246795725976e+00
2.337434015964447998e+00
2.338230293229541346e+00
2.358513263401849525e+00
2.417925919766342968e+00
1.073552085121379923e-02
5.949065551424984749e-02
1.355493417564924141e-01
3.270215768346331209e-01
5.044256224598414606e-01
6.449070360605670960e-01
7.640563604550691945e-01
8.921151126636792661e-01
8.997984394115013940e-01
9.231458325171036927e-01
9.097516931801482576e-01
9.383174579419930605e-01
9.689312007525068271e-01
1.028180835562627848e+00
1.091348853744590119e+00
1.083438149642588666e+00
1.116106340218719017e+00
1.045749774877141380e+00
1.054467979567888403e+00
9.717911767964361180e-01
9.716715860946044669e-01
8.717830382590474603e-01
8.218430970695713711e-01
7.467476686237568551e-01
7.482887153362588473e-01
6.901792545620468733e-01
5.741169306022111396e-01
4.907824279023007552e-01
4.824517814689633366e-01
4.770430902391509798e-01
-1.391109733658046910e-01
-2.983591428139413804e-01
-4.936116539486473664e-01
-6.633273274422147869e-01
-7.732856935662877351e-01
-8.539388849138090931e-01
-9.757856445559281999e-01
-1.121017804219319070e+00
-1.373757856149507850e+00
-1.678371178841683964e+00
-1.982932887384571519e+00
-2.367688551716635281e+00
-2.638048644936426435e+00
-2.803334502227965430e+00
-2.903006537487347494e+00
-3.029354313381394714e+00
-3.055927673869940797e+00
-3.126808318408281995e+00
-3.158471320444427910e+00
-3.185292727024701787e+00
-3.163222622480708957e+00
-3.136034387957684189e+00
-3.065330191484672007e+00
-3.054799827098507059e+00
-3.075253937329423870e+00
-3.108358176259967021e+00
-3.101055453090521219e+00
-3.105864410089969052e+00
-3.010620002240745663e+00
-3.045133030217093584e+00
1.766586918387973637e-03
9.480315188663516676e-03
-8.091682296756433010e-03
4.589754230835896287e-02
1.461752367000051511e-01
2.962991772893153186e-01
4.148899172319799877e-01
6.021340337142563337e-01
8.398342957852219515e-01
1.135818830482826058e+00
1.498845670950635256e+00
1.902744597886420141e+00
2.296567811333767306e+00
2.606063634509799165e+00
2.859320116686753011e+00
3.085264688516718756e+00
3.237679572761491542e+00
3.320788219439457123e+00
3.325967647479560529e+00
3.368215730467392088e+00
3.303421343430108958e+00
3.307227696076499690e+00
3.281566915855248734e+00
3.307961971811594459e+00
3.241324630179813315e+00
3.230133347776946273e+00
3.273783462263070820e+00
3.365832395105436525e+00
3.419860416092433297e+00
3.446668827856099959e+00
5.943900203704982621e-02
1.323208496515848043e-01
1.971150890540741552e-01
2.452469838383955492e-01
2.872417149998066077e-01
3.362048834455348967e-01
3.606078589397398448e-01
3.601543208604832680e-01
3.480076082740857224e-01
3.262279649105150892e-01
3.260428547294208501e-01
3.015524806290916793e-01
3.051295070017012168e-01
2.778500313466850113e-01
2.771973781947300597e-01
2.526438046292638351e-01
2.274587358230364120e-01
1.775524332194375332e-01
1.086419764886680100e-01
-3.404407753102474399e-02
-3.362456805732489395e-01
-7.994642627744660279e-01
-1.136353437368869290e+00
-1.332266274760615321e+00
-1.487042998407954508e+00
-1.614051231806601594e+00
-1.750259656898349725e+00
-1.886156349466770799e+00
-2.078979537606010286e+00
-2.273289869197641089e+00
-8.006668778334719017e-02
-1.807034947458512897e-01
-2.743371618472483786e-01
-5.065121472523225199e-01
-6.899154298238439065e-01
-8.218111359775448488e-01
-8.624415955541211432e-01
-8.809665281058532971e-01
-8.224350903084259867e-01
-7.993973974659194237e-01
-7.813511086164584007e-01
-7.876702510211016639e-01
-7.832106364057873638e-01
-7.659967010532663378e-01
-7.683444505704495331e-01
-7.907143133507580357e-01
-8.177587366847480776e-01
-8.465763494729779959e-01
-8.451371811837191661e-01
-8.478297189726478056e-01
-8.298375484033957417e-01
-8.509939678027781396e-01
-8.297536402417770018e-01
-7.543131358462059621e-01
-5.714635430357665191e-01
-3.598916341404758135e-01
-8.169974227964910130e-02
1.514303814560750971e-01
4.406399342670693775e-01
6.764295180048243150e-01
2.799274856511960174e-01
5.364578827604038480e-01
8.126009268518343820e-01
1.019278670789011576e+00
1.127427465821546404e+00
1.216356609980403292e+00
1.382301026064046257e+00
1.503644530355065179e+00
1.626576193261378922e+00
1.633297033938061915e+00
1.642918262446192879e+00
1.684166913074867766e+00
1.744594766488513748e+00
1.819470426845654520e+00
1.851368867705699417e+00
1.879160421246949042e+00
1.958456995671547185e+00
2.032993902472131076e+00
2.131223034036624941e+00
2.216394990621625372e+00
2.333501130293507586e+00
2.425612241488152687e+00
2.563891834536513148e+00
2.660152845115971942e+00
2.727996758007956490e+00
2.749091247345921918e+00
2.772372294387815295e+00
2.746896460516111027e+00
2.706515319229005456e+00
2.709669659859710755e+00
-4.187268551135713696e-02
2.080428958717488869e-02
1.149451084824728575e-01
1.878681926315384498e-01
2.143628185719127777e-01
2.592021156793536396e-01
3.206975306560587158e-01
3.778279466660666719e-01
3.801787267356831479e-01
4.001764333194530732e-01
3.618072477543087251e-01
3.572651665000110000e-01
2.532229232099073579e-01
1.106937459513287481e-01
-6.378614738290361297e-02
-3.075235421981353245e-01
-4.690001160861937413e-01
-5.109050930421293879e-01
-6.132259342401268354e-01
-6.486459154752929335e-01
-7.369765403304917584e-01
-7.550785127279993070e-01
-7.616596752693862715e-01
-8.457035747888718147e-01
-9.678560599297754141e-01
-1.189886561486657390e+00
-1.383832011618302049e+00
-1.593172953910903189e+00
-1.965304463880060082e+00
-2.415194572922080063e+00
-4.818763475034809618e-01
-7.915395384333234752e-01
-9.162213369796904372e-01
-9.558729383355316633e-01
-9.872623581072599297e-01
-9.884295715310756902e-01
-9.641212365496121262e-01
-9.327012513573247343e-01
-8.840278530648457700e-01
-8.643974063175245970e-01
-8.304877200248752533e-01
-8.216721334498305884e-01
-8.315616092746642707e-01
-8.663443683106647475e-01
-9.593655845759582190e-01
-1.066742676367341103e+00
-1.333654715862866880e+00
-1.514763963450897810e+00
-1.625339917615375551e+00
-1.692069527834713760e+00
-1.720162634719420547e+00
-1.745148264592977894e+00
-1.743623713836922162e+00
-1.754769103234238070e+00
-1.757537688507444962e+00
-1.765440049812801337e+00
-1.710598957053399705e+00
-1.641098597058470832e+00
-1.407635675053123370e+00
-1.180870970775784068e+00
2.232678158261023060e-01
3.432843244848260977e-01
5.388593842133687639e-01
7.066701713512580918e-01
9.310359988778060814e-01
1.194291467689603925e+00
1.442828274746288164e+00
1.674242839421085094e+00
1.942153425232883368e+00
2.099950977654142736e+00
2.265269346523478777e+00
2.408984857961591342e+00
2.505937799074771100e+00
2.641553610432846533e+00
2.671162706607024262e+00
2.667532153336556355e+00
2.673844827823046000e+00
2.707623626313996557e+00
2.736334845158129969e+00
2.769107846126632300e+00
2.846977927313512069e+00
2.869259889497870919e+00
2.911113322120645552e+00
2.995139858014050915e+00
3.101082858195356895e+00
3.226452897959528165e+00
3.308951099848495225e+00
3.362250600427477032e+00
3.476539830978693679e+00
3.509460883332359504e+00
8.568443899918376169e-03
2.799683362245058288e-02
4.689283632245579148e-02
6.396463587219766711e-02
1.744164847883491326e-02
4.666143063976439798e-04
-3.108262734935782548e-02
-4.906261181861273912e-02
-9.335977787097873848e-02
-1.058599149702398878e-01
-1.073221998695966378e-01
-1.042561204362972838e-01
-9.703589414873788066e-02
-1.119743681750997727e-01
-9.086229051678666735e-02
-1.264250484313979295e-01
-7.985936636130565314e-02
-1.715127699120435611e-01
-2.550344530120707276e-01
-4.081165497680137588e-01
-4.794498853078174028e-01
-5.710044904888071926e-01
-6.681550785181762375e-01
-8.174367436586165159e-01
-9.875617259688002081e-01
-1.303701654589678904e+00
-1.594149299587594770e+00
-1.776394879987452713e+00
-2.026061398500055066e+00
-2.115087415419342864e+00
-1.914776521672811316e-01
-4.253031828901714384e-01
-6.253193975572639562e-01
-8.809833560269362263e-01
-1.115000357971638545e+00
-1.187744249777196837e+00
-1.248841770746499158e+00
-1.297352529640167562e+00
-1.255660512988524991e+00
-1.204416605699320630e+00
-1.123531133479930721e+00
-1.047012958548241945e+00
-9.786472993587946867e-01
-8.933821510806970734e-01
-9.130560677334235153e-01
-9.204389288975428629e-01
-9.806203422286661198e-01
-1.088282557661444994e+00
-1.185982412090639704e+00
-1.180726536905765123e+00
-1.180218600391664596e+00
-1.204262720694124100e+00
-1.248386183634305979e+00
-1.282760247701133727e+00
-1.281695159470122469e+00
-1.306163479844257402e+00
-1.279732333439635106e+00
-1.199116989880043338e+00
-1.183042007487398850e+00
-1.135271122845532776e+00
3.944432775181481998e-02
4.631655007733886942e-02
2.638023826233015096e-02
6.100987193776239575e-02
3.520372124843564043e-02
6.357115751523384484e-02
1.296705779861508923e-01
3.002357461177520559e-01
4.750878488618392459e-01
6.598860579379345337e-01
8.626869560059579056e-01
1.042264968655092439e+00
1.246781873346144431e+00
1.431738298870427029e+00
1.610179371316287744e+00
1.803016410105442890e+00
1.978361772909234206e+00
2.084388962200984352e+00
2.236854675232799572e+00
2.360262098971764200e+00
2.465851989783625520e+00
2.552202039093419916e+00
2.589369738552437017e+00
2.551198532643959016e+00
2.574626874751880123e+00
2.606670845964729200e+00
2.712800034959694351e+00
2.794302536554324146e+00
2.835796185728361340e+00
2.876960284613669927e+00
9.291342128646653403e-03
-5.625385557796487579e-02
-1.129377471632328073e-01
-1.458944666499432663e-01
-1.059052969690822688e-01
-8.793562231521791228e-02
-1.188448195151961262e-01
-1.201007257062649825e-01
-1.601850699108672560e-01
-2.196346534259951133e-01
-2.250500963340245908e-01
-1.943922507628294272e-01
-9.947335693266896872e-02
-7.903988527074318204e-02
-5.433533375721096015e-02
-3.946252543320774575e-02
-2.124215317259756791e-02
5.976308682187689986e-02
5.289907513432569319e-02
9.800351635456283628e-02
5.901269891321720557e-02
1.263492282824746349e-02
-1.871310654584229793e-01
-3.844420040830062169e-01
-6.398643662124741116e-01
-9.151908203283591892e-01
-1.274385161696649060e+00
-1.747211075251013934e+00
-2.117686992393185808e+00
-2.339136327648112079e+00
-1.155812316053987238e-01
-2.996284863358547601e-01
-3.831465262487573353e-01
-5.009614883959481180e-01
-4.965942165708024936e-01
-4.880048566408177191e-01
-4.922256057137621710e-01
-5.991855160866116359e-01
-7.467233374560747761e-01
-9.682271900622906324e-01
-1.196307840458965988e+00
-1.347744379171731843e+00
-1.334113020852239373e+00
-1.287411227819325266e+00
-1.286840834890167873e+00
-1.270337525467547302e+00
-1.172136792189517607e+00
-1.042978545310770944e+00
-9.364590356417838990e-01
-8.416311870014546725e-01
-7.342240731819894561e-01
-6.339962157577986313e-01
-5.635976259033650404e-01
-5.475581833087657113e-01
-5.556171893877385193e-01
-5.432167084409654789e-01
-4.961864293912798818e-01
-3.594712401214145148e-01
-1.333997931804168924e-01
1.722488855059745583e-01
4.003011366885028677e-01
7.337965240450662341e-01
1.026580398767113378e+00
1.260127195610059037e+00
1.521032602669832201e+00
1.724473583711273683e+00
1.833926880645426305e+00
1.859565847564978780e+00
1.913895883258984298e+00
2.007951079069792311e+00
2.160940533935017172e+00
2.180556865428195046e+00
2.221668070053760768e+00
2.295590994987572575e+00
2.310272883669356681e+00
2.302510985839493429e+00
2.290945109088635245e+00
2.278849116634335203e+00
2.255266109980929468e+00
2.204037304891013793e+00
2.221203615405149545e+00
2.214698004827737599e+00
2.267946761690130320e+00
2.233990439266565264e+00
2.272900628729414674e+00
2.273586600496627863e+00
2.290943170520801431e+00
2.280923709085010742e+00
2.288378598996137381e+00
2.305142695344034376e+00
1.315053286805859152e-02
-6.562002488608087089e-03
5.113553909065182701e-02
8.389001032696627447e-02
1.336101378723018596e-01
1.733108645301299489e-01
1.956558280087585810e-01
2.241998358877722308e-01
2.239943469135890763e-01
1.693257709922905141e-01
1.335051756723379945e-01
6.427604911698750478e-02
-3.504648867138467072e-02
-6.960560138335142311e-02
-3.944650685053675138e-02
-9.173003606406614913e-03
2.788899882433854352e-02
8.605407782728896615e-02
1.204349373380709798e-01
1.374273067854031583e-01
1.757156969147172787e-01
1.586863472348426229e-01
9.953690369328831167e-02
-3.328834552095856492e-02
-1.390623021969198958e-01
-3.492630987844281831e-01
-6.330379392605377520e-01
-8.705765300288108577e-01
-1.182083104270962082e+00
-1.653997539662672045e+00
-5.066065984000431843e-01
-9.467989609265914375e-01
-1.275363417235482411e+00
-1.574435990760737036e+00
-1.665030108195581615e+00
-1.913183004063544690e+00
-2.027854942086739776e+00
-2.131777199250958876e+00
-2.028809974415513917e+00
-1.913898821693020835e+00
-1.816623641964163260e+00
-1.775924400865512398e+00
-1.757064723432630426e+00
-1.779506007639975573e+00
-1.806883466420625473e+00
-1.848993309481330671e+00
-1.934370480055773944e+00
-2.051325941821611654e+00
-2.117796866036077308e+00
-2.133515655834977931e+00
-2.093106393105451879e+00
-2.089566763297916463e+00
-2.125084899784109638e+00
-2.098368342441956802e+00
-2.089405773782216258e+00
-2.052685516998333348e+00
-2.034511721688302632e+00
-2.004272382006691000e+00
-1.849059001500993116e+00
-1.760661487868319108e+00
1.893221565911759607e-01
4.150970728741686377e-01
6.732264058964898545e-01
9.259088993250907951e-01
1.191781591924593542e+00
1.428797762163000362e+00
1.751053190730436748e+00
2.007054908739867471e+00
2.262809867518294382e+00
2.510885190710662851e+00
2.743969870584445303e+00
2.996823880063846701e+00
3.154762772011028282e+00
3.262896594518441162e+00
3.358273893587563563e+00
3.459735179330505783e+00
3.516534915342792722e+00
3.570052877874945629e+00
3.676826741927302411e+00
3.710126421533418650e+00
3.789506277532518119e+00
3.843701435714557579e+00
3.852879909160377370e+00
3.874639327764934915e+00
3.862263535554220972e+00
3.861056485592176291e+00
3.803456760711087625e+00
3.766038105933420699e+00
3.746134094625146904e+00
3.769985922632947073e+00
3.780503663240765422e-02
8.551710355309635747e-02
1.267969259058784881e-01
1.520252693065105853e-01
1.114307500221758118e-01
8.018400447472978643e-02
-1.911426217787846882e-02
-5.558924162216982018e-02
-5.257194685537088658e-02
-1.915165270294624800e-02
-4.205289176034010534e-02
-4.775922010750000002e-02
-5.391561573676466324e-02
-4.137525310093136122e-02
-3.314898546595497486e-02
-1.866746073797229122e-02
-5.408071457918927141e-03
-5.781674829363717127e-02
-1.227775710993196795e-01
-2.489265196610760400e-01
-4.759044783313762239e-01
-8.167221591513216250e-01
-1.177197571901926310e+00
-1.566385095457994980e+00
-1.810721036019303565e+00
-2.029896872128711838e+00
-2.290436404109212898e+00
-2.486738432986603797e+00
-2.654166156609790939e+00
-2.708080930071217640e+00
-6.965686673524733308e-02
-8.913523640817488936e-05
-5.290653725463017459e-02
-2.321416461583217239e-01
-3.958025669512299505e-01
-5.358016287442599612e-01
-7.194824712845901971e-01
-8.366279430769857361e-01
-9.314272926104874006e-01
-9.286181169216262132e-01
-9.422411321829510245e-01
-9.654750308111527124e-01
-9.626740427034549130e-01
-9.397776145055612984e-01
-9.340409604112113184e-01
-9.194563788223942824e-01
-8.882368193530438827e-01
-8.245090826047916099e-01
-8.173745509513630214e-01
-8.161269131883164274e-01
-7.916885371152122541e-01
-7.139667433379460748e-01
-6.485599422554906290e-01
-6.018315404759746468e-01
-5.564341704121025245e-01
-5.525817237149800443e-01
-4.466122124346781908e-01
-3.186409373880252915e-01
-1.345998358777905912e-01
1.358798401004102929e-01
2.904004279457686466e-01
5.728919830469985097e-01
9.903159729825303792e-01
1.339924917853803743e+00
1.598828344171477012e+00
1.836296008841233229e+00
2.020192133487002106e+00
2.157117429132830999e+00
2.196879464072157173e+00
2.204744152166435267e+00
2.259373215711875105e+00
2.332084809918441692e+00
2.407679020804306180e+00
2.430756326466508632e+00
2.447885394397332437e+00
2.453427794055318412e+00
2.461977844908588064e+00
2.483688795254205051e+00
2.490480576908731702e+00
2.454965723129034938e+00
2.443615728258794473e+00
2.465512725587185816e+00
2.502943653643645128e+00
2.491206275826853833e+00
2.511310784959384534e+00
2.543098633462619329e+00
2.642167221214975825e+00
2.694381954899200515e+00
2.756116973812558157e+00
2.823022233602846764e+00
7.059707965653790052e-02
1.351798982300619900e-01
1.497828387740829381e-01
1.379886084833194804e-01
1.314876228921763590e-01
9.956236232954687737e-02
6.421531659729856623e-02
2.825620551710151390e-02
2.481820658762493373e-02
3.093761580978696829e-02
1.479690593538261073e-02
-1.218296661252144669e-02
-1.556289059456106849e-01
-2.042576603117065570e-01
-2.483710698579192355e-01
-3.497175138567089614e-01
-5.260369603319454690e-01
-7.285277074147156195e-01
-1.030520418166237739e+00
-1.153294521566203823e+00
-1.317110357282006428e+00
-1.582935434119040918e+00
-1.703199850552488570e+00
-1.838949239236419286e+00
-2.065288275514634897e+00
-2.292734864328841660e+00
-2.608788877296893460e+00
-2.789447469063641272e+00
-3.054271248064041266e+00
-3.161874474846770866e+00
-1.127342574606034487e-01
-1.046151641646270447e-01
-1.369136775005065088e-01
-1.320354869953534738e-01
-1.250487648977822164e-01
-1.207285915311638036e-01
-4.455360864068752536e-02
-5.304574015372078011e-02
2.191011981149668109e-02
4.514604594873707077e-02
1.043422584290737698e-01
1.560268906332611671e-01
2.136248020892168864e-01
2.907533428418922483e-01
3.398013552364265166e-01
4.087402054875686197e-01
4.274676180858905106e-01
4.635421479795276967e-01
4.670339359387133960e-01
4.944429287916724536e-01
4.868476021614444038e-01
5.331134674697595166e-01
6.333681058205564707e-01
7.229558160971123471e-01
8.113692652720669862e-01
9.614586870975166955e-01
1.062069260043714269e+00
1.204264811184758921e+00
1.367178015799590751e+00
1.572135606826735588e+00
2.176187317494719109e-01
4.244612337797650792e-01
6.285769089662524012e-01
8.190445735076832268e-01
9.043350754096580735e-01
9.768664572769125698e-01
1.092956354152684328e+00
1.256602610215296512e+00
1.357618625006790758e+00
1.429206295843966856e+00
1.473868620098137683e+00
1.540367411882362259e+00
1.584479999374775572e+00
1.583473003958281833e+00
1.610017945755728208e+00
1.608896677657390972e+00
1.631145162744693344e+00
1.627491389406719113e+00
1.650970572325249464e+00
1.700624852884611515e+00
1.717566945259935141e+00
1.750100576176578882e+00
1.749496036709350610e+00
1.750575856921181117e+00
1.753823906105452801e+00
1.760424126186501903e+00
1.754417872720559268e+00
1.745109958343897594e+00
1.698992693128564602e+00
1.688967063897953924e+00
1.297744661515747196e-02
1.794919152589430703e-02
6.509615818038728963e-02
1.199702817819846140e-01
2.577744862145263105e-01
3.633849959728200352e-01
4.461090288852926355e-01
4.868344926091016101e-01
5.234879803057178593e-01
5.344059663738417454e-01
5.355876440509752534e-01
4.842338314396587018e-01
5.023731344779833741e-01
5.297299953267657902e-01
5.626590932397061984e-01
5.442755134689324370e-01
5.482374259170671449e-01
5.379480780853697075e-01
5.589540875028305988e-01
6.344663422800153052e-01
6.487350824116178138e-01
6.722653730175948139e-01
6.368937972820070126e-01
6.530585461644067280e-01
6.388086459371770109e-01
6.707665998784906325e-01
7.055706973927085013e-01
6.433336508246375596e-01
5.403484018853528248e-01
5.133055826934821431e-01
-4.684079707983021534e-02
-1.693992229322829890e-01
-1.975385243845794447e-01
-3.616648628437840740e-01
-4.663403702153413599e-01
-6.857133395727778025e-01
-9.955425372157458153e-01
-1.442390080926399420e+00
-1.771537310763296569e+00
-2.048587363862763411e+00
-2.256385059869332022e+00
-2.488738531309146573e+00
-2.793659962976153821e+00
-2.875110377989319232e+00
-3.012130952065185774e+00
-2.982806547359815763e+00
-2.998872353371679456e+00
-2.956671089215408887e+00
-2.927460991276899627e+00
-2.697930145081079534e+00
-2.576158515972770235e+00
-2.565387470052312047e+00
-2.595100479210188382e+00
-2.684473304046902875e+00
-2.741746890283326188e+00
-2.854668373423322247e+00
-3.001421480163038336e+00
-3.217240598914582694e+00
-3.330517286555843892e+00
-3.353786821664047846e+00
1.035890104423059371e-01
2.615847309159887168e-01
4.594072481937504504e-01
5.509418581285158156e-01
6.798140020542269291e-01
8.656339053780913728e-01
9.572119443969149266e-01
1.099459092720910469e+00
1.302416834287089431e+00
1.498884429794414830e+00
1.660716651611286787e+00
1.785565373132033784e+00
1.945209454852805830e+00
2.104142858378119207e+00
2.261091055028021657e+00
2.356694545550967579e+00
2.475123238269222092e+00
2.538466764538827469e+00
2.589347104222012419e+00
2.627895741491393267e+00
2.667697014435578051e+00
2.742266532372143129e+00
2.796913652934186256e+00
2.838680105389431052e+00
2.888496204214905383e+00
2.965612002012455672e+00
3.017801711349415772e+00
3.076805674232443444e+00
3.132349576445380368e+00
3.168249139820828120e+00
8.294282220167921438e-02
1.697589857740692820e-01
1.905525506176242723e-01
1.392206078982590189e-01
8.907529357955609739e-02
9.634651379440278829e-04
-2.821137471813958686e-02
-4.934415904393954500e-02
-2.048558192149866480e-02
1.274259772853583023e-02
2.378178215781248661e-02
6.565700001029586841e-02
6.486136279361788548e-02
7.704536041149404046e-02
8.804183199704079810e-02
1.017663166519143653e-01
9.788194389575233245e-02
8.285211391347538368e-02
3.339553820682061164e-02
-2.027104337571373344e-02
-5.406138297189758482e-03
-8.224411792708583718e-03
-1.045374951290800429e-03
-2.006865148120206763e-02
-3.824431391932196778e-02
-4.694434472608196435e-02
-4.323692160651893684e-02
-1.409227672451220797e-02
-3.221627305584406908e-02
3.349085405674548377e-02
-7.894291940966977408e-03
3.797033996827538227e-02
-1.037182584474088537e-01
-2.985901159416368134e-01
-5.991129055974586670e-01
-9.220622204085748841e-01
-1.315239179695827154e+00
-1.729265639548427158e+00
-2.053751494492873420e+00
-2.326156210104012967e+00
-2.399220050211178457e+00
-2.579626165990240416e+00
-2.675867752971184732e+00
-2.761854315031352147e+00
-2.764569645631962835e+00
-2.743232096448237733e+00
-2.717192510725283672e+00
-2.717577454374868307e+00
-2.643476784804366542e+00
-2.558030697173447443e+00
-2.526394117900255587e+00
-2.458268046212238822e+00
-2.465841419237114085e+00
-2.430581179948536619e+00
-2.384871778344400450e+00
-2.329366894880265715e+00
-2.255006880338918052e+00
-2.151780901215741615e+00
-2.063377605068099641e+00
-1.962147037593839238e+00
1.291768571442218905e-01
1.684654728695624826e-01
2.280558132945997296e-01
2.372468726952797757e-01
3.660673758390205479e-01
5.780500962013939148e-01
7.738347284452283814e-01
9.761436651255145369e-01
1.078563911045816059e+00
1.187778148338088036e+00
1.297643524275484683e+00
1.456773206890012107e+00
1.560702822244580235e+00
1.688143467516511009e+00
1.716754652149533600e+00
1.785004697175448518e+00
1.878667017516427729e+00
1.898095528931963871e+00
1.923607672953955294e+00
1.948889130178242057e+00
1.984637792698100478e+00
2.033727513198756665e+00
2.046228921896526831e+00
2.022370321009623773e+00
1.991194466935251040e+00
1.981311417116478957e+00
1.957105117014651396e+00
1.961392786157915902e+00
1.977768840924677640e+00
2.038355961159874941e+00
8.499880323044602115e-02
1.621633983436054915e-01
2.545521667212917172e-01
3.472575040629999332e-01
5.107350069252869496e-01
7.013766771060372385e-01
8.325410609636214598e-01
9.348772982530870745e-01
1.021172303353201638e+00
1.126566631607264002e+00
1.193003493883050492e+00
1.147760355153905287e+00
1.106057389023668458e+00
1.121587020139478197e+00
1.119949905082286978e+00
1.107909635581775021e+00
1.129726617222875040e+00
1.138761178754727599e+00
1.139737715838933019e+00
1.097642543540390925e+00
1.053618988647241572e+00
9.580151266216552219e-01
9.558419493724277238e-01
9.484284492877940176e-01
9.326761292318856977e-01
9.277185702375813081e-01
9.363555350306048686e-01
9.308839391854085710e-01
9.727054981204197315e-01
9.884259062288076603e-01
7.791710370346384071e-03
-4.892105764895120223e-03
1.028619541658100899e-02
1.330716244257929524e-02
-7.337894141827942807e-02
-3.227677467848610315e-01
-5.714132771967727065e-01
-8.687498238068815937e-01
-1.065519628650681394e+00
-1.159303024283888650e+00
-1.236343780653970548e+00
-1.579150091422953039e+00
-2.245847237165386368e+00
-2.724483535480302532e+00
-3.133514411611015849e+00
-3.349473465453894239e+00
-3.507350677047285092e+00
-3.533248750208067612e+00
-3.557399302164829358e+00
-3.480782375834857945e+00
-3.513250352690216349e+00
-3.544110995076141357e+00
-3.571041475880955662e+00
-3.520599437632216500e+00
-3.379334374289426179e+00
-3.311412663242065513e+00
-3.348581680202504796e+00
-3.329658348428831349e+00
-3.312368093580570161e+00
-3.303798091305368168e+00
-1.282611749071346958e-02
1.821461164231750335e-02
8.750210612021325218e-02
1.445173643346862324e-01
1.659431252935518464e-01
2.040487874633882259e-01
2.117256285128592541e-01
2.139199233185388183e-01
2.876575915768830871e-01
3.925463123674922672e-01
5.087721241095748415e-01
6.493502079859404530e-01
8.843124178827914683e-01
1.104021162042681414e+00
1.346574540727324187e+00
1.605732037008145152e+00
1.864613193563550819e+00
2.038445372780373077e+00
2.259203038518580620e+00
2.311596135361522197e+00
2.483147076865142466e+00
2.640266361609468593e+00
2.732057333203144811e+00
2.840114727019860563e+00
2.945737577912138416e+00
3.151251218777544771e+00
3.278471718763378284e+00
3.355467591669710092e+00
3.408076150072020027e+00
3.419214314923524345e+00
-1.843908116775645409e-02
-4.929390478123361896e-02
-5.029282043989311696e-02
-4.407602725886664019e-02
1.074878456999522891e-03
-3.520939540857095928e-02
-7.329894852052923349e-02
-9.687687896403102128e-02
-1.441375771375393577e-01
-1.397778532602297064e-01
-1.123759635131150458e-01
-9.578928564477728891e-02
-1.217003776197714410e-01
-1.721336848628944316e-01
-1.914364387392572253e-01
-2.189373596392306109e-01
-2.136032035429933640e-01
-1.711130449344167304e-01
-1.434326910777476427e-01
-9.178580072285104363e-02
-5.645843389464493683e-02
-2.271279096395994318e-02
-8.750554860948960359e-03
-2.621594500556865409e-02
-2.755232589957393174e-02
-3.596880431955535445e-02
-5.141339719444505685e-02
2.816496758670974931e-03
1.471795579237477995e-02
7.852222145049632396e-02
-1.483157885122923618e-02
-1.311822184392413826e-02
-6.054311185284039221e-02
-4.390960747043530510e-02
-1.015409396623255245e-01
-1.094674555822914425e-01
-1.272090983122854679e-01
-1.893028042110677100e-01
-2.489639901051062254e-01
-3.461026362337601414e-01
-4.675161387370377897e-01
-9.238005196492407034e-01
-1.392353183952354190e+00
-2.017725372960243568e+00
-2.296691749407072436e+00
-2.531087624339490638e+00
-2.735148763500469649e+00
-2.897180062367668896e+00
-2.961024506737881534e+00
-3.120840467760720660e+00
-3.184961152371861726e+00
-3.235339910143290254e+00
-3.250136128377384637e+00
-3.308890098796108958e+00
-3.306980383012791513e+00
-3.327955852704008510e+00
-3.316497856751705164e+00
-3.368043941167989885e+00
-3.387267948130870732e+00
-3.398024898408702477e+00
8.412106249992092055e-02
4.682168326030330952e-02
6.615960385489126627e-02
1.345118472033931534e-01
2.170474056004867425e-01
2.752756710120785599e-01
2.811820656845127608e-01
3.139111313008935422e-01
3.231820049618074897e-01
3.845795352465326000e-01
4.339894392912181931e-01
4.677685830321774985e-01
5.589210674736366791e-01
6.719013773867225092e-01
7.732154212752270217e-01
9.064851350355328519e-01
1.138770075901917256e+00
1.397157594042007567e+00
1.710752776212773441e+00
1.969718523151479550e+00
2.173676171259057543e+00
2.320388994400953919e+00
2.489630492932968231e+00
2.508915608738612857e+00
2.629791134210989423e+00
2.728101661917256671e+00
2.904767762544489873e+00
3.019669710627132186e+00
3.104269025069875010e+00
3.181544296945271633e+00
1.103415933640706226e-01
1.484418963865737073e-01
1.834409711004290899e-01
2.137741680488229878e-01
2.624516216717450168e-01
2.540988790579735701e-01
2.611134173349504151e-01
2.691039666987083967e-01
3.577036304063440086e-01
3.920851620879698407e-01
4.459896872807882495e-01
4.400431421214642813e-01
4.657437565452814399e-01
4.828733453858736757e-01
4.751238355602879215e-01
4.798607219083332320e-01
4.374077914176892068e-01
4.490018291679123696e-01
4.565424476811313914e-01
4.913024063658455454e-01
5.135055537173367490e-01
4.959764269568766593e-01
5.052123177222553885e-01
4.984420079637352230e-01
5.047163566143820779e-01
5.468852869838427555e-01
5.569695319094735142e-01
5.695325192582910701e-01
6.560544541280207698e-01
7.114867363068697603e-01
3.562124972502438841e-02
3.916653073499724164e-02
1.466952563028991324e-02
-4.511367141802987563e-02
-1.173187200782545292e-01
-2.030026476040350247e-01
-3.209620108333379740e-01
-4.699935662435222872e-01
-5.875201242591511219e-01
-8.069928052859973722e-01
-1.018148961266834851e+00
-1.241615745348029431e+00
-1.527379303782248954e+00
-1.964190614033834104e+00
-2.361207744291996757e+00
-2.709015619168538169e+00
-2.944319819293351514e+00
-3.142751915057179435e+00
-3.322238032350041337e+00
-3.461552323887068461e+00
-3.413512471019212846e+00
-3.420039132893611278e+00
-3.469020273531967735e+00
-3.434190460309453741e+00
-3.464960849141052179e+00
-3.507283288427069490e+00
-3.497297437715503499e+00
-3.444696788144452793e+00
-3.380483199272847905e+00
-3.322650026025280479e+00
3.071174174775265914e-02
8.415585317557008893e-02
8.890184760618313753e-02
3.122257143655127881e-02
1.483036463227497409e-02
2.476694778024074450e-02
5.223681447391524679e-02
7.125365028834698689e-02
7.351762155326997672e-02
1.689126894422142144e-01
2.761320446802570938e-01
3.478267951084581533e-01
5.346939392692012794e-01
6.035735764280906190e-01
7.308789219151743399e-01
8.336676896283300442e-01
9.733851919230231964e-01
1.112700861044753076e+00
1.249319515536341241e+00
1.382594131105388646e+00
1.502670397103830213e+00
1.614167026815820805e+00
1.695179329111862421e+00
1.768789605620760153e+00
1.857288955251132023e+00
1.962787315538135902e+00
2.089170532606031472e+00
2.280440090207032089e+00
2.418228086224866402e+00
2.518529248149774080e+00
1.124408933177181574e-01
1.804346266806355903e-01
3.633423954439114478e-01
5.070309066392932884e-01
6.225078601267859391e-01
6.012395457129672272e-01
6.037741709924068223e-01
5.477071731765768003e-01
5.739624094633519746e-01
5.805926285106556284e-01
6.109155175885707667e-01
6.452069099869893742e-01
6.532075002591086754e-01
6.772745619040748677e-01
6.935362295244748010e-01
6.638293345720066574e-01
6.076551029716289465e-01
5.345893037346129972e-01
5.469839183206693933e-01
5.875513784971724274e-01
6.175295661736607267e-01
5.847947436833330626e-01
5.439103428321767630e-01
5.408512723259824018e-01
5.407594718628361274e-01
5.313222871236780165e-01
5.436436913337051591e-01
5.539294299292839563e-01
5.550225664525643143e-01
5.351563716681203564e-01
-6.085338032949889897e-02
-7.948958049168140805e-02
-1.228401977063713901e-01
-1.359964282978715910e-01
-1.222509571277268087e-01
-7.122358465284651940e-02
-7.303205594476473717e-02
-1.319765164028298410e-01
-2.074636867878383584e-01
-3.114517221670616842e-01
-4.144592012088184063e-01
-4.805684443963670338e-01
-4.949617265564809077e-01
-5.767482293431038798e-01
-6.880215066979344929e-01
-9.451871851468737207e-01
-1.375648813976380502e+00
-1.895664501872150520e+00
-2.239834013245500355e+00
-2.503674618847360644e+00
-2.597786928901141490e+00
-2.718682629338968759e+00
-2.816250834043140472e+00
-2.903372032228774380e+00
-2.885599411075680187e+00
-2.975583658749407778e+00
-2.965918227052589451e+00
-3.016967103142933038e+00
-2.988235705583728752e+00
-2.960798313864047238e+00
3.547000535020767426e-02
7.670630047055031209e-02
9.337996422161579102e-02
1.178879741453089658e-01
1.075629249342724136e-01
1.705001357976249632e-01
1.752396120924352430e-01
2.391758985091805845e-01
2.843411334600212115e-01
3.877078987854932768e-01
5.007748370398131810e-01
6.070139895462809410e-01
