-4.684514983805954658e-01
-8.360306745555143859e-01
-1.152986422894705543e+00
-1.381076933644346028e+00
-1.420560522042860763e+00
-1.533253753019820254e+00
-1.704784574456286617e+00
-1.780781553674442019e+00
-1.993618955637664225e+00
-2.182401322593588322e+00
-2.664387125524140032e+00
-2.970490417984239961e+00
-3.302378754364316382e+00
-3.613468851640407209e+00
-3.638695871902489998e+00
-3.516498254757916442e+00
-3.378071555199097187e+00
-3.188488412967972696e+00
-3.040091470732836587e+00
-2.914696213530806990e+00
-2.812719706690998134e+00
-2.764119533746596691e+00
-2.823876766995379040e+00
-2.821171677825605073e+00
-2.827801453616162419e+00
-2.667439444428992612e+00
-2.387835410804477920e+00
-1.985250453380187574e+00
-1.490081813887794038e+00
5.199414957092919343e-01
1.028521951700862580e+00
1.410416702844496939e+00
1.759227667491627844e+00
1.964404409677066754e+00
2.244812769929666718e+00
2.496512583899259674e+00
2.726555351408654460e+00
2.776772211650097688e+00
2.732674754613568346e+00
2.679571193500692949e+00
2.681829487077540985e+00
2.685918240463494921e+00
2.731167416129159253e+00
2.907342187011006551e+00
3.054599656802603924e+00
3.169432289314623841e+00
3.253284927010140049e+00
3.289972325594924918e+00
3.319052428496291451e+00
3.273135181573863850e+00
3.224146469556904648e+00
3.188886049170418957e+00
3.085010995880317797e+00
2.902492450231839882e+00
2.737072476012837097e+00
2.671480424334093495e+00
2.649038355456440730e+00
2.507334735492572797e+00
2.328702608161851817e+00
-2.450006805312599512e-01
-6.354754137889706556e-01
-1.171466467449719051e+00
-1.750476001425001815e+00
-2.121190467661893120e+00
-2.460905665789169916e+00
-2.638170674003792460e+00
-2.712928438163334732e+00
-2.691887321183791038e+00
-2.522826389760488119e+00
-2.499657846003007666e+00
-2.456928755565469746e+00
-2.526179282229199075e+00
-2.483867015679408485e+00
-2.399950850268722569e+00
-2.165354218017756072e+00
-2.023757044358080570e+00
-1.896869784784223523e+00
-1.744883323922171936e+00
-1.554897082916819162e+00
-1.420650687993002759e+00
-1.205223385730819663e+00
-9.379598068346266526e-01
-6.274838975036927113e-01
-3.790899608708681034e-01
-1.589485641122853898e-01
1.115352622446964259e-01
2.851516942793104192e-01
4.208296590522412339e-01
4.846374415958615289e-01
1.405032220730377535e-01
2.642072380918040753e-01
4.069390736973337308e-01
6.345612025692569658e-01
9.580226098512740762e-01
1.196954450904032630e+00
1.386005465461049857e+00
1.669385104443740886e+00
1.948817205204265823e+00
2.131444915449806299e+00
2.246677707961066250e+00
2.380075084747768521e+00
2.598449105670952886e+00
2.676529799421545341e+00
2.755198510031478421e+00
2.742348402655205408e+00
2.662662011832472420e+00
2.553807684256014898e+00
2.398333668119902562e+00
2.381639813800898064e+00
2.306072226148010440e+00
2.275381684705843011e+00
2.296767077069418406e+00
2.318393841770373331e+00
2.377096477851869505e+00
2.328697420949518815e+00
2.272909882089817479e+00
2.113951695065733105e+00
1.969383426539711213e+00
1.712526419674765821e+00
-2.602337257894959954e-01
-5.694602721952533031e-01
-9.867630601576380389e-01
-1.592823355748453462e+00
-1.985762219999412270e+00
-2.230078485312379399e+00
-2.564535345166091496e+00
-2.937663649106957653e+00
-3.219557023839275889e+00
-3.469226188133315514e+00
-3.577504249369092726e+00
-3.638441741056014145e+00
-3.686527634472984261e+00
-3.723896633190768135e+00
-3.750851023926588201e+00
-3.794229722157980156e+00
-3.826180029267491456e+00
-3.862217171575669461e+00
-3.870672770753182501e+00
-3.808867706099055450e+00
-3.727708853496157104e+00
-3.683496722703461845e+00
-3.659514248316098506e+00
-3.650230472906444312e+00
-3.546913356318950328e+00
-3.380832591593423420e+00
-3.099155205363389065e+00
-2.739071795545559240e+00
-2.235236932373266150e+00
-1.507623325788340907e+00
3.502502099647955558e-01
6.233303613118186259e-01
8.255430760346204044e-01
1.116204938765424259e+00
1.267817961053565146e+00
1.421862052559449197e+00
1.508653644576768871e+00
1.624843316935957294e+00
1.669057598418743460e+00
1.769013198892136929e+00
1.773481738238755101e+00
1.852328091814652522e+00
1.933654475787345728e+00
2.011003344479915800e+00
2.060648715165263489e+00
2.070468749028411271e+00
2.119215690612902492e+00
2.174552481541829341e+00
2.190396840763523478e+00
2.255783451191936351e+00
2.283071030989051398e+00
2.226800704357964733e+00
2.091552774993177266e+00
2.028240427356210684e+00
1.909993948477939574e+00
1.759994700869570217e+00
1.643080921658511828e+00
1.524888823744638522e+00
1.485210013994907152e+00
1.430954072418006318e+00
-1.260394009430830242e-01
-2.747550455675382142e-01
-5.260085232402151867e-01
-8.537617521046036995e-01
-1.297598348354077391e+00
-1.835405364449256282e+00
-2.399348967959712642e+00
-2.832010124391463712e+00
-3.180712536793374401e+00
-3.489140256454996258e+00
-3.567894591536826532e+00
-3.538236480436808495e+00
-3.489713073377481045e+00
-3.418139642519923971e+00
-3.175006389845379751e+00
-2.853595649841960125e+00
-2.641659281127147096e+00
-2.523859441103073475e+00
-2.535794684690026557e+00
-2.626153772926349550e+00
-2.894763402721635348e+00
-3.057430831653065617e+00
-3.163149791240349007e+00
-2.999043765632521730e+00
-2.733889515467848419e+00
-2.460039131610852081e+00
-2.155769018466869635e+00
-1.909566890446217524e+00
-1.757686183508410771e+00
-1.544280080250330922e+00
1.321298874039563698e-01
3.066787556388371749e-01
4.484542514770473165e-01
7.030156428055329698e-01
8.932417373278785933e-01
1.071804503125176389e+00
1.251787009800973127e+00
1.441101586437040227e+00
1.564352878478408204e+00
1.639292656850100727e+00
1.792405433255299663e+00
1.904268622996933003e+00
2.027549959221970344e+00
2.193141821995638896e+00
2.330126249318360099e+00
2.409903443266131262e+00
2.409189063940159858e+00
2.399790572063509320e+00
2.427791418950004054e+00
2.463468234419897485e+00
2.433861735093737266e+00
2.393647296527510182e+00
2.296389714133713955e+00
2.207755565986399660e+00
2.064742759089527979e+00
2.040016165810828674e+00
1.916983206453105826e+00
1.838999759187768257e+00
1.894350148399460698e+00
1.858317760124468698e+00
-8.170565082671418788e-02
-1.553409433255731609e-01
-3.266598511391833881e-01
-6.004699631611469801e-01
-9.722551595193591467e-01
-1.818251704187737960e+00
-2.228685982628519024e+00
-2.381176030075248029e+00
-2.479425254431555370e+00
-2.576114636784633483e+00
-2.633585618551915086e+00
-2.666408285846546988e+00
-2.614769032144774297e+00
-2.593519814639260623e+00
-2.651228324588438046e+00
-2.608466143116797475e+00
-2.577780975171414912e+00
-2.614391627049832856e+00
-2.626753889430510025e+00
-2.642767708298197071e+00
-2.670760653154655717e+00
-2.672997885559884601e+00
-2.728475045739311433e+00
-2.738822267837591973e+00
-2.754844995646604122e+00
-2.731099187164348407e+00
-2.698295239282164637e+00
-2.680526686118021917e+00
-2.688565563574698114e+00
-2.542516507988807017e+00
1.622504390961256315e-01
3.417668522691282851e-01
6.303648207974240636e-01
9.968544031196934219e-01
1.321470259975699779e+00
1.614445049800998344e+00
1.859405139592720690e+00
2.070927987971010964e+00
2.264202844011208526e+00
2.473192282818520660e+00
2.802084910139190033e+00
3.109321915060517583e+00
3.336291305657622885e+00
3.666722481038059200e+00
3.888208830469791710e+00
3.954640481817368602e+00
4.000719964460921041e+00
4.139525434153200401e+00
4.153819067219636452e+00
4.215363745756594227e+00
4.180374657123874904e+00
4.237569076118792744e+00
4.366007134465093920e+00
4.385809857319221905e+00
4.403662440438778525e+00
4.316104206709997726e+00
4.248404349495839227e+00
4.200681020330768511e+00
4.170824458981278404e+00
4.223559996628167390e+00
3.059027308445826446e-02
1.845501203417128019e-02
1.332254471833159079e-02
9.871516006737296456e-02
1.050789415173436353e-01
2.589537457728706138e-01
2.737801854441884730e-01
2.324698621341665383e-01
1.635223325028903885e-01
1.118684963541808908e-01
-8.326914901551799031e-02
-4.391930862721674655e-01
-8.499613838613782058e-01
-1.370290463053468688e+00
-2.067534180456112036e+00
-2.506117411888046487e+00
-2.844064136243892982e+00
-3.379290843702602576e+00
-3.827099984554062306e+00
-4.255571312933914996e+00
-4.590245098986454941e+00
-4.805923381345093226e+00
-4.962382281046818555e+00
-4.998886559363320714e+00
-5.037336639090628232e+00
-4.967053229671050119e+00
-4.888198048743217505e+00
-4.836307125103409987e+00
-4.885708312840512768e+00
-4.977071723552605853e+00
-9.404205482330553478e-02
-1.097186947746734698e-01
-6.663647431510580366e-02
-9.204766491627959513e-02
-3.924486374091511187e-02
-1.624097107541809526e-02
1.240186903582753131e-02
4.353776295628151993e-02
6.173737328596154428e-02
7.428894707389611940e-02
7.411131750430985377e-02
7.658587049551475456e-02
7.793611391547265732e-02
1.512045576459780105e-01
1.978606788242898429e-01
2.981638661451703198e-01
4.829843177416054956e-01
8.723503788061055531e-01
1.189585538532581976e+00
1.537692033360651855e+00
1.898308815280084882e+00
2.173772205071634378e+00
2.395413281093264235e+00
2.573642652712889500e+00
2.743592749985642953e+00
3.051555090933381287e+00
3.393589810850834443e+00
3.838537159233079699e+00
4.208710503792711499e+00
4.447756262383366632e+00
5.975031390234217255e-02
1.847200945899031832e-01
2.010011834937676656e-01
1.957164272460699961e-01
2.986881154904020286e-01
2.837956370708115128e-01
3.210057087278854748e-01
4.040156753386929256e-01
4.387117905037157262e-01
4.682626988308673521e-01
5.166406798970294423e-01
5.059417082689199319e-01
4.058844271416112703e-01
3.964456615942180129e-01
3.490279733015094199e-01
3.303381921223019768e-01
3.561760409632302449e-01
3.457351344448484909e-01
3.327881064574207959e-01
2.963343588607759704e-01
2.484133733307248848e-01
7.802432952506471731e-02
-3.620811180563260345e-02
-5.713161987437664902e-02
-3.702665668781329050e-02
-1.193100518602602522e-01
-2.633597831849313620e-01
-5.518410362593750840e-01
-9.012118832789419720e-01
-1.419607464714220058e+00
-6.790671566327757258e-01
-1.486254470941864803e+00
-2.137329985573012792e+00
-2.563085516020813248e+00
-2.858634414456852735e+00
-3.052410224434086050e+00
-2.981781148979792739e+00
-3.118402679567977565e+00
-3.290642392453846377e+00
-3.480300987840164950e+00
-3.733179038163190633e+00
-3.866765705670862197e+00
-4.020014808793312078e+00
-3.959360305958508075e+00
-3.940080729687021055e+00
-3.922667833396549675e+00
-3.910808562883724804e+00
-3.903300442131523162e+00
-3.962437720167329758e+00
-3.918406216568320666e+00
-3.875852470683594397e+00
-3.774391610142162179e+00
-3.691560393104366344e+00
-3.685641031222441910e+00
-3.643188013785639612e+00
-3.662734727215524178e+00
-3.631710459183492112e+00
-3.622650948460952591e+00
-3.568519093505271300e+00
-3.504356988871518030e+00
1.652200321074691891e-01
4.507664169557237255e-01
7.825153342972193116e-01
1.225683385684962712e+00
1.636238671607734840e+00
2.053415057466672522e+00
2.373233957921226267e+00
2.679175644624084640e+00
2.873083127820694305e+00
3.176314347968714813e+00
3.449653352800947648e+00
3.617066088438115390e+00
3.761806488103801360e+00
3.835861446115599982e+00
4.000373364820149824e+00
4.130118612100597275e+00
4.303178400512083890e+00
4.417723071751369801e+00
4.508804453389627653e+00
4.582949862874853508e+00
4.524008147357500675e+00
4.624040994918637182e+00
4.639884841921858794e+00
4.660390497687349587e+00
4.647311166713938846e+00
4.625845409600152003e+00
4.617035014653338543e+00
4.616745224614025922e+00
4.610133536228921969e+00
4.662523559266873896e+00
2.306620932628359114e-02
-1.873940734656990084e-02
-2.967456530408031298e-02
-2.143579878593759869e-04
-8.351342323965608994e-03
-8.701210601264049854e-03
-1.359065270091892527e-02
-2.558213710839644939e-02
-6.170862249146512324e-02
-4.371122110451439724e-01
-9.209529494087687063e-01
-1.402727425366409486e+00
-1.791402018514801187e+00
-2.137953434570362354e+00
-2.437016537313370090e+00
-2.586394894411123691e+00
-2.773170616666668309e+00
-3.134006492511341779e+00
-3.467315710267875328e+00
-3.798346275029334418e+00
-4.064133131991949810e+00
-4.298836337630254079e+00
-4.499668149799694206e+00
-4.608961429341065674e+00
-4.788645857970966979e+00
-4.819649158608256378e+00
-4.770547259994116551e+00
-4.730664001619365955e+00
-4.714916878676985945e+00
-4.685723581162436702e+00
1.092849991254428443e-01
1.884318545451830751e-01
2.358865055765176078e-01
2.970601606255406368e-01
3.850811878227787255e-01
5.469191923255917187e-01
7.773302865133955297e-01
1.036142281676275756e+00
1.308716010948398178e+00
1.540129333303483783e+00
1.722558137183172855e+00
1.986381832458677943e+00
2.193704660792102246e+00
2.395269464953691418e+00
2.583757221083465616e+00
2.732002831657397657e+00
2.910091255969527779e+00
3.005764535500504042e+00
3.020646708054673724e+00
3.113389099195939647e+00
3.246807673379171533e+00
3.448124358484378149e+00
3.585926874412140641e+00
3.780403125146958754e+00
3.786649226632219811e+00
3.867306390192752907e+00
4.015045008568155716e+00
4.185365387193982656e+00
4.396783403573109261e+00
4.528522314640133217e+00
1.550975655500829720e-01
1.962737845180310414e-01
2.826244765266402448e-01
3.566996708551551931e-01
3.922290114464531130e-01
4.209422608059469884e-01
4.224762578257420520e-01
5.030373885669423561e-01
4.628452845388514869e-01
4.259667373905838827e-01
4.365648408550480419e-01
4.371005806351958012e-01
3.855183958679649359e-01
2.927188624321348520e-01
2.799179890412810678e-01
2.866591670636401967e-01
3.678815445737662060e-01
3.876425354941455126e-01
4.074779989929507851e-01
3.799959852326055820e-01
3.633690954713277854e-01
2.257277237974719963e-01
-6.552051410403889053e-02
-2.775516161168950502e-01
-6.276277258974085616e-01
-9.737402722025731983e-01
-1.418464932202745832e+00
-1.755832044084386423e+00
-2.324421622434686086e+00
-2.722941468710285307e+00
-3.622113355361959997e-01
-5.243760982954226435e-01
-6.634135334820676633e-01
-7.258323903829319024e-01
-7.480505786675269997e-01
-5.606782508016614486e-01
-3.459344917851453483e-01
-3.297302775005223618e-01
-3.679284351644151463e-01
-4.648649016342148999e-01
-5.785906355149459390e-01
-7.645793402807454786e-01
-9.879891267179050640e-01
-1.105460906182484493e+00
-1.138336825669011620e+00
-1.115523791783943564e+00
-1.085516965062040429e+00
-9.781736861831740182e-01
-8.712560589920763654e-01
-7.656847436904818949e-01
-7.153447376691968174e-01
-7.196425464673600336e-01
-7.141956748971095559e-01
-7.481255860432135529e-01
-6.960697081389655150e-01
-6.986984920177262692e-01
-6.298688505927033665e-01
-4.814037095788304965e-01
-1.862143407541462792e-01
1.434473833722945679e-01
1.939494823272576163e-01
4.993386351060653539e-01
7.696611092916278984e-01
1.056946524123232534e+00
1.212158050325482961e+00
1.439716624989089810e+00
1.588938520016790479e+00
1.804793524134670868e+00
1.929042576779244067e+00
2.058736468251547436e+00
2.260760939160542105e+00
2.478819157741590562e+00
2.684504112266630660e+00
2.988608567363866264e+00
3.176797898263682196e+00
3.246434863642576829e+00
3.245893968107808281e+00
3.174572158259727495e+00
3.194822987252934343e+00
3.228332400320981677e+00
3.221875353358145233e+00
3.158846950929964148e+00
3.115292756235644500e+00
3.024127934888614977e+00
3.002047880953482739e+00
3.015623838380648625e+00
3.014193245924632780e+00
3.064841969121578469e+00
3.114223969448699947e+00
3.170183901422821027e+00
5.998905731674535752e-02
1.160702160428274954e-01
1.100407201929230333e-01
1.670359678951194304e-01
2.182806733784559694e-01
2.285520274758651438e-01
1.590928443371449896e-01
-2.468213701478444433e-02
-3.008951977401209676e-01
-7.164413287781741246e-01
-1.140357188962855428e+00
-1.651387736868239919e+00
-2.173091902214191240e+00
-2.744774978333485382e+00
-3.200182553448274181e+00
-3.389843185387223290e+00
-3.771385498915852175e+00
-4.050470084690500627e+00
-4.251376136779742687e+00
-4.337321048208258034e+00
-4.509857438432089971e+00
-4.581039882041372913e+00
-4.602180597250193017e+00
-4.542840683493681198e+00
-4.484298131007366628e+00
-4.421030277785560791e+00
-4.357304146463889971e+00
-4.311266590587210068e+00
-4.277958101906146560e+00
-4.263627097284915735e+00
-2.552030380351860001e-02
-6.219870589579749864e-02
-9.349007443434025066e-02
-9.229023263837191071e-02
-8.261689254249976466e-02
8.255851004631234447e-03
1.383258120602953722e-01
2.757759801739050332e-01
5.347403614857423326e-01
8.251066402009323841e-01
1.132408421269951670e+00
1.433252006683133351e+00
1.781226223442504253e+00
2.032869574085985231e+00
2.253736081003870240e+00
2.420469188881424927e+00
2.761147612935086926e+00
3.014372031944582364e+00
3.261363255022188046e+00
3.417583373385066459e+00
3.521909618032032618e+00
3.592446680883038646e+00
3.703895795611535036e+00
3.755335915625345855e+00
3.859835478721517443e+00
4.037843760549193917e+00
4.198059297933576239e+00
4.339887689555697037e+00
4.427736084266330252e+00
4.470145048184589243e+00
6.211849310580328659e-02
1.380632592853470730e-01
2.086875296858793360e-01
2.304459051196160735e-01
3.233221980566107767e-01
3.313103611284191619e-01
3.172938615458963940e-01
2.803827385430018859e-01
2.094133586606981567e-01
2.113440563829612762e-01
1.720852388506756980e-01
1.517368360655341752e-01
9.388730666457187346e-02
7.649287933084342184e-02
4.519003797036957176e-02
-4.049512705944495472e-03
-1.460542521660493365e-01
-3.186931548806897774e-01
-6.160026904678288506e-01
-1.079959536498954709e+00
-1.626501569900883126e+00
-1.872109854333905865e+00
-2.141483997027567199e+00
-2.525197954943217749e+00
-2.604329183577091200e+00
-2.857765420052319705e+00
-3.040880233413592482e+00
-3.166828073307245806e+00
-3.220298644374715469e+00
-3.327531589114258725e+00
-6.958005463937941282e-02
-1.366423008982464160e-01
-2.191224959157866969e-01
-1.936035719094865715e-01
-2.412557902371318674e-01
-2.568032961042078788e-01
-3.137813834593252693e-01
-3.719981285809483840e-01
-4.402714658034427297e-01
-4.725082746693798907e-01
-5.114455004742983757e-01
-5.468765389049865533e-01
-5.345776867095090035e-01
-5.175341185077302342e-01
-4.192864211527888019e-01
-2.981278304013681435e-01
-1.109796953471524905e-01
1.237180894945952847e-01
3.498232260052176468e-01
5.977110502491043142e-01
6.825029275472431767e-01
8.544171050406625945e-01
1.072258253182015286e+00
1.254957305957416835e+00
1.395075288756758125e+00
1.527932702808903809e+00
1.662786333893771618e+00
1.856235668270001860e+00
2.014207083481709404e+00
2.226433651323561413e+00
2.115574602735655618e-01
3.172386927912655974e-01
4.058553999320698158e-01
4.997328362780808497e-01
5.813431266067946579e-01
5.715926117476677337e-01
5.617217793229132283e-01
5.711458424403891287e-01
5.902283800603205233e-01
5.891485210258758931e-01
5.435672114713392400e-01
5.370122448440535212e-01
5.305606709191550419e-01
5.492925388396261432e-01
6.093188437817443903e-01
5.372879443159433999e-01
5.056751355725329633e-01
5.413298471306616788e-01
5.870304331041900081e-01
5.649929181122411714e-01
5.203337652894758358e-01
4.718481668432563114e-01
4.845712482223696327e-01
5.007108611747134175e-01
4.246773105172827467e-01
2.686545859575598660e-01
5.625045864640429438e-02
-1.341540585550384246e-01
-5.105220472406992727e-01
-9.316419656852792386e-01
-4.785196944257342766e-01
-9.584054329227172930e-01
-1.327017145481855565e+00
-1.490774504662733424e+00
-1.540205397950104471e+00
-1.559483350054601480e+00
-1.600524705349186450e+00
-1.792034684748443407e+00
-2.097521107814940056e+00
-2.359975179353243746e+00
-2.470483313366087952e+00
-2.476381309167466238e+00
-2.487214121324985872e+00
-2.425815055225937655e+00
-2.425520098571576799e+00
-2.401150139687395324e+00
-2.298658709733349514e+00
-2.244973057013009754e+00
-2.243704485886968136e+00
-2.255341137419724973e+00
-2.234854983314097154e+00
-2.271700193237701892e+00
-2.307129565483649003e+00
-2.361465310338029422e+00
-2.350648620249017551e+00
-2.347582393282136692e+00
-2.334971272494132055e+00
-2.247891288160384526e+00
-2.120936343621889542e+00
-1.890094602591778861e+00
2.030317551658867015e-01
4.359613476988428715e-01
6.409379033065211173e-01
1.019868888955257846e+00
1.495351376895705631e+00
1.857751494274372916e+00
2.115874351589250857e+00
2.240876413539510725e+00
2.292968245159923146e+00
2.412514577771683211e+00
2.591486795853535696e+00
2.773718143145050608e+00
2.983286284792902254e+00
3.067819001299406434e+00
3.101007088895360031e+00
3.119779260223618955e+00
3.085332925173268848e+00
3.097606302987272020e+00
3.160075046421039868e+00
3.226901533511111975e+00
3.288618735920592506e+00
3.350189748757381736e+00
3.413745716619511761e+00
3.504909334062838777e+00
3.497169576392706869e+00
3.495760093347651587e+00
3.479112225675349279e+00
3.475251727817946890e+00
3.465004514402243441e+00
3.443596069121941383e+00
-1.665081801704915154e-02
-5.564097890872463786e-02
-1.151934875535010339e-01
-1.318631454995272956e-01
-5.805315356833333496e-02
4.702435312609579143e-02
7.938922801719142108e-02
1.472672951454798151e-01
2.055796411837139404e-01
-9.159667228891446578e-02
-1.259883540589578077e-01
-3.976568099767631703e-01
-7.781643181595736536e-01
-1.251715806628240557e+00
-1.595209789035423098e+00
-1.780265684398490311e+00
-1.593776752956981069e+00
-1.874372711018737370e+00
-1.960421022324615237e+00
-2.179739808128414058e+00
-2.363342336419312684e+00
-2.622778521923337713e+00
-2.954803389750796150e+00
-3.333744350625799768e+00
-3.646624645324020531e+00
-3.926179623626631532e+00
-4.030970575903128683e+00
-4.109419539638571095e+00
-4.188825310651750122e+00
-4.228589836339851082e+00
-1.406636158518226841e-02
2.355219451386495605e-02
-4.836229907355951707e-03
1.976623002392149941e-02
-1.437121147781809244e-02
-8.867025604736872291e-03
-4.116354711462547750e-02
-8.249589925001206414e-02
-9.666577533094503072e-02
-1.252894525116322599e-01
-1.649210120036718741e-01
-1.749649830793043592e-01
-1.429960185535754935e-01
-1.604506877241440588e-02
1.263390349061872808e-01
1.949291157742161218e-01
2.467583527693212320e-01
1.753556218947094625e-01
1.063545371926874206e-01
2.873733914008645973e-01
5.013094199410158547e-01
8.288258206185227239e-01
1.121770883296131061e+00
1.474162007688119669e+00
1.780777535387761734e+00
2.117224706783465304e+00
2.373214400620610398e+00
2.644533009540710022e+00
2.951892522422272069e+00
3.175256249444450507e+00
2.180504740580701262e-01
2.939818173771115428e-01
4.160122983531601148e-01
4.513859914693227893e-01
4.583447747608490053e-01
4.289633061689712701e-01
4.453201037134335571e-01
5.165656580616629912e-01
5.152542519033572743e-01
5.938379551074702833e-01
5.381668972579088939e-01
5.720717499471252854e-01
5.169990453129075236e-01
5.903093342684919698e-01
6.658610487322059734e-01
7.107231178534373361e-01
6.954613482601077479e-01
6.973315734716462044e-01
7.564459403239960356e-01
8.074282798425277408e-01
8.303084111807622625e-01
8.263693600822599183e-01
8.306597248182703286e-01
7.535632146085453620e-01
7.374158989260908292e-01
7.410062499820226911e-01
7.395942776359513138e-01
7.327279522579495108e-01
6.793458275674307822e-01
6.574488947367371772e-01
-1.026033636607640714e-01
-1.100987936759898894e-01
-1.933354064266154526e-01
-2.259017516724573515e-01
-4.173594340420304638e-01
-6.962116512798651735e-01
-1.084618395104695487e+00
-1.496391387396559747e+00
-1.763558702589452132e+00
-2.114471380044059323e+00
-2.466788000051399976e+00
-3.193070592312105660e+00
-3.336089415440448569e+00
-3.488690953736198086e+00
-3.563589172655759363e+00
-3.501065605238206313e+00
-3.322567091659334171e+00
-3.062287620621918727e+00
-3.033228471946948446e+00
-3.018370121815536322e+00
-3.082363798661932996e+00
-3.169143271111673599e+00
-3.189648479296256500e+00
-3.257044447964532630e+00
-3.301714144899384529e+00
-3.298198995800019073e+00
-3.287087775786728283e+00
-3.238112679369085978e+00
-3.190176327403197565e+00
-3.136036697260905282e+00
-2.000684981929115938e-02
9.258845447873191581e-03
1.827922588586759073e-02
4.795146751442497940e-02
3.063960292194928964e-02
3.610510045662481543e-02
2.283244116047056238e-02
3.410360160860348433e-02
4.584264469947148951e-02
4.140744564067903866e-02
8.916601860536604862e-02
2.315906420600654658e-01
3.406078911494448969e-01
5.626315209277965579e-01
7.872334132173358645e-01
9.923562791074984624e-01
1.173208013112246872e+00
1.333570971521035098e+00
1.573809693321866376e+00
1.834030860075299030e+00
2.079299278318335720e+00
2.341324727185304599e+00
2.486085522183137275e+00
2.572918794560350886e+00
2.624597338560076487e+00
2.771172619443558194e+00
2.910387224411176366e+00
3.008353758676120204e+00
3.121312801833750594e+00
3.205124772500002717e+00
1.422083121761032465e-01
1.834016907356995629e-01
1.443956019811232783e-01
5.888655273349946428e-02
9.113229786050808245e-02
9.338948594331973607e-02
8.024349510006055508e-02
1.226805554462147563e-01
1.328961895713772767e-01
1.808473350802874413e-01
1.581016382459783098e-01
2.165146786976837601e-01
2.417597163610969713e-01
2.657743121783467943e-01
2.897725530837843566e-01
3.022550033705368455e-01
3.418642858106143434e-01
3.178295749772550027e-01
1.675820614656750029e-01
7.045952305470710997e-02
-3.911754413972245992e-02
-2.821941422609269834e-01
-6.686374806725295938e-01
-1.031017487122044551e+00
-1.288118518397412426e+00
-1.744133376114094025e+00
-2.454120600716339862e+00
-2.930666761418583732e+00
-3.215071592466968831e+00
-3.458481115657392913e+00
-8.132791330266377072e-02
-1.647034479235862658e-01
-2.180476353060131767e-01
-3.126717517052195472e-01
-4.590824721244550211e-01
-5.918325557426317163e-01
-7.533794075794999490e-01
-8.020798691730082197e-01
-8.311214543331186810e-01
-8.235477279481558943e-01
-8.271706080534394490e-01
-8.386796976650826574e-01
-8.495229387864902115e-01
-8.239185745013677398e-01
-8.209554137607629754e-01
-8.056861596234698997e-01
-8.586073459051091206e-01
-8.705403877621972208e-01
-8.515417405373391091e-01
-7.022461461199468458e-01
-7.061996182434959746e-01
-5.419952902836192576e-01
-3.613628259143441546e-01
-4.184762568402555782e-02
8.896901786607822049e-02
3.943520535297343477e-01
6.233620323506977590e-01
8.930178569349143114e-01
1.098574841043617578e+00
1.267695962177740610e+00
1.867000463796739673e-01
2.726168960460544355e-01
4.377618353125957151e-01
5.431550683581002348e-01
7.953365096002675827e-01
1.009490438439650584e+00
1.246615038380113782e+00
1.421789496385059026e+00
1.478864527058249001e+00
1.659877009236032208e+00
1.844906897703047388e+00
1.933426793306429303e+00
1.945844379457561280e+00
1.943598908540867143e+00
1.963139074953982766e+00
2.109630351217596012e+00
2.084229445334441877e+00
2.135591630919706496e+00
2.209728911380854033e+00
2.254054970322706186e+00
2.294219536088123235e+00
2.285814379447533629e+00
2.290912202229070882e+00
2.273332877664608453e+00
2.261158641077735787e+00
2.253682484549415665e+00
2.264902850455139394e+00
2.251526737142132806e+00
2.314808082202399753e+00
2.345522885043610284e+00
-3.731221515418264856e-02
-5.355061783243460216e-02
-1.006678725512739903e-01
-1.437796023052658467e-01
-6.571703306081369544e-02
-1.356815803813473387e-01
-2.135949746437227625e-01
-3.576226289723112295e-01
-7.362638911020386034e-01
-1.264420508254882947e+00
-1.745228993771028803e+00
-2.267526589929810932e+00
-2.627388453080909958e+00
-3.097167245849910433e+00
-3.294737013063100406e+00
-3.482706721894706980e+00
-3.649670171065606539e+00
-3.828624754475410619e+00
-3.937681553687571778e+00
-3.959926678168625980e+00
-4.038322645180497439e+00
-4.010315807124532839e+00
-4.018892574287259656e+00
-3.999371086140553810e+00
-4.004848195341002004e+00
-3.964024616420721792e+00
-4.019108895484946764e+00
-4.068393430211570738e+00
-4.088184374133498444e+00
-4.102751588832786567e+00
1.885747136589210199e-02
-1.454749836616830300e-02
5.048388680765995146e-02
1.326555821596235862e-01
1.885287687517568644e-01
2.214236914196436867e-01
2.379001302473389146e-01
2.423722547066013422e-01
2.534956910516242279e-01
2.849909920027255406e-01
3.016598260594046121e-01
4.111239613447924546e-01
6.067273925192301354e-01
9.116189181073328651e-01
1.169299467995702280e+00
1.568102592265166795e+00
1.943497870545071171e+00
2.278752964807507553e+00
2.498288123007784911e+00
2.680358563930470339e+00
2.838149484637236597e+00
2.867644086855323682e+00
2.924385145509966755e+00
2.937865942775192973e+00
3.107609933481390030e+00
3.227362752801577805e+00
3.331473761070198769e+00
3.467570338613577441e+00
3.635962982350456230e+00
3.752494531846281234e+00
2.595013407526643515e-02
6.717093754559200214e-02
8.767223570366028396e-02
1.576264902787646027e-01
1.377261404953608326e-01
1.882194936865974610e-01
1.604105653669281595e-01
1.843868762154355634e-01
2.156453940145617310e-01
3.179096552422943645e-01
3.924293157908463892e-01
4.567676799257341380e-01
4.965360665136730467e-01
5.112290017443239520e-01
5.657874014024768528e-01
5.392465088942058893e-01
5.016451869032986233e-01
4.153705878951228225e-01
4.039606421946856929e-01
3.266218050063617873e-01
2.790944453482323562e-01
2.581425155496337442e-01
2.634011617387719828e-01
2.451655503465717256e-01
2.107220615047772361e-01
2.032498527935496235e-01
1.356944972828121321e-01
7.701272168814697616e-02
-9.869871696181599374e-02
-3.761395216143539888e-01
-3.771834225691531595e-01
-9.514739792926935058e-01
-1.532411557309548478e+00
-1.990911964926298960e+00
-2.279955477698189625e+00
-2.450675379399205323e+00
-2.595403951361405781e+00
-2.679099664974299522e+00
-2.741041567221926378e+00
-2.759377445439778587e+00
-2.745597125980254294e+00
-2.709213767324391675e+00
-2.744563853957000532e+00
-2.825101056837287850e+00
-2.940291618570963994e+00
-3.024911266356585582e+00
-3.104220181213944052e+00
-3.097134748453437947e+00
-3.121122105275952130e+00
-3.087682381093717510e+00
-3.083436095854090286e+00
-3.054061357193172732e+00
-3.064698799426085696e+00
-3.092407641156428966e+00
-3.127682929771380849e+00
-3.140007471926443916e+00
-3.133039173824784918e+00
-3.114056927018334253e+00
-3.025564645642086159e+00
-2.844853853502903540e+00
2.918005579845996400e-01
7.092257178417292751e-01
1.102910282341214243e+00
1.322879983886564803e+00
1.547295344884674906e+00
1.690071405838349028e+00
1.795136089349066655e+00
1.978206270322254934e+00
2.126598616552393128e+00
2.282355530262708321e+00
2.425939411820291713e+00
2.569706398173429829e+00
2.735408083670424428e+00
2.877557316100005202e+00
2.992787711518129168e+00
3.121485955307769622e+00
3.189469079043678157e+00
3.245023528828751225e+00
3.251878125594222624e+00
3.228462539195636971e+00
3.290580125497223563e+00
3.344597326540107218e+00
3.393285419098536426e+00
3.474549565913080063e+00
3.519550088495376094e+00
3.581859621740765220e+00
3.633907570606350834e+00
3.697412368639728442e+00
3.767977852673323191e+00
3.799255791315878206e+00
4.141480281934178248e-02
6.423731085244174799e-02
1.439208397584725019e-01
1.136492885872850134e-01
1.537703435652327810e-01
1.488961301752892152e-01
1.462638215886482851e-01
1.710940404858547759e-01
1.483833471398928183e-01
9.414675943778970379e-02
-4.053444154086664752e-02
-2.399666596218525960e-01
-5.371825713215547804e-01
-7.648338288412683816e-01
-1.067126041993101460e+00
-1.355768396196252557e+00
-1.734715289915332637e+00
-2.199625124919659669e+00
-2.706783720437977880e+00
-3.181640534748263693e+00
-3.493204519468915414e+00
-3.729688391840680683e+00
-3.898898172750887792e+00
-3.993916913804805624e+00
-4.135893811837119571e+00
-4.189706278807767248e+00
-4.248568235031154217e+00
-4.263452715419322026e+00
-4.352985216816109393e+00
-4.432883404568936925e+00
-5.281403169581389001e-02
-5.606035147573813771e-02
-4.161663341872584576e-02
-6.238459547077344208e-02
-9.120119540636835442e-02
-1.408313261994383891e-01
-1.574396749880782043e-01
-2.155171464158232020e-01
-2.302452358578080116e-01
-2.312102914938057308e-01
-2.371294984864371069e-01
-2.260486086912570636e-01
-1.962999756143378183e-01
-6.965436233160282598e-02
1.236580934127610998e-01
3.581700660593396535e-01
6.103940894964760000e-01
1.017958069365068496e+00
1.429460999183900904e+00
1.823172243783983015e+00
2.142595105904998132e+00
2.398289273674723887e+00
2.636489594853459906e+00
2.854023779970118024e+00
3.041139684733804138e+00
3.233394973517756732e+00
3.379116198839626328e+00
3.629157971329415311e+00
3.811739803249946323e+00
3.899956609347722036e+00
8.605431549682576731e-02
1.736110999369378516e-01
2.698952620611116404e-01
2.675071780494344131e-01
3.141975317317277638e-01
3.164686487308000507e-01
3.463908700018273890e-01
3.798247286793958177e-01
3.940408531618797561e-01
3.761739279469986097e-01
4.116135030607383505e-01
4.800076443295808737e-01
5.137238352649180495e-01
5.698060531781106164e-01
5.983699687226016195e-01
6.567557738316774918e-01
6.636991561095370029e-01
7.067402309866819277e-01
7.200007128882376373e-01
6.793629615191462134e-01
6.848825294184572865e-01
7.049859004725228528e-01
7.469844526316059552e-01
6.801401022560379372e-01
6.051896023529381718e-01
4.597700625672575536e-01
1.752934042539225912e-01
-3.500090313821216936e-01
-7.957357767488232314e-01
-1.245273591927268164e+00
-5.970072849405522186e-01
-1.091977994165454602e+00
-1.431442431265611992e+00
-1.721526651525171703e+00
-1.836645153729569824e+00
-1.815537086765065311e+00
-1.685797215707681707e+00
-1.657874304797920306e+00
-1.670797219049150462e+00
-1.721072150600923223e+00
-1.766851790652740339e+00
-1.819486890298576132e+00
-1.955518568907154586e+00
-2.140762772618335585e+00
-2.221052946340235756e+00
-2.309226395399477383e+00
-2.425602864858274366e+00
-2.390784081368949821e+00
-2.305615687151708837e+00
-2.208251373688867147e+00
-2.102357904810509659e+00
-2.007205553949042987e+00
-1.956725004225033260e+00
-1.899452135602466063e+00
-1.919521760722622039e+00
-1.963092745480310652e+00
-1.995603547438100422e+00
-1.827508250081668395e+00
-1.549343798046119991e+00
-1.275912328692426323e+00
3.553071359086122372e-01
6.554605839637908105e-01
7.958586577432871234e-01
9.604116522477079698e-01
1.141085679178412970e+00
1.436917636644595264e+00
1.698438325633956136e+00
1.875644591870265332e+00
2.006279104225273890e+00
2.158554665424617269e+00
2.284882864820166226e+00
2.287838376431984067e+00
2.321365126199338658e+00
2.335305845075530851e+00
2.367400381761091133e+00
2.387099883510582110e+00
2.389894359436042226e+00
2.440815530303730441e+00
2.454293534139106114e+00
2.497892136997222234e+00
2.542394223158342736e+00
2.624079390903126807e+00
2.723184967361251818e+00
2.760456714406228418e+00
2.814029931799669093e+00
2.882516814951235240e+00
2.833512531005122348e+00
2.914363027717231880e+00
3.020568271733730548e+00
3.060572829863537070e+00
2.371055231735917646e-02
-4.517889763522332791e-03
-9.350341529920153105e-02
-1.816099061209264232e-01
-2.324769575752190787e-01
-2.953270940124939625e-01
-2.944637440230050696e-01
-3.604553457844300590e-01
-5.178494683795825670e-01
-7.102253075876181487e-01
-1.072349845138627522e+00
-1.509595794197211349e+00
-1.848607221829821512e+00
-2.182202876558835047e+00
-2.632131470042080590e+00
-2.922740522085595316e+00
-3.133467694610431842e+00
-3.244419335209437261e+00
-3.350174363836723401e+00
-3.441857508036014313e+00
-3.398051827774294598e+00
-3.346972472765410878e+00
-3.400252517497278859e+00
-3.527047055589748403e+00
-3.598678344421900821e+00
-3.614495826062298800e+00
-3.572497333094314165e+00
-3.518642961981470307e+00
-3.418165701308008675e+00
-3.250994654965167374e+00
1.640246169073918681e-01
3.046829097615515458e-01
3.489707423643862994e-01
3.512152111820027733e-01
3.485860184208913193e-01
3.602041104510242953e-01
4.323314687150918711e-01
6.131085072119224488e-01
8.207623500319456422e-01
1.115070311418334903e+00
