-2.069556882114279364e-02
-2.724103525177602736e-02
-2.451936491532405449e-02
-2.656929332387133330e-02
-5.895820963881555354e-02
-9.662622816520219371e-02
-1.350889844606986689e-01
-1.438247913021518665e-01
-1.386862975932624253e-01
-1.606082742963978460e-01
-1.706528120405453042e-01
-1.332410494743562213e-01
-1.356445361459039101e-01
-1.779228866463397063e-01
-2.104428725873135064e-01
-2.339705156379332240e-01
-2.531863597296871715e-01
-2.734750885479043658e-01
-2.582301998729377157e-01
-2.829008185973872491e-01
-3.231809008166018904e-01
-3.085954366764551704e-01
-3.380869073474033759e-01
-3.843375262729309960e-01
-4.136320299692995417e-01
-4.008888747189336410e-01
-4.319840011893760767e-01
-3.846746824440894774e-01
-3.546564976982771178e-01
-2.805888888461891342e-02
-7.999674486536766105e-02
-1.015987270827137662e-01
-1.089327995051544984e-01
-1.317539856209595517e-01
-5.844132147325739601e-02
-3.550053623549019599e-02
4.234300715351903277e-02
7.901408845662701019e-02
1.188998096330953214e-01
1.689191651035537312e-01
1.879097833871334888e-01
1.807055203512051567e-01
1.307631995286242799e-01
1.286929934542896947e-01
8.784962236251983581e-02
5.179406978277135282e-02
5.972729860001989993e-02
5.596882620853028262e-02
3.321142286953776557e-02
2.896178655062572188e-02
1.621474720562659372e-02
-1.465772963353344227e-02
-1.445120443799966653e-03
-3.917593438172793652e-02
-7.939409906849270726e-02
-5.264969982689543526e-02
-1.953411986483270801e-02
1.165738919129711421e-02
1.118809468261033890e-02
2.182591442946867077e-02
1.575553392423661991e-02
2.811273041064626943e-03
1.904948915232924922e-02
-8.042020872262578557e-03
-5.797614598231861510e-02
-1.294421338239908903e-01
-1.827069093620483364e-01
-1.936367625886017407e-01
-1.811702948935423607e-01
-1.743526405118724365e-01
-1.655018426606459092e-01
-1.931451116191295059e-01
-1.843663936748636822e-01
-1.783115203651773895e-01
-1.584975166876151920e-01
-1.902412374122314787e-01
-2.484043724209727133e-01
-2.881310152862049390e-01
-2.772236929587083010e-01
-2.793078470353552722e-01
-3.395496589049434299e-01
-3.450058983914759403e-01
-3.091347870123058450e-01
-2.780959867510219286e-01
-2.880754555809177386e-01
-2.971332846224389868e-01
-2.850283849910122402e-01
-2.947210965568267671e-01
-3.104031977205115589e-01
-3.589436760684527189e-02
1.404754613578119288e-02
7.367380049953445309e-02
9.025250298820880479e-02
9.911968760284933788e-02
1.103240147442967611e-01
9.511743812479334093e-02
7.589910965069107673e-02
8.889213765610304296e-02
4.780532362255084794e-02
8.238591252860359704e-02
8.788564956891904700e-02
7.406841316423166954e-02
7.104184617773361132e-02
7.431575606175072624e-02
8.036325423444286298e-02
1.348302633886210300e-01
1.203388060268517079e-01
1.339557047627798203e-01
1.524678412801085126e-01
1.688903135323888971e-01
2.161320609051880226e-01
1.955387992905459615e-01
2.246000500768067232e-01
1.866756846344780063e-01
2.050106765166141154e-01
1.974599534881408547e-01
1.899143039404438404e-01
1.541796112696807719e-01
1.470158287745415293e-01
-3.916717455518439750e-02
-3.860246916769695391e-02
-6.008605160187668881e-02
-1.035217902234779885e-01
-1.209219828517551915e-01
-1.025757361424549513e-01
-9.897150907940220621e-02
-6.557900756571381773e-02
-5.120065793265210496e-02
-6.225494619491608872e-02
-7.058231584407979875e-02
-6.779151609969347181e-02
-7.206424708908602816e-02
-1.262690304980266798e-01
-1.490449137758038944e-01
-1.610843701866528366e-01
-1.801554911837956463e-01
-1.674566218215396141e-01
-1.815249248875074328e-01
-1.583462570180740325e-01
-1.271776723741883386e-01
-9.265189257191486227e-02
-6.455795287488445833e-02
-9.440114117643090552e-02
-1.098218506872828126e-01
-1.337196574288055662e-01
-1.464157187920125114e-01
-1.706429457833331109e-01
-1.406165439419095886e-01
-1.088941301361650710e-01
6.077744045644553617e-02
8.739769682155990038e-02
7.858378943470897826e-02
1.044078930609826372e-01
4.761067249956968395e-02
1.740022982865274681e-02
-3.501029630732817310e-02
4.396450662586058600e-03
3.179515073354070853e-02
6.697669653855292671e-02
6.027755649804858451e-02
6.047201622549474437e-02
8.095345965948422262e-02
7.235598853358911342e-02
7.100940550658398076e-02
8.375113933572017610e-02
8.807924613476156295e-02
1.205313807589924735e-01
1.519252598930194986e-01
1.525060296187093489e-01
1.321593287220300950e-01
8.984782675222263704e-02
2.491991955425321148e-03
-2.453859824948368198e-02
-4.136722385239479521e-02
-2.527287128328363844e-02
-5.478423246471866848e-03
1.692457459877214770e-02
2.662034718414363343e-02
3.966018363563118820e-02
3.880744301057106210e-04
-3.605408852090939004e-02
-2.349836532126636790e-02
-5.686633534610698038e-02
-2.352274815323028567e-02
-2.284141961814858957e-02
4.881335006261725007e-02
1.622228653589951469e-02
6.436736784164764913e-02
3.720355102666726699e-02
8.947338090505291275e-02
6.965068236476172625e-02
8.861387427989621257e-02
8.773861807107968813e-02
8.168423221242107624e-02
1.245587807261090696e-01
7.137102436126585570e-02
4.438420207233287340e-02
3.481885626453325167e-02
4.741540181071871030e-02
4.034575923572795292e-02
5.890280908203732180e-02
-9.927967226454351146e-03
-2.829522997204911641e-03
-1.933162405655514809e-03
4.526808600150399042e-02
2.621728363833899025e-02
4.746488590505226063e-02
9.311965365413446549e-02
8.536435368136560675e-02
1.133735153488671654e-01
1.314956409573968255e-01
1.794837418777117943e-01
2.142899061284032070e-01
2.668605912958030291e-01
3.039146324285307843e-01
3.220868878727494722e-01
3.674933486093668322e-01
4.000711738018885022e-01
4.574217042951835843e-01
4.922636803510118675e-01
5.513831412727523418e-01
5.772622755219528612e-01
5.470942528934660265e-01
5.160969934054571162e-01
4.566254305863476914e-01
4.375517741418268325e-01
4.463492897927424097e-01
4.791298592631315079e-01
5.180298859745966489e-01
5.007459259568131094e-01
5.023930816669138766e-01
5.318613059615719951e-01
5.480852632552354331e-01
5.433081420415716289e-01
4.898884661172686616e-01
4.482941010188599695e-01
4.632134966334255366e-01
5.261177868626059073e-01
5.139378173242874492e-01
-4.748229240947292318e-02
-3.722643770920834594e-02
-1.964837647687497565e-02
-8.924242068225492208e-02
-1.408873599166219071e-01
-2.179819753263034232e-01
-1.716571740452977335e-01
-1.811143407671710337e-01
-2.174688433832178136e-01
-2.327000792222826131e-01
-2.607002443630609401e-01
-2.474919861997414150e-01
-2.738763877209118291e-01
-2.854689648275408054e-01
-2.757321022209657801e-01
-2.125304774633019755e-01
-2.627844810414873278e-01
-2.335008402709301545e-01
-2.469658663570780677e-01
-2.322874002238224378e-01
-2.248969305463927315e-01
-2.175447940013076620e-01
-2.119588465640927233e-01
-2.358370281529771073e-01
-2.109886986182879787e-01
-2.038199772906407192e-01
-1.754629517108053094e-01
-2.297640430905135700e-01
-2.225298011078474247e-01
-2.252851522696399100e-01
1.430225895451184975e-02
-3.431771479041701572e-02
-6.763047701807245460e-02
-9.209342846229540136e-02
-9.414702020443058150e-02
-8.380257593507053904e-02
-8.313847764580958866e-02
-5.674210786378069277e-02
-7.876466766264220154e-02
-7.753446006638413379e-02
-6.028684809718897614e-02
-1.124527708594835751e-02
-2.041546467530699210e-02
-3.662058952970340120e-02
-7.173679928344153800e-02
-4.753441962640401336e-02
-6.616701494984005005e-02
-5.389234089166409364e-02
-3.892921548572501889e-02
-7.669262536114310191e-02
-5.850283084820900870e-02
-3.605275894262469083e-02
-6.315216151083897361e-03
6.200405239118933834e-03
1.099559094505662971e-02
3.607870441959161456e-02
2.756763376192237006e-02
7.154688412592334623e-03
7.051705548638395257e-04
-5.418343117618661803e-02
1.418714897014688656e-02
-5.467195344047368066e-02
-3.024020734019401691e-02
-5.214894725914655249e-02
3.381802139120926309e-03
1.273898459464390884e-04
3.091763665822223894e-02
5.528498417274793630e-02
5.473640340753064409e-02
3.964368138068658648e-02
3.242760263079048910e-03
-5.341840414778576546e-03
-2.025385904772439294e-02
2.137740707084178488e-03
-2.470493605907446086e-02
-1.805106819756677888e-02
3.427236507293239531e-02
1.157296582683286640e-01
1.635839686262109960e-01
1.744509303810718448e-01
1.904790298451760622e-01
2.369662073187983609e-01
2.582245283696240623e-01
2.546567724150133327e-01
2.567411700234508154e-01
2.534315274121909378e-01
2.442920004180292037e-01
2.452631643430850106e-01
2.315128096159286553e-01
2.543583524395846007e-01
4.710416766107806963e-02
6.884580367694211056e-02
9.138824070505466302e-02
1.302080091283120966e-01
1.391368626462928804e-01
1.699862885763878950e-01
1.828224711903873589e-01
2.096334196288214546e-01
1.148041469740130049e-01
1.424203450686578887e-01
1.369513055642078425e-01
2.137183401726606979e-01
2.290682314160969457e-01
2.567660685764938111e-01
2.504862857465995352e-01
2.781481493077612721e-01
3.255251514525101530e-01
3.007344863621482789e-01
3.261627863169644370e-01
3.458590860947376444e-01
3.395375652586285486e-01
3.068782930107384344e-01
2.832403053658053560e-01
2.485881877109831217e-01
2.344276858099288430e-01
1.968735281961865591e-01
1.844143388189776189e-01
1.962006595960301969e-01
2.239269398003228551e-01
2.506667118242237313e-01
-1.375592576330031229e-02
-4.301367277222535590e-02
-8.016401189691252371e-02
-6.567815076425986831e-02
-6.439774198929831828e-02
-4.332457430448642677e-02
-7.284595420332906635e-02
-1.151270243066161159e-01
-1.034602448572961575e-01
-7.469919387457049642e-02
-5.970672067540266914e-02
-6.419447133992965682e-02
-4.160342903708291740e-02
-1.224261983114749083e-02
-1.568822246256834640e-02
-1.376226665254044745e-02
-2.877964313561002033e-03
-2.366958962611029338e-02
-4.406609348115221592e-02
-6.852192399541162660e-02
-1.086810417501374859e-01
-7.287818424335795742e-02
-5.403226783799439797e-02
-1.565412582683121945e-02
-6.233150168731160790e-02
-6.090809534034161837e-02
-1.043919923162784646e-01
-1.081506950273747186e-01
-1.256628507351272850e-01
-1.482546724685520345e-01
2.987940336534863905e-02
3.105731842177828980e-02
3.746885454929486242e-02
2.778094475248344547e-02
1.504273425216348659e-02
5.294300990752244529e-02
5.237948470873120960e-02
5.686121939745875098e-02
3.803995622421317557e-02
8.635780116598137934e-02
1.106036984772199860e-01
1.098175035155111445e-01
9.544461106416929352e-02
7.653741287362902934e-02
5.361583657810310710e-02
-1.526887020568014341e-02
-1.419853147101485073e-02
-4.336050842441478703e-02
-1.348084457855641335e-02
2.286817557836310147e-02
1.113720476418558758e-02
-4.517204231294626171e-03
1.536488891818252669e-02
5.599182967134319969e-03
3.778849218014593975e-02
9.614046554867605732e-02
1.252123564607340589e-01
1.300119882586248388e-01
1.306074269710358338e-01
2.767048403311485327e-02
1.362726538297697517e-03
-1.962719740853778247e-02
2.775938945846919206e-02
2.610322448614401866e-02
4.673415570151219500e-02
8.151328018484085836e-02
1.106100989910415305e-01
1.614075555909951221e-01
1.590422290292658469e-01
2.004577896153370287e-01
1.916457448764244953e-01
2.186326701729377209e-01
1.824225399037678608e-01
1.855392844948417219e-01
2.153779165900552850e-01
2.265718364897483794e-01
2.744552951567228449e-01
2.991136971393267840e-01
3.672988581232313199e-01
3.631998286331205583e-01
4.155155878440284778e-01
4.530881159041454387e-01
4.694742935550043073e-01
4.331327438505125360e-01
4.072543695115486417e-01
4.244778143371305545e-01
3.778286959799855849e-01
4.173210385278511292e-01
4.298177068095765940e-01
4.393423392016383988e-01
-4.495240005595820855e-03
1.162781528445541029e-02
3.624744330390575198e-03
-1.778987642613652845e-02
-4.593262227273398751e-02
-2.419792447221380191e-02
-1.004087329567877711e-02
-2.044919995150580594e-02
-3.778013842583786974e-02
-7.318486694746700882e-02
-5.366169071003241281e-02
-9.857177966803196134e-02
-1.052455363166267255e-01
-1.324903869350008978e-01
-1.099375848422050606e-01
-1.849270047452485910e-01
-1.939560657163518220e-01
-1.971575822042439252e-01
-1.752360229600508357e-01
-1.692502571350721075e-01
-1.963190179820505088e-01
-1.744298216204696883e-01
-1.761584027038208267e-01
-1.992932811842184904e-01
-2.203965926552893251e-01
-2.329498588634222322e-01
-2.595072998444156176e-01
-2.484673277056323182e-01
-2.191946154290087267e-01
-2.268566560021868794e-01
5.306237116031350259e-02
1.876905686467109091e-02
1.255293344326123897e-02
-1.370830396214039668e-02
-4.199737032904582446e-02
-3.546158305029577934e-02
-8.172825409767334182e-02
-1.034549732572930397e-01
-8.515113408708765985e-02
-4.281581175795525634e-02
-1.827849177993389265e-02
-1.337013750953330860e-02
8.845413482743730293e-03
-1.469628878713854711e-02
-9.070323863809626186e-03
-3.127452301076982799e-02
-5.729556721993080831e-02
-8.101572768388165535e-02
-1.361872387820736996e-01
-5.422363116583425735e-02
-8.455363004222800349e-02
-5.287353114258169784e-02
-3.056239027997477778e-02
-2.007543258055594776e-02
-1.591435952483716623e-02
-3.205647732546445389e-02
-3.604941997986042812e-02
-3.119999132785725854e-02
-4.794353998222206092e-02
-7.380613576150615862e-02
-1.107326211044317235e-02
-4.101532159570514535e-02
-2.297180490115962800e-02
-5.353791140012668232e-02
-4.587472879709542789e-02
-1.968077261788915566e-02
-3.953479451657023608e-03
3.039480262107112016e-02
3.047221582776622750e-02
3.592613077129687416e-02
1.506276272159346244e-02
-1.109086276638275581e-02
-7.573272034125103080e-02
-5.749204734084979729e-02
-1.051570041002027195e-01
-8.644785756616620020e-02
-1.153519577510260935e-01
-1.300832934464190294e-01
-9.956191213698586950e-02
-7.331808216049043314e-02
-4.522133045112513433e-02
-4.895901189020382405e-02
-2.053199322880656583e-02
-1.629801864107840309e-02
-7.303961984776296407e-04
-6.319244965645975411e-03
-1.834886847200919296e-02
-3.820833800261810853e-02
-7.863624791771191280e-02
-9.090807030452442705e-02
-5.478252022451233876e-03
-3.567364149251170836e-03
2.890405863770966616e-02
5.799834327780795107e-02
7.433334973851110639e-02
1.097687859873277272e-01
1.261713034396190758e-01
1.723872486698747597e-01
1.559095655472362840e-01
1.929181390883586145e-01
2.101004914942127266e-01
1.987907151343741019e-01
1.877915167498564464e-01
1.822902162758969768e-01
1.806674667815908464e-01
1.537511201658776638e-01
1.869345955826736128e-01
2.346623447761500003e-01
2.601263251062118642e-01
2.735667737045003878e-01
2.882803128341647758e-01
3.077605968762636146e-01
3.092461986670133056e-01
2.976495299868434641e-01
2.765114533314824152e-01
2.469298525099074826e-01
2.365815141873282290e-01
2.236813476086071950e-01
2.487306030632072118e-01
2.329498024673203604e-01
-8.397656424056950883e-03
4.156011591247637388e-02
6.121725450929615953e-02
5.789306798088144496e-02
5.519954651171127269e-02
1.016406688943058967e-01
5.859849473682507415e-02
3.384654058386305647e-02
4.106117063122310951e-02
3.364108673207358291e-02
3.867660391608982590e-02
7.205443429543977041e-02
5.561534031391085486e-02
5.588732600949938845e-02
6.515709754981491297e-02
5.451631923306115429e-02
7.238291651268344284e-02
6.187010576410113816e-02
5.674398297095495369e-02
4.272332384106872216e-02
4.801842312599528123e-02
3.096053772331023787e-02
4.328671407032052415e-02
-1.097082934604604737e-02
-1.001348307395398714e-02
-1.399927109900705666e-02
-8.171366754234594271e-03
-7.735927616321630965e-03
1.840884744951209323e-02
3.764571674016770064e-02
-3.826470886696467510e-02
-4.273306097394228426e-02
-5.593749339939989990e-02
-6.602978262401419662e-02
-5.050271883330906264e-02
-6.755929048701607431e-02
-1.027562413478910891e-01
-1.195504571915906450e-01
-1.021526193527393656e-01
-1.007795164358669809e-01
-9.921669657152513977e-02
-6.764214032301552049e-02
-9.332128084842915283e-02
-7.327600065465081358e-02
-1.060802044102368002e-01
-1.200157102336313480e-01
-1.664731320055425345e-01
-1.704676257601794587e-01
-1.967086298948334255e-01
-2.102522680366553376e-01
-1.910317810783732639e-01
-1.685814123282770582e-01
-1.346109216646191042e-01
-1.292996626109308433e-01
-9.790933281204092231e-02
-7.813824318983680906e-02
-5.604178072086322959e-02
-9.746614086248793496e-02
-1.026578176389860569e-01
-1.067743799159682760e-01
-2.887854953731642735e-02
1.773679684726741854e-02
9.115344505468780598e-03
-1.168243512088646720e-02
-2.992493664170776946e-02
-8.482550285193724698e-03
3.497645113874738032e-02
6.549117169834481333e-02
5.111108049372489748e-02
9.573394755328096251e-02
1.113485871133052668e-01
1.267744283160939511e-01
1.326677615302543634e-01
1.148240012098962065e-01
8.998248410210669956e-02
8.220347276395521818e-02
9.103595927405418176e-02
1.531777064651712317e-01
1.818541767573416124e-01
2.431866480663846253e-01
2.404366484762140155e-01
2.549533706477057904e-01
2.446567894887641814e-01
2.494010889417735133e-01
2.389918433404846221e-01
2.145453323968687376e-01
2.304631209475078990e-01
2.423945211638228181e-01
2.560526249090374629e-01
2.428497387682551079e-01
-2.589992031859113253e-02
-2.192406442827199431e-02
3.017547663595038926e-03
2.249633078547221693e-02
4.355327738817717925e-02
6.671704885116171158e-02
8.287082720293062477e-02
9.766298688165271635e-02
5.987013963563468655e-02
4.428477852072847110e-02
-3.131518818591760844e-02
-4.912530142864288130e-02
-1.006912498108644693e-01
-8.444647219770201607e-02
-8.213783418138842496e-02
-8.315786092324664591e-02
-7.394046980845132844e-02
-8.597525313641982136e-02
-7.107610311018652816e-02
-8.624885984548541495e-02
-7.933134935622901396e-02
-7.926488997301195383e-02
-8.909774235758015359e-02
-9.524081331429107289e-02
-1.319006850519203744e-01
-1.681372755557531407e-01
-1.841204006145467087e-01
-1.341813260638754224e-01
-9.319993087796901721e-02
-3.421842586431043942e-02
4.566018467880949075e-03
8.568315551476609129e-03
2.474197442207529130e-02
-4.508339564720933307e-03
-5.708100434096304715e-03
-2.807275333535861478e-02
-4.626507038414411771e-02
-7.938892220020052348e-02
-1.090153186113979045e-01
-1.494473724299401618e-01
-1.984730246331449233e-01
-1.794662035988087434e-01
-2.038292569970773238e-01
-1.786996636177637932e-01
-1.904017601390167735e-01
-1.578227512063740678e-01
-1.628875446193285281e-01
-1.719438531629104427e-01
-2.000039695066979650e-01
-2.225177489958322374e-01
-2.068396795976376601e-01
-2.046777991881244263e-01
-2.139337323594996676e-01
-2.061457211136194234e-01
-2.086693384806340701e-01
-1.924862275770994613e-01
-1.467333413713844681e-01
-1.426101691373755087e-01
-1.195165260349265041e-01
-1.151508934423409874e-01
6.015016813895538404e-03
-5.262331919245448290e-03
-2.483167346988169807e-02
-5.166114659658686825e-02
-9.379583936793525756e-02
-1.016569249557754684e-01
-1.079515426496515801e-01
-6.122885578775915522e-02
-7.022037513899535843e-03
2.726866327439766979e-02
4.799674857828147012e-02
6.613056251518062423e-02
7.128043260596531039e-02
1.082234616612680056e-01
1.008179347997079089e-01
1.073018791878387196e-01
1.267694039508516501e-01
1.467014398634980399e-01
1.550686770510711909e-01
2.342084718023290102e-01
2.935322856714526751e-01
2.880476438249416349e-01
3.145143239371654964e-01
3.477964841594748391e-01
3.890620680231834383e-01
4.206432062569415709e-01
4.458683519335597256e-01
4.697872185520168276e-01
4.598575944083922451e-01
4.462666890130563835e-01
-3.604402959346820340e-02
-2.453542293922149342e-02
-4.367009766477474020e-02
-3.456866703734088470e-02
-1.578538381810420249e-02
-1.909940569865955715e-02
-1.925826094653711879e-02
-7.527786150186071765e-03
-9.612391231164349459e-03
-3.619872510627980544e-02
-6.674758157246157841e-02
-8.923805645450097468e-02
-1.062883887288007673e-01
-1.390165800709991240e-01
-1.502011242422781612e-01
-1.371450647648165821e-01
-1.203447457556666711e-01
-7.531205520637260231e-02
-6.852296475281287325e-02
-4.362352370902317783e-02
-5.444981357411470685e-02
-3.115947370047318296e-02
1.661059305482198017e-03
-4.567543767090277707e-02
-7.501039731956007928e-02
-1.237128619607786861e-01
-1.596891248727101420e-01
-1.808303720019858452e-01
-1.885485295791581306e-01
-1.602054289563521472e-01
3.678978348455470143e-02
9.735191373674333126e-02
1.106746366853897517e-01
1.245298358982753623e-01
8.648294085147407995e-02
5.942025045370463721e-02
4.689640070820266793e-02
2.737370113014104753e-02
1.891486648689064826e-02
4.468735456845771004e-03
-1.408159347760454087e-03
-7.931182714510327803e-03
-1.561943644569643158e-02
4.555107138591613092e-03
8.282824760085323937e-03
5.291752654358312241e-02
5.936873814065786459e-02
6.973557277823107248e-02
4.543781355244096154e-02
2.703597378293695966e-02
-4.378365077135491085e-03
-3.958165880768008127e-02
-6.230142927369206052e-02
-8.543433467853889240e-02
-9.642420063622939019e-02
-7.449425958326319486e-02
-7.112176307219300608e-02
-5.586666904902095471e-02
-5.229342144605114706e-02
-3.639895892810884187e-02
8.813530719355470999e-03
6.227855713824047637e-03
1.039456878841087811e-03
6.895446943857908885e-03
-6.412451479874536377e-03
-2.169470224069269121e-02
-4.436392085226496806e-02
-7.386983028359342396e-02
-6.528491136648012505e-02
3.020336288771796607e-03
2.004621729717697906e-02
1.974295913762345173e-02
4.967419619397563102e-02
5.046390569880145061e-02
9.013720473262377963e-02
8.695395287029984710e-02
1.070173742029403158e-01
8.919790552590356469e-02
1.111592822014871723e-01
8.920954246726456316e-02
9.079370935721074731e-02
1.042285683655230777e-01
1.184326141351843970e-01
1.393744387704649867e-01
1.428497095807825246e-01
1.831075653717032514e-01
1.999038791406442805e-01
2.062763843108601225e-01
1.993428455166377511e-01
1.941990213862609116e-01
-1.615297297767167087e-02
1.406740013664072725e-02
3.989242216544740954e-02
3.151700512290557532e-02
-1.341603444070630508e-02
-1.463466347840469348e-02
-1.631853200271426302e-02
-1.605927382430346814e-02
6.787706410445050464e-03
-3.526721365728309465e-02
-4.149249068006492097e-02
-1.749583090822813894e-02
-4.920751672924114639e-02
-7.344684430872519543e-02
-9.719928844476030672e-02
-1.134858842449374128e-01
-1.505027543059879458e-01
-1.562935861272135574e-01
-1.560137274980866740e-01
-1.211896586545477272e-01
-1.197948198915161633e-01
-9.152326507421508495e-02
-1.010966420656640996e-01
-6.810436527510614624e-02
-8.988831996141614933e-02
-7.567103049937116965e-02
-7.209785025427625782e-02
-9.770704914346287073e-02
-1.451542483157188257e-01
-1.551993573624406708e-01
1.245869697934932560e-02
1.920724568933864992e-02
1.224390338430382877e-02
4.289900449588353315e-02
7.090549569938527086e-02
8.255125040344395149e-02
4.745125114195140187e-02
1.565170589505858467e-02
-2.370008566425893526e-02
-3.291372948496480016e-02
-6.127773004245394561e-02
-8.154015242387831208e-02
-1.058602269431216381e-01
-9.195039534707737106e-02
-9.406281496484701632e-02
-8.313255304039804394e-02
-9.599264914262012338e-02
-1.063464484807951083e-01
-1.079364917939969193e-01
-1.382129092648097246e-01
-1.728016955504430019e-01
-1.787409394376920924e-01
-1.798007388015972763e-01
-2.187971317382270686e-01
-2.026746200283505162e-01
-1.903781427746904786e-01
-1.479231435982701903e-01
-1.285757298438415797e-01
-1.041346019761751618e-01
-1.188609324999783945e-01
-1.202709934851450488e-02
-2.727528091553864040e-02
-5.326974506703888168e-02
-9.330147149168323273e-02
-1.137221798708233506e-01
-1.546568865733195797e-01
-1.951710884809466084e-01
-2.271434314198663984e-01
-2.311181837932012040e-01
-2.471997548862566729e-01
-2.231231234240703132e-01
-1.941095238467401285e-01
-1.745996833174070229e-01
-1.650093547191263110e-01
-1.577801566743133599e-01
-6.748571889305261806e-02
-1.013212026298042912e-01
-1.874707554251341390e-01
-1.870925463664103727e-01
-2.429166347961009831e-01
-2.162064772052637585e-01
-1.847620956508839729e-01
-1.553710901737624106e-01
-9.230869702660063347e-02
-9.939662869737973805e-02
-7.191878667966530858e-02
-1.133005830455173918e-01
-9.576465939356865187e-02
-1.025334056916055725e-01
-6.437093564056091399e-02
-1.729185407828191107e-02
-1.091301753088156495e-02
-3.557173867308693893e-02
-5.616684228847280275e-02
-8.821511992429982574e-02
-5.104893578328928427e-02
-1.433431207489987286e-02
1.518448018049861625e-02
4.471203881448695266e-02
7.864256148698811622e-02
1.437118542154517398e-01
1.138298780911030095e-01
8.714939162077783852e-02
1.070744652183476531e-01
8.236918963871031618e-02
6.210071619449104852e-02
1.094635519464040169e-01
1.697091820992132349e-01
2.201757670443060810e-01
2.234160818294294581e-01
2.008050031352180131e-01
2.048714022626274833e-01
2.491301705820862800e-01
2.963036350305467970e-01
3.054302082065170065e-01
3.412171986872445939e-01
3.105836369325674085e-01
3.413846040410878913e-01
3.239416808979607709e-01
3.005204339412644865e-01
-3.681212013075904621e-02
-3.653000580407726045e-02
-5.891187566093950001e-02
-4.309790456548343723e-02
2.225604321446456729e-02
5.134236650036226590e-02
8.786613712346572069e-02
1.091530584256289876e-01
1.413765119406141801e-01
1.215940284666342797e-01
8.802313730103283884e-02
4.676009814079575694e-02
3.198620806535364125e-02
2.525479079133104154e-02
-6.808085572403463348e-03
-3.993593862285944179e-03
-4.749166815174550582e-02
-8.164609034306642699e-02
-1.405645069835920191e-01
-1.381014384283273944e-01
-1.286109236957635737e-01
-1.051421296381267190e-01
-1.010037772859394972e-01
-9.460190956119113315e-02
-9.409548796790884184e-02
-1.075776160153591871e-01
-1.432756865671715174e-01
-1.980954482339225831e-01
-2.383863311102153715e-01
-2.699659761295620242e-01
4.268888291829113155e-03
4.080163685893763853e-02
7.919642594909052924e-02
7.551537649132465668e-02
9.206127190107632474e-02
9.371956002934950236e-02
6.616296668651172608e-02
6.426911537623530846e-02
5.271401760603811049e-02
4.349400725813896279e-02
4.634800150937479213e-03
-1.825518469511704794e-02
-1.698477804094617599e-02
-5.270073994052842936e-02
-9.869967279818980810e-03
-9.547349591150847137e-03
-5.114722958184034218e-03
-1.680362361959169062e-02
-3.331884684393779730e-03
9.094329178578742026e-03
2.515850114778164434e-03
2.985791796900062051e-02
2.759990142967390023e-02
4.044386497040403788e-02
-7.495520207449757333e-06
-2.451651533096682600e-02
-5.874830162716677268e-02
-7.018900728988314297e-02
-1.019011215284900407e-01
-1.023865211103950623e-01
1.210645761765032774e-02
5.476227967553932985e-02
5.071839398653708170e-02
7.928128553060273531e-02
9.504159011832255533e-02
7.547715806662996796e-02
7.292319623224849390e-02
4.687682858998306473e-02
3.090481583817585726e-02
-1.473648183437681336e-02
-5.222863213627732676e-02
-7.854550918162231388e-02
-2.933106025713886483e-02
-4.336882774823067055e-02
-2.128320753167753376e-03
-1.731866723461336632e-02
1.347233409433699555e-02
2.456001983862151489e-02
6.955738333159797171e-02
9.172672631383732567e-02
7.461267717006908606e-02
9.966833400812463717e-02
1.329212559071817346e-01
1.633139014395597888e-01
1.198901941363671730e-01
1.065373654858955826e-01
9.185398543207655420e-02
9.911128743467212399e-02
5.599103687310014177e-02
1.081717190968585762e-01
4.648245122428615490e-03
6.984209655538249628e-02
1.108094776825801486e-01
1.559218849720503952e-01
1.571980015807239728e-01
1.803611354933093436e-01
1.554169806978360768e-01
1.179616776556363378e-01
1.000538814925555214e-01
1.110073518006075011e-01
8.435455869136371243e-02
1.357576624120215014e-01
1.565308514959797281e-01
1.465085604071149350e-01
1.641786473610205299e-01
1.984011024001282320e-01
2.120568658904347648e-01
2.248960771711031592e-01
2.409582420317712415e-01
2.519028508670434485e-01
2.281709752076453157e-01
2.222714412666233208e-01
1.676903624946166349e-01
1.323685191995930821e-01
1.032539226188824155e-01
1.264764335199551892e-01
5.038055066067272103e-02
7.194152293663100273e-02
7.311091240077015330e-02
5.654545246534894987e-02
3.993072293685586555e-02
5.083220877748628047e-02
5.366580973998272275e-02
2.640443295501855928e-02
-1.210663928856139590e-02
-5.027178371458648765e-02
-7.456536668183651184e-02
-7.474894316490930668e-02
-1.151761003333889311e-01
-1.238673078157672414e-01
-1.234350701631420355e-01
-8.898506430805060152e-02
-5.306267272699728005e-02
-5.970025514444816245e-02
-9.633395734110032638e-02
-9.958943526536148672e-02
-1.458720634431180663e-01
-1.682807387956390954e-01
-2.159075794772608581e-01
-2.551203279457524564e-01
-3.090753225947999727e-01
-3.148854673876939070e-01
-3.070990967203940936e-01
-2.816938835805036234e-01
-2.768004931005113023e-01
-2.424401150407140271e-01
-2.594917296020549657e-01
-2.426007028625193906e-01
-3.044621557842451254e-01
-3.090252592799723197e-01
-3.864591052825741557e-02
-3.195512191605028030e-02
-3.357452267992677014e-02
-6.160193635298207016e-02
-7.558916177382460355e-02
-7.794382422404058652e-02
-3.560535009697621267e-02
6.287526490975775539e-03
7.015469612009293809e-02
9.245107895721864366e-02
1.389239569631548765e-01
1.521457522261122908e-01
1.646240143466341788e-01
1.675322867769874213e-01
1.375829635447290145e-01
1.107300710845908753e-01
6.651951705732700448e-02
5.600547781233017330e-02
5.261990000608088996e-02
9.469012311489291567e-02
8.655575999209157156e-02
1.236332743647892973e-01
1.339444812723533940e-01
1.492129559647547843e-01
1.301526560576698743e-01
1.328818837950944687e-01
1.022933241341541094e-01
6.507789420658499635e-02
8.573639580710953889e-02
7.000177157084890023e-02
2.027031756110165422e-02
-1.699443662138960115e-02
-1.375723635612774096e-02
1.060494798685597539e-02
2.685487196717677161e-02
7.089333780048322209e-02
8.883664283129294459e-02
1.321223897615447784e-01
1.293309652455287562e-01
1.773802887339785139e-01
1.243630111666871874e-01
1.106109444123047347e-01
9.326274283078027361e-02
9.414461800391908664e-02
7.796909378088032194e-02
7.966478456817620291e-02
1.466932344617539741e-01
1.622288425532928680e-01
2.070205927276894675e-01
2.223072486093674582e-01
2.810923410887442575e-01
2.813798848456878221e-01
2.672353391002897927e-01
2.525351063069511404e-01
2.388660975801778497e-01
2.131380423530178925e-01
2.046133862597802333e-01
2.190447622674486505e-01
2.085497326682114738e-01
2.044276529613128779e-01
-3.246325861364943166e-02
-1.594092926290031562e-02
3.048914749548032807e-02
7.396083772074744933e-02
9.409857573826027610e-02
1.089075378594032556e-01
1.263906654712810829e-01
9.650209551523748763e-02
5.959419400626958518e-02
1.526505727502616011e-02
-4.033613488168424216e-02
-6.565846558993658488e-02
-7.518720545366500141e-02
-8.519516135174348692e-02
-4.989462135280634675e-02
-2.243485601453972314e-02
1.951921842419005251e-02
3.008590947090318546e-02
3.094889388157251106e-02
1.171116689263712943e-02
2.971480713977092680e-02
-2.806670707809780230e-03
-2.300689309653253592e-02
-3.715951460348188712e-02
-5.640168365322843769e-02
-6.550662256830946939e-02
-6.347826169723928824e-02
-3.165476968609342440e-02
-9.216140525960134222e-03
1.740269950593593962e-02
3.708219335556754009e-02
3.682081007502570336e-02
3.285502107621630224e-02
-1.208776775217789562e-02
-4.636271325486976402e-02
-9.125830638776100123e-02
-9.396880477908928220e-02
-1.404909156772859435e-01
-1.633293726474189245e-01
-1.530432087286466292e-01
-1.468169662373068896e-01
-1.126767692697429601e-01
-8.611253642925142948e-02
-6.807220305384435732e-02
-6.187444803920603975e-02
-7.855116829758722330e-02
-1.057434341815375323e-01
-1.517694722663555651e-01
-1.697326704996201530e-01
-1.887465747482846012e-01
-1.872747632779718230e-01
-1.610198938528384915e-01
-1.471819773957426802e-01
-1.771842927938346024e-01
-1.625232293130936811e-01
-1.791411126353385508e-01
-1.544247484799630976e-01
-1.509876120357886431e-01
-1.121534325206153399e-01
-1.140113969607352007e-01
3.391752915943881813e-02
1.368337799305091584e-02
5.195178366053692515e-03
-3.797027625506363413e-02
-4.366758374525129410e-02
-6.109779505826545137e-02
-7.938194479696271399e-02
-6.270926691652352336e-02
-8.318405723419300402e-02
-7.497655605360015185e-02
-5.203927666946977365e-02
-1.058474026609818042e-02
1.222805334985775302e-02
2.002975300937767308e-02
1.090325407705423910e-02
-2.428887934173651342e-02
-4.936768973222960266e-02
-7.567644396859715683e-02
-1.175418840099966000e-01
-1.523393735613332856e-01
-1.312515775966901221e-01
-1.199502782784219596e-01
-7.255838857871814429e-02
-2.744949466234789665e-02
-6.219843327241968839e-03
1.958648736405972993e-02
3.672150382695883036e-02
3.453235532482210046e-03
1.062203033884108645e-02
-3.264076622183874343e-02
1.433356869847702761e-02
2.642087745582192421e-02
3.282277173766426359e-02
2.516732708826626558e-02
3.733024937459713394e-02
5.906894707525192634e-02
2.694996832412610566e-02
4.154672810532328286e-02
5.052780575243370070e-02
7.816860909936644564e-02
1.098769669513944836e-01
1.262380754133102523e-01
1.463276750360874845e-01
1.732476879746039922e-01
1.693572148039058922e-01
1.853501043198384768e-01
1.985289503943060418e-01
2.171389648772545089e-01
2.199894843893633323e-01
2.477534949814229892e-01
3.038431224402693975e-01
3.184080372846505025e-01
3.814100809808801396e-01
3.725234571376410120e-01
3.877220789576421578e-01
4.192263696138796569e-01
4.562776034541092263e-01
4.281898248340036406e-01
4.027245441785076707e-01
3.855767286520816461e-01
1.166615351304597752e-02
2.602916863720045743e-02
2.086888720169268949e-02
3.907741925653948623e-03
-1.556054515245769085e-02
-1.946134473721303562e-02
-2.851684093911149853e-03
1.377436867151867611e-02
-1.291029375956177436e-02
9.960199928490769822e-03
-3.085049160630541285e-03
9.452474294692765622e-03
-1.656141083527111132e-02
-5.541327311716970350e-02
-6.829587611388453217e-02
-1.232150597016593713e-01
-1.373157594767593914e-01
-1.357957485342215775e-01
-9.894248239896710762e-02
-1.083046084456079916e-01
-9.546291243219102995e-02
-1.179571409410070104e-01
-9.421289502885206446e-02
-9.745697885306663089e-02
-8.746186268775435479e-02
-8.706761749744640344e-02
-1.072026313261973673e-01
-1.037702269351537393e-01
-1.370172346711235334e-01
-1.700328546401945196e-01
-2.833176124037978250e-02
