-1.669580898646265965e-01
-7.104535501755288029e-01
-1.084067941816996283e+00
-1.178385186241571292e+00
-1.182573880154712320e+00
-1.095277100955952321e+00
-9.695305985945518179e-01
-7.629656403964747424e-01
-5.421588627029718666e-01
-2.747824202549807859e-01
-6.519843797570715194e-02
1.988211699637816021e-01
7.653082844692615794e-01
1.185865220467859693e+00
1.534634477911252404e+00
1.788753633406323207e+00
2.044146289803477679e+00
2.209791425669731968e+00
2.417322782367747447e+00
2.631739134580607153e+00
2.788174373370117198e+00
2.836081032915347855e+00
2.815200575090050616e+00
2.691128821384271230e+00
2.550231640993222637e+00
2.423556977635234144e+00
2.256477343348159970e+00
2.037857713024387341e+00
1.873270155852236885e+00
-4.320961984828372016e-01
-8.381550379637531245e-01
-1.299126283673360138e+00
-1.420829145306937935e+00
-1.800619055455483064e+00
-1.724562851292328114e+00
-1.808296855618922949e+00
-1.694905244765471997e+00
-1.686114007991499131e+00
-1.635809244473629187e+00
-1.625748753975104544e+00
-1.644668408957037142e+00
-1.685479382822866690e+00
-1.681085327083462255e+00
-1.703745146431905777e+00
-1.612171563808404873e+00
-1.517103270873090048e+00
-1.320112987815502459e+00
-1.109739614568326482e+00
-8.769279837943548817e-01
-5.962141072422829646e-01
-2.754669381399258987e-01
-3.815269015333769276e-02
1.813652667677090879e-01
4.242578579332147992e-01
6.204034312040090926e-01
8.548736574325992432e-01
1.009081033453095078e+00
1.136574279506114671e+00
1.245699737854620182e+00
-1.624776682591655766e-02
4.162244083371302583e-02
-8.144463205702745512e-02
-5.793762017794984454e-02
-8.480327007410466689e-02
-1.185901580340295025e-01
-8.945488326644761290e-02
-1.557015626009907727e-01
-2.227096688568114269e-01
-3.436898737061677145e-01
-5.492878382696970707e-01
-6.310394548041897700e-01
-7.636960844749021149e-01
-9.295893297530110067e-01
-1.108140844444173823e+00
-1.423435230314648692e+00
-1.799833565149773662e+00
-2.205900163764903610e+00
-2.542951942833756807e+00
-2.646619655171008390e+00
-2.854001782839394430e+00
-2.749150055590644737e+00
-2.793387729597964331e+00
-2.799571387503396291e+00
-2.911637582209685160e+00
-2.844145988917168744e+00
-2.965623326928392256e+00
-2.857103155454632226e+00
-2.774200659839124228e+00
-2.772752912215493026e+00
-4.758003962747584664e-02
-8.285460025033045128e-02
-5.474793778308148506e-02
-6.817221424008841624e-02
1.876287421620974616e-01
4.644125850834728286e-01
8.418345443528685301e-01
1.104224511039071821e+00
1.329429976891197906e+00
1.462281739121540580e+00
1.585248882519584956e+00
1.592011884602413829e+00
1.591531303607497838e+00
1.635601484009278295e+00
1.563002476758802439e+00
1.573489587536790246e+00
1.544188147601230465e+00
1.472306361694623034e+00
1.419124163955580498e+00
1.092995154501775756e+00
9.960754394027636627e-01
5.915535113971015502e-01
3.611219978993164270e-01
1.842427043364915085e-01
-3.021343835897938312e-01
-7.397733701103290649e-01
-1.261191730188856219e+00
-1.506891437316301596e+00
-1.538907310752252622e+00
-1.174542666666130941e+00
3.264309657439320445e-01
5.827427160673658291e-01
9.526866024953920542e-01
1.133363175298616854e+00
1.147719112623750481e+00
1.193063363838053448e+00
1.216524860827428167e+00
1.304152436122409053e+00
1.594102634998132650e+00
1.959605660977288277e+00
2.254840781248871551e+00
2.538013011083144921e+00
2.767240946699037085e+00
2.962608842155605160e+00
3.097015800664794760e+00
3.244401074938323859e+00
3.414753803813540323e+00
3.520613283262818083e+00
3.606150179598346828e+00
3.609827443446041340e+00
3.610357292920165939e+00
3.575654412083584699e+00
3.551606192285930330e+00
3.516460997432297120e+00
3.475306860838211165e+00
3.459892533835252859e+00
3.395095036338785732e+00
3.359809579252488021e+00
3.374473285917287679e+00
3.371554647410045291e+00
-1.823209387558978253e-02
-1.341712203052579655e-01
-3.586214946756257071e-01
-7.214524750734763181e-01
-1.309143942508729008e+00
-1.754824959631147596e+00
-2.209330543331094798e+00
-2.406385746383015611e+00
-2.663484273913010902e+00
-2.715411751863768597e+00
-2.949726676682270288e+00
-2.962837699500486366e+00
-3.028777173314340931e+00
-3.120819931031241889e+00
-3.085941911169193475e+00
-3.016018698641800722e+00
-3.030182712076133100e+00
-2.929833960821927707e+00
-2.927799696932531504e+00
-2.909119886129906796e+00
-2.888620049608563889e+00
-2.830823061584672118e+00
-2.556407658213925238e+00
-2.424129387900709087e+00
-2.092195249190398787e+00
-1.729007902711703792e+00
-1.455163354008241150e+00
-1.190725228490396415e+00
-1.019750618465446124e+00
-7.358524060209876705e-01
1.973435753763330414e-01
4.088103737132243731e-01
4.592736359056931450e-01
4.970790013275462882e-01
5.198902757779647610e-01
5.431457359713721678e-01
5.647973154178528299e-01
5.801442117947277488e-01
6.370885040972754654e-01
6.195160340094627571e-01
6.101897264838155310e-01
5.436473140974137364e-01
5.293082507238814349e-01
4.874570097392263435e-01
4.534090067244849198e-01
2.736496333360139421e-01
-1.961403438109243780e-02
-4.967778036475062331e-01
-9.070530653644317542e-01
-1.257210296061721300e+00
-1.623437195768160368e+00
-1.919508663964879291e+00
-2.008704905221319947e+00
-1.969430871347128464e+00
-1.975111015208120824e+00
-2.055310722841077631e+00
-2.056559443361978712e+00
-2.124035288088895967e+00
-2.229900798936365280e+00
-2.260439238707375509e+00
2.457920388440729392e-03
9.736980829932771753e-02
1.792919107963285297e-01
3.117534084069645273e-01
3.958720465323035675e-01
5.232014580901080958e-01
6.048550591105162910e-01
8.077016691549729899e-01
1.212729021664879836e+00
1.618214625611647417e+00
1.933035773289326409e+00
2.191421322185350018e+00
2.347897704999473145e+00
2.442358870582131747e+00
2.532327668452630132e+00
2.570534928189220025e+00
2.618071416271129603e+00
2.622664530607520028e+00
2.719560581315842995e+00
2.739119165575037762e+00
2.760652657003537236e+00
2.741772579854275804e+00
2.736216566325278432e+00
2.705793646581815537e+00
2.652353694569823617e+00
2.550507273969445432e+00
2.250943761372941054e+00
2.054700903427223224e+00
1.998895477495300721e+00
1.798104243712353556e+00
-2.546910742242045056e-01
-5.983031467271096027e-01
-7.765837052261653772e-01
-1.045642782429438089e+00
-9.927478305578333329e-01
-1.087748584137398167e+00
-9.937629098743743228e-01
-1.033914684457488686e+00
-1.056122280354727438e+00
-1.052314053651027370e+00
-1.109043837366499030e+00
-1.077478084984143658e+00
-1.099901834104660248e+00
-1.161684889505991691e+00
-1.174042714850505487e+00
-1.139288467391209592e+00
-1.110514303704805084e+00
-9.385928580150059153e-01
-5.157337716225176560e-01
-2.403914312748584026e-02
2.477172892906416291e-01
4.562085565180343250e-01
6.147977796458328203e-01
7.581387067308920091e-01
7.809005426072544997e-01
7.992318777115817729e-01
8.483878709836947252e-01
8.860371812861985719e-01
9.543421721076080777e-01
9.569700599171067079e-01
-4.943521650068172235e-03
-3.654123566482344460e-02
-5.851071056066647902e-02
-2.323648368908001471e-01
-4.763389409323177115e-01
-8.157833064677780799e-01
-1.108434697104537570e+00
-1.276669493670164357e+00
-1.536302375558300959e+00
-1.825275981097910893e+00
-2.071651675526036129e+00
-2.233483517051016332e+00
-2.191277635520828326e+00
-2.112032791784334673e+00
-2.108737065785286635e+00
-2.147943151102597703e+00
-2.127495531386337291e+00
-2.126223567275216553e+00
-2.108429241839806068e+00
-2.060965276900371901e+00
-1.983887717210023327e+00
-1.944166027460318524e+00
-1.869054701413498387e+00
-1.753451765176881505e+00
-1.581922355373335254e+00
-1.328367369823337807e+00
-1.105941507743795515e+00
-8.384044454972335858e-01
-6.605734098713782476e-01
-4.262031501107147458e-01
1.520533284863562762e-01
2.774265226842716481e-01
4.143246554858033281e-01
5.824691789487609350e-01
6.470699789361386012e-01
6.475188568170997527e-01
6.098456064539594657e-01
6.545043809057606854e-01
6.832175230277722777e-01
6.704045854192006715e-01
7.182646781743050601e-01
7.304306326047886877e-01
7.023620492439550667e-01
6.209912661162199088e-01
5.468495232490917513e-01
4.558506601540995851e-01
2.818682369087290307e-01
-2.030537198917198860e-01
-6.657760362495598327e-01
-1.067363433950436535e+00
-1.388459233336392540e+00
-1.571222939114548245e+00
-1.743201578199397694e+00
-1.787258471412610072e+00
-1.803457123116909422e+00
-1.830992410524516556e+00
-1.776411775742894550e+00
-1.774849061855871213e+00
-1.774723174339791987e+00
-1.784664482362174454e+00
6.125955239106783967e-02
1.630422129112917839e-01
4.411900561908183582e-01
7.292290990604892720e-01
9.898225192916860760e-01
1.294850264773677262e+00
1.491272667567685506e+00
1.666796696131592981e+00
1.808694544226213896e+00
1.849522939791677478e+00
1.920104335892779179e+00
1.961747961350415848e+00
1.965424378843774855e+00
1.965196913196938011e+00
1.968882244396995773e+00
1.967906315296827913e+00
1.960179983692897254e+00
1.925561916707675403e+00
1.950036207581315351e+00
1.876904287977694930e+00
1.796449627425026341e+00
1.673102178847121202e+00
1.457082745091111020e+00
1.411439541857135493e+00
1.308294743628652501e+00
9.726451509109919069e-01
4.854085231793113797e-01
2.060162945648775779e-01
6.337158066647752275e-02
5.566901194601794889e-02
2.124183620119676069e-02
1.156530653370447907e-02
2.800323985255941811e-02
5.894018137999966489e-02
6.883552072589664561e-02
6.948895367031944492e-02
6.266547284268296492e-02
7.469330128077175668e-02
7.544842833737067100e-02
2.318870350397382596e-01
4.982917191682260105e-01
9.171107052732259124e-01
1.200654454865473619e+00
1.458813658197842589e+00
1.650375936389168130e+00
1.774947831654726471e+00
1.903057360794001784e+00
2.048492304146503518e+00
2.122338701176616826e+00
2.134863651679653973e+00
2.163054344915018135e+00
2.192145942841654982e+00
2.225992347448634501e+00
2.232525111179783472e+00
2.266522567286652023e+00
2.184389094501001605e+00
2.158886535286963060e+00
2.168016217941327817e+00
2.181143454259810266e+00
2.149258801247041273e+00
-3.795533912177332519e-02
-1.376350246278975620e-01
-2.956534613598279515e-01
-5.837289228509581207e-01
-8.384376297280495827e-01
-1.133922579804311326e+00
-1.464332618816627019e+00
-1.817498842993706898e+00
-2.058761998600294962e+00
-2.136816495198954335e+00
-2.303606263283169753e+00
-2.263886053888587657e+00
-2.157063979094955286e+00
-2.117666595106650451e+00
-2.095592293689127583e+00
-2.094714401885444666e+00
-2.055056710359085326e+00
-1.884467755654714249e+00
-1.819109883981094411e+00
-1.683972557068638354e+00
-1.383430887503624085e+00
-1.209386500084156379e+00
-9.554012226534441821e-01
-7.901725441944134065e-01
-4.958065518049360465e-01
-3.385673452577413478e-01
-1.873128154114130917e-01
-1.691932857217127717e-01
-1.076107021671343367e-01
1.517545550689025635e-02
1.411970183872473250e-01
2.651744923729030257e-01
3.147516847562974451e-01
2.797763075330029769e-01
2.534005012217289132e-01
1.747721932739534911e-01
1.459446889764308697e-01
7.302104101904223488e-02
8.291575203928573667e-02
9.575136245248319633e-02
1.285536095452725069e-01
9.542966348478731931e-02
-1.799049461597764799e-01
-6.538916976294636418e-01
-9.794577134339201852e-01
-1.544527208338469126e+00
-1.824631853052200769e+00
-1.958113283371923252e+00
-2.200805133150731230e+00
-2.089914391903724855e+00
-2.207982017247188899e+00
-2.218017483255546818e+00
-2.210143171272744844e+00
-2.125009356635542357e+00
-2.020150509132219163e+00
-1.880673340655061532e+00
-1.683958890410777842e+00
-1.434583277491768394e+00
-1.254925538463597778e+00
-1.056161777470461249e+00
2.368300470306773653e-01
6.089668290663343697e-01
9.165583229546635513e-01
1.180844848282431414e+00
1.297107039203272194e+00
1.207856501517769132e+00
1.234530797110345191e+00
1.258906729901705157e+00
1.263463643239505441e+00
1.276863076168333944e+00
1.225473399621788806e+00
1.236881669339742196e+00
1.206728065687016516e+00
1.200294687139739969e+00
1.239030950009853971e+00
1.199222871232742182e+00
1.158786615990536006e+00
1.024436786698860180e+00
8.254241069781284024e-01
5.942162667322798963e-01
3.454397174260475101e-01
-2.026479472569203688e-02
-1.347924740286721712e-01
-3.375497053408685888e-01
-6.070754456938389776e-01
-9.768851045490705154e-01
-1.255726060659208665e+00
-1.401916033376176429e+00
-1.423382559023202321e+00
-1.361407103203267077e+00
6.355414288126506883e-02
1.021866095473301372e-01
1.322763197314137384e-01
1.751438965608082265e-01
1.979408926077977360e-01
1.971115783458670390e-01
4.011135423866210581e-01
6.316467521338755553e-01
1.059294265849586969e+00
1.344918719716197808e+00
1.598796946329838153e+00
1.893274132810070620e+00
2.101863396793235417e+00
2.207854581141660777e+00
2.220638783807395988e+00
2.219777489953360217e+00
2.215322776411976058e+00
2.266750527307232144e+00
2.284332794004427125e+00
2.399133755686063019e+00
2.452356017470863403e+00
2.452920679615575583e+00
2.468175584220952512e+00
2.451140964368085484e+00
2.490416285050122802e+00
2.550441274127559943e+00
2.517178601945734506e+00
2.510024566149361203e+00
2.475309481259022171e+00
2.470267314401889625e+00
-6.744133950583758308e-02
-1.565698179921611310e-01
-4.016212755310939464e-01
-8.589316218224525290e-01
-1.219220922206857960e+00
-1.307858505104124269e+00
-1.507287355366464965e+00
-1.739506966413174816e+00
-1.944165432365669854e+00
-2.247032005809699307e+00
-2.306596086611899299e+00
-2.431911271625408766e+00
-2.481342943312727201e+00
-2.481609068304796661e+00
-2.429803320778603393e+00
-2.420046572978356014e+00
-2.398743583011792246e+00
-2.365663185672199909e+00
-2.321934022150526022e+00
-2.036234250945149871e+00
-1.852966348038552091e+00
-1.536562401464026451e+00
-1.267925302006656096e+00
-1.013007291278476663e+00
-9.025012733714742330e-01
-7.413306894566593641e-01
-6.910998608410370281e-01
-5.812522180790193893e-01
-5.164416456608170725e-01
-4.171503073409206785e-01
1.641587198523909163e-01
3.154501976545831532e-01
3.445524556969575269e-01
3.673521062931814352e-01
3.985130296419322482e-01
4.492721865984186658e-01
4.506403268509546201e-01
4.540238204738195615e-01
3.836293579132135645e-01
3.144208959497027389e-01
2.665248024891790912e-01
1.918200647685995852e-01
3.554581707337498009e-02
-1.009118613551552857e-01
-3.345318535420007677e-01
-6.394010788322974648e-01
-1.084093030142468272e+00
-1.504337050913975515e+00
-1.661522862529451805e+00
-1.829897980770662569e+00
-1.822580775432094180e+00
-1.787862929780867249e+00
-1.785651767289427427e+00
-1.769083906057988820e+00
-1.773338710148333330e+00
-1.936161255355479449e+00
-1.953780995581488211e+00
-1.929238113863634752e+00
-1.881600858674124632e+00
-1.722639255421520410e+00
2.575173741590317533e-01
6.259719111172517003e-01
9.325998115019153989e-01
1.103093149912825144e+00
1.302417412212640180e+00
1.443787660201248046e+00
1.624638687442276908e+00
1.711365865458169377e+00
1.733661444592644374e+00
1.805270656896535986e+00
1.931003255593619627e+00
1.989352812975304197e+00
2.071331308189675813e+00
2.124349639689532943e+00
2.104837149069517022e+00
2.102226964823309174e+00
2.090319813787239855e+00
2.151080162751510372e+00
2.137860038852141376e+00
2.118802502387320708e+00
2.090760857366261494e+00
2.082266489475933291e+00
2.062613352673996481e+00
1.982491137594105002e+00
1.937657585885843581e+00
1.726647978171302000e+00
1.385627525789440595e+00
9.008546514424886631e-01
5.897738058113691784e-01
2.098961500738670272e-01
-2.949631665751467069e-01
-5.582410758809308593e-01
-7.597260769186551244e-01
-7.594144878573880764e-01
-7.388847914327294486e-01
-7.150682980333251670e-01
-7.161613289692646545e-01
-7.075993229592593137e-01
-7.075963480721627619e-01
-7.133134833203571556e-01
-7.234772498092755244e-01
-7.159764550620328905e-01
-7.405299614662551599e-01
-5.754690832963733627e-01
-5.902161058927368753e-02
3.270464131024996557e-01
6.095859358662376604e-01
8.429841381082489038e-01
1.022797106511754928e+00
1.160785454542269557e+00
1.249370377458486336e+00
1.295560957931094936e+00
1.339512761392910978e+00
1.438969054880143483e+00
1.480962250558881310e+00
1.575021108780098489e+00
1.639698097717614989e+00
1.786189753597691388e+00
1.818326718054567470e+00
1.815274499866487146e+00
3.220926238880793963e-02
-3.995031645915442936e-02
-9.277386362600298364e-02
-1.131853287878598346e-01
-1.127242878528144365e-01
-1.237241068695650870e-01
-2.169573638321607434e-01
-3.765893435399420563e-01
-5.218457450555580301e-01
-8.192008619779489464e-01
-9.319942856939310571e-01
-1.194501746666758235e+00
-1.468369619631674006e+00
-1.832308166764123003e+00
-2.073519064756092600e+00
-2.211049966410262080e+00
-2.487766497040875713e+00
-2.489269117642672668e+00
-2.651253337791396714e+00
-2.866651595857341750e+00
-2.959630650740208146e+00
-2.958625489951627330e+00
-3.037850673177318050e+00
-3.056643336471226213e+00
-3.119352363871886968e+00
-3.270925101948957359e+00
-3.282994258756987360e+00
-3.265779953880023623e+00
-3.256256880438529677e+00
-3.118160994263079466e+00
2.176846507584832002e-01
7.869904132064227120e-01
1.237552001553329450e+00
1.465036516726218929e+00
1.584040239045125364e+00
1.740677743612708550e+00
1.827599431864596946e+00
1.967314520535795364e+00
2.043699267186988244e+00
2.154114032313712901e+00
2.289646046918074163e+00
2.359237927625846165e+00
2.426990907436228806e+00
2.432574799989865255e+00
2.424998159046291679e+00
2.393699930489710415e+00
2.392357928168755254e+00
2.378124156468023553e+00
2.441624609840687299e+00
2.458841016170409066e+00
2.441920248225918133e+00
2.368174538540658958e+00
2.305158305525489393e+00
2.191166760898561883e+00
2.078669501180554047e+00
1.925741096928750951e+00
1.767475111467140314e+00
1.519300599426697262e+00
1.299400903040536459e+00
7.309777462160406136e-01
-5.060148868603822070e-01
-9.329675144765887662e-01
-8.982145699281377516e-01
-8.488621775989897422e-01
-7.553964916901239057e-01
-6.884549732666399580e-01
-6.668089955632624521e-01
-6.480952855037287463e-01
-6.655615506518139934e-01
-7.248144521521624473e-01
-7.190399661839338430e-01
-4.946482542311307906e-01
-8.973345106013813632e-02
2.970218160981089039e-01
6.251446186067058930e-01
8.113562717581472850e-01
8.877834774348688507e-01
9.231508976178453008e-01
9.714427897080948338e-01
9.980993441041522418e-01
1.020322248160197232e+00
1.059445809984689735e+00
1.067313184411798455e+00
1.127426030992014994e+00
1.190185345510403891e+00
1.205924539737686541e+00
1.300907676997633988e+00
1.319151319316541171e+00
1.323756301455566220e+00
1.304269044988643378e+00
9.512669305146744100e-04
1.308326663602416354e-02
-3.764875413331232601e-02
-2.052208891337617414e-01
-4.768507023834191449e-01
-8.275781255082451660e-01
-1.041821759326400754e+00
-1.193321755337228396e+00
-1.431087485039496565e+00
-1.368636952057264100e+00
-1.631822526307397769e+00
-1.705468522116091235e+00
-1.494946878678063751e+00
-1.278699492292753037e+00
-1.286280829887901822e+00
-1.520449086985337095e+00
-1.806154475935080050e+00
-1.958852005453520784e+00
-2.302615406581201896e+00
-2.272862232586444708e+00
-1.925361771749955153e+00
-1.940459224723019016e+00
-1.649475689731717543e+00
-1.414708621789555476e+00
-1.311193850581630294e+00
-1.123913329189048627e+00
-1.087574324013937499e+00
-9.497916777820217815e-01
-7.662507152295257029e-01
-6.258447652886642842e-01
1.981526767151000623e-01
4.318273134024642745e-01
6.913005440543887881e-01
8.791977393370291605e-01
1.042921408214380952e+00
1.073682677032951949e+00
9.956269831247741564e-01
9.757307602417939485e-01
9.942517469632760063e-01
1.033908370895891160e+00
1.022294758347269905e+00
1.051397486682685845e+00
9.432632501146651638e-01
7.773721249511912346e-01
4.793266823033571766e-01
1.834249928977452204e-01
-2.517098543116183529e-01
-7.594259829153617858e-01
-8.693749375033754667e-01
-9.567154529660669704e-01
-1.103687191214990371e+00
-1.235557436068694059e+00
-1.355152626905639313e+00
-1.448701095985078791e+00
-1.641350065355607013e+00
-1.550689911081381211e+00
-1.543358913616066808e+00
-1.547222007186632053e+00
-1.550536071843560570e+00
-1.552960643536799301e+00
-3.184234184856444411e-02
-4.150504334013807584e-02
-3.687944868888155814e-02
2.341175845185232418e-02
2.961213285393750061e-01
8.434481193950094102e-01
1.292341511146632760e+00
1.596888949269479552e+00
1.866813558057124123e+00
1.953233344429967877e+00
2.052421271984639084e+00
2.105985942040547787e+00
2.087040091801412256e+00
2.090248694070119928e+00
2.134876291738676102e+00
2.261178616348761494e+00
2.402316893741477166e+00
2.407953111005640245e+00
2.350018802375138716e+00
2.418527597419254604e+00
2.334273424758587012e+00
2.309294001512131711e+00
2.295678203099433379e+00
2.190493697357191127e+00
2.079698617227101476e+00
1.923634105530234839e+00
1.609232514744007858e+00
1.169689648748773347e+00
5.223514313998334213e-01
1.212188580098783608e-01
1.401001899250789960e-02
-2.193913655928226292e-01
-3.600871509688711170e-01
-5.049725655765648913e-01
-4.145575052492162516e-01
-3.192927774163654697e-01
-2.705489492270419238e-01
-1.435050951531677277e-01
8.818029663542042984e-02
4.638776678448145452e-01
7.149511314265877271e-01
9.607252889836070953e-01
1.104809943567874431e+00
1.192112255216901895e+00
1.286345896576196690e+00
1.355785826196906907e+00
1.414433744681770522e+00
1.594152297124834750e+00
1.644376107399939002e+00
1.871623782720255091e+00
1.905882730873712738e+00
1.978606832471867527e+00
1.988171679358386790e+00
1.995381031999233112e+00
2.032224049108857233e+00
2.021171780961762199e+00
2.091768831565191888e+00
2.123185146595981010e+00
2.094226496922010572e+00
2.095113342377941557e+00
-4.958643909107322834e-03
-1.033961109424176919e-02
-2.276267603264812631e-02
-7.308913684775308894e-02
-1.725215703199348138e-01
-4.420281291040363825e-01
-9.449471247269083385e-01
-1.377247402214924366e+00
-1.514925441338275780e+00
-1.555617140458623648e+00
-1.502597058038425804e+00
-1.375353045890211012e+00
-1.382321027794040313e+00
-1.319015281076541646e+00
-1.249076788091841195e+00
-1.330386551558145891e+00
-1.294148736668403910e+00
-1.430829286992845173e+00
-1.648342540504688758e+00
-1.704604787070970628e+00
-1.433540406825561719e+00
-1.356682030426883179e+00
-1.175429133025694073e+00
-8.442461489561498000e-01
-6.079806166458092687e-01
-4.116832403664265616e-01
-2.728916224256646150e-01
-1.913813936472673061e-01
-1.182682683955615238e-01
5.634933200532932229e-03
-6.186070191351909255e-03
-3.802786545356517597e-03
5.705932208456970800e-02
1.349715694625138462e-01
1.202773163275265011e-01
7.459584872982406856e-02
-5.740434928372534218e-03
-1.103441915747165880e-01
-8.079818082294899784e-02
3.412357202998420047e-02
7.967544326068068394e-02
1.892173039950177937e-01
2.982025969473701132e-01
2.916650966825847791e-01
3.141724619412366581e-01
3.188220482501911701e-01
3.474358646048746335e-01
3.913354492387198236e-01
3.916612870747558928e-01
3.659793220379877754e-01
3.642754090667998379e-01
3.690383025792343119e-01
3.267515693967450452e-01
2.511023727488529422e-01
1.288498599825069202e-01
-2.394308068237941955e-01
-4.661716946412423623e-01
-7.009520738474426249e-01
-1.227328354151290934e+00
-1.421441998274132423e+00
-9.748493127597072927e-02
-1.136982676431749911e-01
-1.744985207216642742e-01
-1.511139449040260208e-01
-9.823024564883482690e-02
-1.556746236707733377e-01
-1.689479965705786013e-01
-7.458097887948555993e-02
-1.131432150580103380e-01
-5.194911235438311181e-02
-3.249674531308800740e-02
3.540113880035818117e-02
1.521445376119842097e-01
3.557523176805932330e-01
2.759787733766284057e-01
5.217256476439506852e-01
4.765207855915133406e-01
6.279642913064826804e-01
6.822962923976118033e-01
7.745917516033646866e-01
9.386809510321997285e-01
1.095351518923122880e+00
1.231839753265964399e+00
1.315847671564940313e+00
1.393172134139259333e+00
1.404595977262099060e+00
1.460183506014431698e+00
1.495763401549786042e+00
1.617435712288766148e+00
1.724121610908432523e+00
7.621464945912373445e-02
9.773347896532089130e-02
1.159769588740866553e-01
1.042671687853753137e-01
1.259372742870748796e-01
1.309966849613980189e-01
8.618623777011057141e-02
1.046852848437793138e-01
1.471510970662397444e-01
1.133058698666449399e-01
1.493884791480344920e-01
1.540594158485059650e-01
9.561486002455316102e-02
-3.517764411124143509e-01
-9.984556589301658569e-01
-1.650620200319138142e+00
-1.834176405723458858e+00
-1.787345138650120457e+00
-2.020186403726361490e+00
-2.217914032784435108e+00
-2.271259979843520238e+00
-2.242150897418040412e+00
-2.289795096395617069e+00
-2.296520505670708978e+00
-2.278783797491563679e+00
-2.194547345877843281e+00
-2.184008396320021639e+00
-2.128580539450016129e+00
-1.965441950855078890e+00
-1.930631897470321601e+00
2.824511179355408408e-01
3.139082441172795779e-01
5.324893534762397129e-01
8.317506940322385578e-01
1.054343797235488100e+00
1.317729880480336346e+00
1.516394036014772517e+00
1.641307965240155209e+00
1.750142036815617308e+00
1.860925315604008645e+00
1.929715223866219187e+00
2.022851862703239245e+00
2.087226052360558803e+00
2.131070093038801794e+00
2.121491552312323225e+00
2.134824079582229306e+00
2.101027385234012002e+00
2.124965356345722256e+00
2.149175870890487783e+00
2.169296766286178624e+00
2.205256531823399868e+00
2.197417935737202566e+00
2.154134006385726163e+00
2.127207383020801590e+00
2.062955118285359823e+00
2.057767397968853995e+00
2.020791766057864258e+00
1.988524936246976127e+00
1.768249277302436751e+00
1.543246700669214988e+00
-3.214018789016191424e-01
-6.919081299475264846e-01
-9.331171439046750393e-01
-1.223161072174402397e+00
-1.305355073751771844e+00
-1.260986926511351136e+00
-1.323365481182015024e+00
-1.362724739210370295e+00
-1.372471353038572373e+00
-1.473893158412543425e+00
-1.784462282797176336e+00
-1.712495359231067438e+00
-1.610269165017440773e+00
-1.549701438178296975e+00
-1.523123224503865503e+00
-1.500896536810140125e+00
-1.471827584339310269e+00
-1.413898141963739974e+00
-1.417371059932042598e+00
-1.351039000156951664e+00
-1.041766633097893191e+00
-7.829573070082007646e-01
-4.917498962253701311e-01
-3.214009465774044227e-01
-9.931575078842064253e-02
3.524685894454063217e-02
1.586037684651518953e-01
2.495447286194199810e-01
3.290274007868698725e-01
2.756878869797215748e-01
3.395746987341281831e-02
7.618761309479493704e-02
1.029882033406409048e-01
1.307576051020178931e-01
1.657711591248489658e-01
1.502109960534219191e-01
1.198933511460598816e-01
8.054692861404173787e-02
6.344172062073938356e-02
-1.291419602849552817e-02
-6.757236758504070115e-03
-3.194286788455000248e-02
-2.168394548268554323e-01
-3.828874380008465139e-01
-6.262841625759644204e-01
-7.656799240238187920e-01
-1.279762375134388064e+00
-1.281039663630628045e+00
-1.361801828556562066e+00
-1.650257895029477506e+00
-1.622546041074799827e+00
-1.587572563577124729e+00
-1.570846488151977471e+00
-1.643664940928578844e+00
-1.603486452163970455e+00
-1.647083310065903250e+00
-1.580886300176957526e+00
-1.609852951137069610e+00
-1.542867789521060295e+00
-1.506784110802311671e+00
2.151232220406834247e-02
1.426487111223403437e-01
1.923966456117175428e-01
3.706874210533772640e-01
5.575913417107516423e-01
6.944727593098181107e-01
7.653192578125862511e-01
8.589229132494200503e-01
8.780711008220180025e-01
9.514805870891330786e-01
1.034985237186383689e+00
1.073661355957981511e+00
1.121102447628502308e+00
1.200433061611806851e+00
1.298778304155517205e+00
1.412867206014347232e+00
1.571794879924977240e+00
1.680322920605605841e+00
1.681263394506597120e+00
1.707919770318184982e+00
1.665816949894412424e+00
1.652282675517988464e+00
1.646785093877909611e+00
1.662322497510429153e+00
1.657400816308340241e+00
1.694771513940685148e+00
1.699898815109007755e+00
1.685881876648863908e+00
1.616718866870773486e+00
1.477653257050583813e+00
-1.706414103619916522e-01
-3.252247693154813879e-01
-3.943647863984974244e-01
-4.972706753323762330e-01
-4.924094244448993796e-01
-6.783134825753479591e-01
-9.883021573784227520e-01
-1.411151265693229462e+00
-1.776211876829722813e+00
-2.088666343542522785e+00
-1.897036747384952315e+00
-1.798524883589829537e+00
-1.698427778083274164e+00
-1.692227035120191347e+00
-1.716206621655118836e+00
-1.800980469461154865e+00
-1.945249532314118124e+00
-2.029616385301182380e+00
-2.148541144860320884e+00
-2.265455554751195422e+00
-2.332810062949164820e+00
-2.384391290254816553e+00
-2.326256250461918196e+00
-2.364707788545465039e+00
-2.340784066622506376e+00
-2.318082397953095342e+00
-2.309054824341621348e+00
-2.278383438452715293e+00
-2.262172562587982494e+00
-2.174248645207029540e+00
2.645240919301513130e-02
3.841518041876881145e-02
2.174952949310959144e-02
3.146953675873447043e-02
2.804268424697813414e-02
7.938572468910848334e-02
2.517745349346717787e-01
3.903400296594458085e-01
7.664261457835004343e-01
1.034381159026561026e+00
1.243188819798884293e+00
1.441076994473508899e+00
1.591575747394363027e+00
1.759199651262186803e+00
1.781726899402948261e+00
1.842115055211928532e+00
1.887350445907605589e+00
1.930612791144144413e+00
2.028208914373570426e+00
2.080799784393288387e+00
2.157989498375300741e+00
2.099408987091123446e+00
2.122405334030501134e+00
2.066858558788192912e+00
2.037279076273168066e+00
1.953146759971919888e+00
1.886349918813486015e+00
1.852833937547969212e+00
1.821506696640188716e+00
1.439407369090524469e+00
-1.934711400168110107e-01
-4.424658253761341031e-01
-4.786198819685771322e-01
-3.218802625729682010e-01
-2.933554586499895200e-01
-1.326382478123582231e-01
-1.026430160451683726e-01
-5.505908144232090073e-01
-8.626318165850536124e-01
-1.194494278413394284e+00
-1.461300194001649011e+00
-1.505054865075910575e+00
-1.408521602717478283e+00
-1.422338460749619005e+00
-1.452800089986519216e+00
-1.543765349665383146e+00
-1.542063444912155301e+00
-1.627401885570131990e+00
-1.572439173708122029e+00
-1.592327224439068489e+00
-1.551189326974053539e+00
-1.560634376858077266e+00
-1.554548877147341246e+00
-1.577500903266251031e+00
-1.515941077356475430e+00
-1.267273927892393903e+00
-8.136577194555065784e-01
-4.165350472555620631e-01
-1.551909538515514608e-01
5.938039678544224098e-02
1.207582175362611476e-01
2.111302438403283022e-01
2.572233809814816752e-01
3.066027124400691473e-01
3.600450300181201602e-01
2.622830606078617177e-01
3.395549893127471353e-01
3.329554899861587036e-01
3.889491450160939001e-01
4.200122776951566994e-01
3.978102528922445313e-01
3.836978662230605130e-01
2.926830562494052712e-01
-9.721929226358272391e-02
-6.993031293004232651e-01
-9.274632209023193630e-01
-1.359293329033710140e+00
-1.246423092621575135e+00
-1.442191440643322053e+00
-1.903505228756321888e+00
-2.292597398979485668e+00
-2.631278656463594601e+00
-2.365845084333483506e+00
-2.169572905136154972e+00
-2.177309047087474081e+00
-2.033236648317034323e+00
-2.070964975227681304e+00
-1.980849063227157814e+00
-2.031723659557000961e+00
-2.010227535793071674e+00
-9.474842035246794011e-03
-2.173523156738811288e-03
-2.454674950722162546e-02
-3.593341479529787996e-02
-5.976458525142121225e-03
1.121911225151566438e-01
4.033186501745480435e-01
8.033766186948008148e-01
1.096981216449774976e+00
1.412496525615368981e+00
1.564011665452368138e+00
1.787017496163645358e+00
1.859648043600015344e+00
1.932644106051508492e+00
1.991075289556777816e+00
2.109659409699626842e+00
2.103728709861109714e+00
2.127114626859484492e+00
2.131423589217173564e+00
2.147580355724088896e+00
2.221377969473250502e+00
2.234222859499222835e+00
2.309582620491191562e+00
2.286272236497782995e+00
2.232365551832141026e+00
2.222202331602112224e+00
2.227334497940860469e+00
2.198351741401951109e+00
2.157890018049868797e+00
2.114209459944806468e+00
-3.834580448455212065e-01
-6.532863812727962571e-01
-9.144780120682609592e-01
-9.258073841022386175e-01
-1.229995337744948847e+00
-1.537725780176032675e+00
-1.994376316679840055e+00
-2.343654045273102060e+00
-2.268388692338079604e+00
-2.222525191490444030e+00
-2.227698067382257729e+00
-2.220689890677871592e+00
-2.212568730030534336e+00
-2.155083202567265044e+00
-2.417643071739621785e+00
-2.577055323781761942e+00
-2.967267674176234049e+00
-2.764103563438484290e+00
-2.626545453153309673e+00
-2.579109917843164457e+00
-2.560612898328593623e+00
-2.573933735048206106e+00
-2.634314368822644248e+00
-2.600491608497510931e+00
-2.616453351990524201e+00
-2.569873192181359123e+00
-2.307099350520239511e+00
-1.818638575198429530e+00
-1.375104413168285244e+00
-1.019963823853674123e+00
3.087215495303979318e-01
4.822815407060572213e-01
6.346773440226505247e-01
6.784374126501695468e-01
7.477771169919619210e-01
7.977427549488632641e-01
8.887872492060076013e-01
9.548961282438122034e-01
1.002500998025639189e+00
1.073882042301877116e+00
9.982296864152342408e-01
9.761463905662270957e-01
9.689333123451621121e-01
9.142030783678199990e-01
9.578748801835623716e-01
9.330741382654150762e-01
9.272970300957339429e-01
8.499174020252953099e-01
7.072581833908525573e-01
6.457538148973932524e-01
6.133527399096432298e-01
5.432888344109862988e-01
4.741186004914789143e-01
3.249881143269715000e-01
-7.690479592302973399e-02
-3.531521147457142296e-01
-7.184802434986373720e-01
-8.098496599493638648e-01
-7.042867808158158605e-01
-9.431102418529889730e-01
-1.547163728018750017e-01
-2.307502103121734649e-01
-5.376291286993672980e-01
-5.577847812096893287e-01
-5.656066731880218246e-01
-5.641612202362714656e-01
-5.971179442575874630e-01
-5.556759051338608923e-01
-5.738855621821907782e-01
-5.292691758712864125e-01
-5.566265286838912862e-01
-4.978195571186252444e-01
-5.070047031018386496e-01
-5.391894315761921463e-01
-4.788498902302184002e-01
-4.665722127467036850e-01
-3.488432001070784771e-01
-1.628413521521143437e-01
1.286624266285903706e-01
4.823556432625273338e-01
7.887160738374392466e-01
1.045686108428363292e+00
1.294757100364561042e+00
1.460679993121837716e+00
1.515577810125551039e+00
1.583366937449093514e+00
1.609148538130831918e+00
1.677700326726219826e+00
1.734711039802810717e+00
1.823515551682954428e+00
-6.306923134882589342e-03
3.203120925577148531e-02
-1.417255815634328731e-02
-3.446023419085449124e-02
-9.688015892766815851e-02
-1.355886102355357004e-01
-2.369765899122148745e-01
-4.113974406706166764e-01
-6.033015110674153636e-01
-9.452709558271354950e-01
-1.337174206081885419e+00
-1.697256444190980762e+00
-1.972035953444007728e+00
-2.097581180224559638e+00
-2.113554681221502030e+00
-2.065862911836928273e+00
-2.233704840051026874e+00
-2.295186216887861619e+00
-2.368877209753577073e+00
-2.397639865622141375e+00
-2.417707514740948582e+00
-2.431516828358129434e+00
-2.448449809096680863e+00
-2.405449327470642995e+00
-2.433120276782819502e+00
-2.272500445751240328e+00
-2.052763638264913926e+00
-1.703860436935646705e+00
-1.514019278416649739e+00
-1.201187342962634741e+00
1.223095394676656095e-01
3.389573595491819913e-01
4.363298618265260553e-01
5.219937018883813451e-01
5.090441494507774722e-01
5.606983203152057227e-01
5.313167706809021062e-01
5.462581114063854715e-01
6.492446260346335096e-01
7.782896848068578954e-01
8.536721871208026169e-01
9.404111611779423230e-01
1.037273398102865674e+00
1.084591404582889718e+00
1.032313471158648133e+00
1.091642239951605031e+00
1.107733842772863575e+00
1.203235186074850471e+00
1.219991494331896575e+00
1.206794252883962582e+00
1.234646547207206124e+00
1.240334567186282433e+00
1.247464875998396616e+00
1.251511966754185412e+00
1.272820258223177348e+00
1.299123963784896807e+00
1.315367263017303223e+00
1.287088703738376694e+00
1.260927189253305603e+00
1.185201469106685668e+00
-2.069112012370415421e-01
-4.929215371095637677e-01
-7.960284209366368380e-01
-9.712415773474436520e-01
-1.325717769956216374e+00
-1.483006148905261279e+00
-1.541985258644366752e+00
-1.937838530268633175e+00
-1.870741366841788267e+00
