-8.841597433674862339e-02
-2.003514104477215896e-01
-2.738314574250561573e-01
-4.367713889800143301e-01
-5.201407280936671818e-01
-6.627748376910062023e-01
-8.000501064378457983e-01
-9.016740380318302162e-01
-9.491555080986692206e-01
-1.008398892780882239e+00
-1.121052298647384760e+00
-1.229700959009609074e+00
-1.359082141400181021e+00
-1.311206768162311631e+00
-1.309835909243335372e+00
-1.235584233099412010e+00
-1.253806562904229871e+00
-1.280460323091240138e+00
-1.317952032430097953e+00
-1.355435555751777210e+00
-1.390752614498505180e+00
-1.371944942366994491e+00
-1.350992300839978455e+00
-1.342807167350017261e+00
-1.335145006735868778e+00
-1.366311945266184269e+00
-1.383341352993409545e+00
-1.427279994264118557e+00
-1.376718861845498854e+00
5.821760238483007083e-02
4.318468971151229185e-02
2.789850081821004801e-02
1.452859794952000572e-01
1.172738411460216013e-01
1.760432080251015940e-01
1.458023082101315149e-01
1.529312407303743127e-01
8.956415718997363939e-02
4.158369799550816481e-02
-8.806352224454444544e-03
4.171230041666758315e-03
7.338989217341502190e-03
3.759505731421620978e-02
3.120720124854431399e-02
7.138425433912343882e-03
8.556969213209668357e-02
1.012536327850915158e-01
1.024006956120293022e-01
8.976447944892811115e-02
9.647731258940057952e-02
7.737177749019674700e-02
1.176783450251066704e-01
1.326892075595202947e-01
1.507857111834398633e-01
9.586328455601389464e-02
9.218947960597087543e-02
7.292163109815433253e-02
7.014812864068323273e-02
3.766337414493130947e-02
2.290038687852368610e-02
2.916242202552006557e-02
2.658356778054136310e-02
5.683532564445034629e-02
3.940022694346595467e-02
2.113323396710009017e-01
1.302602418235559445e-01
1.973407839408058417e-01
1.244066781707765246e-01
3.734798413306734954e-02
9.313556682974150069e-02
3.920736536767046448e-02
3.764790106075276838e-02
9.506759571946576948e-03
5.984374642648241684e-03
1.380513929209940469e-02
3.074940185110528953e-02
-2.576222019638991362e-03
-2.667018324663080961e-02
-2.758032797087292542e-02
1.165868508198577014e-01
1.220664647000714031e-01
1.361933332342534220e-01
3.517757751537938793e-01
3.428892708420512303e-01
5.628713369402815747e-01
8.758362345396127902e-01
1.081198078832571685e+00
1.328024465395194254e+00
1.510716626058609569e+00
1.665381828563042843e-01
2.806043278354785619e-01
3.929336444472147916e-01
4.652564656137634369e-01
5.339463396172799969e-01
6.253063744299303117e-01
6.984048489046719155e-01
8.738221172254503344e-01
9.659641567177236210e-01
1.108121318214665862e+00
1.228956548369229074e+00
1.295444565425049266e+00
1.362838222214634909e+00
1.377260029059228952e+00
1.430530692382223190e+00
1.408737451721330469e+00
1.471991995127801323e+00
1.455521338737807202e+00
1.482343366246249072e+00
1.461004407936506544e+00
1.401258364308661353e+00
1.340530325422035318e+00
1.251613609192667287e+00
1.233264051065042111e+00
1.227497602018532197e+00
1.224809261155098472e+00
1.293761101380425993e+00
1.242443392796522605e+00
1.268431562476804997e+00
1.260783376816125623e+00
5.100671654452877679e-02
6.885815647410037377e-02
7.837580119022521941e-02
7.523230598675950676e-02
9.379207366624764397e-02
1.141982098405582291e-01
1.354537085946487251e-01
1.329105875082984833e-01
1.430020881797647303e-01
1.409296801900210838e-01
1.552229485129436315e-01
1.664685138526050268e-01
1.895294764945567589e-01
2.340463466696954542e-01
2.246025345342526347e-01
2.144867568462839047e-01
1.942572893650706400e-01
1.388085725439676121e-01
8.628880533817459564e-02
1.172070863598513452e-01
1.216233086675388569e-01
1.516068976825772907e-01
8.675317795280211575e-02
7.465855662225945322e-02
7.364798197161252780e-02
5.736927695657036141e-02
7.492177391103219120e-02
7.484101903747614193e-02
9.136176598306081087e-02
8.245620775282490322e-02
1.127665476653689700e-02
-5.637849683668021139e-02
-9.140926143355596056e-02
-8.371640219191572863e-02
-5.559155514020221178e-02
-6.693412935740276903e-02
-6.911754653141696791e-02
-3.423475939563934423e-02
1.659583547443754109e-02
2.274269645418517533e-02
2.379040028846281588e-02
-3.116477123960069776e-02
-9.629033694429998264e-03
-2.553653162278732291e-02
-2.545948256263683152e-03
5.253929934659000434e-02
6.541668905719505434e-02
8.118582108799238251e-02
1.101511667502967501e-01
1.559048586236655431e-01
9.531289504236743759e-02
1.226527767216244180e-01
1.432886409466821998e-01
1.507570393479687187e-01
1.418267748564273067e-01
1.497291164095244376e-01
1.587379649637588319e-01
1.507083349006597406e-01
1.378248842925618722e-01
1.485211727730458009e-01
-6.148272445322345604e-03
4.787563100173726494e-02
1.547408601758205882e-02
1.534266154447984365e-02
1.607557398850649119e-02
1.516579840098413075e-02
-2.908897485040000050e-03
-1.604517688703198039e-02
-1.156036203306860105e-02
2.844615870233508509e-03
-1.964758412629293363e-02
-4.546010713158391003e-02
-7.863825133670364342e-02
-9.614683451419581139e-02
-1.198995645351147721e-01
-1.730010331940333712e-01
-1.859851333879858626e-01
-1.988017611080330205e-01
-3.350237858842826100e-01
-4.242674088446141689e-01
-5.938501421713294759e-01
-7.679255049606009687e-01
-9.302365878942945310e-01
-1.060356069905462384e+00
-1.171116879532529520e+00
-1.212071850953807317e+00
-1.256674944225894430e+00
-1.299710689302450373e+00
-1.317101392235425328e+00
-1.396375121572259292e+00
-1.674979803813388957e-01
-2.668806990164757642e-01
-3.301708538051349451e-01
-4.905759160611182779e-01
-5.155802045492652308e-01
-5.883987290724941310e-01
-6.890550841811694527e-01
-8.330294892839404941e-01
-9.244001959699033044e-01
-9.169752049968190599e-01
-1.088793424704675328e+00
-9.100669132176193443e-01
-1.141655217449422333e+00
-1.086914496451876655e+00
-1.208760301023210415e+00
-1.264265148755950863e+00
-1.321454602914244658e+00
-1.380028766116559558e+00
-1.396855010016469612e+00
-1.487934772292405672e+00
-1.616971823453241086e+00
-1.742643800995444359e+00
-1.834475498795104853e+00
-1.769319018884539574e+00
-1.755806708567766439e+00
-1.779124017961003057e+00
-1.826433483884814857e+00
-1.811559312564408497e+00
-1.977620025337740062e+00
-1.888493450917333671e+00
-9.844103211114672847e-02
-4.222084250969890262e-02
-9.840639369846893025e-02
-4.400209425425213178e-02
-4.663088531637687995e-02
1.307182687326532977e-03
6.420811197759364319e-02
3.985188751268353008e-02
2.629695790194211957e-01
2.503170888992413690e-01
2.272639747211143146e-01
3.090542640072399538e-01
2.070885418591795757e-01
2.603273086775763079e-01
1.328747029710224958e-01
1.106734970165995369e-01
9.772661857471633129e-02
5.498990697007990341e-02
2.332843032430590574e-02
2.912575611936389294e-02
3.231450752171666913e-02
3.854637843764496807e-03
1.993211245603728962e-02
5.560985784755195782e-02
3.941775219181084533e-02
1.211562586929414709e-01
1.524305065597622300e-01
1.835454279240632536e-01
2.447416837769784970e-01
2.108105346228701937e-01
1.265405987090594819e-01
9.105804399487918421e-02
8.502930293077855251e-02
1.934339591404610204e-01
7.856649091082683334e-02
1.325547227923299654e-01
1.070808099569959537e-01
1.415286244032525897e-01
1.344918385469646704e-01
8.432383593930750654e-02
1.624162699039299329e-01
1.042455708432754313e-01
1.797071478730214167e-01
1.493546053176551258e-01
1.099422619228301312e-01
7.066769859290464306e-02
-5.823525290599196325e-02
7.476553956918427501e-02
4.505934105953056379e-02
1.816416108052833489e-01
2.662094386925772382e-01
3.292183644664767872e-01
5.186853148543261183e-01
4.850526060898585623e-01
5.489749782199944139e-01
7.270010012807388566e-01
5.668297455537761875e-01
7.931606368811336960e-01
1.031692330841843308e+00
1.237092943320692306e+00
2.213617258481639094e-01
3.651710301814887760e-01
5.194591001756011517e-01
6.584072286080739911e-01
7.603306533138104450e-01
8.736217591486162837e-01
9.303466613485588121e-01
9.709407268339159680e-01
9.758448389427335501e-01
1.002974557234322717e+00
1.041978629369731291e+00
1.073734511911385026e+00
1.091496984717523544e+00
1.151774580350881205e+00
1.219289176309729772e+00
1.319342701351956970e+00
1.399913377636430534e+00
1.435978980946153838e+00
1.437914915734644472e+00
1.426485875049080754e+00
1.468542021673163056e+00
1.491805968810248739e+00
1.560498435178067744e+00
1.619795164966872925e+00
1.648426554306294811e+00
1.657484895048690676e+00
1.675204466831599959e+00
1.734975262392556949e+00
1.775522202560741336e+00
1.792979943703278289e+00
-3.672496795877972821e-03
-3.571283984255547994e-02
-7.242525947174452416e-02
-7.772493478222830543e-02
-1.074679979241284777e-01
-1.222362112198951689e-01
-1.577212670186323162e-01
-1.876248211759536377e-01
-1.982321650392211143e-01
-1.867765393591571677e-01
-1.558060077351544614e-01
-1.321024669118646688e-01
-1.301139050604277481e-01
-1.576221035870753462e-01
-1.879194765299165570e-01
-2.236403657473620132e-01
-1.727922161959347946e-01
-1.735574027647609208e-01
-1.644128713375793416e-01
-1.874842586779789100e-01
-1.660478000656299691e-01
-1.542765001306432016e-01
-1.668728932909924467e-01
-1.643369898369983484e-01
-1.497906657002603392e-01
-1.344047860186194654e-01
-1.309275749485268037e-01
-1.163140115868950275e-01
-1.163820761111373087e-01
-9.754428289540763297e-02
-8.243489500854694202e-03
5.246501856504980424e-03
1.341224113904823656e-02
5.082140635701572207e-02
1.147275783234530389e-02
1.916358813051241214e-02
1.194840119915978674e-02
1.509110877894497688e-02
2.823927742627320436e-02
2.199311684464732089e-02
4.073860530744041059e-03
-1.129307781406403526e-02
-1.415520933516877140e-02
-9.896777009524548516e-03
-9.762340207924139271e-03
1.394879225194689196e-03
2.819809097989034799e-03
7.203431585956325718e-03
1.382025939531794125e-02
8.517625512396147236e-03
1.824737245845751976e-02
2.614070568319069865e-02
3.503130979333902995e-02
2.118459086163428789e-02
-1.635053645944719442e-02
-1.953101777365068986e-02
-3.145737906004117401e-02
-4.922227774524848970e-02
-2.031526929579913904e-02
-3.675841539480758507e-02
-1.784266363509101963e-02
-9.908707787333284611e-03
3.294407926771254422e-03
1.439553207216125522e-02
1.253968851560839648e-02
-4.592507458046606733e-03
-6.649384407307799838e-03
-3.275229601599993767e-02
-4.859063347294720336e-02
-7.742650554913289851e-02
-1.408989369384236745e-01
-1.393386138269116781e-01
-1.657434258833643537e-01
-1.635118835697247641e-01
-1.814431580141610822e-01
-1.668609170089578042e-01
-1.771698954832295336e-01
-3.424235347952144792e-01
-3.687039510415973664e-01
-5.753934029195901800e-01
-5.921559721467839488e-01
-7.619822359832292280e-01
-8.900381991173703655e-01
-8.990221877130056827e-01
-9.333048909847232455e-01
-9.340785635722926861e-01
-9.101083128902816011e-01
-8.956511146483336905e-01
-1.030860883397361150e+00
-9.633006440791711533e-01
7.058126579959643487e-02
-5.316113662360248682e-02
-3.373445398662367478e-01
-4.891445891640945343e-01
-8.528283016833420049e-01
-1.035458258169943191e+00
-1.229197778491186055e+00
-1.303296391340258653e+00
-1.387767312969534705e+00
-1.529127520751206060e+00
-1.349843070106579113e+00
-1.475225594638984061e+00
-1.384232137872767554e+00
-1.474141392463307554e+00
-1.476335811678160193e+00
-1.501413645265964325e+00
-1.563959422691723722e+00
-1.645492608089114128e+00
-1.772030083659394073e+00
-1.855858100531372123e+00
-1.952644561693552605e+00
-1.936891656649582405e+00
-1.985856456194585729e+00
-2.049906850913251866e+00
-2.019664255927747121e+00
-2.117875155680152499e+00
-2.118021630050820114e+00
-2.147342424608635003e+00
-2.166312245994595376e+00
-2.147392056600942567e+00
-4.075617135921451306e-02
-1.275404343715610955e-02
5.642582663417255312e-03
-4.424663101180345559e-02
-2.859390003837128033e-02
6.806644828208700121e-03
2.163857290463169075e-03
-5.623703212465289147e-02
-1.781005463284249940e-02
-4.741164580945310403e-02
-8.587846606855562004e-03
3.084358072724247349e-03
-8.195696620774859179e-03
1.105148757554389426e-02
-1.041194931695687588e-02
3.048131620393169927e-02
3.782368197935148668e-04
-2.928860787955702349e-04
-1.057621298585658927e-03
-3.159374776564461557e-02
4.660465244203215729e-03
2.862444958338229532e-03
-1.079525788158956431e-02
-9.679574527642469464e-03
-3.524113818995898428e-02
-1.838588457833645329e-02
-2.766745250411351692e-02
6.192627879741209596e-03
-7.948672753090815779e-03
6.500736916269408971e-02
-2.505649840847640544e-02
-1.701039946636508787e-02
3.244930758688046452e-03
-4.067741252748796610e-02
-1.463446456483522701e-02
-1.237634408811094829e-02
-5.201619115997246912e-02
-5.130368091146819687e-02
-7.962146871880812493e-02
-4.446299898263642719e-02
-2.417195256799565747e-02
3.472407433797047860e-02
3.360417270164944847e-02
2.518596729262506662e-02
1.205325677952680946e-01
6.274385137574875482e-02
1.863998089996886653e-01
1.941084107801095693e-01
2.257725400004878813e-01
2.803901433863442705e-01
2.457284510345253137e-01
4.287377224995866376e-01
5.533282168706936677e-01
5.908309258680176645e-01
5.339765236148481531e-01
3.276961863308469058e-01
3.202840667399615149e-01
2.591542249755653948e-01
2.701453534635979703e-01
2.062265653234114926e-01
-2.112421394052553872e-02
-5.670483234667937633e-02
-5.755651658101935964e-02
-8.859683190327027891e-02
-1.068730654424385751e-01
-6.609523638407230339e-02
-1.518344939475577138e-01
-1.016462520983376638e-01
-1.602229726619113781e-01
-1.594692295992048425e-01
-1.589191491249504762e-01
-1.645181873968834807e-01
-1.607193422349423584e-01
-1.170365199510301213e-01
-1.419586535175462183e-01
-1.230555970367687713e-01
1.609407436818520165e-01
4.848810658415088626e-01
7.871115013500491475e-01
1.071963058368641475e+00
1.291766347483273458e+00
1.444945536637289196e+00
1.574557348357392028e+00
1.676493314401852341e+00
1.751631339883670480e+00
1.820274669400364642e+00
1.860581072774826872e+00
1.936986806354930257e+00
1.951037242210800660e+00
1.984179917069337051e+00
2.344326991601066584e-02
3.648572382375623452e-02
5.594043414052052299e-02
8.396198293651060962e-02
8.230332984558015597e-02
1.098211985478832059e-01
1.294025528896739774e-01
1.323905796643801147e-01
1.376754081163800436e-01
1.465436002943221461e-01
1.845504770240025127e-01
2.187441964527222782e-01
2.372740421674063294e-01
2.731473341071177785e-01
2.927861688624129322e-01
3.333457720976141236e-01
3.287669362074246426e-01
3.325336063604016901e-01
3.057541406952728469e-01
2.954833236870695323e-01
2.833474687205252973e-01
2.571434288986462757e-01
2.196016990025511928e-01
2.147209611884001446e-01
2.137078100588468699e-01
2.191737721168937614e-01
2.501999614846585618e-01
2.766605145084539696e-01
2.889784718353944903e-01
2.694374059895635054e-01
-1.343165040055696591e-02
4.688010547291866087e-02
2.157053335566340782e-02
4.366997245613521428e-02
-2.886671943614270430e-03
-3.214206597317428860e-02
-6.018581523414882894e-02
-7.051963419567011671e-02
-7.087053448596870864e-02
-5.824217595008580189e-02
-6.751785165350383811e-02
-6.272099243859813322e-02
-7.457936135148911239e-02
-1.096375726840203013e-01
-1.263436475391882530e-01
-1.425484241939071750e-01
-1.291676351859977201e-01
-1.396393211732819828e-01
-1.458727283516985662e-01
-1.863610762010795840e-01
-1.900505395720226420e-01
-1.657600217151131983e-01
-1.483809691147503496e-01
-1.125112036190821785e-01
-1.253094871941175525e-01
-1.373239241262822485e-01
-1.688672026430884376e-01
-1.778475485738229556e-01
-1.794568087900245412e-01
-1.998045960104494756e-01
-3.167382297284075665e-02
-3.438978673704663064e-02
-5.242752637800632970e-02
-7.263160953056591040e-02
-5.943359308436232946e-02
-3.867913485542727459e-02
-5.434401379738545979e-02
-3.937498627132461626e-02
-4.975007372826950602e-02
-5.638879976404559402e-02
-5.551329876940415409e-02
-6.842631913643996977e-02
-4.172184024862750362e-02
-4.665994689210519603e-02
-1.377543741746967837e-02
-9.911608313743616727e-03
7.086072563524697943e-03
3.889596184077077912e-02
3.539842372465590303e-02
3.674961217163263266e-02
2.180431214195055825e-02
1.225057826962805407e-03
-2.332743602080604439e-02
-7.899748078500321014e-02
-1.168835909960403985e-01
-1.673451136538406936e-01
-2.603755136236335366e-01
-3.362268015251227427e-01
-3.955003039672909670e-01
-4.228254877727177785e-01
-6.354260618114972170e-02
-4.371285288057456114e-02
-1.152865906040733690e-01
-2.447775797100799067e-01
-4.690335530811367004e-01
-6.558772029541836135e-01
-8.283217488376682924e-01
-1.010820543001500482e+00
-9.703341387496975390e-01
-9.924452813660102901e-01
-9.292286878590888533e-01
-9.822976697247518540e-01
-1.093603462135243509e+00
-1.177157510114649863e+00
-1.191950100596549378e+00
-1.223150931079415304e+00
-1.197245029206605915e+00
-1.215136871880059699e+00
-1.476584116521765466e+00
-1.562439541296234413e+00
-1.875826986107017369e+00
-1.905807935766258510e+00
-1.992037075888626996e+00
-2.030125728810693531e+00
-2.050058994336736440e+00
-2.074712357447657585e+00
-2.111000232822736855e+00
-2.206693265087408928e+00
-2.309827740146647379e+00
-2.538449190897347663e+00
-6.793311407922514311e-02
2.240696550441306778e-02
-6.236963940669958129e-02
9.632245104558827264e-02
8.579647930224547359e-02
2.736350189908241803e-02
6.361804008800220345e-02
5.154502715909650701e-02
3.540063014685572440e-02
2.960274319534549059e-02
3.448638921081162434e-02
-1.496522507305187571e-02
2.549826951877370157e-02
3.529521768265193871e-02
6.813133638263407788e-02
3.443488324682571211e-02
-1.019962885531107422e-02
9.682369734821738572e-02
5.502491354861469702e-02
5.121666099380691589e-02
7.189633131833907120e-02
4.827801901350197572e-02
5.679305574309201354e-02
6.397949106713779477e-02
4.769980034205670294e-02
7.478408850295363564e-02
7.625659988360893038e-02
7.586089558192633808e-02
1.294519491238591558e-01
1.332261647556363671e-01
-2.037650299489394013e-03
-2.781428540887412315e-02
-3.058978812166571193e-02
-4.330123276743694238e-02
-2.032073996147708630e-02
-1.241831214796197333e-02
-2.159470973473328476e-02
-2.097256898836717676e-02
-5.504173301128043733e-02
-4.698710478782640310e-02
-1.905485059745947590e-02
-1.947412957614885753e-03
5.470818659452924247e-03
-1.648996025684191374e-02
9.252090266990850576e-03
4.983847024669640045e-03
6.211298822894810098e-03
1.797865616926197681e-03
1.968378871621610793e-02
6.828723515404897665e-03
-1.511406443266514327e-02
1.237856912083627470e-01
2.738773600701940869e-02
3.096709221580674215e-02
6.682567176822865745e-03
4.893633056734273193e-03
2.214241560962205979e-02
7.261222890790799966e-03
4.993303537332444142e-02
6.364790435310220540e-03
4.840772293228603335e-02
6.965790453512586689e-02
1.587559800338866206e-02
3.808944391460440670e-02
-9.483097274056308257e-03
-1.122146476099796300e-02
-3.736746703508229961e-02
1.056612697328443429e-03
-3.922600733865828221e-02
-2.160755122549018470e-02
6.947661916664397974e-03
-6.462259791933194775e-02
-1.918184242370600534e-02
-5.120163202106203099e-02
-4.575955956338821629e-02
-3.888099064795273035e-02
-1.467537350644827765e-02
4.734194586454501530e-02
3.554999625179366268e-02
1.607009587145970600e-02
5.663031823985502367e-02
2.167150314933009858e-03
1.600739877889518353e-02
3.597977764319668093e-02
4.295223892727435128e-02
2.016433425513662336e-01
3.724952257146347256e-01
5.039774330733314267e-01
8.197681290135965249e-01
9.009626605570911773e-01
4.316731376380313762e-02
7.523689244902426188e-02
1.002113674062443116e-01
3.666158012945555100e-01
7.269653651972084463e-01
9.896658904120988476e-01
1.174606231698001491e+00
1.297409837324887016e+00
1.349039247312299850e+00
1.454940900590853570e+00
1.521020972677598282e+00
1.530703742211581453e+00
1.565334754149801055e+00
1.576944507258366546e+00
1.628386660077723480e+00
1.723214036742011679e+00
1.771318051694880102e+00
1.813961433224800635e+00
1.841687726918415757e+00
1.869052434133062546e+00
1.890277612561207077e+00
1.889910074817258367e+00
1.880013963084733897e+00
1.903513868958236266e+00
1.938993931042993779e+00
1.955048373642194637e+00
1.914636863493700103e+00
1.905684834026344143e+00
1.867504391891014803e+00
1.860769285428700348e+00
1.897882915188863276e-02
-5.411233849118846084e-05
-2.646121591101690575e-04
-1.366661976703721637e-02
-1.849549258400398979e-03
8.070091704399262600e-03
3.617236828134621010e-03
-3.785400574659251137e-03
-1.198744357520678191e-02
-3.320683833048783395e-02
-3.997792629201479125e-02
-4.405549566662876615e-02
-5.093057633446801402e-02
-5.785488781946006992e-02
-6.060367458788792211e-02
-6.866505210654426372e-02
-7.197395972377698681e-02
-7.749022474189556919e-02
-6.509456144142457268e-02
-2.462804442228597873e-02
-8.148210495959469502e-02
-6.685953546572867556e-02
-8.407232873321826561e-02
-9.662388653199992239e-02
-1.137283417510382422e-01
-1.213717313572738460e-01
-1.180596700697635337e-01
-9.493124134889911747e-02
-9.754321300838240949e-02
-9.030493703178303633e-02
2.342678006761370058e-02
4.373636698538144185e-02
6.448129583036546486e-02
4.947206725792886034e-02
4.934621035125857230e-02
8.130839601737416267e-02
7.032771521558250916e-02
7.927667898504903166e-02
6.107545770809064828e-02
6.336646566003428793e-02
7.944405258611358933e-02
8.678955485101061407e-02
7.981531473269853905e-02
9.180775175431928059e-02
6.666710166985966024e-02
5.075318955057513126e-02
3.724795293059663531e-02
1.962359383571692789e-02
1.803772040126949347e-02
4.262863745487059652e-03
1.357443855644735464e-03
-1.035522490849698045e-02
-1.707606532367229521e-02
-2.820705718533021364e-02
-3.868528387386336448e-02
-5.498088503846738917e-02
-2.611791588443528392e-02
-4.859724883143985708e-02
-4.364800089825831425e-02
-5.845424841149049477e-02
-5.715459237627354416e-03
-8.365102631462758079e-03
-1.973173669721131271e-02
-3.104941719289273927e-02
-3.065213995406903050e-02
-4.493209215491533043e-02
-3.768534506449486288e-02
-2.796817467253959189e-02
-4.618001893488482557e-02
-6.013948625335520382e-02
-7.778874638347635373e-02
-7.526748431204298428e-02
-7.297152793868615095e-02
-1.201417012470773205e-01
-1.343357632509944999e-01
-1.558424613649898594e-01
-1.504812553453899193e-01
-1.976184275267260926e-01
-1.978080880432968314e-01
-2.149453598084337946e-01
-2.270869177286325147e-01
-3.090661785151090357e-01
-3.454046602683654155e-01
-3.593847389445755103e-01
-3.442769066269953937e-01
-3.483505205866086474e-01
-4.164904918933202138e-01
-4.534269182353617422e-01
-5.281718617525972270e-01
-6.147079502455374822e-01
-1.757942995914826279e-01
-2.830898946723516829e-01
-4.375025973023299874e-01
-6.672834168565602297e-01
-7.524112903169847266e-01
-9.026575716809628336e-01
-9.020966069932652154e-01
-9.095296090225655217e-01
-9.964128224064534578e-01
-9.740489264182200513e-01
-1.018658351279772445e+00
-1.079613176195355129e+00
-1.125067004310546848e+00
-1.125604288681065324e+00
-1.206608025202090095e+00
-1.340159533418893600e+00
-1.473933053996888454e+00
-1.615203951168451502e+00
-1.678056023251875306e+00
-1.753288634199581475e+00
-1.793905688650029751e+00
-1.917184076935024573e+00
-1.941097727048800126e+00
-2.035376110594627086e+00
-2.017968100755252792e+00
-2.073498561135470375e+00
-2.112852943983503984e+00
-2.117331800641355510e+00
-2.149549482222628427e+00
-2.169641599102804186e+00
-4.623497867425040847e-02
-5.824514443663005026e-03
-1.587014970249380277e-02
-4.385046118775332014e-02
-3.756405052165268099e-02
-7.351606988759940009e-02
-7.142347742450017023e-02
-7.210277179831690864e-02
-8.241046964234997885e-02
-6.963592896743855953e-02
-1.771473691968267206e-02
-7.729712032589760445e-03
8.466181090570414070e-02
9.378545302057711419e-02
1.019527466914506714e-01
1.082248670386560946e-01
8.073694782525742131e-02
9.483211948345914022e-02
9.132238506579162807e-02
1.126650175544500337e-01
2.060886169474093754e-01
2.021842571345591755e-01
2.704532163234772968e-01
3.680615461365444596e-01
4.110988910821926079e-01
4.253755541457636680e-01
4.138740513537906840e-01
4.152984734102507791e-01
4.271296596325656614e-01
4.400115325607186767e-01
5.333899305737331564e-02
2.597553271307705136e-02
4.369425169063390069e-02
5.398223341671536113e-02
6.814033469136170085e-02
1.017508407685124849e-01
8.368772926337061935e-02
7.594664118085525661e-02
8.391814341216173589e-02
9.670868286302156114e-02
9.377181142126540803e-02
6.516682802294640475e-02
7.599536288571620557e-02
1.149560228619948554e-01
7.464643548522008343e-02
9.430714413279692176e-02
1.034194939989915990e-01
8.900531917688191130e-02
8.891308503593048362e-02
8.646231409528347400e-02
1.110187093626070765e-01
1.271828901206687457e-01
1.389176707541659450e-01
1.342426902323048676e-01
1.166197530278170469e-01
3.754952569239357330e-02
9.464495955843818531e-02
1.227982890862357457e-01
1.284322410056853436e-01
1.082975455234868600e-01
-3.310030902996693742e-03
3.866288515454872898e-02
7.866713880385723529e-03
5.895652728585133728e-02
3.087525782645367256e-02
3.605002950484651608e-02
1.230539341451966362e-01
2.690964000202163420e-01
3.951829235598943724e-01
5.357168471978959179e-01
5.532572747249836498e-01
5.258584044318223016e-01
6.443708981690500215e-01
8.214264365109488208e-01
8.588297416680452656e-01
9.247301502309074328e-01
9.952270341490078165e-01
1.101189389376235006e+00
1.245588556740757635e+00
1.492148037708517005e+00
1.682952096769055217e+00
1.810322700044630917e+00
1.871666808837777252e+00
1.897828572727937146e+00
1.923596493653728645e+00
1.963387945375147270e+00
2.007371895767301240e+00
2.065420447115137392e+00
2.164951214527449874e+00
2.202749828399570564e+00
8.183006403014014829e-02
1.483764908294784579e-01
1.913282798706118781e-01
2.209093700826502693e-01
2.074274010949871960e-01
2.311400449541993474e-01
2.268800667863140608e-01
2.346097837013128018e-01
2.379254887188379797e-01
2.375355971383110998e-01
2.131843080341870311e-01
1.857932217632965732e-01
1.887265993668527098e-01
1.834797362075374361e-01
1.757215109554682853e-01
1.672436696031352754e-01
1.282903797893024389e-01
1.200324320512851095e-01
1.007332011499496305e-01
9.558377450317104285e-02
1.223858617000103122e-01
1.247532573960508651e-01
1.372815931896172459e-01
2.031382338549755084e-01
2.985998986237075048e-01
3.668442026348411877e-01
4.225006184809103060e-01
4.288210374758169019e-01
3.992162991301320685e-01
3.833066428209265797e-01
-2.052557741422009197e-02
-3.243327898293082295e-02
-4.840375639891728032e-02
-3.766809794679677748e-02
-5.728906609577578968e-02
-1.051831268139619274e-01
-1.358547320203926934e-01
-1.311323781187583304e-01
-1.689496589467165411e-01
-1.722944096806197922e-01
-1.833398609375489485e-01
-2.021461029366300732e-01
-2.230003780043988415e-01
-2.414945585215626800e-01
-2.737638843649923825e-01
-2.831398415359921983e-01
-2.946652446964569960e-01
-2.806249820213898016e-01
-2.728158511035550515e-01
-2.544441195902804598e-01
-2.729375045339200168e-01
-2.463282589292001834e-01
-1.856144417685824666e-01
-2.009793070545806415e-01
-1.925325641317662262e-01
-1.906065780749847116e-01
-1.861869605732098532e-01
-1.773006778046649912e-01
-2.118452296892630038e-01
-2.333632247182371167e-01
-3.827685704811459137e-03
2.736247632977150540e-03
1.546983995549175601e-02
7.986197684785912437e-03
-2.215669380217548390e-02
-3.218425370662930662e-02
-2.332503596316997524e-02
-3.481992146227368135e-02
-3.768081432285900340e-02
-4.349187204799288137e-02
-4.604833508277990373e-02
-2.724913966065439092e-02
4.860465654944905178e-03
5.155663341352330342e-02
6.081988758207045043e-02
9.393612243780824489e-02
7.331859384237439381e-02
7.311302895994685469e-02
6.010746702344214182e-02
5.115453302409489478e-02
1.911017089029638100e-02
1.986454527387092675e-02
-3.160632006232505509e-02
-1.105662150035976593e-01
-1.978049448785513253e-01
-2.426939986651605319e-01
-2.618556596665333469e-01
-2.963132646763079747e-01
-3.519139367846496613e-01
-3.492431615362448505e-01
-1.433899803072074264e-01
-1.501461260320712809e-01
-4.009136799903791903e-01
-3.391841465218891072e-01
-3.621918773025613048e-01
-3.523157250062688428e-01
-3.864149229515773110e-01
-4.088070964241894423e-01
-4.658659537934314310e-01
-4.851503339986379948e-01
-5.082970051417562418e-01
-5.110644832841233498e-01
-6.653519165958537984e-01
-7.593025900372228909e-01
-8.581204095237263685e-01
-1.010942979901411354e+00
-1.111499214724910312e+00
-1.140507323767750547e+00
-1.301403960345618893e+00
-1.346031417208022551e+00
-1.392113441755725045e+00
-1.561161398266258438e+00
-1.776588266345801026e+00
-1.705482949811643500e+00
-1.799705488266436282e+00
-1.818700115816949792e+00
-1.893072255142557392e+00
-1.908617785154356872e+00
-2.058955308744570445e+00
-2.109372509916787930e+00
-1.439069589628689215e-02
-3.770855726697082411e-02
-1.211186609836947536e-01
-1.084695821438545621e-01
-1.225780899006142927e-01
-1.094773398553998967e-01
-1.190571919496742903e-01
-1.271118261607720179e-01
-1.212181149148252729e-01
-1.539680114433463198e-01
-1.386217135832910063e-01
-3.400575531190772605e-01
-3.401057461148102035e-01
-4.046338110516083386e-01
-7.107890327425634425e-01
-7.307168300960326102e-01
-7.802476795329856829e-01
-7.812474420027950561e-01
-7.968392360807715624e-01
-7.646449255675952239e-01
-8.063373572291315794e-01
-7.780697812452194162e-01
-7.396649971439439586e-01
-7.284091729443740171e-01
-7.274316507720927083e-01
-7.125239459707733980e-01
-7.104591101217437865e-01
-7.183229702319695598e-01
-7.007316869337478771e-01
-7.210671108207887814e-01
-2.565240183128412923e-03
1.992981846591921832e-02
4.354402258427678141e-02
6.442521826659626527e-02
5.405841128852614808e-02
9.910868273692714780e-02
1.394005891320548307e-01
1.724501367693342113e-01
1.914769504011776258e-01
1.909563895613050621e-01
2.014686100433319416e-01
2.411220694728381797e-01
2.682552275851572965e-01
2.501159591124126891e-01
2.574141283918410794e-01
2.864930543873414615e-01
3.631106283124311829e-01
3.366629058281863651e-01
3.452303979005207912e-01
3.510371450100323587e-01
3.702303827850300655e-01
4.050710574350037119e-01
4.095769438758123937e-01
4.287201000540216134e-01
4.418504400475999905e-01
4.463869626687418934e-01
4.464083210663900569e-01
5.246324528424450850e-01
4.755325148496436505e-01
4.936274902940062104e-01
1.693941722430775468e-02
6.204020970662837628e-03
1.181667151127209492e-02
-2.285992343198984394e-02
-1.199056175532761948e-01
-1.171953544625638222e-01
-1.310128426169319960e-01
-1.642926745845284253e-01
-1.667662889673655058e-01
-1.592210656552773274e-01
-1.312843162473483205e-01
-1.297531003870092681e-01
-1.187257203482941365e-01
-8.848233853135675786e-02
-9.706126639636716846e-02
-7.997304152386763842e-02
-9.470608283751451306e-02
-7.075988732246819846e-02
-7.567065731252800576e-02
-9.107502229917212311e-02
-2.516888194894585651e-02
-3.960749855902062633e-02
-2.784266204301349273e-02
-3.440613926134768880e-02
-3.593783333378797878e-02
-6.701834412070162977e-03
-1.151706738712488312e-02
2.438389521427958631e-02
2.673339259628031497e-02
2.360976719824657913e-02
1.042923253511275801e-02
7.861207872147413234e-02
5.467969435659457422e-02
1.075398422586080760e-01
5.469601308688515351e-02
1.050880098972341303e-01
1.713465101178938133e-01
2.918454144593372046e-01
3.710879552048853558e-01
5.451674389380138930e-01
7.200511862346814507e-01
8.762929709579383442e-01
1.054198939962387893e+00
1.239677893372733486e+00
1.403041082299457454e+00
1.562720160071412900e+00
1.733122609128566749e+00
1.891654385126088744e+00
1.984771031744653413e+00
2.052965807164969902e+00
2.108395141247353610e+00
2.175377605865794539e+00
2.209424908529070031e+00
2.242480406930233539e+00
2.253627932346167650e+00
2.255057950533662758e+00
2.302512976732551842e+00
2.324926386599486250e+00
2.370524219531016108e+00
2.476407530911453048e+00
-2.776286263460630427e-02
-1.253114783098343080e-02
1.035521590251333238e-03
4.756203834993891905e-02
8.119523372225154190e-02
1.398198927101921840e-01
1.188053283255180448e-01
1.741221774087625129e-01
1.916340499070935677e-01
2.221996446083966958e-01
2.106324217315827252e-01
2.151571105452290689e-01
2.175395623843529302e-01
2.602869054475635546e-01
2.769558071098828234e-01
2.992500896145846023e-01
2.843743772028093919e-01
2.859832638940415506e-01
2.659666903738880928e-01
2.496621225367012253e-01
2.626981329843768864e-01
2.681517758647681826e-01
2.610121415043092918e-01
2.627992000809802331e-01
2.649551357594844281e-01
2.656893307757260958e-01
2.595291627049951533e-01
2.423850518421690747e-01
2.198192352804687610e-01
2.196411319514437188e-01
-1.974980562480393304e-02
-1.607578505762688459e-02
-3.017768203658511422e-02
-4.884251310774830046e-02
-5.431747877758880128e-02
-9.873602209431567300e-02
-1.372862707122813331e-01
-1.724911747894563030e-01
-1.954492037344017497e-01
-2.114837442632803155e-01
-2.190871860414513039e-01
-1.964119920058231827e-01
-1.929811286418325611e-01
-2.037527801722666676e-01
-2.330144667975745654e-01
-2.237209078591702593e-01
-2.115704484424407172e-01
-2.260682372918288996e-01
-2.265778734457774279e-01
-2.087217843808835405e-01
-1.031918298649995014e-01
-1.545202757918547332e-01
-2.118184645027563207e-01
-2.098101225132227576e-01
-2.209102804322973235e-01
-2.239613879787896722e-01
-2.312673748155694708e-01
-2.253710161939196654e-01
-2.186431595337066380e-01
-2.256345791904346976e-01
-2.472494854298043498e-02
-1.766959157235696021e-01
-3.413764934899747305e-01
-4.502640613946362613e-01
-4.971188865838732096e-01
-4.960934818853099948e-01
-5.122907662276720009e-01
-5.201573849389007353e-01
-5.063150641765546967e-01
-5.054007159663678195e-01
-4.878818991233104807e-01
-3.421488677066007456e-01
-3.649655078740750014e-01
-3.721661087905617782e-01
-3.834371748700014515e-01
-3.622551692799865775e-01
-3.658615822529682760e-01
-3.728253177158505349e-01
-3.729318831457645866e-01
-3.631369703552634887e-01
-3.928454924165460382e-01
-3.954077434526237500e-01
-4.378055435103147541e-01
-4.286352285364392056e-01
-4.211611202855872205e-01
-3.956662484008092173e-01
-3.883386135592615807e-01
-3.540700886982265927e-01
-4.483685759673603499e-01
-5.187656351518895592e-01
3.840572051755943017e-02
3.912790623193556500e-02
5.423273592048344360e-02
7.177620679031554429e-02
3.878362446377695699e-02
6.362707906880621378e-03
1.226717652149811322e-02
1.214039227810130399e-02
7.289490651393254472e-02
7.288117129664258009e-02
4.620220001650567065e-02
1.626511684273741071e-02
-2.083119056127864799e-02
-1.304066758974421480e-01
-1.705451568435184528e-01
-1.499676931463664598e-01
-2.882497670824692992e-01
-4.198448094661293428e-01
-4.838956800314724860e-01
-5.075099498685613497e-01
-6.325249316142140810e-01
-8.193434027602849445e-01
-1.032564223211760668e+00
-1.064931925949930802e+00
-1.097515552309165976e+00
-1.124516313162373660e+00
-1.148532603230273841e+00
-1.201478700428236790e+00
-1.387944449310320350e+00
-1.388773154852313674e+00
-5.167962204140584548e-02
-1.253852074495176439e-01
-1.268120275409057029e-01
-6.352563079048344219e-02
-4.751170543415000891e-02
-1.217426696743545284e-01
-2.396369927231509211e-01
-2.974021561873386732e-01
-4.554598313062879766e-01
-6.552352599880005846e-01
