-1.812153065382860473e-01
-4.011588321742239893e-01
-7.690022143902850438e-01
-1.187798330099114175e+00
-1.586993479798334716e+00
-1.910468715648222293e+00
-2.193468601150172947e+00
-2.513871764123874364e+00
-2.697665353384314013e+00
-2.913848362397778669e+00
-2.897451952585867740e+00
-2.842274724728883761e+00
-2.700741597956312301e+00
-2.531988815408928506e+00
-2.339881587237254035e+00
-2.280018876618216783e+00
-2.204784239575800608e+00
-2.178300164447308784e+00
-2.090448388533500790e+00
-1.842115218915247432e+00
-1.382436616869630042e+00
-8.416957217004457092e-01
-4.753543553196149518e-01
-1.976667168639073546e-01
-1.601527487883044887e-02
5.661830865079113539e-02
5.247849780469228398e-02
4.052199149899254893e-02
7.340679457103696515e-02
9.050599715888141272e-02
1.347074206652076334e-01
1.870361615975201230e-01
1.618585926126060448e-01
1.466145199521890763e-01
1.072676199073097913e-01
4.606656678082573370e-02
6.580609042056430324e-02
6.338957311693751984e-02
8.161740574977084661e-02
1.141976138649523076e-01
7.029806493259861677e-02
8.442184964430728134e-03
-4.542020241517630286e-02
-1.833436667785523777e-01
-1.788564912439664645e-01
-5.122567289271535707e-01
-8.430204869431492387e-01
-1.200750296444919485e+00
-1.521807102513347276e+00
-1.744317368239560739e+00
-1.916231414982480619e+00
-2.074875890459980443e+00
-2.070908720966854855e+00
-2.028508563352705796e+00
-2.010136763166718410e+00
-2.019745321064660981e+00
-2.011557575302113765e+00
-2.045607306874758446e+00
-1.965415337786313943e+00
1.831060017249490079e-01
7.036814391679375724e-01
1.220556858517759302e+00
1.534830520154193856e+00
1.794619464255461816e+00
1.941523935474790852e+00
2.019842993446081092e+00
2.132321859411864473e+00
2.232222351235312985e+00
2.310672452072402461e+00
2.363370075062532383e+00
2.433234950365357196e+00
2.438418855696467435e+00
2.437847782986451328e+00
2.425327012864862741e+00
2.439842211339587230e+00
2.445733831783976964e+00
2.430921089596750573e+00
2.436802392856780131e+00
2.424744738395244070e+00
2.394184821755481973e+00
2.356125702924281917e+00
2.249362155641803085e+00
2.178430405824836935e+00
1.999966598078248392e+00
1.870078797769212153e+00
1.729666036400606677e+00
1.474697257089055302e+00
1.188624914295584478e+00
7.958278278736066191e-01
-3.631523552721908077e-01
-6.545932977006448938e-01
-7.955488315330987437e-01
-8.681742987700095115e-01
-8.093732069010216579e-01
-8.477826672528040453e-01
-8.023336003445538100e-01
-7.229466803847389711e-01
-6.586805164399718304e-01
-5.710805548730775172e-01
-5.401987347335595047e-01
-5.256852971095897775e-01
-4.163312855133811663e-01
-2.544296957474933563e-01
-8.153906105038191687e-02
2.666270393817992135e-01
5.831155859490403381e-01
8.690469191388231485e-01
1.038989133137240062e+00
1.143393385231804338e+00
1.150725150005687869e+00
1.215561369323170604e+00
1.288748839819807257e+00
1.344566470446157513e+00
1.376316621244138894e+00
1.387811325269167284e+00
1.435471460333329397e+00
1.458324093174598879e+00
1.471887567371301886e+00
1.522625223916427739e+00
1.596135357129246923e-02
5.652256929506004057e-02
5.699707071320023188e-02
5.488518426686760099e-02
3.422462206511316107e-02
2.795705953232156121e-02
4.412333602378597924e-02
2.509288454898030499e-02
2.292125283201231975e-02
-8.904281658265237459e-03
-2.131553534169625397e-01
-5.446560267771693997e-01
-9.996655211698443066e-01
-1.390510532312069003e+00
-1.705802706617477904e+00
-2.028548927374018707e+00
-2.388995069731846055e+00
-2.894895985500631319e+00
-3.232682283454125116e+00
-3.431500637610882087e+00
-3.449460161872256680e+00
-3.361610847826779658e+00
-3.235151556746282520e+00
-3.128650850871117495e+00
-3.066054359365585569e+00
-3.016259531693951335e+00
-2.953390604806017894e+00
-2.840413855450349079e+00
-2.730634887962412716e+00
-2.317474651195962743e+00
4.338058175300640862e-01
7.804564756668379566e-01
1.006271481841520377e+00
1.201104603466617737e+00
1.382551607237596070e+00
1.522276912913641089e+00
1.662794901619063070e+00
1.797472692113745607e+00
1.895103770887414552e+00
1.928215045503635983e+00
1.963853416828913900e+00
1.980058599738347969e+00
2.061373108890618422e+00
2.066797054590991944e+00
2.104421198621273970e+00
2.125450091203144432e+00
2.149669203341624257e+00
2.162962690349622186e+00
2.182443327144891310e+00
2.150593767688102620e+00
2.145348395526224472e+00
2.085788248845645398e+00
2.031410919703100948e+00
1.951415461908344806e+00
1.708872027375313074e+00
1.403343588943806619e+00
1.118570453274474019e+00
6.879988621760586565e-01
4.421586823064186378e-01
2.322529009498292274e-01
-2.643193783246431949e-01
-1.602609835074415845e-01
-2.769119749819199949e-01
-2.679619458524442610e-01
-2.698333037249989186e-01
-2.054329044424852424e-01
-1.844443546435067804e-01
-1.954462181389250708e-01
-1.597004570655908007e-01
-1.250938306279479328e-01
-9.292251291340332398e-02
7.035457000571278263e-02
5.154767237297560589e-01
8.576231992117180347e-01
1.136098353037781727e+00
1.375309554309400495e+00
1.582793331052490649e+00
1.733286152468573649e+00
1.804848459443461728e+00
1.907380681743855000e+00
2.028070013971216667e+00
2.085581643309663225e+00
2.119114768531435100e+00
2.148710890543637841e+00
2.214697306473540017e+00
2.242141596539011239e+00
2.282989060030433670e+00
2.287022056017554927e+00
2.261877176470054707e+00
2.252670483800562007e+00
2.896223076336111764e-03
-3.448231508791316929e-02
-1.166721210148526922e-01
-1.978741715536235235e-01
-2.537086272616357330e-01
-4.552583637459002297e-01
-6.717338386976255959e-01
-1.012921347840996189e+00
-1.348004112555028389e+00
-1.740487025900567586e+00
-2.093171658565872839e+00
-2.222612091299575265e+00
-2.563226871391736772e+00
-2.571778165513015413e+00
-2.781887993560409722e+00
-2.534115426423873441e+00
-2.554360227396128558e+00
-2.500740746991105379e+00
-2.418615079502276721e+00
-2.395449836013284539e+00
-2.270846053842634493e+00
-2.077886843420989393e+00
-1.973622012219040656e+00
-1.808439192849563337e+00
-1.664395499563473768e+00
-1.596944746473158094e+00
-1.489118209187160868e+00
-1.366846541085044553e+00
-1.107872380243739574e+00
-8.295732428444739792e-01
3.248881699828993219e-01
5.084003936408247881e-01
7.707491233172183431e-01
9.334208977042743882e-01
9.834891193396095854e-01
9.203585500411308740e-01
9.117323204419850446e-01
9.285606459577835370e-01
1.000596644832744797e+00
1.003981990817590653e+00
1.002255685312200439e+00
1.053064325219201125e+00
1.083506158321965174e+00
1.064446293730714421e+00
1.063199983988766473e+00
1.030959053028671857e+00
9.580434625791617309e-01
9.439256171632286474e-01
9.773353967916584839e-01
1.015585972645129509e+00
9.740628275620083487e-01
8.565147528733892957e-01
7.286739774201386188e-01
4.562968640232094031e-01
2.156837370702822665e-01
-5.260416126324490849e-02
-3.958204754193129782e-01
-6.553612026903172794e-01
-8.770838304807518915e-01
-9.967956401899786822e-01
1.024732448522736560e-02
-7.310669156291848061e-03
-3.479763144149757969e-03
-1.007985718977476575e-01
-1.406184306134437290e-01
-1.877237116109714554e-01
-1.212373352916101127e-01
-8.891641463766969400e-02
-3.255721509298481475e-04
2.764887688318217185e-01
5.723086647833657281e-01
9.372414025707742624e-01
1.244566642521148570e+00
1.400374417317644893e+00
1.535378367930836818e+00
1.635949091546365031e+00
1.701690391537278080e+00
1.759040580299518153e+00
1.842075936573136286e+00
1.824772385833344890e+00
1.839994490208536781e+00
1.906158601988280799e+00
1.963773076039324161e+00
2.062975066150751324e+00
2.113500792980610221e+00
2.143163109810425571e+00
2.132370339528451009e+00
2.111492302643456220e+00
2.114325832899112800e+00
2.128251204262631813e+00
2.648310629041885494e-02
-3.477583531941360467e-02
-9.334562045684405285e-02
-1.381391673831463551e-01
-1.843084168611517082e-01
-2.599173894193306245e-01
-2.563149359900898649e-01
-4.011689063953560730e-01
-5.054204251090526068e-01
-7.250506335975168692e-01
-8.646478581902617977e-01
-1.077896189718577258e+00
-1.233792049361512211e+00
-1.529135036674244219e+00
-1.525213254926331752e+00
-1.701521128582271114e+00
-1.795468703429281554e+00
-1.875054555729324779e+00
-1.923016338039337914e+00
-2.084730384372403211e+00
-2.257351416637470631e+00
-2.490396101571271892e+00
-2.461872462080823887e+00
-2.402932569144960340e+00
-2.310212520930103430e+00
-2.312884636707384534e+00
-2.270451589166309958e+00
-2.148001849118893691e+00
-2.034396892780900412e+00
-1.744197483624215783e+00
3.526788073547496571e-01
7.915332891937059134e-01
1.043584117803782574e+00
1.065304810189156681e+00
1.113060695308372816e+00
1.116166334810749783e+00
1.127496960912145019e+00
1.124449899088064697e+00
1.136846711808068511e+00
1.190653636243580449e+00
1.218214957000383292e+00
1.219476105941264876e+00
1.202234245227178810e+00
1.177928013824145248e+00
1.180808092279090449e+00
1.191193818780236668e+00
1.240400229257611731e+00
1.252466437273845656e+00
1.264471325695665893e+00
1.196823386634648489e+00
1.064104629764285326e+00
9.351283929854309340e-01
8.904100090055281358e-01
8.177016514753594478e-01
5.521146588752875450e-01
2.352806880051810934e-01
-7.556710923124204671e-02
-2.244161932187813124e-01
-3.147852873477112734e-01
-3.571091235863451674e-01
-1.128939563536502516e-01
-1.579572199427075607e-01
-1.542367989179028731e-01
-1.285955820847495823e-01
-1.193506417086428184e-01
-5.416672209640048530e-02
-7.375744332359675248e-02
-2.783470814823332112e-02
-2.845110701585800567e-02
-3.706235168286844961e-04
1.816601568418932666e-01
3.558620394573424606e-01
6.719324718783474815e-01
9.680438056204914155e-01
1.246331381546910810e+00
1.404241556718247796e+00
1.434841821917393512e+00
1.508403778287525920e+00
1.615631816322143033e+00
1.721290096629408461e+00
1.775023960652062582e+00
1.781978947284709180e+00
1.786461231200219713e+00
1.731249066013489823e+00
1.805625609814745181e+00
1.842890605948844573e+00
1.912175317458447488e+00
1.951234382426990210e+00
1.966861939966840112e+00
1.943930675223266791e+00
-3.239282327755179519e-02
-1.204389911956242898e-01
-1.645120641207233336e-01
-1.825979239194695514e-01
-2.102756311296194169e-01
-2.093198667967075266e-01
-2.988430731818699226e-01
-4.587967032186955341e-01
-8.409551146245075604e-01
-1.300936842638288793e+00
-1.603702167486646735e+00
-1.916064623006909828e+00
-1.942911803354860467e+00
-1.915068656889106213e+00
-1.960021088612847517e+00
-2.043762273051141332e+00
-1.981089903918228146e+00
-2.012752539141958508e+00
-1.974944611697926566e+00
-1.955119854858851758e+00
-1.893799475019706691e+00
-1.685829756324555007e+00
-1.362029750028431518e+00
-1.029075721761075313e+00
-7.997140457660597557e-01
-6.426339493405308634e-01
-5.558176885221992602e-01
-4.739822045830707764e-01
-3.774211282993761296e-01
-3.024903708264088387e-01
8.432690715098362100e-02
1.380877424078631455e-01
1.870830369819545258e-01
2.356222412434943458e-01
2.492197880584488268e-01
2.668191622827985610e-01
3.027064336125641630e-01
3.262686495688247867e-01
3.575935228991544701e-01
3.930172410455244902e-01
3.856340285389365796e-01
3.716565790128431579e-01
3.319008958844382184e-01
3.204891083074529745e-01
3.257754808297717575e-01
3.490435584746248709e-01
3.659955640008758504e-01
3.300293620583351628e-01
3.177923370238310841e-01
2.306457783066068468e-01
1.299268965320393154e-01
5.947819339456970889e-02
-3.387110287198404068e-02
-1.615361601814153669e-01
-2.203886745590572793e-01
-2.814644143315505609e-01
-4.529486798431321404e-01
-5.857171138207563077e-01
-8.327377476915945875e-01
-9.123628358498064861e-01
-3.728368793152513072e-02
-8.255422986132596175e-02
-1.179901903501465871e-01
-9.443299775401090002e-02
-1.336341396371568957e-01
-1.893159677260750073e-01
-2.092663187308659023e-01
-5.572548164854331798e-01
-6.134704670089431433e-01
-7.090459611609776225e-01
-8.008113945835593217e-01
-7.896292034297405227e-01
-7.702519905630652586e-01
-7.837189348219221197e-01
-7.929083003036776489e-01
-7.775371319353531208e-01
-7.755025611080573755e-01
-7.197361434807875158e-01
-6.556737718989834596e-01
-4.376600325232916089e-01
-1.079845110554003007e-01
2.216588837444040117e-01
4.519805901527000902e-01
6.561172157040657815e-01
7.445186558662764131e-01
8.054220042347939312e-01
8.537236720005998425e-01
9.240886424427267043e-01
9.985437881887293532e-01
1.064717642958092680e+00
6.452992519699296547e-02
8.508463197704957404e-02
1.128008775454626966e-01
9.949965876908714590e-02
1.299359487521304646e-01
1.434088201711953559e-01
1.484064825882210059e-01
1.292982710299979687e-01
1.130516144442255677e-01
1.136472893698300402e-01
1.057492741040063911e-01
1.162848903876219225e-01
7.243997612900304750e-02
1.805397550335871570e-02
-7.033212270645371189e-02
-2.452654134572491706e-01
-3.645272598537760977e-01
-4.924169226069262661e-01
-6.348233788381745235e-01
-9.212469359872031971e-01
-1.094376039887989149e+00
-1.215077719375199150e+00
-1.145315958669381740e+00
-1.126193004718981205e+00
-1.112666947265174899e+00
-1.276215801319623200e+00
-1.467040278203099790e+00
-1.684930586365023242e+00
-1.991356853476788924e+00
-2.063300696103477438e+00
-6.099202827369547275e-02
-3.535013857927725434e-03
5.753436633761797869e-02
4.945450424697281355e-02
5.409782120731074229e-02
1.056073446614312211e-01
3.378807035983331097e-01
6.873123102884997060e-01
9.649687706279364008e-01
1.206872224478482192e+00
1.441837050108499829e+00
1.562814362155882542e+00
1.701462273541612280e+00
1.779746586366252048e+00
1.792324504588092227e+00
1.795657024091740439e+00
1.826071972235334462e+00
1.869220853933139859e+00
1.917997030036404205e+00
1.965014087227752837e+00
1.993116994234642725e+00
2.026614146240507619e+00
2.092006101640553783e+00
2.092016474926778891e+00
2.078292937229101689e+00
2.055771857790213986e+00
2.047219294593169980e+00
2.036253951705314424e+00
1.987184896346145369e+00
1.947342251400706825e+00
-6.164616992102042725e-02
-1.578436160271483035e-01
-2.725760264665746946e-01
-4.280504795620632130e-01
-5.313745109380632048e-01
-6.332707460353617090e-01
-6.984444446913957716e-01
-8.426790089197100375e-01
-1.083832961140474005e+00
-1.248438003381324490e+00
-1.610669772028837876e+00
-1.918448615897715870e+00
-2.090080244288494260e+00
-2.076526396239843031e+00
-2.119346735854184427e+00
-2.034259914036739225e+00
-2.390164979190152472e+00
-2.546834947762418366e+00
-2.895973219433384926e+00
-2.849777861379445554e+00
-2.672792174011528132e+00
-2.340285257600235092e+00
-2.032744125030713001e+00
-1.811752471281868004e+00
-1.655771420020040186e+00
-1.600698893678198731e+00
-1.396487588659526935e+00
-1.298699770262188080e+00
-1.106158965779250547e+00
-9.276262528470109459e-01
1.958430864527272997e-01
3.801937900190592856e-01
5.103280748118455001e-01
6.590059192355136597e-01
7.803332601649469735e-01
8.886100412535179460e-01
1.007786969687118450e+00
1.120564583155640337e+00
1.218623391408403034e+00
1.231393800954700968e+00
1.313916653027986881e+00
1.326132817598694835e+00
1.365321454546416957e+00
1.351071244265157789e+00
1.352566132611912497e+00
1.367085086266882632e+00
1.340256385434470232e+00
1.321891196614739084e+00
1.309392752719150455e+00
1.242397857546448936e+00
1.187493967027846375e+00
1.164995587244636255e+00
1.117134309541416570e+00
1.030476942495510029e+00
9.333140051148252070e-01
7.374008057435200714e-01
5.404760698138213471e-01
4.200986165578048936e-01
4.001416232791129013e-01
6.738201696737278201e-02
-2.145698233829375356e-01
-4.859544204101675646e-01
-6.283522379047284945e-01
-7.277045168085579663e-01
-8.175545628133265019e-01
-7.875863765168285013e-01
-8.822344158858408392e-01
-1.080760038116146848e+00
-9.816883400746938548e-01
-1.105609294037276813e+00
-9.120044766823148796e-01
-8.427756156404924148e-01
-7.634953431544648783e-01
-6.404077214342543956e-01
-5.171187900013625161e-01
-1.605165147195545816e-01
2.174422920241956825e-01
5.472651527358487478e-01
8.009554076651597132e-01
9.042060641735081283e-01
9.882308653911863194e-01
1.047375847463022369e+00
1.134083524099663176e+00
1.190288815989888116e+00
1.227331974348157662e+00
1.285075491697154071e+00
1.354958893128128450e+00
1.449973112620551507e+00
1.454406621013901058e+00
1.429856181362718637e+00
-9.690628119331386528e-03
-5.214939924268111732e-02
-8.529813451400153346e-02
-8.926201530747537860e-02
-8.115053240749979524e-02
-6.791813893620732290e-02
-7.081558029326724679e-02
-7.490772257206518292e-02
-9.281055253200541644e-02
-1.197616997308304509e-01
-2.123215401369746846e-01
-3.070560208163209404e-01
-4.768812318726941557e-01
-5.951248051738432521e-01
-7.139048990229944769e-01
-8.747052836366037143e-01
-1.012894567165539828e+00
-1.116094455442243838e+00
-1.261457850131161296e+00
-1.408792697219002577e+00
-1.722942169815062208e+00
-1.765554836377375203e+00
-2.009352802392184500e+00
-2.195789175151678929e+00
-2.325158381414731412e+00
-2.410524198794445461e+00
-2.433523013945717128e+00
-2.397513396859961343e+00
-2.271515666304883219e+00
-2.189828337704901706e+00
1.650187555858869948e-01
3.605402470115871560e-01
4.348815716487187122e-01
5.408305487824570656e-01
7.375863606713121134e-01
1.040466128797662204e+00
1.440112738151759553e+00
1.709622612690061549e+00
1.878714875045044197e+00
1.928276265813542834e+00
2.036870659007042672e+00
2.129611771111995289e+00
2.232851485684152593e+00
2.360973320072490722e+00
2.389493480885647170e+00
2.402629201977750650e+00
2.410470301853517849e+00
2.427865272552196974e+00
2.435498519182987209e+00
2.436550028574619109e+00
2.440397568447213228e+00
2.433335151671734309e+00
2.462239642658874406e+00
2.459160651319324487e+00
2.444533759636019710e+00
2.425068419569797129e+00
2.358656222840631145e+00
2.310077052273027398e+00
2.179303414416550400e+00
2.033122287902735525e+00
-2.350593710425360194e-01
-4.264476874945695717e-01
-6.412123305186318012e-01
-8.347465629593407987e-01
-1.026573488267894074e+00
-1.318313342726912474e+00
-1.495582379604600165e+00
-1.643371132939112300e+00
-1.705307892474561937e+00
-1.892122396854135413e+00
-1.941725879095212326e+00
-2.029010123542182242e+00
-2.038337073290509061e+00
-2.129442307032444859e+00
-2.198235154648815026e+00
-2.398044690423613901e+00
-2.274854275378176194e+00
-2.296693516675837987e+00
-1.881644974416847305e+00
-1.532392609815846907e+00
-1.441765060336120508e+00
-1.307003913189600741e+00
-1.009639215464779527e+00
-6.773258577980303397e-01
-4.479325686694944908e-01
-2.523717247798337171e-01
-7.224036145258871944e-02
4.830906588999628326e-02
1.851632632049090565e-01
2.796411717641312800e-01
7.779038648162017733e-02
1.401261888886581597e-01
1.705326107301212146e-01
1.685796774790420949e-01
1.908128963253291066e-01
2.189319144065096090e-01
2.455455588888335594e-01
2.478344877273055413e-01
2.540029999091700796e-01
2.443484013196868809e-01
2.506140372801746175e-01
2.437829895364770350e-01
2.391931324062373521e-01
2.449265390388422059e-01
2.388173307619541885e-01
2.184753616331006620e-01
1.223921731482808806e-01
2.039158417145388313e-02
-1.477246501500930065e-01
-2.841519132050908114e-01
-4.858336804763880301e-01
-6.964184520946603563e-01
-8.094941984687151759e-01
-9.259089585912483322e-01
-1.094122874237508647e+00
-1.258848213074741373e+00
-1.308765595314563157e+00
-1.372623733113030431e+00
-1.611519972294917613e+00
-1.606824093185421853e+00
-1.936473652479822269e-02
2.413285014707322942e-02
-1.017587765774425126e-02
8.390434877611638309e-03
-7.432448563391067659e-03
1.925682219265519371e-02
5.967626464004871512e-02
1.003610516501717426e-01
1.667335301840367490e-01
3.804441042762311542e-01
6.844711467333901567e-01
9.746639419009343053e-01
1.226802469811933083e+00
1.497008940340615935e+00
1.661875181914070909e+00
1.781379679942868721e+00
1.823290094653845062e+00
1.902732353220943695e+00
1.954996152827183975e+00
1.974684426590492592e+00
2.030329373495687317e+00
2.080098182255035066e+00
2.108821213983977483e+00
2.112114219429753081e+00
2.108521837786787589e+00
2.124805921039800705e+00
2.141270840742676818e+00
2.092942282034448542e+00
2.044983468987398023e+00
2.026222086070030848e+00
-4.186782245923077739e-02
-6.724943620150265755e-02
-8.518131078461305128e-02
-9.737156300314651902e-02
-1.657902428114622628e-01
-3.325164075266540120e-01
-4.520146479766508074e-01
-7.167438877815111020e-01
-9.569899190275357181e-01
-1.221153905450188315e+00
-1.458460448726224934e+00
-1.619077273994297128e+00
-1.640571377045966672e+00
-1.666975792149724578e+00
-1.703955379708457896e+00
-1.733864961017784090e+00
-1.864223648682270085e+00
-1.974560026484723840e+00
-2.069569240079137895e+00
-2.109597685446006121e+00
-2.092723992449000203e+00
-2.102771714298995676e+00
-2.008419884493160890e+00
-1.855428073482148887e+00
-1.702606832305803009e+00
-1.444156036544891775e+00
-1.187651336037935046e+00
-9.196691342613187992e-01
-7.061752653093222865e-01
-4.711247130078727308e-01
2.117684226707277073e-01
3.217077763262384815e-01
4.544503430239945629e-01
5.149637669899891357e-01
6.109601598174627668e-01
6.727734359505230799e-01
7.190771905143014120e-01
7.287785187118224206e-01
7.574086769835207678e-01
7.082549819746390973e-01
6.715381689055788250e-01
6.792525647219622709e-01
7.065471382867574146e-01
7.225369914380015413e-01
7.208111549251862149e-01
6.966250864623170225e-01
6.789321613404352140e-01
6.786166899490624349e-01
6.816163633355254436e-01
6.804172721751767794e-01
6.799977873283969965e-01
6.876142201065332804e-01
6.366153783520970277e-01
5.615045542944148149e-01
2.719483837781974667e-01
-2.467114032234539178e-01
-6.251090145217611527e-01
-8.653940730057368969e-01
-1.030234582540277222e+00
-1.123064522402790422e+00
-1.967277819225188573e-01
-5.984979914551826763e-01
-8.926539655635867820e-01
-1.083644233854865524e+00
-1.244137375057530859e+00
-1.196233501756755802e+00
-9.050344206476002018e-01
-5.869839632489255443e-01
-3.868134589884607566e-01
-3.095519922349477815e-01
-3.161835143081289656e-01
-3.661825383833087200e-01
-3.574430256930613559e-01
-3.181132272036089059e-01
-3.253521440056785230e-01
-2.134263433061245885e-01
-2.013818146973803125e-02
9.066416949167066530e-02
3.502774175004139123e-01
7.394485603552202191e-01
1.033853810716377941e+00
1.246359548381683613e+00
1.481644584695711808e+00
1.714684825209692010e+00
1.885169059991058882e+00
1.978893488402756251e+00
2.004816682468603783e+00
2.036711821979516834e+00
2.078751205459900664e+00
2.127328645946772401e+00
5.700241723844990532e-02
1.337618117737323642e-01
2.210849165631827151e-01
2.751240255454378558e-01
2.915608835729897041e-01
2.606168901111184377e-01
2.554348083639443323e-01
2.545536250185833071e-01
2.761415894725431919e-01
2.264230976091533565e-01
2.397473282852899124e-01
2.700573614811723200e-01
2.789244922523105852e-01
2.188941687890445520e-01
1.221010346981692557e-01
-1.636730257192364757e-01
-4.563780555856467025e-01
-9.747069465636712948e-01
-1.303244982660296536e+00
-1.607766618837810357e+00
-1.761554478558960968e+00
-1.627752310782687672e+00
-1.670324031614893068e+00
-1.754947957283540250e+00
-2.014432523483690396e+00
-2.138006143017791238e+00
-2.298830659321850156e+00
-2.219883021657793165e+00
-2.210505858615344543e+00
-2.209723098853059398e+00
7.092366874355116035e-02
6.723207782879822569e-02
8.628013882899220055e-02
1.215737861205958004e-01
1.230384286994954529e-01
1.357640863316708357e-01
1.263396882580882508e-01
1.764150819447929952e-01
1.835809713790072795e-01
2.297182578651750240e-01
2.703479656807707965e-01
5.116416045660815426e-01
9.165107715521702003e-01
1.292290958151725455e+00
1.631138488162671596e+00
1.871650981987866391e+00
2.081587396856849459e+00
2.169540164240219227e+00
2.248163118198516663e+00
2.282220420190112176e+00
2.346066453141069097e+00
2.388579298564570408e+00
2.405919678598753997e+00
2.415168065960446420e+00
2.372445446468137931e+00
2.377317876906926308e+00
2.406903079615531738e+00
2.445288375888485799e+00
2.464750093676305820e+00
2.453196890153218401e+00
2.414079513609882670e-04
-2.384714775388069308e-02
-6.311816982063694903e-02
-6.734017551905872867e-02
-1.012490526814882746e-01
-1.503444569463864289e-01
-1.879633698534854680e-01
-1.936401459066503516e-01
-2.213928901476881483e-01
-2.398867661361895887e-01
-3.118979732696285923e-01
-3.746687496644000581e-01
-6.365687843699108228e-01
-9.624323889673127574e-01
-1.292712955214074366e+00
-1.641868194135521986e+00
-1.894169225561191272e+00
-1.889849676787138666e+00
-1.967785976254017077e+00
-2.024384046348596033e+00
-2.042863282446880646e+00
-2.164333875768644777e+00
-2.247394686288083587e+00
-2.451184542306160452e+00
-2.810800227171354582e+00
-3.217600699176365708e+00
-3.311161259875289087e+00
-3.305352757191737822e+00
-3.230820048510347320e+00
-3.186686284939832969e+00
1.375388836629348188e-01
2.006486349883815912e-01
2.868685165801813097e-01
3.517542392599783962e-01
4.369236066062190949e-01
4.876535486868737168e-01
7.353711378772397333e-01
1.100618196393489345e+00
1.514698515298662507e+00
1.845787796871107833e+00
2.019129921889840862e+00
2.156973746652407264e+00
2.275209835237890665e+00
2.388170694575460828e+00
2.483073807820957324e+00
2.573760354075910861e+00
2.615487032915918775e+00
2.679202946437231780e+00
2.704831408301064055e+00
2.697421215827012109e+00
2.752718173299889770e+00
2.792137906249552159e+00
2.897689600143133593e+00
2.935121803884349401e+00
2.990337562201615729e+00
3.068275059857839882e+00
3.105428790458612642e+00
3.112200886022393753e+00
3.136368080771736899e+00
3.058191088339639041e+00
2.346467218879789290e-02
4.709421051168261735e-02
1.196579203550459103e-01
1.450671083873714406e-01
8.559002915112937093e-02
3.406025885692527677e-02
-3.200364194965821252e-02
-1.940613723996785500e-01
-3.607981090462620277e-01
-5.440268070346684359e-01
-8.054040615279448589e-01
-1.128244849771619540e+00
-1.259783586304346281e+00
-1.395169573629195359e+00
-1.567533012607892129e+00
-1.673023338200198662e+00
-1.674739652528522749e+00
-1.906182010078095290e+00
-2.011156566347176877e+00
-2.106194842911839338e+00
-2.233164718586711839e+00
-2.417207171958515755e+00
-2.516091820042005711e+00
-2.631593916459234350e+00
-2.876140156873593146e+00
-2.820873750698681626e+00
-2.747563133136884606e+00
-2.666369553473092679e+00
-2.614025822486083950e+00
-2.625192917842588791e+00
1.458341475177262481e-01
3.622640910342449505e-01
7.701888590654822897e-01
1.178297824716323827e+00
1.449139289310357182e+00
1.735031364377594310e+00
1.956046682043952822e+00
2.111770548387825297e+00
2.138813421248784152e+00
2.182020273553419099e+00
2.282346156336819920e+00
2.360175848612151572e+00
2.432037078945003650e+00
2.507815611526304167e+00
2.541695598725083105e+00
2.554051947640509024e+00
2.522261193611905039e+00
2.502146846669187408e+00
2.452269465939172832e+00
2.416189877651027107e+00
2.471172725056852038e+00
2.518469088739655692e+00
2.587525230686991140e+00
2.658807815342469905e+00
2.688411912607289622e+00
2.665799498151012248e+00
2.655338143801334372e+00
2.568713453093077526e+00
2.580249615540930908e+00
2.596074210002837557e+00
2.399420775883528197e-03
-4.357305513765857841e-02
-1.119539452954871894e-01
-1.047294333694102492e-01
-1.491100357704621127e-01
-3.644698622098826446e-01
-5.475253325042810371e-01
-7.464295632261934710e-01
-9.426100619757127319e-01
-1.178382320210038525e+00
-1.396183195392603382e+00
-1.582045171875016365e+00
-1.628975689423295181e+00
-1.691725168798892787e+00
-1.817818028788108276e+00
-1.761153718352289843e+00
-1.868100804939552884e+00
-2.049983990958820446e+00
-2.404206961920942298e+00
-2.500954772519647040e+00
-2.613986274824660505e+00
-2.710834733047978951e+00
-2.817234163633144384e+00
-3.013787663143447482e+00
-3.218026101931736882e+00
-3.557602600853531971e+00
-3.259105677846574345e+00
-3.176767745648036545e+00
-2.934885487984765451e+00
-2.831983183593115516e+00
8.603519788194512186e-02
1.194358607872144790e-01
1.629836227955074324e-01
2.206604750810870486e-01
4.855596105115449479e-01
8.684061941858576272e-01
1.298543091775347325e+00
1.656613918127643359e+00
1.938132312877300922e+00
2.055099309388075390e+00
2.146695405758086483e+00
2.264828426913187975e+00
2.338059405784716382e+00
2.392305347909851498e+00
2.371230710002072417e+00
2.367931556231383183e+00
2.361659265191549117e+00
2.348394894630065455e+00
2.318109851409008382e+00
2.317862340711668079e+00
2.316194846493929038e+00
2.290004818670126951e+00
2.272197529793266391e+00
2.239857361940745584e+00
2.234410990108115058e+00
2.232570375413490904e+00
2.220949015569881446e+00
2.138672758938388263e+00
1.942140763109134749e+00
1.538687597669233798e+00
-4.152717249581739933e-01
-7.310929401734661548e-01
-7.211760293475824035e-01
-7.008542990900458181e-01
-7.687296130194457566e-01
-8.012291393017031416e-01
-9.120667066199813489e-01
-1.193336151230125930e+00
-1.322738798813138938e+00
-1.620467938977662836e+00
-1.443148890412384810e+00
-1.459748820720894402e+00
-1.468214285037902522e+00
-1.479628083932205351e+00
-1.471788320925827120e+00
-1.501684499604457379e+00
-1.511363675149887120e+00
-1.445633972196835426e+00
-1.456699297768884183e+00
-1.282157557462527020e+00
-8.764433898859180783e-01
-5.924360940692474653e-01
-3.595741207589706057e-01
-1.874160409330255239e-01
-1.586907667716463965e-02
9.982314944814969782e-02
2.194640019138314468e-01
3.121106292093441814e-01
3.733210743394416720e-01
4.406878444555848984e-01
9.247762180924130881e-02
8.387040972464199218e-02
1.110195444642339685e-01
1.604217434350988236e-01
1.771353685431050484e-01
2.343258548932418417e-01
2.606152816780295534e-01
2.689604085976076697e-01
2.658202411302890700e-01
2.649067734800795160e-01
2.313731238225437692e-01
1.971299891000076188e-01
2.092649660011862145e-01
2.173815253133864756e-01
2.534638799501209294e-01
2.668016339715129637e-01
2.552662622672003945e-01
2.355754264143182231e-01
1.707715162681470999e-01
1.424264711883585777e-01
1.020066729927027460e-01
7.143994912866627467e-02
8.184076878190346682e-02
1.117749473906309715e-01
1.646419911851661477e-01
1.319062553992328968e-01
6.047934264413158678e-02
-1.213980534971727115e-01
-8.795242980812080502e-02
-2.831386851644604463e-01
-2.311726155935033000e-01
-4.826005216258085762e-01
-6.215180236101099931e-01
-8.402652023355421385e-01
-9.472480776855956019e-01
-1.173832676877182735e+00
-1.282843559152090807e+00
-1.403637000742928409e+00
-1.373673940396472615e+00
-1.344052368113988871e+00
-1.303786542305702234e+00
-1.309566266379021071e+00
-1.487129387360083044e+00
-1.703227243675939917e+00
-1.990282481246855806e+00
-2.092928810148411145e+00
-2.025920303172858983e+00
-1.979200625232748978e+00
-1.843215998977862036e+00
-1.849612233357595059e+00
-1.850476397681888763e+00
-1.850208966024276647e+00
-1.862702422008431613e+00
-1.849148383866077827e+00
-1.822124719503098955e+00
-1.774901879434310104e+00
-1.601966763113976455e+00
-1.370194429420886095e+00
-1.009805148023194210e+00
-6.055710312894948544e-01
2.790831350424997082e-01
4.658863256716757606e-01
5.624107820654845602e-01
6.601319277235724314e-01
7.002407718942360582e-01
7.404284723000784663e-01
7.823319381968464326e-01
8.275183501614794546e-01
8.685114058846791218e-01
9.157164219784407200e-01
9.395179832360428529e-01
9.894320672676819584e-01
1.063669785934880263e+00
1.156267684525363881e+00
1.205729810026765048e+00
1.247906868231195787e+00
1.256684767996256280e+00
1.234045958243812580e+00
1.211282334636512692e+00
1.197504939194469431e+00
1.182044188872431567e+00
1.186352022140098939e+00
1.171125782710654928e+00
1.077059219868263362e+00
1.056300112780692579e+00
1.020845681249716863e+00
1.024273804711409053e+00
9.864609947375948540e-01
9.427036894460005811e-01
8.200122096654075543e-01
-1.794795973682868917e-01
-4.149701010689665903e-01
-6.371320478750266414e-01
-8.283969471797353323e-01
-9.439742092183180944e-01
-8.672272322922418564e-01
-8.971255015168818625e-01
-1.104813301501911926e+00
-1.158928225269598267e+00
-1.418212707515792204e+00
-1.523413417809171833e+00
-1.446111325966796590e+00
-1.601208063251417624e+00
-1.614578774660714089e+00
-1.816942227437777779e+00
-2.000317053958264424e+00
-2.137189442054126864e+00
-2.308512997583299420e+00
-2.384093009269720564e+00
-2.407426163417775822e+00
-2.353849643000491820e+00
-2.260260546352143685e+00
-2.221631147805486872e+00
-2.197530544030060984e+00
-2.121561982380947953e+00
-2.025486558860578157e+00
-1.918996803460857103e+00
-1.899289725413088270e+00
-1.795098058094900528e+00
-1.653345684798997350e+00
4.261071096165187644e-01
7.214500744324499060e-01
1.047004434129483741e+00
1.187435471198497794e+00
1.287900586804027858e+00
1.403626208845072387e+00
1.453747705951470071e+00
1.546312748835746431e+00
1.603872314646618946e+00
1.643397790886586440e+00
1.680263582853123605e+00
1.691632964372405956e+00
1.701366936528353468e+00
1.703430543499694361e+00
1.682436318701196143e+00
1.766238500052588201e+00
1.818578605761016487e+00
1.880481462896156364e+00
1.910059622974423998e+00
1.892776364918492771e+00
1.898650199068372846e+00
1.851114684854090697e+00
1.771114192880989258e+00
1.751522036781761438e+00
1.764241954866636153e+00
1.774836087267250617e+00
1.824888703324379913e+00
1.776204838171206779e+00
1.751477088180453334e+00
1.725188608905570353e+00
-7.612879947915868195e-02
-1.303788583876641094e-01
-2.358710980899887955e-01
-3.889782796145254684e-01
-8.085378291428331199e-01
-1.064154857987416491e+00
-1.137031143354742424e+00
-1.278209588080111203e+00
-1.344445646528447114e+00
-1.315055752976918457e+00
-1.299940605814998040e+00
-1.316038536140863746e+00
-1.483176292890433068e+00
-1.567519226660795573e+00
-1.873333340038855654e+00
-1.909236100557649030e+00
-2.111135332180923641e+00
-2.273099580973080514e+00
-2.363783131059029596e+00
-2.438214529432190414e+00
-2.479684207133154406e+00
-2.458668304175871899e+00
-2.387157399481798503e+00
-2.439973757924420283e+00
-2.481120285374572632e+00
-2.434560730725172206e+00
-2.424896345143674470e+00
-2.418854447102033234e+00
-2.428772914679172779e+00
-2.346747884650799421e+00
9.409043527373857352e-02
2.254162919872740312e-01
6.077426667580190234e-01
9.315655013606247703e-01
1.181322684473514517e+00
1.334780457689215272e+00
