8.571381143311718187e-02
1.103071557459658625e-01
1.083447951884424637e-01
1.138599120998586706e-01
1.942608030552847032e-01
3.348392605596455240e-01
3.222538604362104042e-01
3.106990831847076251e-01
1.999229994803550792e-01
1.947699648460046729e-01
2.515056350990788059e-01
2.948724431802100532e-01
3.364901881153926078e-01
3.719924229346093791e-01
4.092493877939531455e-01
4.133613471405805373e-01
4.413350596493617051e-01
1.131313684806534159e+00
2.595975864600831962e+00
4.207354850404431801e+00
5.405001286396717397e+00
6.216169570899035435e+00
6.840441231949970557e+00
7.389855098834948954e+00
7.821780408573896892e+00
8.119452124414642924e+00
8.315792371851088660e+00
8.472137545511870371e+00
8.594347339366107619e+00
1.169486600298490636e-01
1.712553494165363344e-01
2.417197202299070646e-01
2.893382026195081003e-01
3.153840835100252260e-01
3.453522987601044258e-01
3.070209441500639791e-01
3.402486846825156785e-01
3.789511446189630650e-01
4.113783087240370229e-01
4.548997578363970784e-01
4.803886628860842833e-01
5.004510500701421227e-01
5.033856600989304875e-01
5.063524014534735995e-01
4.819020973694256860e-01
4.996384156122857245e-01
4.972896927978623371e-01
5.130792106785221351e-01
5.245698001580888503e-01
5.194852465286607934e-01
5.206590638195759402e-01
5.183807444756226568e-01
1.013444060202044472e-01
-1.043772301924424051e+00
-2.308443869322863051e+00
-3.387037265473586523e+00
-4.052849816331601573e+00
-4.549898640402972205e+00
-4.849364460742721761e+00
-2.749333352702668654e-01
-6.484840856855098590e-01
-1.317695271840732874e+00
-1.572104664412686370e+00
-1.761812447937313841e+00
-1.880290669700192874e+00
-1.976609548222461266e+00
-2.040978643823767591e+00
-2.046423556028335700e+00
-2.062317986639691458e+00
-2.105942906470363862e+00
-2.108730437382891232e+00
-2.102500038836486063e+00
-2.112030079938549854e+00
-2.110977018370234326e+00
-2.103749385525026661e+00
-2.108093149201192062e+00
-2.106889331842434210e+00
-2.105293895770061319e+00
-2.135770450479554050e+00
-2.237201156273922464e+00
-2.340288458762499246e+00
-2.337770810896583118e+00
-2.341024381326559656e+00
-2.358175904001720280e+00
-2.364936204964342981e+00
-2.357602731949628883e+00
-2.332328680769656160e+00
-2.328687815476561784e+00
-2.341579261837729131e+00
6.605559534272352484e-02
1.150367588194648016e+00
3.016783139128929481e+00
4.552313628421444491e+00
5.704903173619594092e+00
6.590411250911479613e+00
7.214374174187647704e+00
7.626327125699964959e+00
7.887866583291894607e+00
8.054189292530773869e+00
8.164931789968283837e+00
8.240678526280653671e+00
8.300905074445212861e+00
8.345643336858000083e+00
8.395037846870829767e+00
8.437923751840129327e+00
8.455095277152691935e+00
8.470504416903173350e+00
8.474785262527850804e+00
8.468441268359514496e+00
8.509449099074224421e+00
8.533689572107432397e+00
8.534655280463711691e+00
8.561731008963107570e+00
8.560781815469617584e+00
8.550291417387702708e+00
8.557206141256029852e+00
8.555066314629950597e+00
8.558347516117576603e+00
8.577446483114236742e+00
1.495229335869763081e-02
1.261106082505937184e-02
3.528569687996267745e-02
-1.875306651728362445e-02
-1.267165741805028056e-01
-1.546381208591150469e-01
-3.932902658996643153e-01
-1.240296826010838682e+00
-2.242470043511721300e+00
-3.474644082967400571e+00
-4.600398995484308529e+00
-5.106513868099349374e+00
-5.381325115466236042e+00
-5.552583070772289631e+00
-5.649618198291210369e+00
-5.713355255796169097e+00
-5.765850391016538623e+00
-5.786907738784447197e+00
-5.836121269397379407e+00
-5.925628918552044766e+00
-5.966983164084099123e+00
-5.985109521056098281e+00
-6.108367571456533973e+00
-6.575517138550358354e+00
-6.684899325882641463e+00
-6.723187791857025530e+00
-6.739531620145169377e+00
-6.769975564026679216e+00
-6.793966580547536438e+00
-6.812297881225771512e+00
-2.315683936570724424e-02
-3.910239648475465069e-02
-5.057345790626614768e-02
-6.029134166204256490e-02
-5.554521190942714182e-02
-5.260513519069586613e-02
-9.459348115111551603e-02
-1.526555653789742339e-01
-2.900080355455184611e-01
-3.200497232583119356e-01
-2.990858338328103438e-01
-2.676714262680529588e-01
-2.170839963284905694e-01
-1.630222273477119899e-01
4.984333206523238191e-01
2.173079137914325276e+00
3.690335345331468453e+00
4.789834203867460616e+00
5.547485661509334420e+00
6.024176314325793591e+00
6.343414828240796943e+00
6.557916550383168897e+00
6.715076010346362700e+00
6.810241088340950100e+00
6.898445516247300624e+00
6.938939301633638479e+00
6.966963368123344047e+00
6.978578900709559996e+00
7.003059111482356158e+00
7.017138842890718209e+00
1.405802108726423617e-02
3.609419608630734522e-02
3.830365851540201705e-02
2.744007693525826047e-02
4.099690969244398908e-02
5.705684563796353803e-02
7.895034001932479950e-02
9.172923289029297211e-02
8.945784063246527140e-02
1.014991289192175294e-01
-7.995021560519074977e-02
-9.620753837420244203e-02
-8.846623927257218911e-02
-6.260640556231934772e-02
-5.647783182359569082e-02
-4.291017460077294066e-02
-2.136888466876488840e-02
-2.745324604346177644e-02
-5.074277973533287966e-02
-2.283699085693726705e-01
-1.321069807681276131e+00
-2.451166689971010726e+00
-3.275460144344928270e+00
-3.726249241395128031e+00
-4.023796927125806278e+00
-4.283238925408194397e+00
-5.281958290470313067e+00
-6.002393977692624283e+00
-6.298855027746346202e+00
-6.509043983073605766e+00
-1.686548348212984216e-01
-5.197340745476580759e-01
-9.810147406301121809e-01
-1.193598166517036985e+00
-1.198699952301633953e+00
-1.218813127983834788e+00
-1.249804486596424846e+00
-1.271575816175678053e+00
-1.270371410765411158e+00
-1.422299510892427010e+00
-1.449052537871570179e+00
-1.444867719613508905e+00
-1.462261686323625742e+00
-1.467165094478232401e+00
-1.469194582323570808e+00
-1.489970400062053280e+00
-1.478904809852608304e+00
-1.474336399509077244e+00
-1.455823357439580468e+00
-1.435154610980112988e+00
-1.430674536065456692e+00
-1.424479949329222617e+00
-1.429327769051662367e+00
-1.426626101177204120e+00
-1.363237609404077011e+00
-5.168870962575681238e-01
1.503503730987926890e+00
3.214619962209082082e+00
4.458316330559370932e+00
5.304658522795595132e+00
5.237177771352831135e-01
8.390307379937564924e-01
9.851228549790478350e-01
1.090221107220338714e+00
1.214649557973595417e+00
1.436173719933870441e+00
1.531503715775598407e+00
1.581209180225064959e+00
1.605794573787467039e+00
1.666330029372976584e+00
1.680373365205970027e+00
1.702656073972890205e+00
1.745028115238310695e+00
1.777585960872701598e+00
1.797876611550133674e+00
1.809289209557289446e+00
1.802597791369600522e+00
1.795851935247823716e+00
1.816357428443850397e+00
1.811572038869133205e+00
1.819529118324562322e+00
1.825758466127985757e+00
1.827201373787501248e+00
1.828366160795992457e+00
1.806095005528427722e+00
1.800042306238852419e+00
1.737076147086362932e+00
1.443202433212728897e+00
5.785696362162225936e-01
-3.521743525720146817e-01
-9.589742963590968117e-01
-1.542075405041116731e+00
-1.917635412078386725e+00
-2.314380674991172171e+00
-3.128733083544082749e+00
-3.574298607416487528e+00
-3.874174079979411101e+00
-4.071832738872410040e+00
-4.199586958226065647e+00
-4.255301986575055651e+00
-4.303988197571807284e+00
-4.362702673218892713e+00
-4.832567934569487633e+00
-5.151594941729070065e+00
-5.237454818963060532e+00
-5.312303050063428067e+00
-5.307247675906327622e+00
-5.313207195029920449e+00
-5.342110812594913050e+00
-5.340292622614119189e+00
-5.336605693216652568e+00
-5.378766691067858652e+00
-5.457568173485816132e+00
-5.457617821056056862e+00
-5.462080036551018480e+00
-5.445906603414669256e+00
-5.431902456385026667e+00
-5.413157605982805265e+00
-5.406186673804981524e+00
-5.392367413572002555e+00
9.755173539693262966e-03
6.064863616296794178e-03
9.904667722696523097e-03
9.682854526542888571e-03
1.113829199070562846e-02
1.046495381036757419e-03
1.169990636899162148e-02
9.982274855863356930e-03
5.179887428169008962e-02
9.144257570326934648e-01
2.637145110951541138e+00
4.140664858906822232e+00
5.320259201442951280e+00
6.222903656775649495e+00
6.891497167879342634e+00
7.269252681787202519e+00
7.509322201363672455e+00
7.660556654505423779e+00
7.771810423668322976e+00
7.877014665167926033e+00
8.009883000650011908e+00
8.083040882976264996e+00
8.137261965156726617e+00
8.167313229483475823e+00
8.206264238097011443e+00
8.222531412995316202e+00
8.243509837560724307e+00
8.253402012022313272e+00
8.273932799744436295e+00
8.303746228841987431e+00
7.580693324416356953e-03
-3.773516557103550988e-03
2.761148528405365024e-02
2.417369433598233128e-02
6.184751477637263906e-02
6.933745950122889579e-02
6.214438500063127618e-02
6.712852027869029015e-02
5.765070755976030997e-02
3.228010393641267406e-02
1.580487472038509880e-02
-1.003148742690939885e-02
-5.231126853413806121e-02
-6.103665543709194119e-02
-4.048591983975018127e-02
-4.471346056712756645e-01
-1.294264536189216663e+00
-1.596488926487632298e+00
-1.977756142797079564e+00
-2.104401556306689347e+00
-1.945332768351320629e+00
-1.894584725164244254e+00
-1.669735761201148527e+00
-1.605219778552782417e+00
-1.999562335120309342e+00
-2.328386930277473787e+00
-2.831512494290018722e+00
-3.225687335526634669e+00
-3.577720014889876676e+00
-3.806888040865196388e+00
-1.838525557078044825e-01
-3.440552095989218850e-01
-1.084611036120262995e+00
-1.697536067034055129e+00
-2.054796770376910331e+00
-2.219085536962448479e+00
-2.381682668893448263e+00
-2.442335957075933539e+00
-2.943711167589941446e+00
-3.347031894299977939e+00
-3.401252210425304678e+00
-3.414041535088340851e+00
-3.405339842635199510e+00
-3.396442064180591469e+00
-3.376150812438028392e+00
-3.358138159054963268e+00
-3.357389280102613061e+00
-3.332054907717594272e+00
-3.314552302732974631e+00
-3.309820721113269304e+00
-3.292863060766038963e+00
-3.285547952420716289e+00
-3.283583804373906290e+00
-3.269073499192777454e+00
-3.228224375837369653e+00
-3.212578221939576206e+00
-3.190852829455434136e+00
-3.196596639530063566e+00
-3.168491696343839870e+00
-3.172911042677373672e+00
-7.110448725140366272e-03
2.413085256107774107e-02
1.275333071969911858e-01
4.815528135973082269e-01
1.448527867009117953e+00
2.870353246484982357e+00
4.486678164996202867e+00
5.465232707223425912e+00
6.286254046759838232e+00
6.901099856697259227e+00
7.332480460492114105e+00
7.613480301772065140e+00
7.781032693846323234e+00
7.937325154165089991e+00
7.992893384179420302e+00
8.060215474588709128e+00
8.102621754137048882e+00
8.124126833376044132e+00
8.150687790670131605e+00
8.183381453129104699e+00
8.226754562965551187e+00
8.256524783013615476e+00
8.278576589552763210e+00
8.256223306533620132e+00
8.285041731598738579e+00
8.285943693058031911e+00
8.284568688383979307e+00
8.285482468889208363e+00
8.293777671104427540e+00
8.314816022882517643e+00
2.149975170532020599e-02
1.738425875447373661e-02
5.298635337201998419e-03
-1.070461622903055021e-01
-1.419632971703528868e-01
-1.718923644942366991e-01
-2.303300436854214261e-01
-3.332052493406665317e-01
-1.028710680756892204e+00
-1.759264129861665360e+00
-2.472114167611036528e+00
-3.000545305854789291e+00
-3.317140671254356299e+00
-3.709667806072026064e+00
-4.226196147444690965e+00
-4.598233629619961071e+00
-5.450596517177548783e+00
-6.359740029822182450e+00
-6.655558708861430084e+00
-6.848292005521757986e+00
-6.981780501367634173e+00
-7.574486501193794297e+00
-8.119305751606979982e+00
-8.308703736392391903e+00
-8.335198785110311093e+00
-8.366628749561870748e+00
-8.392720546912796564e+00
-8.438961201538052848e+00
-8.463127584848601614e+00
-8.465683235201700185e+00
1.122186151479207840e-02
1.134790318803760405e-02
1.741879923092352900e-02
8.256018170776211265e-03
3.268612107542157204e-03
1.283917806401687137e-02
6.884563750011831081e-03
3.999928822878962703e-03
1.118307450284230717e-02
6.635528190991992099e-03
1.905462459826842356e-02
2.400674632168576031e-02
5.273311941597075975e-02
6.289476569614280144e-02
7.118269293126275321e-02
6.288897646043072054e-02
6.314285839281597035e-02
9.304806435026474754e-02
7.647306397692223978e-01
2.417517085231591256e+00
4.090941466958950556e+00
5.440097065110579777e+00
6.465831546763807225e+00
7.146729807088552100e+00
7.633458873204868489e+00
7.892363915469108981e+00
8.072957345384363492e+00
8.211018105732994954e+00
8.295450955735429233e+00
8.387688383041126627e+00
9.018437202958570764e-02
1.339504754655458929e-01
1.898644516700206952e-01
2.044808109576272959e-01
2.154075407923495833e-01
2.294410146354829150e-01
2.699676247900870130e-01
2.816740075129758880e-01
2.980029597678295894e-01
3.158631742575730428e-01
3.297902589262079465e-01
3.269050724803734820e-01
3.511033598863137484e-01
3.542147588749932074e-01
3.482823232072971842e-01
3.496986921845409158e-01
3.632023709045549276e-01
3.829593495330952391e-01
3.937702859259163968e-01
3.945905406146949512e-01
3.917617059472638941e-01
1.524827080872365181e-01
-9.744446282515398794e-01
-2.114907535859289034e+00
-3.211530189192639551e+00
-4.018980791592778878e+00
-4.442004593934917089e+00
-4.743719517479776826e+00
-5.005686689018130409e+00
-5.333154300268811987e+00
-3.468064425603377132e-01
-6.699604206612996826e-01
-8.117470551436241077e-01
-1.010670475229049403e+00
-1.701211341429224477e+00
-1.994669149915094364e+00
-2.057599862242079691e+00
-2.098232335054081688e+00
-2.271478142955901447e+00
-2.338784784354877910e+00
-2.345824584374679223e+00
-2.357223344592582315e+00
-2.360879338982064812e+00
-2.360284673142821976e+00
-2.348105538573520334e+00
-2.371186455444290075e+00
-2.369959577265328576e+00
-2.404089146123425724e+00
-2.397365957399288927e+00
-2.363669716086593375e+00
-2.360164243403523709e+00
-2.352585620672175803e+00
-2.335992140580934961e+00
-2.347232845325651684e+00
-2.350291118347247465e+00
-2.354708263223861842e+00
-2.369225905509672270e+00
-2.363104875262179050e+00
-2.356558456492276576e+00
-2.328631405214422134e+00
1.760706594028158267e-01
1.433728461659496745e+00
3.342848907312550022e+00
4.878635007572903248e+00
6.036444911258449508e+00
6.821128615950524221e+00
7.347782660329059468e+00
7.650091658895391333e+00
7.855967992566344371e+00
8.016218838660426727e+00
8.106381567892775308e+00
8.191820562271420414e+00
8.252562247993568079e+00
8.307231330670784786e+00
8.379518903494563631e+00
8.399074405060327209e+00
8.438397111891578817e+00
8.460440457224740030e+00
8.501871227394277142e+00
8.528541496998224503e+00
8.534326759526106088e+00
8.541953770453879713e+00
8.547875369782683919e+00
8.558229630266724897e+00
8.553268716148098250e+00
8.569013828623614160e+00
8.580888063304735525e+00
8.576762968391934194e+00
8.587256333266923392e+00
8.596360164978936069e+00
-1.101671323798265358e-03
-4.352144896082765779e-03
-6.764647852980135677e-03
-4.560429514871958134e-01
-1.266229857888575339e+00
-2.231401791013381875e+00
-3.162944151632516743e+00
-4.026707106477144471e+00
-4.523614738772563371e+00
-4.888024324167896673e+00
-5.210709961357133047e+00
-5.472652120803854103e+00
-5.707816713114135965e+00
-5.903561924345967604e+00
-6.413695099297973989e+00
-6.958982201363887121e+00
-7.096749243087427494e+00
-7.162095826583926517e+00
-7.381768408173438267e+00
-7.619681164263502282e+00
-7.755741005417132961e+00
-7.863974950510307593e+00
-7.866957342400256792e+00
-7.854609642529964297e+00
-7.861405741337975428e+00
-7.851113582755193221e+00
-7.860280455657206566e+00
-7.871970296679141832e+00
-7.865848285988796817e+00
-7.849932862588771876e+00
3.874456224965398821e-02
5.223244632071844668e-02
6.860568080311719996e-02
6.750962329693907527e-02
7.624773168764650833e-02
6.946990803123556657e-02
9.768837533710074406e-02
2.442997570416529096e-01
1.158068286256308754e+00
2.667911775797828788e+00
4.174436121674866662e+00
5.354670196973005503e+00
6.198575345854999696e+00
6.783594347651471068e+00
7.135001839516507793e+00
7.340099152594734555e+00
7.494589240967023613e+00
7.608327336492819448e+00
7.697081884089852721e+00
7.730005651796195920e+00
7.772377211852895762e+00
7.794609765661803635e+00
7.794722090369582190e+00
7.812811856959498868e+00
7.827429435154946269e+00
7.847694863467113535e+00
7.880748452204997534e+00
7.896908500885889914e+00
7.911133855342427523e+00
7.906594994508664875e+00
5.478461170249014113e-03
1.417191290447777918e-02
2.526702551216063880e-02
5.053853988494000360e-02
7.167615791886920718e-02
7.101180298489932763e-02
7.678828526531646104e-02
6.955100381293567724e-02
7.018192549567218996e-02
6.948447838810654920e-02
5.997136524683503722e-02
3.730710202178653956e-02
2.276364598023724456e-02
-3.766796889490121869e-02
-1.130417993359887768e-01
-3.496847035743183563e-01
-1.054569733128542186e+00
-1.808590886010234433e+00
-2.238560120291294808e+00
-2.431579758721719386e+00
-2.711898474687314931e+00
-3.654308594566969326e+00
-4.483780147701929231e+00
-4.765866081590556469e+00
-4.993966152264576408e+00
-5.271322112719014186e+00
-5.692650176096266890e+00
-5.836310149331195518e+00
-5.987893165610557844e+00
-6.252075214366105804e+00
-1.834499785960191365e-01
-3.361294906906662217e-01
-4.542794607633579007e-01
-5.361304960857909974e-01
-6.296812787808168110e-01
-9.747188490742597633e-01
-1.151499023178377268e+00
-1.224759581808818387e+00
-1.245067869538349692e+00
-1.269509207027945896e+00
-1.295714983145907828e+00
-1.705898313683865020e+00
-1.784727676723040446e+00
-1.813194762324643605e+00
-1.842073943092162436e+00
-1.842640239913108102e+00
-1.840248292642053141e+00
-1.842240821589788968e+00
-1.811508466478124024e+00
-1.804726047902466712e+00
-1.802152108436106293e+00
-1.804319170749635548e+00
-1.786690608955496806e+00
-1.774612660541254439e+00
-1.743637778546127004e+00
-1.701055285350380197e+00
-1.389428359925809264e+00
1.601513475513649531e-02
1.921683896983980677e+00
3.259544967161903450e+00
8.498731040682582227e-01
1.456074597773622026e+00
1.909973241617067163e+00
2.185599055778692623e+00
2.384773279606910990e+00
2.511462983123265325e+00
2.571579776302849840e+00
2.642435629735774061e+00
2.700297324654809206e+00
2.760014147882357438e+00
2.772986982609543016e+00
2.797854952293334474e+00
2.833945504562951800e+00
2.880650017009958930e+00
2.915720172133710264e+00
2.908743051992804141e+00
2.926020616917680339e+00
2.930976895136071736e+00
2.939989211539759673e+00
2.954072351370720995e+00
2.970023971642385519e+00
2.976951133226899859e+00
2.981593768278594236e+00
2.983354127981178827e+00
2.990968506830573137e+00
2.992687766308791630e+00
2.997806843685645539e+00
2.955422260159263015e+00
2.725835337569363137e+00
2.706957833078783349e+00
5.122698788045788182e-02
-2.534882990980887735e-02
-5.641601537277817213e-01
-1.080451799603515228e+00
-1.185368955219470832e+00
-1.713710521726197644e+00
-2.273750369876268884e+00
-2.476078573231279556e+00
-2.627320961511717012e+00
-3.443895334631046357e+00
-4.644156261074410708e+00
-5.630914872072616539e+00
-6.127743560102362430e+00
-6.310367708567915734e+00
-6.435927080011423662e+00
-6.510807780337385609e+00
-6.708371383397434329e+00
-7.146843327831146730e+00
-7.304048564083009509e+00
-7.392953272110741381e+00
-7.456365559923320951e+00
-7.512677213534289855e+00
-7.531304327502472695e+00
-7.710860443966494948e+00
-7.786997568953013094e+00
-7.781406816854468111e+00
-7.802568874057931758e+00
-7.817292576390138414e+00
-7.815069029183884908e+00
-7.815968379799426380e+00
-3.479524033516788462e-02
-5.594502454454926277e-02
-7.803487993793720157e-02
-7.072735439435934301e-02
-4.943637002491921284e-02
-3.450234307894772812e-02
-1.218679795251760220e-02
1.748533506650711833e-01
5.050074320830584274e-01
1.740620256880712757e+00
3.576564822090978701e+00
5.020654538116768428e+00
6.010761083286714879e+00
6.705199922183024519e+00
7.141809719397945955e+00
7.401087464737082122e+00
7.523420245594188316e+00
7.612705418075697672e+00
7.699867793129367755e+00
7.805216722783804073e+00
7.916254070429739720e+00
7.998609979968874129e+00
8.075844237027803629e+00
8.125445625728305643e+00
8.133280687080524984e+00
8.154484643543110423e+00
8.180999688216365584e+00
8.188805444233087982e+00
8.211775494701720746e+00
8.206405822710840070e+00
1.463316214161759776e-02
3.263461633737009537e-02
4.202001741853420014e-02
4.463624813518957818e-02
2.929985992387483182e-02
2.300782250672760848e-02
5.444978990171672750e-02
4.810345608178987625e-02
5.774493910740283176e-02
5.216006034997530683e-02
6.294825137486965982e-02
5.616383788710881120e-02
4.988736588937044136e-02
3.578305359986864304e-02
6.059256841687264000e-02
6.044084654929938322e-02
6.278420926073002839e-02
4.852690873946281097e-02
-1.246413705016938267e-01
-6.972179896022163703e-01
-1.510854184118272991e+00
-1.977234866704506766e+00
-2.052992732797545017e+00
-2.150277719203569138e+00
-2.250928093336736602e+00
-2.388581180339681698e+00
-2.574407348123784356e+00
-2.877175461594841721e+00
-4.214107489459532729e+00
-5.799576396768969744e+00
-1.275629505122564344e+00
-1.951860404124565740e+00
-2.174959240320327059e+00
-2.331442268385576444e+00
-2.457501826016434077e+00
-2.526585129515483530e+00
-2.596356455182655232e+00
-2.632944009550536979e+00
-2.658440887766685190e+00
-2.661435506508988968e+00
-2.657212439057796249e+00
-2.694879431891104016e+00
-2.754046130775548828e+00
-2.760393941874518475e+00
-2.763997593712127721e+00
-2.758379628005513950e+00
-2.775577524653956907e+00
-2.839674198342204470e+00
-3.027718206292036918e+00
-3.017288918886321003e+00
-3.008049277246944708e+00
-3.009710819785415215e+00
-3.028285515245093595e+00
-3.049160410601341908e+00
-3.057173349350973179e+00
-3.055098405707516562e+00
-2.972784996490317244e+00
-1.919981747220559587e+00
-3.604053868543870554e-01
1.072415716199585978e+00
9.962466607800997132e-01
1.999873942428729956e+00
2.948294089985920685e+00
3.707405165796957114e+00
4.190399532350469691e+00
4.522256975715683858e+00
4.738373797609401805e+00
4.929535766592451296e+00
5.100653310821891218e+00
5.202499485782642097e+00
5.241708915985920036e+00
5.266864912062328763e+00
5.308080996423520048e+00
5.330287273140985604e+00
5.358354331922351221e+00
5.414359264133500105e+00
5.431526139378674678e+00
5.445246861347682099e+00
5.455636943278048712e+00
5.439876174688185628e+00
5.447509233619554969e+00
5.459908221670747963e+00
5.483356728230075916e+00
5.479331444017498498e+00
5.483676824284000162e+00
5.485733342691440306e+00
5.485801753133411118e+00
5.502845954877321866e+00
5.509170741163607943e+00
5.500383215361074996e+00
-9.213173760479412278e-02
-1.804038826006817975e-01
-1.331876643728341081e-01
-1.142190775584593226e-01
-1.033103031124927573e-01
-1.154012820919013971e-01
-1.533873337944474669e-01
-9.713008638275055784e-01
-2.120284591739743707e+00
-3.601720131402156522e+00
-4.940181980816666929e+00
-5.775186780159804023e+00
-6.116333195147348967e+00
-6.353418174346212588e+00
-6.547143675654623962e+00
-6.732169249078946649e+00
-6.847494115484932919e+00
-6.913405477857315518e+00
-6.962425302207920552e+00
-7.038444930963438040e+00
-7.082588494998689477e+00
-7.108720063992338467e+00
-7.125218524272628251e+00
-7.352761282881504989e+00
-7.371347152160487859e+00
-7.408596139559558758e+00
-7.411908286399939705e+00
-7.441260535848095437e+00
-7.468769878548111585e+00
-7.484180989080504887e+00
-2.365130915577032256e-02
-3.811256008495614994e-02
-1.612530312863771631e-01
-2.124280930687163504e-01
-2.137124649515674268e-01
-2.167786910260417477e-01
-2.097413507864423488e-01
-1.742657470882705006e-01
4.688926121091764321e-01
2.087280889271591278e+00
3.544724712628188890e+00
4.585760668446217103e+00
5.380916741747610921e+00
6.025080269268588751e+00
6.550190827519869252e+00
6.954589058100902221e+00
7.197615328726486794e+00
7.356770943235087401e+00
7.474092968593201824e+00
7.576973819455047554e+00
7.641494685507257856e+00
7.688278320165550461e+00
7.730775356959909139e+00
7.748834277301686058e+00
7.775476722530057394e+00
7.808900182560800651e+00
7.855336247286466289e+00
7.872459453082294445e+00
7.871541220498033731e+00
7.886857016820926880e+00
1.360382725729434618e-02
2.196699316735198013e-02
2.966283581742876901e-02
4.036909434353293247e-02
6.898021200085881210e-02
6.696831011717785387e-02
7.246399110017891221e-02
8.797422006988558918e-02
8.145229593963861092e-02
8.273525333356823719e-02
7.173667081975369786e-02
8.135389406960011338e-02
9.629348745546936761e-02
9.149451819505527439e-02
8.801316774302028745e-02
8.545314227784918393e-02
9.193410378248291492e-02
1.044269905712170987e-01
8.798835261509774242e-02
4.316384442497302187e-02
-3.480182479753117786e-01
-3.335081668947298406e-01
-3.801280790107715024e-01
-4.379294201789496466e-01
-8.086262725119929273e-01
-1.797918468435999451e+00
-2.243018738166094650e+00
-2.483785909018785265e+00
-3.206962536228229244e+00
-3.672160999557344319e+00
-2.852567781180985196e-01
-4.888845059954954331e-01
-7.449316802312609953e-01
-1.408805997079650707e+00
-2.641225419915639527e+00
-3.253985644014633749e+00
-3.491443085744118324e+00
-3.609411958649536789e+00
-3.664936537997064203e+00
-3.940547278781978857e+00
-4.207351786606749577e+00
-4.296212408940625949e+00
-4.358885167786490378e+00
-4.369835333889370510e+00
-4.382640213294550335e+00
-4.387565241411822470e+00
-4.389493050365086191e+00
-4.363878692104190549e+00
-4.350816666264209154e+00
-4.330141852159402838e+00
-4.332015041574169167e+00
-4.288988567017209874e+00
-3.985569185958790062e+00
-3.236830057724235044e+00
-1.874876153285216951e+00
-8.827425384005994635e-01
-5.457651645608820878e-01
-5.690478432208313508e-01
-6.047995262806820094e-01
-5.439404202405658806e-01
8.006264187422922063e-02
7.569579617685265882e-01
1.999033338806488036e+00
2.903281377712852773e+00
3.541304162423239532e+00
3.985175020582782945e+00
4.213051475987381167e+00
4.390158067331749514e+00
4.506246835689917241e+00
4.587851350895919111e+00
4.647845233019586964e+00
4.711485921360452522e+00
4.774823954618456767e+00
4.834497238347821302e+00
4.901446865040603562e+00
4.949910596814580899e+00
4.965072436450817861e+00
4.963158300441660842e+00
4.986070599799289127e+00
5.003824287329054599e+00
4.997254965778502367e+00
4.964664049128646006e+00
4.968894000881117989e+00
5.012817946713246542e+00
5.039535997334718687e+00
5.037119490597144811e+00
5.008804300124458209e+00
4.989623470869157806e+00
4.988104728139572508e+00
4.973371344726896126e+00
1.486968379086138319e-02
3.514983022836161430e-02
1.623303525963948682e-02
-7.230890097653749904e-03
-7.075078165015449838e-02
-8.904823477453176206e-02
-3.143659250272343719e-01
-4.606419441031009976e-01
-4.695142632126467208e-01
-6.254565783541435886e-01
-8.228899150839107390e-01
-1.611702496875520474e+00
-2.367917623130407989e+00
-3.470034186593941250e+00
-4.423773135937541845e+00
-4.850494236999105091e+00
-5.128930868691338851e+00
-5.385925401911714872e+00
-5.613380568604274146e+00
-6.276025289486575787e+00
-6.739372599102886774e+00
-6.935131075372310328e+00
-7.072505467149020397e+00
-7.298377010224783135e+00
-7.823552007754848603e+00
-7.991709658458738375e+00
-8.078619581643492253e+00
-8.177137565785665529e+00
-8.297847039292475912e+00
-8.456765572766048678e+00
-2.454385127933626787e-02
-9.355510893775868461e-03
-8.744790878712672619e-03
-2.766792438308744023e-02
-3.680257758993675521e-02
-4.026437443825212070e-02
-4.699324051629118204e-02
-3.886561630171426335e-02
-2.639790676343559822e-02
3.744615754317798945e-03
1.126097607495868576e-02
2.922568329475122573e-02
-9.367822257726154955e-02
-1.276844743660318637e-01
-1.286750719864122594e-01
-1.067894469419187337e-01
-8.531429681713632862e-02
-4.171814833464555089e-02
5.728280014633159167e-01
1.641644826712936656e+00
2.899385618533527609e+00
4.363820610816759427e+00
5.498218376105572958e+00
6.180938260484169611e+00
6.767558298372362557e+00
7.157590350065500928e+00
7.424688192958694977e+00
7.590290674187907705e+00
7.663005879059362258e+00
7.748283014699998361e+00
5.977071780658341910e-02
1.355837642722875769e-01
1.891973393064531328e-01
2.167932877324239005e-01
2.338807486614129239e-01
2.689551604636737370e-01
2.899490475290190661e-01
2.925630119190577028e-01
3.076424298698811066e-01
3.130503785390104654e-01
3.426871590228784403e-01
3.577554536009934227e-01
3.671914159575370706e-01
3.651213739309128181e-01
3.619938783227029111e-01
3.607758799539922956e-01
3.757745937893989807e-01
3.765519065963337519e-01
3.872923201451231590e-01
4.151608394159929660e-01
4.013380596391229460e-01
3.970864939656769121e-01
2.967812124265494234e-01
-1.003516856277663072e-01
-2.346043003818913120e-01
-2.792958029913660267e-01
-2.930700173477463477e-01
-3.778071386273439969e-01
-1.041985429193654777e+00
-1.380501161090748496e+00
-2.304765718315651690e-01
-6.854306916322714383e-01
-1.741675402413721985e+00
-2.117911921778160345e+00
-2.180075773298356445e+00
-2.131072429713073646e+00
-2.182788786892196686e+00
-2.773601015339538733e+00
-2.870843600225732040e+00
-2.936482188832071571e+00
-2.962483489945775705e+00
-3.009108186886024772e+00
-3.051176142780916312e+00
-3.339066209156625220e+00
-3.957628137189971529e+00
-4.848038942295929132e+00
-5.269713897107259015e+00
-5.461379613159017765e+00
-5.543253237637770781e+00
-5.604001578372712622e+00
-5.630429435449482156e+00
-5.627181214052144220e+00
-5.648796367637492821e+00
-5.650278934745171178e+00
-5.664562215007524770e+00
-5.665494090197753074e+00
-5.662763805664683403e+00
-5.628731676013948970e+00
-4.929457656636990315e+00
-3.011387111383713844e+00
1.691158880847795531e+00
2.713335073101663220e+00
3.411762595842750212e+00
3.880020158285002907e+00
4.143253114554070748e+00
4.274903280995243193e+00
4.339520842861314343e+00
4.386710997211395124e+00
4.424516827681523878e+00
4.468477662870809830e+00
4.582518191954528142e+00
4.677721737005308356e+00
4.755499339678734394e+00
4.776096580842175143e+00
4.814761820140691206e+00
4.830594033114323338e+00
4.859332984590039040e+00
4.864475429633474235e+00
4.888445423460061612e+00
4.897356575238807075e+00
4.929436291740255882e+00
4.938477918049712478e+00
4.942771070913340559e+00
4.951745793751574531e+00
4.955949831853329712e+00
4.958329554092827607e+00
4.944632089481965309e+00
4.956011179766270480e+00
4.965496783746824683e+00
4.984213527902796592e+00
1.041556241265409119e-02
3.164300306008275242e-03
-1.017148202994653736e-02
-2.600922352730862808e-01
-2.550604115711047615e-01
-2.409783586804693511e-01
-2.131845903553058752e-01
-2.073263300606261184e-01
-2.108551625281864239e-01
-1.953380729144429118e-01
-2.091230547546439056e-01
-2.111014066556947399e-01
-2.151072970898617875e-01
-2.279306456653602819e-01
-3.251495695969877642e-01
-4.662343335355189078e-01
-8.307149636040724872e-01
-1.901302962515646122e+00
-3.103264404763304452e+00
-4.078350577377060304e+00
-4.449782410681063283e+00
-4.625217749285779334e+00
-4.768866245381319757e+00
-4.907002306423731142e+00
-5.218040538676038231e+00
-6.054913523964089883e+00
-6.478362591114037450e+00
-6.676592513346553126e+00
-6.724981323306125525e+00
-6.767642122796707405e+00
-8.927806559664012986e-03
-4.165533388109764201e-02
-8.128562617207248098e-02
-1.426988073658015665e-01
-1.574080373398121790e-01
-1.575809495103381863e-01
-3.865940571251870184e-01
-4.276949554284910637e-01
-4.774878323672535063e-01
-5.281504418136337975e-01
-5.362807108501090880e-01
-5.621927973240257170e-01
-5.749255724722087679e-01
-5.767572554960688214e-01
-5.721719001487836076e-01
-5.745221105627779101e-01
-4.732924978590510312e-01
-4.415765252249080897e-01
-3.837016968892211222e-01
-4.034411884181686725e-01
-4.661873202417911033e-01
-4.819159078704273180e-01
-4.990206283996124204e-01
-4.972659146179245759e-01
2.702313118560728533e-02
1.783335804062113228e+00
3.186480776967457906e+00
4.202060349221694580e+00
4.854375728994381411e+00
5.312529307795140987e+00
2.596770113056309226e-01
3.996025542041883316e-01
5.694397956455272691e-01
7.078849309451946681e-01
8.287466715904994174e-01
9.508283575170879409e-01
1.029660318441429467e+00
1.221770795732524562e+00
1.357252201653371904e+00
1.478856287352790622e+00
1.557360197656460610e+00
1.603076342157102374e+00
1.643598215100055882e+00
1.706279102596220953e+00
1.739157525467567966e+00
1.732019714816703582e+00
1.712025286986929240e+00
1.711838251937194189e+00
1.728775063491782227e+00
1.718931550517882378e+00
1.723086211925132005e+00
1.730854074643814355e+00
1.743007742888645684e+00
1.734912571576228579e+00
1.759110866953478292e+00
1.769767880231780666e+00
1.771962174618622265e+00
1.771663887236668566e+00
1.780493535980633979e+00
1.783572218225353057e+00
-2.116283289791413835e-02
-1.005786204561173180e-01
-9.050462428965361239e-02
-1.051729924603352490e-01
-1.361532891279448876e-01
-1.708850900503171288e-01
-4.076124344522717990e-01
-9.588480535590798715e-01
-1.151231542124320217e+00
-1.274521442363974355e+00
-1.399086257532808464e+00
-1.473270612915634770e+00
-1.863175312222755009e+00
-2.557356111073597393e+00
-2.713283012174112496e+00
-2.797485335426981301e+00
-2.932928723900337431e+00
-3.346203363854328927e+00
-4.501475192365532507e+00
-5.225518060391899589e+00
-5.420977038818543647e+00
-5.581501989493572680e+00
-5.690039467119954786e+00
-5.820443095012747037e+00
-6.238333842673657870e+00
-6.711295490459856516e+00
-6.940798651681442166e+00
-7.112482522526841322e+00
-7.246928297008256692e+00
-7.302811928538171848e+00
-2.825646913258275106e-01
-4.197702689830559719e-01
-4.489196922834664538e-01
-4.748054906742918413e-01
-4.965824177510591020e-01
-5.253130873382545474e-01
-5.381960583970346601e-01
-5.493465128915777651e-01
-5.610079306405303390e-01
-5.575958034217197712e-01
-5.564407390621302074e-01
-5.451261093798290824e-01
-5.498876461603674493e-01
-5.616525049844859341e-01
-5.546309591884470702e-01
-5.659733924481108458e-01
-5.654473281208741708e-01
-5.609649110061899480e-01
-5.622306309246338785e-01
-4.358676045894383511e-01
-3.288098062736475313e-01
-3.161710167045909126e-01
-2.978900568408746619e-01
-2.915821303398968278e-01
-1.216262965436959720e-01
6.441108628601560637e-01
2.083207045845063554e+00
3.505065303454352410e+00
4.582955894687525955e+00
5.348347716544513908e+00
6.011251107104201852e-01
1.054241723523781094e+00
1.336293250897021778e+00
1.533330564686411268e+00
1.667157316311627113e+00
1.814299393361081592e+00
1.961598166668450105e+00
2.095800960260452150e+00
2.171539536468673148e+00
2.306864811571871510e+00
2.345493329728955079e+00
2.330832615522536955e+00
2.319592180622286115e+00
2.316012661762239855e+00
2.327303335705947163e+00
2.326327456475523192e+00
2.326099399821753178e+00
2.367638950512872764e+00
2.382018067594904753e+00
2.381119085402979785e+00
2.366646414907673357e+00
2.365967861024019125e+00
2.376697885139211763e+00
2.368836610020999434e+00
2.369471464525646720e+00
2.393206098630099365e+00
2.389559615407433668e+00
2.393813254528515788e+00
2.391087874051451401e+00
2.388582516950247481e+00
-7.045942588949176237e-03
1.590526539340410966e-02
-1.135529728656128196e-03
1.126479871975275687e-02
-1.490741274962628926e-01
-2.320836788114533644e-01
-2.235827172818879438e-01
-1.886840067904498597e-01
-1.929562423600915400e-01
-2.277578803721474754e-01
-3.483129992398274477e-01
-1.199778421058108169e+00
-2.083391657150727827e+00
-3.028638597734763849e+00
-3.527780467509959994e+00
-3.773210214174514743e+00
-3.917053881022694917e+00
-4.041337050927772623e+00
-4.151263379949710952e+00
-4.221683745330011561e+00
-4.318668875894708492e+00
-4.419313364603640437e+00
-4.712318277466413186e+00
-5.438929159726403562e+00
-6.283477672942920478e+00
-6.748457213304815738e+00
-6.897057421352855933e+00
-7.009782836084943902e+00
-7.087859007663352529e+00
-7.136844604345808030e+00
-4.844997027458108896e-02
-1.341440742992099366e-01
-1.748781611526550872e-01
-1.824225524588429237e-01
-2.165165009079048908e-01
-3.190935357545120477e-01
-5.456039041212994434e-01
-6.112736705332209031e-01
-6.405684463942308282e-01
-6.560928785111513895e-01
-6.638749341314637009e-01
-6.781421421017289619e-01
-6.872557465011085442e-01
-6.840445707940978615e-01
-6.716332348092410864e-01
-6.807642682843279003e-01
-6.311429424656929132e-01
-5.954358999696189869e-01
-5.525005272288953106e-01
-4.183077109685993111e-01
-2.958130292838893616e-01
-1.587730482279149369e-01
1.050182773563362870e-03
2.399693098412617465e-01
6.944517281109361395e-01
2.087491459990280074e+00
3.602577089315504022e+00
4.846110264896831055e+00
5.674773221837007497e+00
6.200060096706156543e+00
3.933844343978364910e-01
