2.178675802975732212e-01
4.259259849096886930e-01
4.634145799779996189e-01
1.755861914209952968e-01
1.482966830990704865e-01
2.248781607364321866e-01
2.859370178297862553e-01
1.575310228481230090e-01
-1.262203447600329376e-01
-1.836651963865965909e-01
-1.264132764983350310e-01
2.431819408590610299e-02
-3.272628711791869538e-02
-2.627737564218477276e-02
-3.038784221270846367e-02
-1.016916860192956934e-01
-1.854459127172306265e-01
-2.325617569114152572e-01
-3.287117118412276051e-01
-2.893060638635004955e-01
-2.293802567485587751e-01
-1.274350714834487364e-01
-6.319904481458887835e-02
1.222229799191996980e-01
3.762395762833274926e-01
7.103873839966730053e-01
9.446438589687483622e-01
1.273754939159376320e+00
1.506579730888805368e+00
2.196914338060228788e-01
3.841268793936146175e-01
4.362768883145649035e-01
4.952266317807003104e-01
5.535070855151679181e-01
6.132734073804130270e-01
7.990338004642363323e-01
8.663538124118653760e-01
8.758575401006027938e-01
8.746217103936542170e-01
8.316720121906195917e-01
7.749718698438092801e-01
6.594157358218880605e-01
5.670755184778354385e-01
3.629512586841820987e-01
1.058267739457110501e-01
-1.748046312163446525e-01
-4.701015392313266372e-01
-8.160185374435191541e-01
-1.066745850137544416e+00
-1.333237694526556494e+00
-1.474433418928039696e+00
-1.589393065183896336e+00
-1.794163581901589755e+00
-1.829098265019299507e+00
-1.902035983947014453e+00
-1.788429031094730615e+00
-1.701884325540465426e+00
-1.506135342740119842e+00
-1.375498268956146575e+00
1.948936566362147738e-01
3.475146675678805197e-01
6.105563670163728363e-01
8.864298311506069172e-01
1.127555642232596744e+00
1.287288817053412693e+00
1.451535713746991307e+00
1.611563619488826538e+00
1.791967576972547826e+00
1.963615800775214471e+00
2.016240791709920543e+00
1.944121521832624211e+00
1.984933388428971934e+00
1.941982727448912316e+00
1.940697842961653041e+00
1.939912778790933823e+00
1.914381895794917243e+00
1.827287983869300136e+00
1.556307680700896867e+00
1.380361631336288086e+00
1.074010719223153831e+00
7.954858047419179901e-01
3.912933366786890410e-01
2.209534244993271168e-01
-2.162425356290015310e-02
-1.506412260020157656e-01
-2.882901772104825011e-01
-4.133180084374920571e-01
-6.277782766690495064e-01
-6.175693755952361697e-01
4.500615850847181770e-02
1.838342965403513551e-01
4.262886602883753095e-01
5.432448057780294715e-01
9.489925805294665562e-01
1.442305530529626623e+00
1.813115336208237283e+00
1.967661968944721007e+00
2.132193776634672133e+00
2.302196573250466116e+00
2.473134512012396424e+00
2.503506471153447599e+00
2.552674380273456389e+00
2.546166371244854343e+00
2.497846660216803905e+00
2.403464540034831121e+00
2.291065768664446889e+00
2.106986020810528881e+00
1.773620824212594149e+00
1.529510570706996253e+00
1.107702276701836741e+00
7.809460198680862053e-01
4.637242806851863963e-01
4.565702181538263127e-01
3.016462817345363367e-01
2.635770630631492084e-01
-4.563318197464688586e-02
-5.394221145288993075e-02
-3.030588454923045516e-01
-2.585988199292209577e-01
4.130541154997031429e-03
2.193078509007407306e-01
4.381908822105903267e-01
6.823885887581786491e-01
8.939427502584622598e-01
1.144590591017809134e+00
1.502982317082067754e+00
1.758727382635487224e+00
1.995053324585414511e+00
2.106943277759276700e+00
2.175110688583079988e+00
2.209023982424680899e+00
2.255688415401017721e+00
2.262801619695742783e+00
2.214525662503101788e+00
2.178258996772230116e+00
2.058751170547316267e+00
1.909457682660999467e+00
1.730070821455890862e+00
1.467290232511761383e+00
9.531524581888349834e-01
5.923549376645629305e-01
4.660808846910695080e-01
3.297623439088909203e-01
4.050238708405482502e-01
2.692218052394225736e-01
2.607203959165391716e-01
7.966130846358268625e-02
-6.960188197064920423e-02
-2.759812407488060337e-01
1.173149745032666252e-01
2.045191926237507896e-01
5.568662430296851262e-01
7.736131355019797429e-01
9.736199323763499169e-01
1.214299475216638058e+00
1.472211323224487556e+00
1.665505107328400403e+00
1.937274346359058708e+00
2.014578038725175713e+00
2.119577696434293834e+00
2.196436265672273347e+00
2.277825307151674750e+00
2.280361112417886194e+00
2.331007966871509129e+00
2.344515521387052992e+00
2.339414932851675122e+00
2.316068766670678514e+00
2.273819212505825416e+00
2.206489221428242775e+00
1.982825172892766608e+00
1.674021240616192951e+00
1.155894871054865991e+00
8.715440254589998936e-01
6.898484258183452678e-01
5.157531362768001948e-01
4.308959951000194133e-01
4.024200325109023035e-01
2.371460751989423188e-01
1.617681916346835336e-01
-2.915716723313226955e-01
-3.625327206059126839e-01
-2.677539496897148874e-01
-1.414250551441407211e-01
1.438472600865147721e-01
2.493009329359434090e-01
4.223044250397549049e-01
5.670246894940622617e-01
8.846626221618323349e-01
1.188927097367740160e+00
1.527154688254453996e+00
1.651450826878651412e+00
1.635554812781452316e+00
1.592956136510922160e+00
1.643541280907322877e+00
1.721409935309915706e+00
1.818559348457226443e+00
1.831725427591849753e+00
1.925122876792839444e+00
1.940965409572594114e+00
1.957615463573809444e+00
1.922570344420849064e+00
1.824806042322997257e+00
1.687000433884468409e+00
1.503639179630121836e+00
1.217064936732632052e+00
9.086856029547099034e-01
7.060063870350743453e-01
6.417666494151261780e-01
4.179939294315915266e-01
-1.334117473921488106e-01
-2.580983674298205632e-01
-3.048889025965687005e-01
-5.190915391683464941e-01
-6.685946740344910211e-01
-1.009068935494166874e+00
-9.315127011347840158e-01
-7.638138836507907259e-01
-4.220356145939148096e-01
-1.646963438614040265e-01
1.856675780210444437e-01
4.267703555582171848e-01
6.265344217475118382e-01
7.612840603015225138e-01
9.765046988205452472e-01
1.064142939369959295e+00
1.161717730828417672e+00
1.194671432056137350e+00
1.226317387521633107e+00
1.293698473843014174e+00
1.323290335928128281e+00
1.394989272908311762e+00
1.430343231955761629e+00
1.450894720494403378e+00
1.457442874972450841e+00
1.421746738108528474e+00
1.418938726588330868e+00
1.432560360573236213e+00
1.465331092509277289e+00
1.434054742237108160e+00
-2.874094685701264473e-02
-1.030898025888814240e-01
-1.802364585419871656e-01
-3.877948831648970751e-01
-6.138604601770906166e-01
-8.557363254933205710e-01
-1.347766518899360833e+00
-1.689649993729327004e+00
-1.833676822721689526e+00
-1.852973144343912582e+00
-1.936293431513521845e+00
-2.017322249071421769e+00
-2.047718490148780823e+00
-1.982423389623403143e+00
-2.041683125196348314e+00
-2.260100917513740537e+00
-2.630686615777420911e+00
-2.656150774710844598e+00
-2.499933291331088547e+00
-2.075933268557171196e+00
-1.722332942340875750e+00
-1.515638835385751726e+00
-1.347350998655798993e+00
-1.140481340559717616e+00
-9.846040973616393410e-01
-8.014911136903809519e-01
-5.293310237425088438e-01
-3.680514875241126527e-01
-3.067005677898156368e-01
-4.095951512444534481e-01
-5.533100915279875326e-03
3.877639649633790597e-02
7.152350968135254283e-02
6.445984593270719099e-02
9.109294516110638673e-02
4.586688464710132057e-02
2.813108058268717904e-02
-1.059424582831353101e-01
-2.770135777325010706e-01
-6.864100089379381320e-01
-1.246878614076604386e+00
-1.561144099208060521e+00
-1.729501067423030225e+00
-1.818416148322258064e+00
-1.864643461221743737e+00
-1.871622280905251845e+00
-2.113230072545079885e+00
-2.273995479076687420e+00
-2.609853559909789400e+00
-2.473744598193481803e+00
-2.331577353378643913e+00
-2.011677313559953717e+00
-1.535506479058539098e+00
-1.118202292200140224e+00
-8.862641304075485893e-01
-6.162564356611983651e-01
-5.392902805289598867e-01
-4.547865639104069491e-01
-4.748162649408869118e-01
-4.231518233665237383e-01
1.144871738977132174e-02
1.729394207139960116e-01
2.915128681112376663e-01
3.599449632466209525e-01
4.036891811947005970e-01
3.824387811744173193e-01
3.412051885806473561e-01
2.970519240719724507e-01
3.098554254303797495e-01
2.988463074433629352e-01
1.672312200542458438e-01
-1.144539003659966192e-01
-6.183073070661493364e-01
-9.834475824527479926e-01
-1.094500378587199396e+00
-1.210775804066323680e+00
-1.582370742361814742e+00
-1.905818873455918050e+00
-2.090040107131031277e+00
-2.156372969359094505e+00
-2.040127995396682437e+00
-1.722705778107451291e+00
-1.436597055055374605e+00
-1.084283469526188481e+00
-7.795976652688840769e-01
-5.688407292531381110e-01
-4.515753438360617378e-01
-2.336781061244933844e-01
-7.543598960156799871e-02
1.111048272031577022e-01
1.604997260267349846e-01
2.686959062489389649e-01
3.181461813552085571e-01
2.956827524754326864e-01
2.000578745886152920e-01
1.674655867064815673e-01
1.990678255512728367e-01
1.169199948229075886e-01
-5.338207048649580566e-02
-4.699078273377495507e-01
-9.901146802975415717e-01
-1.299135347239749549e+00
-1.529238313376157787e+00
-1.783487935055451779e+00
-2.070650929476970603e+00
-2.280429505948219582e+00
-2.511114239310664242e+00
-2.579413829216147924e+00
-2.635584892339889240e+00
-2.255737510641099508e+00
-1.920767661903346690e+00
-1.621818551625139992e+00
-1.302186387681192548e+00
-1.232931549019327999e+00
-1.023453751973573578e+00
-8.321989530719041683e-01
-7.618510625821426352e-01
-7.071373692802863653e-01
-4.962452785618038376e-01
-3.822354307777441895e-01
-3.631534873518705350e-03
8.763229947744663462e-02
-3.810926975726092181e-02
-3.390775539186586390e-02
-4.177914384016079286e-02
-4.702763710171813799e-02
-1.864641710928295615e-01
-3.872462895161876695e-01
-8.857088095566357788e-01
-1.290986288853848141e+00
-1.486462977236084226e+00
-1.531676202570540823e+00
-1.777340045036744254e+00
-1.774115380222078819e+00
-1.965883993625805681e+00
-2.093455997352559717e+00
-2.178883601260049652e+00
-2.192382266572986182e+00
-2.008731888991142078e+00
-1.800457904821357369e+00
-1.544654176673620816e+00
-1.328694610270243270e+00
-1.113775488920626611e+00
-8.531193305143347505e-01
-5.568244948388438864e-01
-4.345535913758532542e-01
-3.186117536124555283e-01
-2.961903697380008915e-01
-1.742818662121356499e-01
-7.477648574985303054e-02
3.617714008079022520e-02
6.914848025277625654e-02
1.951126495835369679e-01
1.404055396962606839e-01
8.278663197753811931e-02
-3.176652925196064847e-02
-2.827037706293625274e-01
-5.137059839476858514e-01
-1.011897211608039582e+00
-1.150796886333012470e+00
-1.490718976482527269e+00
-1.687022383714560592e+00
-1.903838907541189673e+00
-2.123381084282566444e+00
-2.259938896333473668e+00
-2.504745518125024439e+00
-2.557984001940968977e+00
-2.399157181934217231e+00
-2.144202889603659123e+00
-1.793748416094921305e+00
-1.541380991073311391e+00
-1.320145540916296545e+00
-1.182844474696584269e+00
-1.043049929015155808e+00
-9.067119365212046311e-01
-6.821989198873862348e-01
-5.756486244160126109e-01
-4.312064760468802271e-01
-3.321520687607889544e-01
-3.065472502202732930e-01
1.626840931202698792e-01
1.706207094066840568e-01
1.448650464628628565e-01
8.458927302662223868e-02
4.426770243541294086e-02
7.511573587166534005e-02
2.576945055395927359e-02
-8.765967032330035380e-02
-4.025740471132316922e-01
-1.000724688094023707e+00
-1.351506439306206397e+00
-1.622185758152602686e+00
-1.653742291473193848e+00
-1.692238898682359771e+00
-1.931973932144356088e+00
-2.146000798923002328e+00
-2.362336910137392554e+00
-2.451365820843529608e+00
-2.405151629456625972e+00
-2.276823615330167083e+00
-1.976964339987282937e+00
-1.794367809960382809e+00
-1.441182944977696501e+00
-1.294939360189297117e+00
-1.082656712998539383e+00
-9.677654732584569652e-01
-8.026214862835288066e-01
-7.091920027088813860e-01
-5.817843323111965281e-01
-4.943046999802650499e-01
1.423762393691509476e-01
3.074465307518992052e-01
4.866746509918827845e-01
4.427168857287441250e-01
4.009210865439320481e-01
3.453580907314964810e-01
4.144507978657170910e-01
4.808370280086118331e-01
5.186677130708844397e-01
4.581266198391432676e-01
3.569388517693237173e-01
1.477718059316466825e-01
-2.773833915941104067e-01
-7.130785272963393595e-01
-9.033925100140020037e-01
-1.018899970203327676e+00
-1.232281158397843468e+00
-1.265168751439291972e+00
-1.470246307949728992e+00
-1.460172879421043346e+00
-1.498041641224378662e+00
-1.477342343506738098e+00
-1.456649001158563994e+00
-1.337647548745166448e+00
-1.153719018983787814e+00
-1.060296114251086719e+00
-9.905806866993668303e-01
-9.038723259121566045e-01
-6.812976756707427306e-01
-3.465326737459159534e-01
1.495999829378810708e-01
3.193431026667138961e-01
4.568268021297422488e-01
5.757213895438550999e-01
7.563850268147436218e-01
8.693215248553418650e-01
8.735595841510108706e-01
7.816660396525790810e-01
7.789777653347006448e-01
8.895415858800951314e-01
1.016606311347656888e+00
9.113063923958851786e-01
7.285008912990098562e-01
4.176642435437440959e-01
-1.194627347085105429e-01
-5.617598518523759799e-01
-8.971956374726944849e-01
-1.078283192103365540e+00
-1.293933477380026842e+00
-1.461377444658170877e+00
-1.539792666998788917e+00
-1.654169378837824222e+00
-1.610576128513788285e+00
-1.444215110549816661e+00
-1.315258701998751611e+00
-1.083251496823366855e+00
-9.572594954718689486e-01
-8.222415779105791689e-01
-6.012227143876672786e-01
-3.434780249978214850e-01
2.591276362900003516e-01
4.279129554648785083e-01
5.549726233864080704e-01
6.532622676149922869e-01
7.798062278716082485e-01
8.871005211696318948e-01
1.031849553304650557e+00
1.043331502111930931e+00
1.022393663958188981e+00
1.003251681559208963e+00
9.301791592072436998e-01
9.597892973275327089e-01
9.747542833339492008e-01
8.445024414778978805e-01
7.403175614225232515e-01
4.534606677643796546e-01
2.701257512010663553e-01
-1.818720699687227382e-01
-3.223168154499328475e-01
-5.437572245706555618e-01
-7.015329311828362169e-01
-8.618765277915502176e-01
-1.038016350136876209e+00
-1.092727808038484127e+00
-1.066487760891090097e+00
-7.655381276439754412e-01
-6.776745316487613469e-01
-5.484144281736151871e-01
-5.037470855540768788e-01
-4.766955933501714204e-01
1.261726118487234427e-02
5.405084361100905010e-02
1.630804070190483013e-01
3.837737955211822927e-01
6.814093554289910593e-01
8.775656394885663625e-01
1.002437676083502538e+00
1.078625137029288306e+00
1.193429097463828192e+00
1.287304113697359753e+00
1.333258317303734453e+00
1.360891445166515057e+00
1.360295617444229332e+00
1.353679352176738515e+00
1.391526617275644639e+00
1.356011301724473039e+00
1.364520040461564721e+00
1.352334166616287803e+00
1.151671690086327304e+00
8.983253570921994058e-01
6.285195310154135795e-01
4.996763948141433875e-01
4.963044139289415901e-01
2.935935495611661228e-01
1.585213997984571133e-01
4.461562331608683041e-02
-6.839139396714233321e-02
-1.172820946813252774e-01
-5.365734318331041863e-02
-1.135470824793108346e-02
2.804381262119445481e-02
3.578773191710925977e-02
8.109347084316370635e-02
8.447083299514672461e-02
1.324571024112738971e-01
1.936557261458648205e-01
3.138719956677187284e-01
5.003573994020252824e-01
7.232035101459265425e-01
8.454139404887035525e-01
1.021746358673971011e+00
1.147919956968093791e+00
1.277121489932996568e+00
1.363489550559570995e+00
1.251224788603130467e+00
1.219400361759007234e+00
1.238491172978259947e+00
1.316631567744620535e+00
1.390995409407624006e+00
1.376125985904427251e+00
1.382615167860655303e+00
1.192718954307093071e+00
1.053770676372365767e+00
8.986242900054454141e-01
6.852799684269879066e-01
5.352666201537920054e-01
2.383247339523991704e-01
2.276228905790061430e-01
-4.356179834264872763e-02
-4.567790075202534522e-02
-2.372036241944856794e-01
-2.538033441972558091e-01
-2.462733640911107247e-01
-2.668932465181942937e-01
-2.613974683022124434e-01
-2.230613578373129846e-01
-1.304045673290391560e-01
-5.540100641899943501e-02
1.622989895849559217e-01
4.498015449650596409e-01
6.577215699305938301e-01
1.010099570852124096e+00
1.242516920930188729e+00
1.430627615794177965e+00
1.483348450386052342e+00
1.478219354232451543e+00
1.454800230090756763e+00
1.497700235218495823e+00
1.484525294343739699e+00
1.394986236960360060e+00
1.338286311621132540e+00
1.211710413511900342e+00
1.100797800312103947e+00
9.868076649716792659e-01
7.862924499881747131e-01
5.280380015214181100e-01
1.492793845034979250e-01
-7.022735105460881089e-02
-3.103031075727210597e-01
-3.536463148786453403e-01
-2.720989181979394794e-02
5.552989278348997859e-03
1.760820030140440931e-02
5.412396337323460704e-02
8.953688984155290520e-02
1.696794887853125267e-01
3.319573483355860999e-01
4.645169922048927869e-01
6.237453563857988659e-01
8.382775387480259077e-01
1.052360268072568106e+00
1.172803115020023323e+00
1.341833038631248698e+00
1.458387815650797226e+00
1.524423536269279067e+00
1.576414904535604622e+00
1.614675118717142199e+00
1.694210621787568316e+00
1.786336646606132783e+00
1.818655018373945609e+00
1.802838448318554221e+00
1.772848657431932873e+00
1.759222559425375421e+00
1.733400695436715155e+00
1.709175793443504343e+00
1.630416707904251084e+00
1.554437595030807584e+00
1.378388712306862551e+00
1.232850150318493432e+00
8.510183705749848615e-01
-3.115516923621426959e-01
-5.095069035159419668e-01
-7.240530232697967028e-01
-7.826414068997651352e-01
-9.409251405661153145e-01
-9.859061905464714393e-01
-1.069473039401114267e+00
-1.152626011646731508e+00
-1.109575617573202999e+00
-1.144443661283739644e+00
-1.001478662513104023e+00
-9.564518415532762274e-01
-7.839100289159277590e-01
-5.031654653960351276e-01
-2.916831676241632976e-01
-8.344925618229695474e-02
1.223355333078031681e-01
2.684862944790756822e-01
4.361115005452738114e-01
5.040672414219646846e-01
5.703809396473655813e-01
6.513481624350986321e-01
7.065849619933911585e-01
7.471284981472218201e-01
7.344434350192914351e-01
6.329284156527631433e-01
6.127495478832157838e-01
5.557686486279205251e-01
5.282295479921749193e-01
4.562186267116584704e-01
-2.493729326690708181e-01
-6.298180736314888950e-01
-1.116240986528330703e+00
-1.423930072508374112e+00
-1.537647009143171095e+00
-1.585486066959352680e+00
-1.759178415745573432e+00
-1.825518747653372964e+00
-1.936426760099255517e+00
-1.863725610834862989e+00
-1.829373840768608428e+00
-1.694695256327282351e+00
-1.447422138952772830e+00
-1.274735969549285031e+00
-1.135987562102932502e+00
-1.109599370434573462e+00
-9.764978830606898530e-01
-7.497294292940048788e-01
-5.059750350742113767e-01
-2.620477356750054998e-01
-1.143860987399268614e-01
1.278034243124295810e-02
1.324866751330736614e-01
1.729073022033579543e-01
2.251277279479222682e-01
2.361140236803899728e-01
1.382194995055004705e-01
5.620005167545717717e-02
3.255491663649835721e-02
2.085877373352867242e-02
-6.416301014984532314e-02
-7.682955269489939731e-02
-1.726148301440329214e-01
-3.157775255953189086e-01
-4.071991921914319690e-01
-6.456017094489885366e-01
-9.441115675958775544e-01
-1.077486873451689808e+00
-1.504630024089969709e+00
-1.530611424654868324e+00
-1.399658137805624758e+00
-1.479317063774668872e+00
-1.522731033600656314e+00
-1.678664904734078700e+00
-1.670558721469505681e+00
-1.750590550719880012e+00
-1.776897659519403927e+00
-1.907203426920030420e+00
-1.949609000996073149e+00
-1.963399330146519350e+00
-2.094654367399834793e+00
-2.039804321513611018e+00
-1.909164148099017133e+00
-1.712047109222070818e+00
-1.479249914841710645e+00
-1.220009887420992811e+00
-9.212143376587269561e-01
-8.364940905027142826e-01
-7.311996655967447634e-01
-6.181053890311068999e-01
9.685567952673888870e-02
2.003152063195964006e-01
2.830875302711670094e-01
3.781187289251679573e-01
3.911711919260146275e-01
3.174336096182815981e-01
3.028994159360677840e-01
2.963909988049990840e-01
3.182173817597405696e-01
3.665462294310368740e-01
3.754329339939763699e-01
3.558744697716796912e-01
3.150816393220353673e-01
2.642865022129350927e-01
1.561443081018922541e-01
4.928561020215355137e-03
-4.153054368103614724e-01
-9.081784618699050293e-01
-1.138708088885355130e+00
-1.317590036053465141e+00
-1.346947784529375802e+00
-1.317637797417516854e+00
-1.526911431259120544e+00
-1.712321551454723645e+00
-1.949470889655159800e+00
-1.926681588413270863e+00
-1.944349713419800896e+00
-1.686976592646986850e+00
-1.488057826423409447e+00
-1.373301237442493106e+00
1.046835869499779526e-01
3.139040594728411682e-01
3.924239426447880263e-01
5.803992710183905057e-01
7.589645406476641654e-01
8.962251644537273521e-01
1.046803146817773422e+00
1.192046816469133352e+00
1.229352760886958551e+00
1.298335362004392035e+00
1.382526283979127024e+00
1.422789843982185776e+00
1.340815231530159579e+00
1.403132987446545910e+00
1.386727218771647951e+00
1.366941312573849876e+00
1.362670456067862856e+00
1.353836266776402786e+00
1.216706220034334818e+00
7.544635271202875249e-01
3.718413699410691442e-01
-3.464546884139585448e-02
-2.327269673639854319e-01
-3.799372934235208943e-01
-4.242228938377038960e-01
-4.080601315688685560e-01
-4.966132295887235593e-01
-4.556164341220619307e-01
-3.880999376328316264e-01
-4.890989476492742516e-01
6.876306272721229018e-02
2.030850110901474131e-02
-1.333399266435046637e-04
1.259820714031618660e-01
2.822412661245028431e-01
4.017540177858583417e-01
5.662589143640031075e-01
8.555845463340203683e-01
1.132979190075448006e+00
1.336473986128387192e+00
1.419007887501073872e+00
1.443072371076034255e+00
1.422451650757190711e+00
1.390308687939783683e+00
1.397351571311124863e+00
1.329489593772014810e+00
1.061754490332218026e+00
8.900519160564325238e-01
7.013929199506729883e-01
6.672804589669530939e-01
5.369392296788292329e-01
5.333969168134226058e-01
3.359837885096183530e-01
1.966976914415208555e-01
-2.996971742005147266e-02
-1.792121527302836526e-01
-1.917524235076874251e-01
-7.532942235987036272e-02
-1.643495880551635452e-02
1.006587603084586058e-01
6.640647216591860635e-02
7.262119822679727332e-02
1.023588608705226499e-01
1.407516013160730606e-01
2.945601162301667575e-01
4.509920489955667744e-01
7.590127917222140308e-01
9.519504628455065509e-01
1.205535038648540613e+00
1.377755426909353265e+00
1.479923230800612055e+00
1.559554740458990008e+00
1.525194182837221524e+00
1.482372706995925826e+00
1.547413300855008833e+00
1.586826016060099098e+00
1.631932394368979633e+00
1.659333985153665036e+00
1.691564580113223748e+00
1.710165711678177436e+00
1.703004225032207941e+00
1.678687532757212164e+00
1.637414933056656308e+00
1.588963230576432295e+00
1.575399235256549790e+00
1.545181607562234438e+00
1.463992077987771312e+00
1.313967205518406622e+00
1.192321027858397775e+00
1.044330115693421268e+00
-1.100894965952846777e-01
-1.607241825540119684e-01
-2.984897648456268371e-01
-4.235524352186935682e-01
-6.182335258990951932e-01
-7.615650916485153799e-01
-7.631305016172063027e-01
-9.140481020984905225e-01
-8.733556915822918709e-01
-1.028912373095026256e+00
-1.148722667630982297e+00
-1.132282902374642131e+00
-1.065437323417244286e+00
-9.694964815556097459e-01
-9.395184312790696435e-01
-7.428492871991599911e-01
-5.149018916064445062e-01
-1.200163020783873713e-01
1.867826486774173955e-01
3.238564899535829600e-01
4.082349431594810563e-01
4.747278758031625578e-01
5.061890867902671953e-01
4.789033638424938788e-01
5.197833936396112353e-01
5.908655377973967004e-01
6.859164441650450472e-01
6.835815760130484753e-01
5.934454935299199319e-01
4.901233126955403807e-01
-1.276007801477877235e-01
-1.858573865370206912e-01
-1.434748475516977317e-01
-1.569371147280581857e-01
-2.104200948682896644e-01
-3.951790897984129858e-01
-9.356798481666158684e-01
-1.139009659579361067e+00
-1.487692200993918190e+00
-1.306670899809224684e+00
-1.312736136348555238e+00
-1.630445723040708117e+00
-1.758389294659810975e+00
-1.887590839590276737e+00
-1.818539791286979401e+00
-1.795074119587639627e+00
-1.797077903865762272e+00
-1.771154373307831653e+00
-1.773443150922164202e+00
-1.799705268837378247e+00
-1.771444595711262116e+00
-1.692266289834275739e+00
-1.612613814647476884e+00
-1.495741128522012575e+00
-1.292550211316627617e+00
-9.801369369599779446e-01
-7.159807161187912161e-01
-5.039071772346661593e-01
-3.380449644226534156e-01
-1.912035656673489459e-01
1.444058014292944059e-01
1.942845658065065484e-01
2.477540517092713113e-01
2.852719154303415827e-01
3.131940372762817559e-01
3.115069685612415484e-01
2.704607469144605369e-01
2.415612061620699969e-01
2.333531015034217837e-01
2.408142687595658804e-01
1.734193882124429598e-01
1.751075112588462157e-01
1.321691866122900183e-01
7.507640595282147333e-02
-2.267883562406199094e-02
-1.219717047408082206e-01
-2.810617022443945290e-01
-1.975836760541955228e-01
-2.807967404844602388e-01
-3.398123493214413871e-01
-5.262273227032382428e-01
-8.678261059313883141e-01
-1.105749482787998561e+00
-1.372013423939469234e+00
-1.558623017314042292e+00
-1.516122482812571670e+00
-1.531993461710532856e+00
-1.532519962411154957e+00
-1.474708788201917864e+00
-1.468491605100749275e+00
-2.574804820939597533e-03
-2.413477859058043781e-02
1.642428438227601373e-03
-4.079479521567583311e-02
-5.551988626243292008e-02
-5.838998798641144988e-02
-1.972481302855700336e-01
-2.433567359917220840e-01
-4.136485593987929699e-01
-1.225469670338523165e-01
5.196665418227686128e-02
2.571073098727699180e-01
5.190180419045102855e-01
8.234168878205020414e-01
1.000071396592528750e+00
1.141049335770414341e+00
1.270360724181110790e+00
1.281941387696891255e+00
1.357692042459414550e+00
1.448225060988516333e+00
1.566104042367395310e+00
1.673784889363449935e+00
1.705306016621149112e+00
1.686380989310042766e+00
1.673621986209160806e+00
1.664982500487423245e+00
1.680145594278354970e+00
1.682375738536083798e+00
1.642602789561556254e+00
1.630019924502628115e+00
-5.625407455563759956e-02
-1.428458654030529407e-01
-1.648634038676442815e-01
-2.013687720987743512e-01
-3.582241214249216599e-01
-5.017406905177064225e-01
-1.003654111947896777e+00
-1.220816191077137791e+00
-1.374321639376906656e+00
-1.236926727891100475e+00
-1.541835467134718529e+00
-1.576412221426044313e+00
-1.861285284229718728e+00
-1.838831684164349500e+00
-1.870714170026581025e+00
-1.835061450588398424e+00
-1.838780016626556213e+00
-1.780749980452111192e+00
-1.717389594984360945e+00
-1.532733955664375980e+00
-1.233311801985720768e+00
-8.579353481855410690e-01
-5.681675197420394952e-01
-4.383982326294720844e-01
-3.756298797486194441e-01
-2.768888466910076618e-01
-2.933198832901459663e-01
-2.263006146631772186e-01
-1.813435122766030305e-01
-1.760102826196132120e-01
-2.191442228964827696e-02
-6.194765492583283184e-02
-9.432709093051901139e-02
-1.013133572073348226e-01
-1.488605892553104826e-01
-3.036508654728634626e-01
-4.972817413891725824e-01
-6.542895155951548025e-01
-8.895382914187724976e-01
-1.023416430056483861e+00
-1.182849642333060336e+00
-1.340431038146804976e+00
-1.594373384171319463e+00
-1.531441059317202313e+00
-1.596068942038040062e+00
-1.668413548974553517e+00
-1.712933230289358955e+00
-1.778718627056176782e+00
-1.697791732207308391e+00
-1.614927528500879506e+00
-1.548058954286094302e+00
-1.533403292128875606e+00
-1.445196237914220472e+00
-1.104062444525827580e+00
-6.978463214244255974e-01
-4.634152025584382661e-01
-3.574006560586787118e-01
-2.018030188914125833e-01
-2.241498110021101775e-01
-1.964588782938622435e-01
3.840628653770049306e-02
5.378503253134790663e-03
5.394274039436130347e-02
5.615603466392975196e-02
4.435302470864737473e-02
8.807008841706633062e-03
9.561617099371377132e-03
-4.350615206951718994e-02
-2.547132417884184763e-01
-7.972860956625089646e-01
-1.323316048341807161e+00
-1.444506797716570201e+00
-1.570153558396072180e+00
-1.547347788333887086e+00
-1.584285883241032256e+00
-1.577609465719280735e+00
-1.684799132070851524e+00
-1.668552093217147148e+00
-1.619529173979664227e+00
-1.706417885476143148e+00
-1.657776606227618021e+00
-1.621475997523113888e+00
-1.551939870500520957e+00
-1.501613114596518583e+00
-1.351200196068349069e+00
-1.009825912235137846e+00
-7.173801256022842576e-01
-4.553237797331817216e-01
-3.378643213083779018e-01
-2.040626116408152668e-01
8.684218089859897793e-02
1.793808474530563801e-01
2.164688338161010750e-01
1.790608930505364071e-01
1.567466314915636760e-01
1.584958630996112228e-01
1.793174219901985389e-01
2.140495648308564369e-01
2.280841421262669311e-01
2.009748693852860535e-01
2.047291084522620541e-01
1.512191428586961428e-01
1.908207438886507512e-01
1.421989026699136960e-01
-1.175419284085418847e-02
-2.744806630738417796e-01
-5.825915549075123545e-01
-8.558686651097728859e-01
-9.219264110738831786e-01
-1.035485176834496146e+00
-1.181653389969063772e+00
-1.282675957787142940e+00
-1.251360372140362331e+00
-1.241802032665749733e+00
-1.222214185502218831e+00
-1.165917474010437438e+00
-1.172304026351973061e+00
-1.158582527436529341e+00
-1.126030987899940827e+00
-1.070993012349988893e+00
9.757825155273855411e-02
1.573575584458310195e-01
4.025936650273101991e-01
5.389962779809290838e-01
6.032556279422608414e-01
8.377558831792247807e-01
9.508518248837927178e-01
9.732384656408061829e-01
1.050921315138824808e+00
1.063523595551689960e+00
1.069437376096408654e+00
1.116213254932223897e+00
1.162701186754541816e+00
1.248606089121819140e+00
1.270100665470610624e+00
1.318541508181452659e+00
1.341160877158199760e+00
1.344887148712729186e+00
1.307428042068443874e+00
1.193987853197076676e+00
1.186435158192181483e+00
1.149785921438076786e+00
1.117491863466613999e+00
1.114505263761598641e+00
1.082547813898318667e+00
9.700884823040212268e-01
8.072462227833201442e-01
6.333704498552774620e-01
5.827752058853352679e-02
-5.156321379719164266e-02
-1.035855480942268342e-01
-1.520061672383135054e-01
-1.451886688260493330e-01
-1.642640546584835104e-01
-1.673835455395746574e-01
-1.904052699410507254e-01
-1.624493049486207263e-01
-1.881964893434233677e-01
-1.250688430152713804e-01
-9.444918578208535975e-02
-6.430819542564132629e-02
-3.485206584523987960e-02
7.630887246821140002e-02
1.445281442346463552e-01
2.727311768280002990e-01
4.979413770125732386e-01
7.270880030075713707e-01
8.840313596656113049e-01
9.535860100062674150e-01
9.830380135624030569e-01
1.025569383473628138e+00
1.064149335798038720e+00
1.124460309099344357e+00
1.161761853555144164e+00
1.198138134492627627e+00
1.238193247654175710e+00
1.212216148011494576e+00
1.245438958145960839e+00
1.244765077048740620e+00
1.336533844210351374e+00
-1.822527377555638881e-03
-2.999118021107279042e-02
-1.412902374295090663e-02
-1.062629372511843251e-02
1.716695689977741981e-02
-4.351901574687018492e-02
-7.262953400404842386e-02
-1.459650526021296080e-01
-2.669828148063945195e-01
-3.682093326708252290e-01
-4.973779373249664348e-01
-6.041767206588100070e-01
-7.930932466018869587e-01
-1.018569862670984927e+00
-1.311946338997608930e+00
-1.510790298865235748e+00
-1.512676857356100690e+00
-1.472585446317460134e+00
-1.461761806610780701e+00
-1.507789210548774461e+00
-1.495781058212092951e+00
-1.461466759556721229e+00
-1.563843267121868941e+00
-1.470313637010726371e+00
-1.443219304299780736e+00
-1.351992294621699120e+00
-1.202144122691360284e+00
-1.015033729672250029e+00
-7.435619215662894188e-01
-4.856396755089729678e-01
1.812118125041138894e-01
2.061263415433318702e-01
2.215475441571340132e-01
3.187152548553669473e-01
3.416650312816301716e-01
3.935439611434400353e-01
4.450904464307497421e-01
4.519534852279455950e-01
4.449690948202384977e-01
3.717403343975692609e-01
2.954984951439206253e-01
3.259280924166699234e-01
3.457451721040655235e-01
3.171893460727269742e-01
3.133282408258313834e-01
2.018001069098231404e-01
2.688114415437814486e-02
-2.471163696592355574e-01
-6.929886740391142386e-01
-8.968681632742188103e-01
-7.901024205809183965e-01
-7.561397174258454035e-01
-7.470013327428782768e-01
-7.908644929297391490e-01
-8.035767925230924424e-01
-7.939926882872158087e-01
-1.167522807383520655e+00
-1.233291333398972789e+00
-1.336693219083699313e+00
-1.384572070244122211e+00
6.135356331123146406e-02
8.390119385609721980e-02
8.452408031686191314e-02
9.601562434557861514e-02
1.044974385560118180e-01
6.303369930253639730e-02
-5.259282363332826171e-03
8.414936860616997749e-02
2.658727417200291709e-01
5.342154616144751955e-01
7.934960533477453115e-01
8.572041007685089475e-01
9.487082618993630811e-01
1.017417610910555270e+00
1.110289655786111274e+00
1.193399045287518723e+00
1.290390250888518997e+00
1.339737160582195719e+00
1.450305545302074783e+00
1.481080975901418073e+00
1.548731003065730416e+00
1.587940136822114878e+00
1.603817105022346201e+00
1.671032302486577636e+00
1.720064191035243439e+00
1.723278496656680536e+00
1.737939401423937769e+00
1.733267382667980527e+00
1.708301543172128678e+00
1.680562370720647625e+00
-7.456017003335742299e-02
-1.171056206050754001e-01
-1.348013091437195721e-01
-1.730832441485178896e-01
-2.293983456485420847e-01
-3.012428818195990177e-01
-4.109997361852629205e-01
-7.228769809271216040e-01
-9.100364960738706044e-01
-1.106569925111905883e+00
-1.098003072201614971e+00
-1.236727369513985320e+00
-1.228372491776323683e+00
-1.257328852853063506e+00
-1.260497404613054817e+00
-1.243756766179116235e+00
-1.271016994438839420e+00
-1.262081061941339399e+00
-1.203452141038609202e+00
-1.188508645045209366e+00
-1.428085580809370869e+00
-1.331034130012693550e+00
-1.519716643055139427e+00
-1.518326329946289466e+00
-1.502765752539108490e+00
-1.506876936182871995e+00
-1.466902352516336494e+00
-1.427789795757969049e+00
-1.278515856457708377e+00
-1.096984594190637985e+00
4.258436584148980741e-01
6.760451189714777875e-01
7.765588701947756523e-01
8.161033205420021863e-01
9.466984650312405547e-01
1.028576472136879749e+00
1.033631346521942218e+00
1.031251750195141259e+00
1.070195005150288425e+00
1.076917616355544727e+00
1.090853131814950583e+00
1.076767474859034568e+00
1.072381007952662113e+00
1.042203906932056334e+00
9.799834613597866451e-01
8.917542952531472000e-01
8.763810179483753071e-01
8.524957826803166716e-01
8.514157050272194160e-01
8.075504161968810601e-01
7.197031326659302231e-01
4.185962535380735039e-01
1.661677222659709852e-01
-3.023723545684073311e-01
-5.739894425640181819e-01
-5.428383930255225032e-01
-4.741427553459429123e-01
-4.944266407451114453e-01
-4.648050726740804439e-01
-5.283430644948314825e-01
1.583699673743053579e-03
-2.740464211245305370e-01
-2.777038719838265668e-01
-3.684585302488224690e-01
-3.087467720946129313e-01
-1.997919859322408453e-01
-2.102117705930539593e-01
-1.782235845556079112e-01
-1.385429634852425318e-01
-6.887172050691921232e-02
-7.433627469001918842e-04
7.205081230416239546e-02
2.567902542111152875e-01
4.582730385884526969e-01
6.527414259635586635e-01
8.258833569910205563e-01
1.015596103764416336e+00
1.154002863442203708e+00
1.290139895385577606e+00
1.320720564448102374e+00
1.306471262032195657e+00
1.315800274080168641e+00
1.351502603156359061e+00
1.420234939497843962e+00
1.475864036192068074e+00
1.507957893860676579e+00
1.436967753793361391e+00
1.391757194545691245e+00
1.404008534931776797e+00
1.442244195410861796e+00
3.627250764668949606e-02
2.506078226411113247e-02
-2.609828374988226035e-02
-8.114104618256165469e-02
-1.173225822209438274e-01
-1.416423137755231931e-01
-1.803514488509225244e-01
-2.581519889680887747e-01
-3.674171327873385073e-01
-4.342359963059831962e-01
-6.158346830834865449e-01
-7.823449044763494120e-01
-1.080972865309198561e+00
-1.203391963108659146e+00
-1.269919291141201834e+00
-1.228426672884275428e+00
-1.214299989982855488e+00
-1.357107798078567740e+00
-1.301749044422310764e+00
-1.452036621924607029e+00
-1.609551710854374429e+00
-1.674053234171196447e+00
-1.639170120074183501e+00
-1.556589788541745234e+00
-1.560805913486262408e+00
-1.782272423385634186e+00
-1.815614386261210855e+00
-1.932211905358622639e+00
-1.893698504433306562e+00
-1.837180657981032361e+00
1.838370910109028006e-02
2.117941992624544634e-02
5.383171453178830362e-02
1.472052695228507346e-01
2.432697217749949514e-01
3.666520856410159235e-01
4.900755249095979371e-01
5.896827429080978566e-01
7.230401718939314382e-01
9.008353740898912276e-01
1.026536793122885038e+00
1.027534751582827921e+00
1.109378409506033281e+00
1.167114519679443907e+00
1.224785273964021703e+00
1.293699872849604304e+00
1.371186736329826017e+00
1.442415448072019046e+00
1.537034635102778823e+00
1.536425292157431732e+00
1.650004936499157138e+00
1.697131560592699540e+00
1.725498360249003937e+00
1.726094941821558981e+00
1.736934514009562891e+00
1.770782611156028530e+00
1.806163261830084688e+00
1.776237384469503855e+00
1.795069050120811083e+00
1.751281209585764831e+00
1.402437390512801738e-02
-7.621598310764968187e-02
-1.931425355003187350e-01
-1.594059486284159499e-01
-1.451245511775591246e-01
-1.846731826499339868e-01
-3.213492562870030045e-01
-5.955205089176065503e-01
-9.287554091041553272e-01
-1.023569309516507264e+00
-1.200299795187686591e+00
-1.326844958161590649e+00
-1.382954677109651476e+00
-1.352520697839955544e+00
-1.390185150183557816e+00
-1.421894374038229714e+00
-1.625491056600180784e+00
-1.546475886551116785e+00
-1.487062585403929660e+00
-1.428086610592301131e+00
-1.387594168512885195e+00
-1.375807960315756251e+00
-1.332021157053089544e+00
-1.318633944709474148e+00
-1.263139848279927202e+00
-1.185013342777404777e+00
-1.093914586698997438e+00
-9.611656038517401024e-01
-9.454247854845750920e-01
-8.643452681214327527e-01
