-5.352597201386609382e-02
-7.080224425919366682e-02
-7.590277883065131570e-02
-6.811093752697559844e-02
-7.008443702424684008e-02
-6.157942369530612636e-02
-5.456626681789791822e-02
-2.844202942561649752e-02
-5.538507843889174664e-02
-1.460273367133214928e-01
-1.430890731550680806e-01
-1.301220164475291319e-01
-1.354474057574011903e-01
-1.533040191652041973e-01
-1.505005186662737859e-01
-1.201839976173761232e-01
-1.289247031359128381e-01
-1.262500860907224132e-01
-1.241412463161794821e-01
-1.247352378470898693e-01
-1.256062151805070470e-01
-1.239528963634344422e-01
-1.343401689228832796e-01
-1.244162305264094048e-01
-1.010042737550773534e-01
-1.120169358457391573e-01
-1.352779626969036475e-01
-1.321050770113927908e-01
-1.337733566270105645e-01
2.070790907395182734e-02
3.667406577503801168e-02
3.984717384162349274e-02
2.503018895607399610e-02
1.299840887481109111e-02
-1.029675663196031737e-01
-1.136831156625688621e-01
-5.420001638596951693e-02
-4.663696987586420095e-02
-3.053073780961654965e-02
-2.419210120629794458e-02
-3.795423376411074384e-02
-3.930926937225991125e-02
2.583451285360435778e-02
-8.895313174614484508e-03
1.343582407404355847e-02
2.098757702861843086e-03
4.255734160860111248e-02
4.774564405621090774e-02
2.604835072147486386e-02
3.417863524812173037e-02
5.664719786499031184e-02
7.280577090362155834e-02
5.724347618898736889e-02
3.540490851877121231e-02
2.831721791665427201e-02
1.984379253298224413e-02
3.373083271533437039e-02
9.347210236123299626e-03
-2.855475295439692876e-02
-2.191670264661832457e-02
3.934644000210388987e-02
2.273445425611515108e-02
-1.240351909880338388e-03
-3.996728965907424963e-02
-1.092094416431637072e-01
-1.175951244943844176e-01
-1.335433857313057249e-01
-1.563687271537619883e-01
-1.708093490910267964e-01
-1.683082208279544079e-01
-2.014739387391080716e-01
-2.102872195537461852e-01
-1.630973019259191470e-01
-2.503963242373005160e-01
-2.442674745707587580e-01
-2.350886255561681071e-01
-2.443710533188409861e-01
-2.310362917304591146e-01
-2.347640897269916982e-01
-2.561670126566040206e-01
-2.723865365499127944e-01
-2.388823810206066045e-01
-2.734612475715733626e-01
-2.596948761850298437e-01
-2.113701323186712444e-01
-2.504345867516378776e-01
-2.419535160053342404e-01
-2.407264289968795712e-01
-2.530012517227737123e-01
-2.835637782313168292e-02
-3.307112467895587798e-02
-1.079865607350705137e-02
1.602437438848605677e-02
7.419780244914405548e-03
6.884577682048188992e-03
-1.174825354528076515e-02
-2.285772079611480406e-02
-2.183533237179252628e-02
-1.473923837660422870e-02
-2.457286534230092995e-02
-2.285291597947565825e-02
-6.694926493585880850e-03
-6.655176453709632858e-03
-1.810240362593416169e-02
3.210066817118526622e-03
6.074643552177134975e-03
2.859293946214428589e-03
-8.099686969163409286e-05
1.285937662929668469e-02
5.087080645313525606e-03
1.826083170488632806e-03
4.097971435207788810e-03
1.444162119364061914e-02
-2.009371537854999501e-03
-3.056187794060550439e-02
-4.885272025599032841e-02
-6.165095109537806206e-02
-4.518020843670983444e-02
-3.588561265796578331e-02
9.780021334931762733e-02
1.205374756858771518e-01
1.317455525701503039e-01
2.292143339455416096e-01
1.129037777640949231e-01
8.068717271081501941e-02
9.331249365491235681e-02
7.158945503059793714e-02
1.084725489414615773e-01
1.013786782251799856e-01
9.096839753205658574e-02
7.751884603107857263e-02
4.403005162507064169e-02
4.702265361192202453e-02
5.524124428968452127e-02
9.283741754824322012e-02
6.218456587635257105e-02
8.680158019496050925e-02
1.029086366492335952e-01
9.120388572822789308e-02
9.225899515357781355e-02
8.826205954945802457e-02
7.846776661991872182e-02
9.005568568486840841e-02
6.373638136225785733e-02
8.842887065904846133e-02
1.098576591682310644e-01
1.416001564123346990e-01
1.335288864884978111e-01
1.480492289837552489e-01
1.153419580685347695e-02
3.926565723621260051e-03
4.862966634242926051e-02
6.186891255792781319e-02
5.189580975318981715e-02
6.469066231924361365e-02
7.167884425527958070e-02
5.969007898002706008e-02
1.674222011772357604e-02
1.165992782595379369e-02
2.181005013565465861e-02
3.738443010564736213e-02
2.601870450526203027e-02
7.777768796163900267e-02
2.394236381476586017e-02
-7.167563863304307614e-02
-6.203171786539304899e-02
-8.310334271181947507e-02
-9.071190309181513534e-02
-6.602625631671601991e-02
-7.868815613004921661e-02
-9.650311027609287384e-02
-1.050121501925203316e-01
-1.414590150642460742e-01
-4.243658828421810469e-02
-7.786633496161680934e-02
-9.207422609858406659e-02
-5.749036496649983369e-02
-3.225587465806276088e-02
4.033904089225902323e-02
4.261575106415373126e-02
7.606687783178123219e-02
1.095840816737026213e-01
1.111670845528233559e-01
8.823872193993670399e-02
8.216569935005611780e-02
7.556778872881950160e-02
4.998735007938529679e-02
6.214513992865208780e-02
5.013325626404745161e-02
5.559781313538659370e-02
6.140534170915630530e-02
2.394992692311954247e-02
3.754001924445108523e-02
3.534859214393116372e-02
2.583701228557682555e-02
1.720745970249488305e-02
2.729140198799712494e-02
1.587000895511158152e-02
4.975881287672893893e-02
6.374780491825242368e-02
5.110802007513569334e-02
4.437656669314794800e-02
3.605785695871025626e-02
5.444653839670034884e-02
4.615758828415545550e-02
3.535759229364146550e-02
1.572143102493387887e-02
4.001738281704632361e-02
4.298005308516465728e-02
-2.044440472259707181e-02
-3.945504558597369427e-02
-7.039102165379551579e-02
-4.349812305634682963e-02
-5.604851243256259163e-02
-6.645383552356683154e-02
-6.250184708252157217e-02
-7.664912059029749258e-02
-9.651807828683298118e-02
-8.367888931490073678e-02
-9.769635394827419494e-02
-8.926451459610557082e-02
-6.766681466910307030e-02
-8.822556373794651630e-02
-1.136992720273778540e-01
-1.580163984327284665e-01
-2.515158648282035947e-01
-2.367368303904459348e-01
-1.980510114760257456e-01
-1.829389118715275819e-01
-2.443901721731792931e-01
-2.261541948030299509e-01
-2.185761871974574722e-01
-1.806873986883963945e-01
-1.718735014119422977e-01
-1.823523296843405361e-01
-1.556256042008898888e-01
-1.865163540770994888e-01
-1.997772545190908133e-01
-2.012503988395611398e-01
-2.360053516000318666e-02
-2.825510654116756767e-02
-4.722009909744410983e-02
-8.698004197561598483e-02
-1.405572340415139065e-01
-1.359033397409810939e-01
-1.248139202176846152e-01
-1.200212783550208273e-01
-1.135115370746116459e-01
-8.929106126435441826e-02
-4.977346895751903061e-02
9.123472857697956240e-02
9.075221503660871325e-02
1.039195609350134081e-01
8.147990752689183991e-02
8.137211650515635553e-02
8.786175602662084361e-02
8.384592623150542712e-02
7.691504681979395575e-02
6.445352647526807199e-02
7.288340795522928184e-02
8.545245786987286374e-02
8.294459992507619006e-02
9.226583671909183160e-02
1.028790522962534509e-01
1.218141369869636392e-01
9.458044445948568524e-02
8.818889106789970511e-02
7.611065336547867544e-02
4.781666630812772545e-02
-8.722837446504284886e-02
-6.584470640651218787e-02
-5.332075025450989936e-02
-4.765746242993593867e-02
-3.513236872586716908e-02
-3.793375481482808703e-02
-3.568638814153603234e-02
-2.329211192870724728e-02
-2.646069957805980213e-02
-2.287911499005754190e-02
-6.452798987474912817e-02
-6.794948468268689756e-02
-4.541790905946303802e-02
-6.569175760865637870e-03
3.071502258475801786e-03
6.526749721687976832e-03
5.193702644673562491e-03
1.136906674922768049e-02
-1.462666241548286200e-03
-7.410381063835494442e-02
-8.093122629047128092e-02
-6.586566990799663790e-02
-4.008950619202779342e-02
-3.807230544226500313e-02
-3.949385226571221902e-02
-5.346060055685656481e-02
-5.787595524667534658e-02
-6.741698068369621211e-02
-5.390720037100531908e-02
-5.272158189153358654e-02
-1.064152413155992905e-02
-7.602909384558972916e-03
-1.467116306730732386e-02
-2.288982044240649161e-02
-2.530512834790016319e-02
-6.526617260697956113e-02
-7.704460695166309714e-02
-1.153619139857855747e-01
-1.301237613814634764e-01
-1.083896067644639083e-01
-7.574680678653492039e-02
-8.766628962974606920e-02
-1.023528281160450415e-01
-1.215577529142334162e-01
-1.257133000803438427e-01
-1.382991403439510769e-01
-1.353143465133663514e-01
-1.149196947711794425e-01
-1.191548023970471631e-01
-9.681754376449125399e-02
-9.622241803348058342e-02
-1.363317302517761953e-01
-1.617475644093246123e-01
-1.732494198720972434e-01
-1.979016715306910479e-01
-1.956405203715651797e-01
-1.816588695517035168e-01
-1.750089825734092441e-01
-1.722155719946239782e-01
-1.639684311452826448e-01
-2.675129056256870391e-02
-3.864514355735381573e-03
-7.658963448148869979e-03
1.530987851175843670e-02
2.613946885481498866e-02
2.840118751157240037e-02
2.040743450641118936e-02
5.263285473249608437e-02
6.980935529994107547e-02
7.748531250163809281e-02
8.470303824289088235e-02
8.504948850101071156e-02
6.138704653872602279e-02
4.183114829694960929e-02
2.725244408116152262e-02
2.237212225906773724e-02
5.165195545287852574e-02
6.545924278441472843e-02
6.191080218859374568e-02
7.053816314809785437e-02
2.412267015946184534e-03
-5.904200798076433138e-02
-3.744110556039820237e-03
3.230302299294942996e-03
3.621555524138312526e-02
5.451859903241061678e-02
-2.963946984780461980e-02
-4.637693645185756580e-02
-3.896050083392452873e-02
-3.179785839517285800e-02
-8.167757475430780997e-03
-2.538225921671901503e-02
-4.865815558147422448e-02
-6.030777814547835791e-02
-4.901228917378275957e-02
1.173146770413940193e-02
3.355245280970492461e-02
1.812829555776946516e-02
7.044821495483707605e-03
2.628302848363683886e-02
1.555420740297323683e-02
1.142992501031086204e-02
2.468618291237694579e-02
2.902677727414028699e-02
1.497019665555293470e-02
1.027520640695002430e-02
-1.701530201459265298e-02
-3.030552717122982770e-02
-3.042967713227853754e-02
-1.812554623090036066e-02
-1.429469315969068496e-02
-1.225271336371325064e-02
-1.875162362766944618e-02
-1.644061256352094547e-02
-1.786869981472036933e-02
-5.266045875808535517e-03
3.685207237131102320e-03
-3.954874868338272530e-03
-2.141962016837477625e-02
-3.917876626290725528e-02
3.368170741352657233e-02
4.871426381173825371e-02
2.408138431816630662e-02
3.992911925092625797e-02
3.508415986152157301e-02
2.914518687044686390e-02
5.311576866885447251e-03
-1.530757503008461570e-02
-8.589501751995930190e-03
3.734616352149885271e-04
-3.680541812362962337e-03
1.148083819851119375e-02
2.343617214980491664e-02
2.973922682004615653e-02
2.845622212748240634e-02
2.032490686084384435e-02
-1.902807074435459989e-02
-5.237844355549117759e-02
-3.862871217129720119e-02
-1.919203505029723478e-02
-2.198853108008066992e-02
-3.753800020839725970e-02
-4.423828963334304476e-02
-6.023429076812404637e-02
-1.054270986184606129e-01
-8.849884770295292358e-02
-4.185508819234900341e-02
-3.176573927415964754e-02
-9.506981663267868865e-03
3.087242687892545467e-03
6.756418095112056398e-03
3.304590840237225241e-02
-3.594792915367042013e-02
-3.306887296353639566e-02
-1.922239619267852168e-02
-3.314323200967712879e-02
-4.889428605327837685e-02
-7.163010479899549476e-02
-8.780558976113223002e-02
-7.648108435580956710e-02
-8.826266017964551347e-02
-9.856670565509159654e-02
-9.892881082639373713e-02
-9.843466847341519887e-02
-1.027564844098475538e-01
-9.229133887834305161e-02
-7.649764451775237228e-02
-5.638552058431840763e-02
-2.997705542968562634e-02
-6.332636713430637998e-02
-8.514437385635595379e-02
-8.755134945397220758e-02
-1.171346496642152457e-01
-1.316133225997368206e-01
-1.294003742163014337e-01
-1.349436321769270919e-01
-1.523171452645452895e-01
-1.508836692753375563e-01
-1.372383154975874986e-01
-1.414955045233155517e-01
2.128352041639739421e-03
3.428024260574119575e-03
1.266875022152497317e-02
1.064431281607919680e-02
-9.921753974035194684e-04
1.376363439388840135e-02
5.974586882809929111e-02
5.919988299787025399e-02
3.439984660545850059e-02
5.754004066589491623e-02
6.240579540663922925e-02
7.278393221688066184e-02
6.780108048362881723e-02
6.555987961797997421e-02
2.777086504134012451e-02
2.752581661197201629e-02
2.502099206193111533e-02
4.034119503162862663e-02
1.011341810111056894e-01
1.186776763863504613e-01
1.179995749190372173e-01
7.469240071956573246e-02
5.806676073745550837e-02
6.561563608227398425e-03
-1.215582317223673492e-02
-1.875550840948821824e-02
-1.004642535774859409e-02
3.995566375378445390e-02
3.856745182254883719e-02
6.114179499789173383e-02
8.762396808744619958e-02
1.061988457350084708e-01
5.069179235051277099e-02
2.933872606300034352e-02
2.409591773842682458e-02
2.002147017020185910e-02
8.356093884384813847e-03
1.454404279369427358e-02
-1.531339426738771714e-02
-3.135815280923334031e-02
-2.391549404654597435e-02
-3.184342590627522313e-03
-1.963351811421219090e-02
-3.779497716352506198e-02
-3.163802820659415010e-02
-1.106501405318049275e-02
-6.866080617078081441e-03
-4.553757146536557485e-03
1.667432675925314967e-02
8.527981332071087051e-02
6.105510760658433567e-02
2.318301926009427166e-02
-3.401955542252360631e-02
-2.380975070919183478e-02
8.034414883762025505e-03
1.005648056387838801e-02
-2.311661998061514955e-03
-3.533068726504654672e-02
-6.095525432881682137e-02
-3.958649106015656172e-02
-1.769281840816068832e-02
-2.252700417012721071e-02
-7.856253641039404392e-03
1.050600282756876565e-02
-2.847876347596800528e-02
-7.831097845126608337e-02
-9.573401985147587945e-02
-9.459062172920848499e-02
-1.140031427688907723e-01
-1.178436774859125125e-01
-1.256232901357721699e-01
-1.008634774182045057e-01
-8.219643575259387436e-02
-7.721520403041989833e-02
-7.458500288022172631e-02
-5.966587864465947022e-02
-9.526985276060545571e-02
-7.142612865642516962e-02
-1.029744417160551734e-02
-3.690000526629004518e-02
-5.608245439842474145e-02
-8.295257243978668149e-02
-1.135856501967122401e-01
-1.595038417676342968e-01
-1.660889695776723018e-01
-1.525550054316692494e-01
-1.493531709940112695e-01
-1.852181774603322562e-01
-1.885986335361121702e-01
-2.134846050364768155e-01
-2.435641855405278750e-02
-4.713351134488424909e-02
-6.156193329197156422e-02
-6.209866513606325522e-03
1.203372911523758679e-02
1.199346103971966719e-02
4.028646441099677233e-02
5.933414721003658215e-02
5.223700481419467356e-02
4.291952178069405321e-02
3.777881685782369381e-02
3.263612865906205529e-02
3.243043414220751763e-02
4.830202638975290147e-02
2.452443900467386056e-02
5.951448345238340154e-02
8.567514991483290987e-02
6.823106926601374411e-02
1.884506004258851980e-02
2.497066579006639378e-02
3.360564499370347069e-02
2.445849481140351805e-02
2.481906801950224326e-02
2.877057304369028817e-02
4.617822577016710006e-02
6.968169523857817294e-02
5.338244708801642008e-02
1.278358426369848033e-02
-2.019719065315388196e-02
-2.531657115664995295e-02
7.987671889925336555e-03
6.509078036569415637e-03
-2.465166546857075133e-02
-1.885647846452904661e-02
1.983707270459968489e-02
3.460475515856727136e-02
4.892369016091640405e-02
5.696234769153227934e-02
5.645510286487985530e-02
6.314540221114943452e-02
