1.797861057782207048e-02
3.290377367971682177e-02
1.864967337644399259e-02
1.021414114648067778e-01
1.353922856422586363e-01
2.222512537007242939e-02
-5.268612340895754975e-02
-1.078862980517905218e-01
-3.882001952120071042e-01
-3.740225517292316559e-01
-4.429936024179850218e-01
-5.835709910881712315e-01
-5.717585245049070508e-01
-6.270189513186580355e-01
-7.904769788492684857e-01
-1.079396593789054393e+00
-1.404385862570706189e+00
-1.602411024423474384e+00
-1.771617831706569168e+00
-1.841431582947693046e+00
-1.939049195716073815e+00
-1.921132696638224280e+00
-1.938243137422318130e+00
-2.010482471105129676e+00
-2.063824959338098175e+00
-2.077715748477530600e+00
-2.100831027758983005e+00
-2.163593562288064653e+00
-2.254052950839814606e+00
3.558043623350568008e-02
1.005320073209668708e-01
1.993823689281045697e-01
4.733316534721249691e-01
6.588624623963487137e-01
1.042066836833905885e+00
1.457639531802689792e+00
1.768964638413980772e+00
1.950860868585807761e+00
2.135976446873133927e+00
2.301910987599552705e+00
2.418810200579788461e+00
2.489112647499461595e+00
2.570521629420045251e+00
2.771736755323765955e+00
2.776321580572107095e+00
2.746322559083773207e+00
2.687222550091179052e+00
2.559504439404045151e+00
2.411192875349482012e+00
2.367860760349617788e+00
2.204349226631565184e+00
2.165621925848127738e+00
2.089422558317753698e+00
2.027507138125442587e+00
1.955563109995420712e+00
1.813563819810976030e+00
1.627930297625518774e+00
1.387793586359981735e+00
1.083435228606927758e+00
-1.524782132436700022e-01
-3.171130460939800000e-01
-3.447869393125406190e-01
-2.981722333654479029e-01
-3.956556640021861582e-01
-5.647557260902902332e-01
-4.894980995895510389e-01
-5.809900833648103946e-01
-6.497245594470019148e-01
-9.758412288527544831e-01
-1.153997137530759831e+00
-1.514573573450037181e+00
-1.762507099032075697e+00
-2.124243371279022519e+00
-2.065556842078172473e+00
-2.106703753103433829e+00
-2.137493213138319970e+00
-2.119677327682558232e+00
-2.087450547319881888e+00
-2.095136308119460278e+00
-2.067751793779034841e+00
-2.093330653944910136e+00
-2.147140888037789797e+00
-2.252332683074962372e+00
-2.281051961346951984e+00
-2.272649746721851383e+00
-2.201557563510334603e+00
-2.253776023163462483e+00
-2.268613685091105836e+00
-2.222713074432633107e+00
7.667814374871823047e-02
4.544680531528811906e-01
9.191740968887320840e-01
1.334897101459649793e+00
1.704831000814483355e+00
1.996039778732428438e+00
2.126066627046081514e+00
2.264146424597119012e+00
2.356799360600380311e+00
2.444977052450055588e+00
2.558405625376771741e+00
2.724326320164430104e+00
2.840193268324664011e+00
2.937083574357242988e+00
3.045620521111306989e+00
3.041382867531064349e+00
3.107875462356781249e+00
3.165819380003247030e+00
3.218446152374554448e+00
3.248696278635097023e+00
3.223257925724256179e+00
3.246481802917354997e+00
3.262375352969276054e+00
3.245790088243338811e+00
3.175507139236239951e+00
3.134642848620576849e+00
3.119433287516398590e+00
3.065821412235963273e+00
2.986401744669878067e+00
2.906002083504361178e+00
-1.048310274829530875e-01
-2.525893136517945448e-01
-3.826368038297868202e-01
-5.466564658675854282e-01
-7.240140066295543964e-01
-8.911075173755652612e-01
-1.057775951701075634e+00
-1.122136145488924042e+00
-1.249074520868081350e+00
-1.280994767497690034e+00
-1.201124359509527117e+00
-1.222347364499219768e+00
-1.295491898885368087e+00
-1.417714987537940008e+00
-1.592731032382197487e+00
-1.626963807596422340e+00
-2.020683303002707820e+00
-2.257328887899554104e+00
-2.416511194015460884e+00
-2.461876171603659014e+00
-2.587941679956824004e+00
-2.762865023348139104e+00
-2.862970535256149418e+00
-2.966372488669649421e+00
-2.903725824246793596e+00
-2.989125200199613808e+00
-2.813430582851570882e+00
-2.736791831708457856e+00
-2.756686669327516714e+00
-2.624734997743456866e+00
-1.175604572969901618e-02
-6.742540772700139629e-02
-1.096123137420156046e-01
-1.078679884940080824e-01
-3.855486873303462514e-02
-9.908309828388596474e-02
-1.329854987634488672e-01
-1.217529923099340411e-01
-8.512415670002733414e-02
4.064308009196658522e-02
1.973358051009898584e-01
3.628296266126372349e-01
7.806772430634436599e-01
1.167037112780942909e+00
1.454670297398561463e+00
1.625326970691161055e+00
1.743327944825138864e+00
1.819873479460235144e+00
1.865069144254682953e+00
1.947058635034852880e+00
1.997614868858023085e+00
2.085756642626221513e+00
2.201782028797913515e+00
2.336520368929567937e+00
2.443031979490180028e+00
2.503275949045949300e+00
2.621909778530205237e+00
2.733528129507953430e+00
2.830355823370375390e+00
2.846770845220579993e+00
-4.567544455460128411e-02
-3.607905518528471689e-02
-1.658604394392596340e-02
-1.145910430162034623e-02
-1.622341240417262548e-02
-4.245869758410531630e-02
-6.102123531240878640e-03
7.073173477402015796e-03
-7.255860316613929606e-02
-1.182771742009356419e-01
-1.240556222403101372e-01
-1.576324750798782370e-01
-2.182671800150081387e-01
-2.663472394608329408e-01
-2.562099258741872831e-01
-3.049453137572829542e-01
-4.753757701463096619e-01
-6.356910090170799776e-01
-9.631678297070556116e-01
-1.252903318874944327e+00
-1.393211150930547149e+00
-1.539981919277710443e+00
-1.589839768463134462e+00
-1.837008542630946817e+00
-2.042493016733840427e+00
-2.223692618899426598e+00
-2.328881297123253535e+00
-2.598023999784789595e+00
-2.599216212780441904e+00
-2.716766708448997925e+00
-1.317597550229758496e-02
-6.982005619406556063e-02
-1.970460940798489657e-01
-3.809279544086821012e-01
-5.651524331256454481e-01
-6.414177694817770892e-01
-8.027242469743899322e-01
-9.088291489835642611e-01
-9.332546702544627371e-01
-8.991682607081887824e-01
-9.095379255917532824e-01
-8.390217312316183840e-01
-8.590877045254950994e-01
-8.975392132123810596e-01
-9.621096869158998199e-01
-1.014218462036981183e+00
-9.652562942438229765e-01
-9.234608298112311209e-01
-9.828793481762670980e-01
-9.947085919392258946e-01
-9.165711894805290694e-01
-6.014800105705666589e-01
1.242615105039222012e-01
5.876857314704335700e-01
1.045688696950448193e+00
1.349053002806780199e+00
1.455381100113505299e+00
1.479747016581141494e+00
1.488645279780057562e+00
1.499268686954913443e+00
1.162257566673100678e-02
3.872994769707278906e-02
9.017838926879906403e-02
1.740576096381572235e-01
2.447127604168927439e-01
2.730533646162737194e-01
2.724886568798604580e-01
2.804299564460513983e-01
2.813206847553135215e-01
3.004445929712155627e-01
3.658707763718159756e-01
4.311544423399409909e-01
4.777794135744340420e-01
4.731740391616706676e-01
4.212919051733561848e-01
4.165662627371912174e-01
4.110935086154431928e-01
3.911730167988769491e-01
3.546882623357431319e-01
3.629116124800436105e-01
3.504199062832273892e-01
3.532949457488484546e-01
3.573318809328889789e-01
2.661925696121157370e-01
1.973882394268472174e-01
1.461434552039595769e-01
1.486272968230467062e-01
1.384677539875480146e-01
7.937874679169364123e-02
3.033952763014691884e-02
-7.087234269125315678e-02
-1.668158246947872847e-01
-2.379262960580677821e-01
-3.611943464533347026e-01
-5.806149631824484292e-01
-7.594268875689251797e-01
-8.994089000790171928e-01
-1.020136190898585760e+00
-1.039862295246169577e+00
-1.064376766764257187e+00
-1.125939799393376850e+00
-1.143565916925093795e+00
-1.168647352049914101e+00
-1.261773485198929068e+00
-1.483288987396675029e+00
-1.838066389949137625e+00
-2.137010395783160543e+00
-2.398683090953803720e+00
-2.411335551043494174e+00
-2.431089458964799999e+00
-2.352961244199523350e+00
-2.176285834742101244e+00
-2.157887819355749581e+00
-2.145272096875445733e+00
-2.243025770618758852e+00
-2.462305328238662216e+00
-2.863332042205287475e+00
-3.023312235834235473e+00
-3.232541028902278235e+00
-3.281277595643874889e+00
-2.059016056988281079e-02
6.632019436320293893e-02
1.710615320200347955e-01
2.765359836800898030e-01
3.347645903738921680e-01
3.514567268332450811e-01
3.957846436743643892e-01
4.661049834366605693e-01
6.399047444067980095e-01
1.150788506951183843e+00
1.538377970777957238e+00
1.876476650024784254e+00
2.194399977586339645e+00
2.473639979467931127e+00
2.645011180527351513e+00
2.786357147672226198e+00
2.933675339106391444e+00
2.989309703005196717e+00
3.003481777906563899e+00
2.989200181304748849e+00
3.060557211789975085e+00
3.151291997336953532e+00
3.279749208759259460e+00
3.318163580319701822e+00
3.323257262224327491e+00
3.310766316682060673e+00
3.321255774684269024e+00
3.397398931728883298e+00
3.487573083724657685e+00
3.500928332858360026e+00
-1.753150474073498707e-02
-5.785714557830287652e-02
-4.102048841779824817e-02
-4.618759881076852508e-02
-4.210023867916892759e-02
-6.767596128771545538e-02
-5.584091273201068073e-02
-6.801808938018245876e-03
-2.408522614385750354e-03
-4.954802939958451169e-02
-5.776742129405329496e-02
-9.690416211315157347e-02
-1.071661052317739171e-01
-1.159590040701894975e-01
-1.389824732345712743e-01
-1.522119811133448852e-01
-1.286408372374145404e-01
-1.178808307156688356e-01
-1.200509343158345926e-01
-2.387562900115339781e-01
-2.756788971286248113e-01
-4.068438397456817790e-01
-6.191007687392361403e-01
-8.027620420226101450e-01
-8.843945975471386722e-01
-1.065112521958857528e+00
-1.217374689427952905e+00
-1.326813304651879077e+00
-1.438478007053474617e+00
-1.567565077064858148e+00
-1.810625561745757284e-01
-3.779340073628655317e-01
-4.415201718950761411e-01
-6.343832907345408056e-01
-8.225727248789347357e-01
-1.081144684378152476e+00
-1.113996110476654255e+00
-1.211641370888336677e+00
-1.183490436751367225e+00
-1.008170592181403258e+00
-1.230856704781775557e+00
-1.058027358112579197e+00
-1.458001001661317408e+00
-1.453117675662879416e+00
-1.651840574913940207e+00
-1.767665077816619412e+00
-1.936194425592684176e+00
-1.927721003335904459e+00
-1.934480779145113516e+00
-1.885752966607731507e+00
-1.808506626926748240e+00
-1.796689128505979394e+00
-1.782845797192043502e+00
-1.741202962514224462e+00
-1.730115743677348217e+00
-1.692762097063511995e+00
-1.647626819063630954e+00
-1.481811715958848419e+00
-1.176773429665884940e+00
-6.668440343956116845e-01
3.386244840702131165e-01
5.207991566400650418e-01
8.093171803357825933e-01
1.012773062555180070e+00
1.148689960238197250e+00
1.272868535090469377e+00
1.367048553073615613e+00
1.447839289255626660e+00
1.538289225866408483e+00
1.597586156314886541e+00
1.685693978010160743e+00
1.781621773088323035e+00
1.831761841640377808e+00
1.850685747535647518e+00
1.926681907368468005e+00
2.005768314571769739e+00
2.105685589779381583e+00
2.173874958935182899e+00
2.120266247649523095e+00
2.130661975934226682e+00
2.171345712742408285e+00
2.212464057947511886e+00
2.232239154912718515e+00
2.166694935293242086e+00
2.153193582510194215e+00
2.117336308331193351e+00
2.053458046460217457e+00
1.974427904588667015e+00
1.943649603895341915e+00
1.941944500673340901e+00
-1.386704769379038318e-02
-4.656546110287369811e-02
-9.504089639034793424e-02
-2.038127773914263086e-01
-2.860116368155034561e-01
-3.976794471156430699e-01
-5.486558465753945679e-01
-7.102846717805904042e-01
-8.396003372687445010e-01
-1.062200294793856026e+00
-1.236099138185805746e+00
-1.337015278194239265e+00
-1.503426458390044518e+00
-1.675667808182003116e+00
-1.758889328876249047e+00
-1.742388933161313602e+00
-1.750184958833866267e+00
-1.801995168676679526e+00
-1.881976655357363803e+00
-1.995819241213395712e+00
-2.253422418111060477e+00
-2.437895819132495756e+00
-2.698432119968866338e+00
-2.635295844809842691e+00
-2.707306243318014172e+00
-2.734000625590356837e+00
-2.673244763165357973e+00
-2.715335240374023851e+00
-2.806563032512575884e+00
-2.953778129023747034e+00
-8.348936587015005906e-02
-1.751915109286855676e-01
-6.269949992965785368e-01
-6.322611970941667270e-01
-7.226842258686289044e-01
-5.512512757336134328e-01
-4.222764870953650829e-01
-3.614451891359521940e-01
-3.169065197094556030e-01
-3.670397512698018172e-01
-3.553743720721466715e-01
-3.284809304243115902e-01
-3.164013394805696988e-01
-3.475879336869989178e-01
-2.661529246049793573e-01
-2.062489112954933312e-01
-1.039848304590139938e-01
2.305900739601035587e-02
2.145903629626844111e-01
6.020539585590533038e-01
9.633324714518589627e-01
1.292704022084865567e+00
1.491844610036927143e+00
1.650949456431224815e+00
1.765370848707661811e+00
1.915640105633097390e+00
2.018270746622522704e+00
2.130150373775253403e+00
2.222682398041329943e+00
2.279727378740086241e+00
1.329211193136227709e-01
1.915833123473236754e-01
2.202606818821860324e-01
2.319049085621839590e-01
2.382286787160994845e-01
3.119558279166212977e-01
3.307231151408314695e-01
3.192354739198327018e-01
3.717598097472197827e-01
4.437580975177337073e-01
4.714491568393144871e-01
4.754799283406414001e-01
3.924482230184154208e-01
3.503502486294038376e-01
3.125357163962902418e-01
2.576062585137532390e-01
1.597972797489165819e-01
1.204121806533536287e-01
3.619711053373381171e-02
-2.959896303228180814e-02
-5.920120670539315288e-02
-1.655599661099604880e-01
-2.689469049035830839e-01
-3.448624698924155352e-01
-4.673005185862458832e-01
-5.936121843407713428e-01
-7.021918925566449365e-01
-8.133850084883251785e-01
-9.980990125547550829e-01
-1.153589925000387373e+00
-7.748570554839007141e-02
-2.054992251413999271e-01
-3.687842759406094184e-01
-4.405840935606775144e-01
-5.217284488952002031e-01
-5.256712854994300965e-01
-4.422213126999950394e-01
-4.867656454024286705e-01
-5.711477368621336037e-01
-6.515940906965583812e-01
-7.329547875550573854e-01
-8.400643542054788693e-01
-8.340998706978255406e-01
-9.610365666904625570e-01
-1.029820218953038546e+00
-1.108287504114368049e+00
-1.336086750783524790e+00
-1.389147653667787585e+00
-1.529996539791681931e+00
-1.512700038218981469e+00
-1.480486346602060133e+00
-1.425908807898624175e+00
-1.304594875745057836e+00
-1.405974927006435005e+00
-1.375789182804887378e+00
-1.389129650763229362e+00
-1.411115320216513425e+00
-1.397484451471582290e+00
-1.415017011137892577e+00
-1.374400985778828854e+00
4.021028319865126849e-02
2.299374920088321020e-02
3.089287675340337061e-02
5.009485807995099627e-02
1.803671918949805719e-01
3.072244490587555110e-01
6.440859348871519341e-01
1.041808601216834163e+00
1.287823215631006768e+00
1.509057565131632694e+00
1.664351240300466550e+00
1.767169875682411240e+00
1.885586627220821265e+00
1.947543675824058296e+00
2.004327484623633193e+00
2.066586845029915409e+00
2.128060575666988807e+00
2.203925593537625627e+00
2.297861650277154055e+00
2.293678465987131876e+00
2.321944851768608320e+00
2.402997895425475150e+00
2.478148966344534188e+00
2.536185088431812229e+00
2.596802147553357365e+00
2.623334977982479721e+00
2.670894079187914549e+00
2.745885997906165610e+00
2.765686184444819951e+00
2.745521674714100246e+00
-2.135612323293053019e-02
-2.768719796170805367e-02
2.431578872139044181e-02
8.519640051327527497e-03
6.976459418123592826e-02
2.354921247541780227e-02
8.568888143001714836e-03
4.471631993066815802e-02
6.603413433856442083e-02
8.728878021168542944e-02
1.078542323634603395e-01
1.062677067890788335e-01
1.409409065828594598e-01
1.572584431866926313e-01
1.341498096893865011e-01
1.060442539096189546e-01
7.145520249618989017e-02
6.118705914282046576e-02
1.672527508323285589e-02
-1.106718254642072574e-01
-2.210449199328270997e-01
-3.126446518562474575e-01
-3.767760681925430566e-01
-4.570660506561380343e-01
-4.941716271102412072e-01
-4.693181806893978458e-01
-4.726067003216799511e-01
-4.820697359802596504e-01
-4.571152069058535550e-01
-5.146733220340018455e-01
-3.236653778783433067e-03
-4.746043429087616269e-03
-1.002485029237752678e-02
-2.933703855058370294e-02
-1.321688698125480232e-01
-2.347374493636895376e-01
-4.020759092775749721e-01
-5.233036422906505170e-01
-5.667318035343040794e-01
-6.194541345763626694e-01
-6.647339405406592627e-01
-7.582382561023757184e-01
-1.053153618182832929e+00
-1.294279559665847623e+00
-1.552216527663931256e+00
-1.341565836969463188e+00
-1.328919653304384996e+00
-1.229785691081673127e+00
-1.334141412959989559e+00
-1.357811657133273897e+00
-1.500547272511832508e+00
-1.766468392889306571e+00
-1.784457112505452026e+00
-1.906352984725323330e+00
-1.883077008734029612e+00
-1.864582620564867232e+00
-1.845591465380366003e+00
-1.832147133592393340e+00
-1.809889331601343354e+00
-1.797141871204039454e+00
-6.715632672981016425e-03
3.399097445065547146e-02
2.500184562529124688e-01
4.172180947629766656e-01
7.424820613034976979e-01
1.007339117404035145e+00
1.284705203157977538e+00
1.475934356335832254e+00
1.599421740574535677e+00
1.705912123033309635e+00
1.850692933414102903e+00
1.977084712273296629e+00
2.056932316269666661e+00
2.101307383463893341e+00
2.167699631081988265e+00
2.227389772394021250e+00
2.279282214965148601e+00
2.305202493683166765e+00
2.304611734476531115e+00
2.311246914551980947e+00
2.294890780313449952e+00
2.270191360839068029e+00
2.271626622402529883e+00
2.264385461577823833e+00
2.249922662352492164e+00
2.267742910547424273e+00
2.251607212252271228e+00
2.248768411391477873e+00
2.233960763232365920e+00
2.234949749761109050e+00
-6.672168476769710539e-03
-1.103133031099448602e-03
5.118415337095398761e-03
4.210319555243839315e-03
-1.299412343497950185e-02
-7.036651577489511089e-02
-1.524059338004662423e-01
-2.587725154150103402e-01
-3.735837336996203351e-01
-4.873937321936512301e-01
-5.578585895327317079e-01
-6.811989119946022520e-01
-8.050530560115106704e-01
-1.041784837969273125e+00
-1.171485881997650580e+00
-1.262032273159430673e+00
-1.357726925723019340e+00
-1.485200473886788330e+00
-1.508578193168274684e+00
-1.529261416190979883e+00
-1.480401326468983481e+00
-1.545428610503533529e+00
-1.789145708357450903e+00
-2.006294065786756953e+00
-2.095359941845715834e+00
-2.202253237622440185e+00
-2.305534292536215002e+00
-2.407800104914753714e+00
-2.452213745552031199e+00
-2.656692687865074287e+00
1.264622412719827449e-01
-1.175617163743011284e-01
-9.342396959658146038e-02
-8.753788032171602729e-02
-2.180676985410202884e-02
1.398233490242459243e-02
2.343059714059755536e-02
5.053942853174439587e-02
7.864080551125754437e-02
9.038594052849779903e-02
1.026510808915896827e-01
2.158791279947062103e-01
4.279634322112763067e-01
6.602440003730434270e-01
8.757268405107561104e-01
1.102339963471822060e+00
1.290192190724550381e+00
1.493362179422192293e+00
1.661468826026615719e+00
1.759143574441967672e+00
1.836994950525506543e+00
1.915084030760543010e+00
1.978425864247525645e+00
2.034796579967284913e+00
2.117056291703138360e+00
2.202648229342402786e+00
2.215623878756999954e+00
2.241930344176218171e+00
2.292566190428764195e+00
2.354023524123943556e+00
3.308451728578611778e-02
3.457353431349002859e-02
-1.038875665796371028e-03
-8.952344359466110624e-03
9.521787313847059758e-03
1.219800837546761857e-02
1.136284243750970702e-02
3.242281824110691824e-02
3.754036295734502343e-02
1.639471276258914340e-02
1.858095220388496921e-02
1.158270581193838848e-02
7.124243233691075761e-03
-5.566131695162171086e-04
1.017764583987653196e-02
2.376309105203693907e-03
-5.047374779103951797e-02
-8.872399718841431082e-02
-1.040261350631087045e-01
-1.150720137445622737e-01
-1.379800394421703269e-01
-2.952834162336849255e-01
-5.293244248024941978e-01
-6.014521483933925605e-01
-8.241464324488827486e-01
-8.570985739941628934e-01
-9.885168627053142476e-01
-1.105429127974452808e+00
-1.213785698191889750e+00
-1.302838794455100313e+00
-2.243666075453919218e-01
-2.451752937542642508e-01
-2.964324720012172509e-01
-4.425543111839743138e-01
-6.174804126070090327e-01
-6.293461466487609846e-01
-7.807431981575791990e-01
-8.754753595924233966e-01
-9.363208304791466041e-01
-1.035038464521268908e+00
-1.200154554018027397e+00
-1.420405320523855597e+00
-1.494652618011398593e+00
-1.456255879750737448e+00
-1.381287635513134937e+00
-1.420129411287903265e+00
-1.443256278615587140e+00
-1.512970100611878310e+00
-1.544593160360274053e+00
-1.577393994305138492e+00
-1.574556260289557974e+00
-1.566856742520113865e+00
-1.254819303214483650e+00
-8.446715554590025210e-01
-5.395362962596848000e-01
-3.458512488846869348e-01
-2.015199680685819117e-01
-7.293589170018083268e-02
5.870469922312634981e-02
1.614471349439808023e-01
1.209719668277670773e-01
2.217254882145761608e-01
3.348864398918921514e-01
4.145246135405384891e-01
4.804198110536542776e-01
5.357997219211138029e-01
5.599558516392875163e-01
5.855228194304478162e-01
5.973926126004386328e-01
6.033841696983702763e-01
6.129585919475513123e-01
6.410720766147526284e-01
6.394666477372734636e-01
6.575360297683524591e-01
7.038140853351698700e-01
7.231251366381430401e-01
7.766605997146804885e-01
8.236716796141514418e-01
9.036191668563240409e-01
9.561197732434016938e-01
9.391293048728487358e-01
9.038793683022493530e-01
8.964809271232536680e-01
9.031926139379743423e-01
9.390306036391390387e-01
9.362936875849730001e-01
9.577852376432155479e-01
9.443225979877211129e-01
9.334593899093334146e-01
8.852929305631350720e-01
-3.397939887957601712e-02
-8.881623474524211193e-02
-1.372713058640077921e-01
-1.848292327380439692e-01
-1.992602425883554518e-01
-2.472050934683824308e-01
-2.670751125476972243e-01
-3.512203868664647288e-01
-5.234439306291631677e-01
-6.958504494458301881e-01
-8.283254981516172677e-01
-9.222170546020416193e-01
-1.030495466494054435e+00
-1.121891864264340066e+00
-1.241249806274602685e+00
-1.396032604659106946e+00
-1.542454203993976369e+00
-1.576731654219100554e+00
-1.705189649382462092e+00
-1.799530780782290673e+00
-1.799935409311762102e+00
-1.896299181345126650e+00
-1.848308065225316321e+00
-1.952042235917456070e+00
-1.991237261691711113e+00
-1.972579788007322588e+00
-2.097515249730658393e+00
-2.182184715856247070e+00
-2.333740695952216893e+00
-2.416257058147688319e+00
4.817263884856666685e-03
4.544340755854637398e-02
-6.601401888914024130e-02
-7.531788114355780772e-02
-2.153084641686084377e-01
-3.009200145807939819e-01
-2.350056632609067719e-01
-2.920431300371785777e-01
-2.624167504901965264e-01
-2.672966148653116991e-01
-3.386537788962159512e-01
-4.907584349016493874e-01
-4.258212293485457156e-01
-1.567695999688698549e-01
3.183501689403747115e-01
7.101831531166515887e-01
9.807584313267454501e-01
1.132915866460068477e+00
1.301252729536382047e+00
1.461067957236017456e+00
1.611780573268305705e+00
1.659519701083962406e+00
1.683902544134209034e+00
1.702037712436048400e+00
1.760115684174176298e+00
1.873108087989782344e+00
1.926887369718623289e+00
1.969163923576876973e+00
2.006756160559409974e+00
2.040871495154109816e+00
3.621661551567077059e-02
1.675939465020046329e-02
1.893763734912425750e-02
4.957787480965451798e-02
6.256786508633153943e-02
9.009131236331742454e-02
7.720615504451949773e-02
6.520654392669655852e-02
2.786438304028186069e-02
-3.790466040873657905e-03
-4.060700689506498151e-02
-8.389259739681373396e-02
-1.439363157491683476e-01
-1.756811069342290588e-01
-2.114218022384990181e-01
-2.444362165302953471e-01
-2.780295308361405149e-01
-3.159713713292996995e-01
-3.206715311776601185e-01
-3.149580660249348685e-01
-2.807257209297668865e-01
-3.182660275719691456e-01
-3.750619742820593960e-01
-4.196814650643163613e-01
-4.256320308275506337e-01
-5.527566909938110840e-01
-5.813397995362132864e-01
-6.610462578323108573e-01
-8.127089200266027769e-01
-9.523097447277796279e-01
-2.012294959608320610e-01
-5.292226430859114927e-01
-7.632624619322588844e-01
-7.080276417646450549e-01
-5.623281865361571263e-01
-5.625664926989870640e-01
-5.856587978556897500e-01
-6.647541243913032138e-01
-9.136122226739082919e-01
-1.387998014054570017e+00
-1.776457922156930103e+00
-1.936090260720735534e+00
-2.111393501205729439e+00
-1.989831198410282109e+00
-1.985236946249519185e+00
-1.940821516628596033e+00
-1.855848528986032697e+00
-1.805865011578581925e+00
-1.951563867363365956e+00
-1.999481392175738614e+00
-2.034918130897175992e+00
-2.078418204059605312e+00
-2.186053204127210492e+00
-2.195975973146917948e+00
-2.072475813629106156e+00
-1.558188460827753641e+00
-1.155439947288243951e+00
-9.133195519264889484e-01
-5.779062954850049394e-01
-3.023637687638088822e-01
2.918469962202668855e-01
4.819655353361727568e-01
6.498703746656175895e-01
7.458322676558245545e-01
7.735195489054169649e-01
8.013354302015389674e-01
8.279116740677651132e-01
8.510520540236169440e-01
8.796464340030942797e-01
9.032223297320850497e-01
9.589095781833156806e-01
1.001991784589426615e+00
1.026370565516761646e+00
1.064805200823836451e+00
1.130445769998393413e+00
1.162875482769731628e+00
1.203039444470537234e+00
1.221567162862752687e+00
1.244404202942937410e+00
1.254507689526261238e+00
1.239840091611371431e+00
1.234454828967850304e+00
1.212264090097295854e+00
1.203986437955976374e+00
1.195012823165431115e+00
1.188735122802115018e+00
1.174574260745386622e+00
1.169614685167176482e+00
1.157100036640361207e+00
1.139481284907723602e+00
-4.192530582902344316e-02
-9.404257673550575625e-02
-1.613420431510742825e-01
-2.154834873963812902e-01
-1.747076192291424634e-01
-1.410653547117428908e-01
-1.689995497074542885e-01
-2.011190824118886944e-01
-2.039052243632631656e-01
-2.764373862586828046e-01
-3.246058176742721013e-01
-3.874781311205291456e-01
-4.289869984325805352e-01
-5.185307539997598969e-01
-5.285469216877123344e-01
-6.327664809198826346e-01
-7.433613080767542680e-01
-8.501030878014834702e-01
-1.004906445531857484e+00
-1.140938226119965870e+00
-1.110386863110228939e+00
-1.069798042090881918e+00
-1.150441266110017402e+00
-1.342738397008185425e+00
-1.516683449955505969e+00
-1.907247101395338928e+00
-2.120251095273554043e+00
-2.264151147206555859e+00
-2.315215996672551402e+00
-2.179902262890295983e+00
-2.815259312516977738e-02
-7.317806941052266978e-02
-1.589069901998420853e-01
-4.021402230999762684e-01
-6.399699691514270095e-01
-9.908162169210786852e-01
-1.054490664419395429e+00
-1.085751130294478672e+00
-9.041383964260630846e-01
-7.870088288983787539e-01
-7.153065716137929630e-01
-6.971830923834928528e-01
-7.095890612753726900e-01
-7.129967288337720754e-01
-6.579867830731194189e-01
-6.066533324769228797e-01
-5.275325661301953906e-01
-1.060708221561877940e-01
3.448127385619866869e-01
6.002910298684104307e-01
7.849740551653330289e-01
9.302837631216113179e-01
1.048450966539269835e+00
1.186803913246911701e+00
1.313166080355981702e+00
1.467918847358349543e+00
1.626355537985973987e+00
1.813640351914443949e+00
1.893694438816429626e+00
1.865919487166419755e+00
-3.501966305007785107e-02
-2.764640899398870116e-02
3.292174795907550078e-03
4.576784436354292690e-02
1.077881629838741140e-01
1.789406691137455097e-01
1.817972451503937215e-01
1.621927859015039330e-01
1.390627849158672380e-01
1.350156748142058993e-01
1.447125131768180473e-01
1.339626123599848839e-01
1.471805186405955312e-01
1.621567925728538972e-01
1.546280162874177910e-01
1.477811664430680461e-01
9.956875345349598672e-02
4.368419633721717238e-02
8.263876895985983184e-03
-9.711651375525076624e-02
-1.132196918081316700e-01
-1.371783043334764696e-01
-1.701638367786653949e-01
-2.210234575875358043e-01
-3.181247041398512776e-01
-4.179992677249777522e-01
-6.936223013340303556e-01
-9.919969735964082602e-01
-1.196212719463810137e+00
-1.145595211395433966e+00
-1.213954397306561545e-01
-2.088966366038539912e-01
-2.379667314264821976e-01
-3.312596452979819084e-01
-3.910385399162569775e-01
-4.620332203315313246e-01
-4.610129690322601892e-01
-4.507204184406444769e-01
-5.116309623839032650e-01
-5.088500110330506088e-01
-5.984946778386921462e-01
-8.225505303970740423e-01
-1.034861268530328005e+00
-1.320608136021760970e+00
-1.581682484790626120e+00
-1.467496127035264886e+00
-1.677341635095225936e+00
-1.736349273270574756e+00
-2.059638880935543703e+00
-2.174943140397523234e+00
-2.213543625653255909e+00
-2.228966154144770062e+00
-2.264856154452373982e+00
-2.202618525033519514e+00
-2.113773155900807499e+00
-1.948127588272091870e+00
-1.770150692974253426e+00
-1.639979576731461552e+00
-1.512357260042993090e+00
-1.284031796773247303e+00
2.981697743390914757e-01
3.388056765606202725e-01
4.238705751144860034e-01
5.676615175275122605e-01
7.882341869642284227e-01
9.966762467700491790e-01
1.233301171161604870e+00
1.394515602557901301e+00
1.510600290857222028e+00
1.653386323431021099e+00
1.781064521995650241e+00
1.919365915453751903e+00
1.964661667707055193e+00
2.026518514984252839e+00
2.068943626802890012e+00
2.089567648876260897e+00
2.154375182777848785e+00
2.225125080897669250e+00
2.349341497977908588e+00
2.477102652810609928e+00
2.510255334190557797e+00
2.487515565402271367e+00
2.420930293779660403e+00
2.326811029631383754e+00
2.252356711241465526e+00
2.334339278495425773e+00
2.370134880097771735e+00
2.409328764129381906e+00
2.432051291819516070e+00
2.446898511010446864e+00
-1.421814088372721704e-02
-6.365718355592538125e-02
-9.682515100105046346e-02
-7.665640421517237735e-02
-3.485678597816093544e-02
1.849371533481342783e-02
2.147640355385291647e-02
4.558873913462702793e-03
-3.944613275451493151e-02
-7.853380845094103113e-02
-1.159545798812910422e-01
-1.457360507854483234e-01
-1.834410487064723205e-01
-2.172745903307184978e-01
-2.568411562832010331e-01
-3.050045695722838346e-01
-3.782982750397038685e-01
-4.469831378458573035e-01
-5.375589566866895153e-01
-6.363020177540470446e-01
-7.275235757975856421e-01
-8.310424964279946591e-01
-9.859906858522213824e-01
-1.240795623965187611e+00
-1.365827494051211177e+00
-1.507229206657042297e+00
-1.575324300140673817e+00
-1.654454817611671125e+00
-1.572432234612111790e+00
-1.675911827549959821e+00
-1.543028790244484749e-01
-1.820614794281304738e-01
-2.242204425943919721e-01
-2.831070031793658792e-01
-2.870089604314702836e-01
-2.883774081159097280e-01
-4.380033754833224657e-01
-4.331411282698207632e-01
-5.069491147090886551e-01
-6.227565582272766020e-01
-6.037535845696460068e-01
-6.904387543821425277e-01
-7.073196811420067176e-01
-8.695703921556490190e-01
-1.184147973572964530e+00
-1.192643117125836261e+00
-1.103064103742488422e+00
-9.998758923772801399e-01
-8.314225092026616970e-01
-6.541450477684704889e-01
-6.154330735481969850e-01
-6.804439026606780017e-01
-7.447520762756474344e-01
-9.507079457510796416e-01
-1.001135690903835140e+00
-1.234296936056385352e+00
-1.122554834078911101e+00
-1.126067559497439641e+00
-1.023666854864487830e+00
-7.272391366280148706e-01
2.457459515224436897e-01
7.045340686047730783e-01
1.124035532839085416e+00
1.455700010984784409e+00
1.626389447645215425e+00
1.717017025464302460e+00
1.757651878135248591e+00
1.806764092023270374e+00
1.863413503163252827e+00
1.972891784896632084e+00
2.042439832070248595e+00
2.124651548845927884e+00
2.151238680820912297e+00
2.169892206522754385e+00
2.188262076188558503e+00
2.217680222163239456e+00
2.288305963441664481e+00
2.370472697675964024e+00
2.398838400417671046e+00
2.372351416300304994e+00
2.365325473256400191e+00
2.352878939106346490e+00
2.353435945442206467e+00
2.350384053880193225e+00
2.409005239671902832e+00
2.452020140439832740e+00
2.452758798118589212e+00
2.450712546473631459e+00
2.456402287132192441e+00
2.455813741372220527e+00
-3.504952034353057272e-02
-3.979763150214050971e-02
-2.802110764281109945e-02
-2.662201368495477685e-02
8.653852529069139266e-04
-3.896720387762935695e-02
-1.243047379903275129e-01
-2.308013708010524523e-01
-3.112588698559508593e-01
-3.599832939459744474e-01
-3.760820576595221842e-01
-4.738770342599973873e-01
-6.214361553301570584e-01
-7.490417218833783641e-01
-8.248172132436646375e-01
-9.027895962996076440e-01
-9.390191569236073788e-01
-9.712071372993943408e-01
-9.784433109189534239e-01
-9.535633247711986504e-01
-1.040840885284334716e+00
-1.134745640644732712e+00
-1.180890274771926318e+00
-1.262530481588363118e+00
-1.479748396026392410e+00
-1.604554616860079719e+00
-1.700830936938862559e+00
-1.701626046011831539e+00
-1.751162955637408203e+00
-1.877416430537326208e+00
-1.292751571779786890e-01
-2.909102543759426451e-01
-2.706901292040219675e-01
-3.053266998518867070e-01
-2.200206875791027028e-01
-2.936671999392410637e-01
-3.191385611469265693e-01
-4.153468027826262010e-01
-5.434509083700366228e-01
-7.770684698887414532e-01
-8.877219293212555984e-01
-9.956107381659849986e-01
-9.859381259581553314e-01
-9.505171297297603239e-01
-8.958188097767326719e-01
-8.313127667142701238e-01
-8.294851590377826378e-01
-8.425998011967889001e-01
-8.552704847985110881e-01
-8.275736594713216654e-01
-8.048107304154664687e-01
-6.952038579352877168e-01
-5.235735509162002810e-01
-2.028231520880173777e-01
3.213677809068560265e-04
1.396627979825829091e-01
3.058568738018259126e-01
4.084793050790376245e-01
5.358809930473125149e-01
6.996535165432573589e-01
9.828080990319454369e-02
2.324962679652131381e-01
3.336575002137643908e-01
4.041085893688441955e-01
4.971296523940351153e-01
5.642347256994524329e-01
6.806214785629133290e-01
7.758790511735887963e-01
8.793975191250974488e-01
9.673178459045437272e-01
1.008612039471350030e+00
1.019551840804990173e+00
1.055930883540254994e+00
1.123913592312683729e+00
1.166467096691794936e+00
1.187294806357422905e+00
1.203017435393876067e+00
1.200922891018303185e+00
1.203102802665263926e+00
1.202410926555820048e+00
1.273787338396499269e+00
1.306564881625480012e+00
1.296067864725251040e+00
1.296262512178390613e+00
1.288618844977669875e+00
1.293103876681317876e+00
1.322729949408303129e+00
1.250718617967766289e+00
1.257963365996921379e+00
1.309479471329264566e+00
3.352321225993049741e-02
4.716471334424128525e-02
9.108315190678818729e-03
-3.001566552827476114e-02
-6.411705227615172031e-02
-1.278385333219876074e-01
-1.691809667016093421e-01
-1.459533708531268181e-01
-1.448636449885706279e-01
-1.695317851766910411e-01
-2.095812338724709623e-01
-2.786065474748595228e-01
-4.772868450079905123e-01
-6.278004881842716989e-01
-6.656596196465881521e-01
-7.045545459440859526e-01
-7.916551544670045182e-01
-8.866203670389078972e-01
-9.722811986158909070e-01
-1.077699810984553697e+00
-1.266182472653961666e+00
-1.357598323835819576e+00
-1.557692922734869256e+00
-1.771181154377923450e+00
-2.026658086021289940e+00
-2.341985805205737847e+00
-2.324209457965284553e+00
-2.483425661278866770e+00
-2.643002005611627681e+00
-2.758786019565008463e+00
-2.340158758784748882e-01
-3.904370012068373863e-01
-4.674796314859860358e-01
-6.293085413824223151e-01
-6.207754384371960699e-01
-6.559339304183198216e-01
-6.686831407874669342e-01
-6.900277969029371405e-01
-5.938046855475402896e-01
-5.663826207406997826e-01
-5.349591698366825687e-01
-5.319676270557422981e-01
-5.627229948712944019e-01
-5.763650079039018825e-01
-8.151695106617795616e-01
-1.230406876053976362e+00
-1.171195772061029095e+00
-1.036349621664395704e+00
-6.803583984584492539e-01
-7.759045532756519981e-01
-8.296665472955587761e-01
-6.510885225117069020e-01
-6.179912501054141138e-01
-3.182193239821852759e-01
4.495641318480103621e-02
2.426894752547238410e-01
6.743882410766552926e-01
9.705273763644668428e-01
1.303661329855335449e+00
1.537523269331027231e+00
1.308954328270800216e-01
2.769722062990946365e-01
3.961318179213965118e-01
4.342363851230830463e-01
4.522951358937805644e-01
4.611407725440335170e-01
5.204924550816011353e-01
5.666442279972373486e-01
6.125749220895461145e-01
6.315572383505437815e-01
6.675038232231821356e-01
7.110650120902466398e-01
7.484199478282039797e-01
7.865705717968501931e-01
8.486906090904609012e-01
9.243292364690576246e-01
9.212551664561524634e-01
9.364644978595858538e-01
9.755113079089456907e-01
9.890320818303098838e-01
1.042375842058699931e+00
1.036010846402835917e+00
1.068137757930843312e+00
1.059098617615849891e+00
