-2.307198946061271225e-02
5.080737548492694766e-02
1.102074432430467654e-01
-1.416627726983793467e-02
-2.893965928788114206e-01
-3.547848092241168150e-01
-2.937369387543514176e-01
-1.420717576347114430e-01
-1.906288724988108585e-01
-1.825072744282027482e-01
-1.892728590335214511e-01
-2.563162908149835828e-01
-3.364375073135458249e-01
-3.891481008312384082e-01
-4.857873639079964279e-01
-4.446081165382670952e-01
-3.807841059806864048e-01
-2.827753445526530185e-01
-2.185098862661052355e-01
-3.491180271675986546e-02
2.126094968473932201e-01
5.501468694225706280e-01
7.904426283257781627e-01
1.118111722832666466e+00
1.348338264669399544e+00
1.570758583804397590e+00
1.742869619854096719e+00
1.799504825469871117e+00
1.860947170653179050e+00
6.192030243846474713e-02
1.183754484776944060e-01
2.968901931809393435e-01
3.595694487877175161e-01
3.801911486000960072e-01
3.708030098101581795e-01
3.175863440310366381e-01
2.571774344685712754e-01
1.443126004645074456e-01
4.700079887180874660e-02
-1.519112431760393234e-01
-4.094869016471011647e-01
-6.882509937665788335e-01
-9.792949144082030433e-01
-1.329027402414012071e+00
-1.578722765672487371e+00
-1.843493566407723439e+00
-1.985747824578015575e+00
-2.104047753859838554e+00
-2.297998318557329167e+00
-2.333883943050457432e+00
-2.402622080797889748e+00
-2.286345856599738990e+00
-2.201979354054314442e+00
-2.006776100871382695e+00
-1.871953232328749994e+00
-1.672387509518814985e+00
-1.524151778808317204e+00
-1.265077869029658020e+00
-9.849217807880463749e-01
2.403164376661164892e-01
4.041984227017700881e-01
5.712132243501653051e-01
7.303146728730365300e-01
8.964373139615565700e-01
1.068462289134922250e+00
1.116897995667408106e+00
1.052078984952669272e+00
1.086176480342402106e+00
1.047768297954388528e+00
1.045444646261223465e+00
1.047454247394431270e+00
1.018276755351344764e+00
9.257966346184649531e-01
6.577440232855613633e-01
4.624524224722000865e-01
1.164941655000448217e-01
-1.725410049213586539e-01
-5.611969324618981680e-01
-7.258353850834617926e-01
-9.719191571790497530e-01
-1.104016862636573837e+00
-1.235049788269054760e+00
-1.363588887319837184e+00
-1.577496546938001787e+00
-1.566479255221387534e+00
-1.527220869396883840e+00
-1.385261843464308695e+00
-1.142446163839075934e+00
-1.023673713328291601e+00
4.143885194850026599e-01
9.115436761789739162e-01
1.290042495932824052e+00
1.445931684053865407e+00
1.615573770781329799e+00
1.777459076122152482e+00
1.949126960535716657e+00
1.979092222137826429e+00
2.028340066107273021e+00
2.023099610532159698e+00
1.968303114556464672e+00
1.867743112021764462e+00
1.753701612320745395e+00
1.577930127104287372e+00
1.240113788422288366e+00
9.914354720131715037e-01
5.729351338223488410e-01
2.526061620366804594e-01
-6.657079398893539501e-02
-7.466893650232213353e-02
-2.296537754204942550e-01
-2.750592145819634737e-01
-5.764438244781717735e-01
-5.895920030234985676e-01
-8.417734844083240020e-01
-8.042910573049478762e-01
-7.958593803562209468e-01
-5.784932858502768172e-01
-3.609785110411184439e-01
-1.200259379559971418e-01
2.191463226045081425e-01
4.625827834153317664e-01
8.167519683682218368e-01
1.078965434120485289e+00
1.313955148144874352e+00
1.438412698588121152e+00
1.507190664634658672e+00
1.534030036709251199e+00
1.585117922258123091e+00
1.588100911401134185e+00
1.543474629271993859e+00
1.506604865702357188e+00
1.392970556011581929e+00
1.244358036396537415e+00
1.059318665672166704e+00
7.881655541933414444e-01
2.877056006434518531e-01
-7.340099961929619221e-02
-2.046167078559379127e-01
-3.255282900408506541e-01
-2.370614521148734499e-01
-3.691216359006819214e-01
-3.856492425242347699e-01
-5.642258117146478069e-01
-7.160711214744912567e-01
-9.287210965797632056e-01
-8.034069295126353705e-01
-7.165114087336313942e-01
-3.665662000059274894e-01
-1.578277802581099232e-01
1.916434860427845832e-01
4.384002450038321230e-01
6.927705631470475467e-01
8.857918270305717989e-01
1.150354528626143846e+00
1.229596186904073463e+00
1.333020107137197874e+00
1.418363037756181555e+00
1.502462416715948157e+00
1.503882945677277760e+00
1.559116767697125150e+00
1.570416822472619156e+00
1.568744177578709209e+00
1.541347137469532447e+00
1.494070199264458054e+00
1.424160277641310035e+00
1.203597285769584246e+00
8.955305410450731252e-01
3.772641729759659279e-01
6.654157367485064034e-02
-1.141777206897582886e-01
-2.847627741419452296e-01
-3.750929169619655057e-01
-4.013418771853736189e-01
-5.606533374295219474e-01
-6.372002133671214041e-01
-9.276871427539837844e-01
-9.972725199233516413e-01
-9.084216755651297603e-01
-7.765675416111734730e-01
2.856966782747212275e-01
3.807348345519795396e-01
5.527589427853261128e-01
6.984710351393872418e-01
1.003762730462114394e+00
1.315695205323078154e+00
1.656499630397780365e+00
1.776249239528418178e+00
1.759026749606379836e+00
1.718221322213557611e+00
1.772700613912450374e+00
1.852141291279250312e+00
1.956066078158456456e+00
1.971074126394640524e+00
2.061862346856472961e+00
2.085207975172892692e+00
2.103744052236871998e+00
2.070004470860904000e+00
1.972499897125183921e+00
1.836982621853537667e+00
1.650201076074418127e+00
1.362925636540463170e+00
1.061416616314073025e+00
8.504681003693304042e-01
7.867366975976950449e-01
5.525051267705810565e-01
4.204511064065450388e-01
2.997463921086166994e-01
2.440576484483432118e-01
2.555127456578404344e-02
-1.466771091688763851e-01
-4.564037714837874127e-01
-3.805687971089608546e-01
-2.224044945420910746e-01
1.284326458175286401e-01
3.732692120121294810e-01
7.257763965268413386e-01
9.660050569212556004e-01
1.164962534158696883e+00
1.296327181285157781e+00
1.509104424766363639e+00
1.597477163132755784e+00
1.702348971445454717e+00
1.734177170823929970e+00
1.767811622015343476e+00
1.841255811045889645e+00
1.876399203937745286e+00
1.975724121290300506e+00
2.009131364902759120e+00
2.081019716968544042e+00
2.090605614686749547e+00
2.056081160364712890e+00
2.045655180260334660e+00
2.058309291856350143e+00
2.089708185625923864e+00
2.049142559100282313e+00
2.017723856030908092e+00
1.944469056920461014e+00
1.864886286953672201e+00
1.659561632886163540e+00
-2.356651844788732186e-01
-4.781504516242925940e-01
-9.832536308540593684e-01
-1.316513155212500008e+00
-1.469041279903478436e+00
-1.485549736957679556e+00
-1.567377564100628451e+00
-1.650919071274076444e+00
-1.681757132250778497e+00
-1.617125388940344521e+00
-1.679980380732188472e+00
-1.904128922453248718e+00
-2.277685115531682847e+00
-2.301835125646566560e+00
-2.135045313789306842e+00
-1.712089075390214932e+00
-1.366852192052416592e+00
-1.161259565809826810e+00
-9.902274362807451658e-01
-7.838311684850076677e-01
-6.196456426832417375e-01
-4.423471740895366100e-01
-1.634488694645205298e-01
-6.142856051800371642e-04
5.903756535199679994e-02
-4.485729990489541880e-02
-4.813588859281559690e-02
-8.782696405817261298e-03
2.673571596373520293e-02
2.238400763667555346e-02
2.491742195572351284e-02
-2.047238184273841508e-02
-3.689286812578441294e-02
-1.537067173839703482e-01
-3.230473100408670639e-01
-7.604700284536644039e-01
-1.329086833662897371e+00
-1.630313844958366509e+00
-1.799529529838813868e+00
-1.887402147871435565e+00
-1.937537066270101249e+00
-1.937720081097556779e+00
-2.207095450894744459e+00
-2.376605086191849292e+00
-2.717450782611991134e+00
-2.579568623922784187e+00
-2.440058073586977461e+00
-2.125351888742199158e+00
-1.648593955373168995e+00
-1.249987675038260804e+00
-1.017881166056931352e+00
-7.476814144543130203e-01
-6.697728434334332404e-01
-5.853802373772660772e-01
-6.015768219547708018e-01
-5.495087573721791907e-01
-5.339631570904738167e-01
-3.758571030432974469e-01
-2.524502759719807199e-01
-1.872965380360471499e-01
4.223841070789927793e-02
3.340061745948696981e-02
-1.415489151007136986e-02
-7.296659141810671323e-02
-5.709461047518035737e-02
-7.224718391104106852e-02
-2.040352081419453956e-01
-4.801507228707008190e-01
-9.903265534035519124e-01
-1.374973631131999774e+00
-1.477536543230410615e+00
-1.594571746668822287e+00
-1.959433082918709657e+00
-2.286630381781253440e+00
-2.477603542570991468e+00
-2.545371934341754461e+00
-2.438356302447326929e+00
-2.112911180740536743e+00
-1.823943199910208701e+00
-1.467866234800590419e+00
-1.162467734290215882e+00
-9.490969558382043036e-01
-8.340245790445407481e-01
-6.119708530916673217e-01
-4.484670208523088286e-01
-2.574091792128699874e-01
-1.055412433365736924e-01
7.508779777462309957e-03
5.784115095516752236e-02
3.864346378894759071e-02
-9.126377965037187068e-02
-1.248079046277953963e-01
-9.240093567336386815e-02
-1.753852279987259677e-01
-3.492652629153994992e-01
-7.644561247503177670e-01
-1.286632154688703622e+00
-1.584839251882827815e+00
-1.814489053173414801e+00
-2.078111802730580049e+00
-2.353405676306793204e+00
-2.556842977770418468e+00
-2.786222747935385158e+00
-2.857787934769484117e+00
-2.906763819758991119e+00
-2.526544803859384292e+00
-2.188276462813492085e+00
-1.882765540650221281e+00
-1.569057036569290409e+00
-1.498858086464280204e+00
-1.296681889798526388e+00
-1.108917243842551192e+00
-1.034589173514564919e+00
-9.763098844579168878e-01
-7.763484975221095485e-01
-6.667897524090656836e-01
-6.602505868117340970e-01
-5.676638933451836344e-01
-6.947784811571973140e-01
-6.900718079201575428e-01
-6.515015489775954904e-03
-9.128294049457093273e-03
-1.585499550337690911e-01
-3.581164072182786429e-01
-8.523529707101411557e-01
-1.256126385369153109e+00
-1.459069728553261669e+00
-1.505215453543465642e+00
-1.746824977811050950e+00
-1.750290879498695107e+00
-1.937607144378996837e+00
-2.072799891175949760e+00
-2.157896765397135042e+00
-2.166494308696156779e+00
-1.985740213370974949e+00
-1.776044354682487114e+00
-1.507691293930721876e+00
-1.286169853220938686e+00
-1.068466876429486234e+00
-8.082292964119607293e-01
-5.432802591070429177e-01
-4.461810290706728077e-01
-3.208133492947469190e-01
-2.985751269386626161e-01
-1.851596890140442819e-01
-1.014436964588434908e-01
-6.597326671325548508e-02
-2.693678908892053331e-02
9.629285183720090457e-02
4.623951428066479935e-02
-5.238450255391019494e-02
-1.624308915937799636e-01
-4.131939372962911694e-01
-6.415818637799113322e-01
-1.157931427222361309e+00
-1.299212411906673026e+00
-1.643242154086894002e+00
-1.840746052026445811e+00
-2.051599137771729975e+00
-2.261646923598159553e+00
-2.396765821842311794e+00
-2.644179041577413347e+00
-2.699210939582252777e+00
-2.538690021077075087e+00
-2.282942032476556804e+00
-1.918683657193370973e+00
-1.672994084343676580e+00
-1.449948785785999839e+00
-1.312975191082653259e+00
-1.179899610538007737e+00
-1.032726055993261616e+00
-8.119967793762280506e-01
-7.165184222484011212e-01
-5.731514826661912032e-01
-4.736087519168359905e-01
-4.478577970631821836e-01
-2.901880312010063911e-01
-2.751030517252496255e-01
-3.054475572708412745e-01
-3.661265954526898847e-01
-4.316825797717430135e-02
-3.929990778736798529e-03
-4.835333027710516512e-02
-1.626230951758751153e-01
-4.816136363191314551e-01
-1.100912088957862967e+00
-1.470200710653195353e+00
-1.740060085586684568e+00
-1.774664095954048060e+00
-1.813011342522622193e+00
-2.049935907414002223e+00
-2.265346194775999855e+00
-2.480818033772911768e+00
-2.575117732999443909e+00
-2.527006692638583463e+00
-2.391351076188647617e+00
-2.100202728381282746e+00
-1.923426583499286746e+00
-1.571387511738144394e+00
-1.427869433545218669e+00
-1.216808555590238594e+00
-1.101406078887159801e+00
-9.368673272893320858e-01
-8.470060923467814806e-01
-7.176959037316336110e-01
-6.288013510167181908e-01
-4.877521745785234897e-01
-3.136415108453762812e-01
-1.307490896862970597e-01
-1.789292956214774966e-01
-4.461218956344957520e-02
-9.849936053942802416e-02
-3.371307912189100420e-02
3.016488882861269316e-02
6.561629344600142244e-02
7.035146196074398839e-03
-9.402315767049758410e-02
-2.976995337114441975e-01
-7.085259520263794686e-01
-1.134148619496109900e+00
-1.329489334161967795e+00
-1.447948388665282637e+00
-1.657899086404442945e+00
-1.703177353507577818e+00
-1.908174604092496507e+00
-1.896758200463786403e+00
-1.930608255792751526e+00
-1.914473711471470274e+00
-1.892123247938731323e+00
-1.778429610196674115e+00
-1.586557124951579523e+00
-1.493430677312723276e+00
-1.424605790378134840e+00
-1.338817313722919122e+00
-1.118859232063621256e+00
-7.812163473913356082e-01
-6.302541553420172304e-01
-4.596622804726641087e-01
-3.558441465277532023e-01
-2.341582174120334092e-01
1.790974368721573728e-01
3.019445484591174456e-01
2.960071871566530288e-01
2.094587628687518410e-01
2.115700957685441586e-01
3.275097593637833482e-01
4.639312808028688284e-01
3.560013802152156015e-01
1.925993948407795642e-01
-1.198387448607602657e-01
-6.543296507988576316e-01
-1.085561625339806380e+00
-1.418133190619169648e+00
-1.604377022294317889e+00
-1.812278344446223377e+00
-1.980098347903570755e+00
-2.061276611977031159e+00
-2.151086470074646595e+00
-2.069508271052425297e+00
-1.875192526576771934e+00
-1.747187192670516920e+00
-1.523684564465595415e+00
-1.399882170017991090e+00
-1.266694917254383101e+00
-1.049632913098141218e+00
-7.896504793495171537e-01
-5.343792010880380472e-01
-3.703015865764485159e-01
-2.406371513767404657e-01
-1.217820078276649065e-01
1.357485677806852531e-01
2.464564771017550837e-01
3.875507737646049500e-01
3.973288832895534028e-01
3.763376871508622434e-01
3.500428874140427693e-01
2.781291418679439076e-01
3.091302615125326447e-01
3.191539727646576230e-01
1.874245445935904808e-01
8.808931647600735937e-02
-1.878956768123061782e-01
-3.709256009942992760e-01
-8.283395379874045616e-01
-9.594903380848559538e-01
-1.183233893003737380e+00
-1.341648435563241204e+00
-1.501906923950634409e+00
-1.681495065188814975e+00
-1.739018072335513532e+00
-1.703308358348140539e+00
-1.393375153428435986e+00
-1.311037667296472531e+00
-1.178808078886068422e+00
-1.140095032920802609e+00
-1.103748519980329412e+00
-1.093073129321245229e+00
-1.053479637334665542e+00
-9.465110005696710793e-01
-7.309541021570665764e-01
3.055570552028130660e-01
5.034060645161746450e-01
6.379030699104075719e-01
7.177864130583624380e-01
8.265872149892840026e-01
9.203815870070627403e-01
9.634667401534651177e-01
9.990154114866200974e-01
1.003278900378434146e+00
9.813269323352052931e-01
1.024134527733024491e+00
9.869915555389405792e-01
9.927971277687438478e-01
9.829203448719661118e-01
7.798536896460364076e-01
5.286668702096539718e-01
2.587470142173328158e-01
1.249757051604891700e-01
1.186644567739119638e-01
-8.055216169523451986e-02
-2.134922054929325463e-01
-3.276410313991271472e-01
-4.399238164646961380e-01
-4.969955570856658400e-01
-4.295951625918055794e-01
-3.892194894740800271e-01
-3.573613787091611260e-01
-3.538412381146596175e-01
-3.108713460362063086e-01
-3.057571822848323961e-01
4.470048424231900380e-02
1.111221895976220453e-01
2.325297840633175350e-01
4.244635650529471338e-01
6.455716691568813559e-01
7.739364087631309674e-01
9.437312750889372825e-01
1.065455710326812300e+00
1.199614659307917108e+00
1.281182366629735947e+00
1.161058081059559211e+00
1.132612078989286841e+00
1.150447486525243868e+00
1.224933434198634208e+00
1.295527552556922979e+00
1.316180887739152539e+00
1.340279111876149232e+00
1.200023115589566203e+00
1.079367934679833940e+00
9.599206898906958996e-01
7.435489937241657188e-01
5.934267813836973104e-01
2.984532434146659474e-01
2.915093060726040575e-01
1.506066878678935517e-02
1.626990349011632475e-02
-2.209735612655370773e-01
-2.397564994228355839e-01
-2.335662020220543866e-01
-2.498402230155140902e-01
4.184367964723487328e-03
4.198593770339043019e-02
1.309928237243858096e-01
2.075845471667127073e-01
4.302864437563841404e-01
7.171200861408300042e-01
9.207671791797047423e-01
1.250743906446706077e+00
1.490659490005273202e+00
1.669786036352315151e+00
1.728871009875728060e+00
1.721730187144483892e+00
1.698074873086982794e+00
1.743615761616423399e+00
1.736946212537325840e+00
1.641754222861389056e+00
1.583699610199808205e+00
1.461156481263084617e+00
1.355154276752036369e+00
1.241978166468600708e+00
1.040782246185803617e+00
7.818601145494455951e-01
4.117373283787416627e-01
1.924616959850605213e-01
-5.547326241788014256e-02
-9.162969949751817444e-02
-1.201271574403679626e-01
-9.280829609221580290e-02
-7.698668253179098697e-02
-3.669040643394409773e-02
3.086865961873651656e-02
1.123047896008062957e-01
2.751073232724400297e-01
4.055283031971446128e-01
5.690863816808262587e-01
7.795681348106711095e-01
1.016152045855984287e+00
1.145464367432634134e+00
1.326536231792333709e+00
1.451586527248430958e+00
1.522682404195267791e+00
1.566175529071315964e+00
1.604632948612306986e+00
1.680879954880166061e+00
1.764686426566556499e+00
1.797698396672306353e+00
1.788831271187317107e+00
1.763584879688289808e+00
1.750082980168628843e+00
1.718101302886926973e+00
1.695340801997952562e+00
1.619301608092261979e+00
1.540591105048933596e+00
1.356598164929831318e+00
1.212971116496993629e+00
8.354640598254438055e-01
5.287598226402488999e-01
3.231287395497418058e-01
1.133571455530459349e-01
4.816411808047504906e-02
-1.577005683136451786e-01
-2.031240948428476578e-01
-2.916775481460435193e-01
-3.671112942042834004e-01
-3.192689324675123119e-01
-3.527668750166858547e-01
-2.108915562847145930e-01
-1.645271668850160907e-01
4.838132872017619768e-05
2.821008992359879120e-01
4.921305005648906050e-01
7.055932145906815833e-01
9.154530307895224484e-01
1.046548088577999192e+00
1.216603176481857895e+00
1.283669827202775116e+00
1.339253084264324434e+00
1.428110864704092986e+00
1.481690267262376848e+00
1.518497927254054192e+00
1.506351664529705037e+00
1.403994267117975703e+00
1.380577625885820670e+00
1.325864672989734538e+00
1.303678431198648013e+00
1.224624028202620618e+00
9.713786577125811394e-01
5.919292446628899862e-01
1.198757614357293666e-01
-1.819769012414099718e-01
-1.136079012826253093e-01
-1.603838350837067384e-01
-3.365062542444978710e-01
-4.016313658778263851e-01
-5.119425035229510090e-01
-4.454012412407003518e-01
-4.075250146298192711e-01
-2.782424533955389911e-01
-3.148487142110314996e-02
1.302477712893905237e-01
2.659533684965729172e-01
2.952702808214059393e-01
4.337197960944282338e-01
6.609921794377505710e-01
9.090172041762982769e-01
1.156793307010438809e+00
1.310598956481327626e+00
1.440893374374196956e+00
1.558243278058422776e+00
1.607123980826352883e+00
1.646433904693882955e+00
1.658348290512315026e+00
1.559516840078041255e+00
1.484611439708767966e+00
1.460487089296087060e+00
1.451352247155221376e+00
1.382819169574115437e+00
1.375291701353612561e+00
1.277079680722438049e+00
1.132967431444015238e+00
-8.800091168917795192e-02
-3.353151731687519232e-01
-6.263925651503869929e-01
-7.583724267211935377e-01
-1.178554833743368224e+00
-1.206824502830987189e+00
-1.079473153135971142e+00
-1.159680008037748067e+00
-1.205028784950088694e+00
-1.364885213308099532e+00
-1.357290834860522155e+00
-1.438565783271921195e+00
-1.464176590727181981e+00
-1.584773978947118245e+00
-1.625927484139003676e+00
-1.649011259168212895e+00
-1.780158837337903144e+00
-1.727816075384874805e+00
-1.596131041491442693e+00
-1.395640705021322647e+00
-1.164453894704449155e+00
-9.087994172164887141e-01
-6.086716979027204655e-01
-5.241980916936305190e-01
-4.199594891047548351e-01
-3.092211514469700440e-01
-2.192257362276180399e-01
-1.146429271021377483e-01
-2.854099454059644270e-02
6.990289497165498578e-02
1.142844049428663397e-02
-6.276289095891922354e-02
-7.518600335251483802e-02
-8.249554970655822994e-02
-5.146077369511164318e-02
-3.454129756384261007e-03
5.219136224153412065e-03
-1.436275827759619407e-02
-5.752297465198718401e-02
-1.091515161377632770e-01
-2.170008497706854833e-01
-3.793469704637251194e-01
-8.042902095318744671e-01
-1.274403877101941251e+00
-1.517617761184247405e+00
-1.683856573616128394e+00
-1.704121611501792977e+00
-1.663400744044444490e+00
-1.839367156488345367e+00
-2.030916704975056053e+00
-2.265063358574494146e+00
-2.226723631166753314e+00
-2.237598308030793959e+00
-2.000408775727525068e+00
-1.807771225632035961e+00
-1.691598124966304573e+00
-1.595433540483389256e+00
-1.381838308246637226e+00
-1.314292364561072901e+00
-1.124814460259303761e+00
1.827773353903810460e-01
3.264979282639393077e-01
4.732225347730446563e-01
6.230849411860329701e-01
6.588605639352792531e-01
7.252824076031649803e-01
8.115321711873817456e-01
8.489449926003103108e-01
7.700442864584076119e-01
8.255646672500663863e-01
8.110130002561510842e-01
7.906848512999873346e-01
7.779921734852686122e-01
7.665112070069539651e-01
6.314353714250471317e-01
1.832820939224155676e-01
-1.721892030226516712e-01
-5.792319814090942653e-01
-7.720455472665237462e-01
-9.193199249384134131e-01
-9.618086613837688592e-01
-9.466604072490982791e-01
-1.032783142125365927e+00
-9.916562280346110647e-01
-9.241658567974151417e-01
-1.025393709969142364e+00
-9.565527934479389760e-01
-1.011113524138159914e+00
-1.035300967329319644e+00
-9.042375260361882328e-01
1.624655694309253273e-01
2.788043977352960834e-01
4.430241914832867001e-01
7.314654554516843987e-01
1.009965698344505558e+00
1.210341789764526998e+00
1.295647495146507344e+00
1.313717067889986101e+00
1.292418732413600280e+00
1.260327656790087403e+00
1.264872590385503370e+00
1.203432146063467822e+00
9.367648250688365152e-01
7.678540994047815538e-01
5.836591741243658538e-01
5.490209419136288238e-01
4.204775716817716891e-01
4.092869799071431336e-01
2.102767929013715786e-01
6.919340171357862834e-02
-1.962483326702575970e-01
-3.581812532503428903e-01
-3.703525501237288631e-01
-2.384272836819934793e-01
-1.583506926531814685e-01
-7.923246953247281565e-03
9.042319844159713016e-02
9.201733876308657023e-02
1.225833299001578836e-01
1.604856568383907223e-01
1.488384760530648554e-01
3.122023269910112475e-01
6.222057653205470551e-01
8.163489469998934656e-01
1.065201128457880175e+00
1.241511694923811859e+00
1.339925920755324906e+00
1.419569309771444132e+00
1.381937552704815220e+00
1.335958574031488544e+00
1.406199309184825275e+00
1.449086937449107326e+00
1.494034736423133225e+00
1.532347040344480549e+00
1.559318049427965036e+00
1.578974305864905947e+00
1.566764729389823918e+00
1.540972580886755816e+00
1.493590841641626810e+00
1.453222395753642981e+00
1.444026346212373246e+00
1.413155373782548629e+00
1.333267132858124260e+00
1.176224299863625866e+00
1.057049443397107602e+00
8.900397019946443278e-01
7.863929035503242071e-01
7.776381072806516359e-01
6.480193792907592565e-01
5.200253856095577998e-01
-1.961915614808548980e-01
-3.403302501957518045e-01
-3.401739722499936280e-01
-4.946189802989572892e-01
-4.530763115218189863e-01
-5.988154810069512557e-01
-7.189496207259530314e-01
-7.045156073776706052e-01
-6.343422707285994999e-01
-5.417444860576281496e-01
-5.065717297138574438e-01
-3.135413715173103189e-01
-8.707900358781545114e-02
3.039431757673526913e-01
6.223318359767335828e-01
7.531874636401915124e-01
8.361965709816538972e-01
9.097824770700955188e-01
9.390722987193156346e-01
9.160991881217008803e-01
9.572814932406547017e-01
1.027680320159728211e+00
1.124179811365652704e+00
1.138730343275899060e+00
1.040375256607195098e+00
9.355865908231576489e-01
8.264077774033494750e-01
7.613460460005765373e-01
7.995008055304242411e-01
7.909125379208716833e-01
-5.688183810623869546e-02
-2.427239022208276531e-01
-7.907582879817731669e-01
-9.887716074220058715e-01
-1.326268982135783814e+00
-1.137515325142720801e+00
-1.144342198475593042e+00
-1.456567939434626258e+00
-1.576959566338095531e+00
-1.707188477443281949e+00
-1.639573468673914514e+00
-1.612218061560309446e+00
-1.620239138411022628e+00
-1.595751834184385931e+00
-1.602781901951361609e+00
-1.632979229604417215e+00
-1.599366276308139545e+00
-1.515931867600118776e+00
-1.438471820928019174e+00
-1.324389459297350413e+00
-1.114480305524057302e+00
-7.995380184733198448e-01
-5.295807930161453569e-01
-3.210930346413050085e-01
-1.580084098442187668e-01
-8.652465324967439919e-03
1.321895478140995006e-01
1.784008957543915252e-01
2.390733008914989188e-01
2.733968130506566618e-01
2.686017738224476259e-02
2.508270552814666904e-02
-1.700453854658103003e-02
-4.676763098472948299e-02
-6.007326406014744380e-02
-4.812997554328527633e-02
-1.127820012646323644e-01
-1.105959928724094543e-01
-1.490610184047148068e-01
-2.087942662068605071e-01
-3.037158188459637698e-01
-4.027596117269910403e-01
-5.638470413868460485e-01
-4.869140339043497301e-01
-5.643867561839291946e-01
-6.254626750171421445e-01
-8.124720662092459467e-01
-1.150113201762514414e+00
-1.388032727765645902e+00
-1.648136807276395777e+00
-1.828486960282716955e+00
-1.787137222661074221e+00
-1.804475395263521964e+00
-1.804280164955709420e+00
-1.748711730945450737e+00
-1.741514516672459933e+00
-1.748546005672200199e+00
-1.775067298686637374e+00
-1.745245231301156386e+00
-1.787920374582885108e+00
-1.528406090528261659e-02
-1.361147380130309573e-02
-1.545736372908440570e-01
-1.988475322753571750e-01
-3.703154921269260491e-01
-7.809429401941048177e-02
9.334095725621552320e-02
3.056538001905079183e-01
5.586970471048586795e-01
8.657373984844223269e-01
1.027604281812811049e+00
1.175044261984410587e+00
1.299130781086212050e+00
1.310658198746280867e+00
1.390075376122719586e+00
1.483091868093943777e+00
1.615342673304065446e+00
1.720953288864751407e+00
1.744419416342334994e+00
1.726786978548734419e+00
1.717920413435875204e+00
1.713005725894227727e+00
1.730514948805225606e+00
1.732729064843952616e+00
1.696738473015660720e+00
1.671472711486628349e+00
1.611702296809763402e+00
1.527603880519238233e+00
1.504250295113221947e+00
1.474040063631362196e+00
-1.630226579791699826e-01
-3.044183136010797375e-01
-8.124586775034471353e-01
-1.027972883773923263e+00
-1.188376704413908191e+00
-1.044313816264920369e+00
-1.338084507071691354e+00
-1.380010836041303035e+00
-1.669772818190916830e+00
-1.647579334552318420e+00
-1.677350088135312500e+00
-1.643797993960786519e+00
-1.643644381672165533e+00
-1.586550344570719862e+00
-1.519572830055029744e+00
-1.334068283854047632e+00
-1.031764989687463219e+00
-6.515354490501978901e-01
-3.566457014113012525e-01
-2.291198259575847884e-01
-1.727771603436366321e-01
-7.277130395617881220e-02
-9.334279286338917347e-02
-2.727070221104369030e-02
1.987039658914321882e-02
3.031175749821152232e-02
8.198698066798737472e-03
-3.903833476062978231e-02
-6.542348325802702091e-02
-7.347227824294393084e-02
-5.962696542682237311e-02
-2.136231607069755678e-01
-4.097827467521691913e-01
-5.733140357693845557e-01
-7.840613424145476129e-01
-9.169666641611939895e-01
-1.074774313836700301e+00
-1.230326743546447332e+00
-1.475674616656767357e+00
-1.410463331274498966e+00
-1.476157339664337265e+00
-1.546826083665035823e+00
-1.597326231713797062e+00
-1.660156207920288063e+00
-1.575843296650785819e+00
-1.500248189589038272e+00
-1.426890804436209415e+00
-1.413396327913696959e+00
-1.326199958855738048e+00
-9.795813022438253359e-01
-5.688522531169244445e-01
-3.360985805569547402e-01
-2.172309012809465478e-01
-6.888659077154632437e-02
-8.803668914739068430e-02
-6.050302048799244964e-02
-2.797909567919472373e-02
-5.991879869715348306e-02
-1.414349398605740937e-02
-1.288860372194976928e-02
-1.383179357546211220e-02
-4.328307811819884221e-02
-4.620401519645550570e-02
-8.948003030022969040e-02
-3.012272360519315795e-01
-8.615916918695010196e-01
-1.373482102672234362e+00
-1.494058077067748069e+00
-1.619850912181706848e+00
-1.601022296966215563e+00
-1.641055875308432999e+00
-1.643397187600543319e+00
-1.746792073529718659e+00
-1.726381064715964309e+00
-1.676650905746136955e+00
-1.765752604196318964e+00
-1.717616021977349972e+00
-1.684460081922229957e+00
-1.608881012575317682e+00
-1.568557079432538526e+00
-1.415829842546707296e+00
-1.073660429457119037e+00
-7.934900638533464168e-01
-5.405989743104422374e-01
-4.162137247844658328e-01
-2.833335263506965296e-01
-1.965589392897323373e-01
-1.052211536751349319e-01
-6.489286410727072851e-02
-1.095758571562523848e-01
-1.462678991928611887e-02
-1.088593887424320686e-02
6.115809700243002300e-03
4.094245035567978946e-02
5.650587324195665423e-02
3.217770123933870463e-02
3.186200088528165497e-02
-4.007001664575328415e-02
3.564080219175570774e-02
-1.485264397306713946e-02
-1.688536262092255047e-01
-4.266162307620659511e-01
-7.323212801616577616e-01
-1.005101624052409992e+00
-1.070775382913160323e+00
-1.182245387036266138e+00
-1.337595650688145232e+00
-1.434287951135318817e+00
-1.407325853419460815e+00
-1.397247986372128326e+00
-1.376581457712922063e+00
-1.320139217076204963e+00
-1.325643562584966517e+00
-1.310351846340830351e+00
-1.279356807761722115e+00
-1.219552098962662923e+00
-1.124157077046128217e+00
-1.060146561706962087e+00
-8.188808043334212527e-01
-6.747756022221611527e-01
6.513266709375944985e-02
3.336390423920914117e-01
4.471892432465357503e-01
4.710663729403006816e-01
5.519829641397409059e-01
5.614703282479777124e-01
5.569315213678271981e-01
6.023570297669206264e-01
6.499197101448435099e-01
7.128202361131531495e-01
7.326519834639273476e-01
7.750705895071027252e-01
7.960417869119561507e-01
7.996241218437213361e-01
7.640221578475565600e-01
6.494183775578782347e-01
6.493374508931276656e-01
6.091079662068084044e-01
5.817022899297934480e-01
5.651464893284200430e-01
5.269450244448686815e-01
4.141406361308133111e-01
2.583415365273952768e-01
8.374898547858580788e-02
-4.901897219939589379e-01
-6.049239264256622839e-01
-7.069649441261853795e-01
-7.559872895019388306e-01
-7.466311784615388136e-01
-7.652124444618656485e-01
-8.056581140384414322e-03
-2.537194866008027350e-02
7.984168184686682435e-03
-2.151246954478483117e-02
4.159295336609832028e-02
7.554884341528736447e-02
1.131261181366920304e-01
1.362656075516108234e-01
2.578655450797363580e-01
3.433945196394785904e-01
4.689684715366263523e-01
6.921576554285554517e-01
9.057179730635979142e-01
1.062429680077560556e+00
1.125866534425663534e+00
1.153178525600705440e+00
1.196745572182930317e+00
1.234963564127463442e+00
1.298063073300492531e+00
1.329900413024556860e+00
1.366281673314404532e+00
1.409092620711469568e+00
1.386151600252827798e+00
1.421161250851800339e+00
1.420512156384391433e+00
1.516248175450295443e+00
1.512351810018784715e+00
1.479998411704884553e+00
1.501305146926929623e+00
1.495878838435922065e+00
2.676034004256677007e-02
-3.427893978805240938e-02
-6.270854421631991138e-02
-1.426693372623440148e-01
-2.629849956022500823e-01
-3.671814515094755649e-01
-4.964423301486959317e-01
-6.045446046402191964e-01
-7.943367280251817375e-01
-1.018767003467977439e+00
-1.312483942972352269e+00
-1.518028094018134100e+00
-1.518514084859862612e+00
-1.477121846161914887e+00
-1.461221760143023074e+00
-1.513777338629282543e+00
-1.503083829832910112e+00
-1.462865280852455596e+00
-1.565609601683820795e+00
-1.471947751508342783e+00
-1.432496915635305346e+00
-1.345705586823000122e+00
-1.193860452637910408e+00
-1.010208368870449958e+00
-7.434537712684821109e-01
-4.874921606648340289e-01
-3.062448725700926966e-01
-2.846916559063593644e-01
-2.723423395609779196e-01
-1.737236288013970786e-01
2.466271585812730704e-02
8.149267102853488542e-02
1.325864822155891631e-01
1.379195822989605080e-01
1.341199027975357172e-01
5.782228219524133961e-02
-1.575898196887930147e-02
1.455475117472613406e-02
3.291299269768400981e-02
5.191537867740174395e-03
8.039688335238180661e-04
-1.115417099291114017e-01
-2.836137252006702969e-01
-5.525891048378606119e-01
-9.971712464684089339e-01
-1.201519248073700030e+00
-1.095195353210769884e+00
-1.056695632545470609e+00
-1.051692455986736663e+00
-1.094455565422883359e+00
-1.106294252497681985e+00
-1.098255465708018352e+00
-1.458409422121292653e+00
-1.523795112522543516e+00
-1.622940558654478505e+00
-1.675122224594216114e+00
-1.612911896215891927e+00
-1.593631575213842133e+00
-1.593062210480254759e+00
-1.582230303395738558e+00
1.119967412521206442e-02
-3.054546359138436695e-02
-9.724059010458484253e-02
-3.905352420788543721e-03
1.798855497118360403e-01
4.441871388631229989e-01
7.075421884074116763e-01
7.708926956630773875e-01
8.577983434573536181e-01
9.336943079822701552e-01
1.022925797121542635e+00
1.105519610160568433e+00
1.204637150689195968e+00
1.248516549377988838e+00
1.363135912645246695e+00
1.394881626949057596e+00
1.465879105716591635e+00
1.503498330993854770e+00
1.521179237679149088e+00
1.569828664269249829e+00
1.624091127875082696e+00
1.625497000146401305e+00
1.641429558144047895e+00
1.636451340158214585e+00
1.610691451806262942e+00
1.585974108613264377e+00
1.511750704910567622e+00
1.465143744612940724e+00
1.449627554176407651e+00
1.409790599095447794e+00
-5.937487210209032445e-02
-1.356509613225538036e-01
-2.438222441294433662e-01
-5.606995829703793621e-01
-7.466455408080110434e-01
-9.428525886093636066e-01
-9.416828934721592770e-01
-1.082672425912655223e+00
-1.071123893611972022e+00
-1.100552727718206558e+00
-1.106573129400996836e+00
-1.093432160715902990e+00
-1.119055805905705414e+00
-1.115585083359190932e+00
-1.075413578934490744e+00
-1.064170623896661283e+00
-1.338406912933103099e+00
-1.254696094170911325e+00
-1.445959083202456918e+00
-1.450521596644228861e+00
-1.427745642758868172e+00
-1.439790976977760817e+00
-1.400638593094555961e+00
-1.360574049972148591e+00
-1.209956401669843640e+00
-1.037016818112617367e+00
-6.391298627843837732e-01
-3.835430117840628594e-01
-2.923890546943462843e-01
-2.490335341249835799e-01
1.229944823539746851e-01
2.059606086715293771e-01
2.082012608764509942e-01
2.085719658206567073e-01
2.501994574741481792e-01
2.579446216366750311e-01
2.712010943762203086e-01
2.523842547403065684e-01
2.514361797733540849e-01
2.162547539483832548e-01
1.558747585589023155e-01
6.389463915015795858e-02
5.015763086311616353e-02
2.613476331676206979e-02
2.354306952256241675e-02
-1.885289404270783925e-02
-1.045882222572733222e-01
-4.184286940219505979e-01
-6.722157358633313873e-01
-1.130624529659717048e+00
-1.414439946507773715e+00
-1.387627177726637129e+00
-1.315145551444809380e+00
-1.336114001427257891e+00
-1.304552520311372144e+00
-1.361291519381030213e+00
-1.353618360598837000e+00
-1.630399038188333094e+00
-1.626869874989398390e+00
-1.721297563351715354e+00
5.649269769131924634e-02
1.642613479536909338e-01
1.573193065388805989e-01
1.894225553988556077e-01
2.220341669193999778e-01
2.496997919146939637e-01
3.227977546759617233e-01
3.949097793007296242e-01
5.823917715080538793e-01
7.775321789974561915e-01
9.699606700137055615e-01
1.144155536772587523e+00
1.330036371191076761e+00
1.466441363524292996e+00
1.599112003486195421e+00
1.637858791030869288e+00
1.606249490472415165e+00
1.620105825094246388e+00
1.655929688419434553e+00
1.720566348648883803e+00
1.772124234278029009e+00
1.788963969923557995e+00
1.722040457057659957e+00
1.678625051788958933e+00
1.690374719834141226e+00
1.719857423557208165e+00
1.755917956242848410e+00
1.746101792199717506e+00
1.695487538063604305e+00
1.641127408446653835e+00
-3.631556109849819192e-02
-6.798118344757403397e-02
-1.077297154214302138e-01
-1.943587055394256913e-01
-2.977156262593423919e-01
-3.672343094774825345e-01
-5.448294536048102765e-01
-7.220755983162943092e-01
-1.026662498797375367e+00
-1.147486237870138703e+00
-1.209937555252471597e+00
-1.170072045281394191e+00
-1.159839264374179280e+00
-1.298002197082967379e+00
-1.245503486955977124e+00
-1.394384682577020529e+00
-1.551668112403348454e+00
-1.615392230429538056e+00
-1.586375238441960933e+00
-1.508186899699389683e+00
-1.504729100294607269e+00
-1.741811380970899936e+00
-1.782459323021156061e+00
-1.900881694786466625e+00
-1.863879807563551871e+00
-1.809536995776492851e+00
-1.782298334437445231e+00
-1.786173509988348895e+00
-1.753970868500777103e+00
-1.664027734157682348e+00
1.034278214656543099e-01
2.158625511363609639e-01
3.496354230334800528e-01
4.522302243031947055e-01
5.766082077164179642e-01
7.491053784739130084e-01
8.777662120430373971e-01
8.773831946963079886e-01
9.580094607912362781e-01
1.019046108292001929e+00
1.072217974405701435e+00
1.145658136720617559e+00
1.219622005736290982e+00
1.289532776438659711e+00
1.386218714139844099e+00
1.387622426630044092e+00
1.495779398183784137e+00
1.544920282421705426e+00
1.576706746123839764e+00
1.581590535451917301e+00
1.590715200698464171e+00
1.622541128323080617e+00
1.661305893875537398e+00
1.632597643931942288e+00
1.646386979636086156e+00
1.606504840403031764e+00
1.628326895545662900e+00
1.530760637502338595e+00
1.416102218401016799e+00
1.444328434609084777e+00
1.678533035382353752e-02
-2.039664390806905994e-02
-1.620404861716396028e-01
-4.346719009624386842e-01
-7.741803672235828548e-01
-8.688337452872034739e-01
-1.050631230772041125e+00
-1.176767535031331358e+00
-1.235920727094151461e+00
-1.204360066167981413e+00
-1.243615744048655047e+00
-1.273976271193945964e+00
-1.473787912637354092e+00
-1.397868942117939106e+00
-1.335294801608188475e+00
-1.280084990637513576e+00
-1.237615381124302250e+00
-1.227761938191241242e+00
-1.185153113943557601e+00
-1.177687423694552482e+00
-1.116515369534829327e+00
-1.033355415735761618e+00
-9.379882005105504295e-01
-8.080896225203838545e-01
-7.950081205903402060e-01
-7.186970007153801188e-01
-6.239771310711736962e-01
-6.138412123669297893e-01
-4.935234127145552985e-01
-5.291382650955569478e-01
1.871817035188074602e-02
9.078578479602559398e-03
-9.309416556154640615e-03
4.086433329924835101e-02
1.331633830192863743e-01
1.751840776789229115e-01
2.460954555700699820e-01
