-3.439673852245352104e-02
-1.147858077522203452e-01
-1.944198777779318488e-01
-2.645835335347969663e-01
-3.275220803145327264e-01
-4.263422013861171145e-01
-4.556012184263572573e-01
-5.592084792151742478e-01
-5.822272045060808976e-01
-6.231961963977328267e-01
-7.255749198102494635e-01
-6.830469522465230092e-01
-7.535126696257530288e-01
-8.059128559371437905e-01
-7.127867743207113582e-01
-6.166083274329466901e-01
-5.145688612087510050e-01
-3.025121005380589922e-01
-1.792326118896407638e-01
1.140069985402475394e-03
1.187113886207647184e-01
2.197037696856641298e-01
2.987785968898347133e-01
3.524319314326104791e-01
3.622177115030711381e-01
4.222039805269113821e-01
4.658860933119779446e-01
5.205485610638187488e-01
3.372763575087091292e-02
7.207798261253531291e-02
8.472130532186675222e-02
1.100515136090526591e-01
1.608239085335217422e-01
2.337952121652702164e-01
3.125961602320548316e-01
3.814246140869935742e-01
4.400197945840788050e-01
4.645089863401893893e-01
4.997425746617800146e-01
5.387434085666861217e-01
6.120271879163714512e-01
6.603023930593070467e-01
7.045249151725606618e-01
6.967492323800260623e-01
6.470641033283899279e-01
5.712713511046559889e-01
4.672452353793863367e-01
3.157945697982921240e-01
2.298671549049199903e-01
1.490294125744405229e-01
1.370848560813100470e-01
1.321581325139776497e-01
6.942378938074177108e-02
9.987179445610167017e-02
2.635265540704820331e-02
3.921050531343270307e-03
3.427629639333383549e-02
-3.914869556215912205e-02
6.722981238997563502e-02
-1.180755594494949101e-02
-9.869753675763484613e-02
1.465911827096985642e-02
1.098613628081817478e-03
6.379116445548917158e-02
1.127271322015317712e-01
1.067710716507843799e-01
1.816018663108942000e-01
2.539603874692452634e-01
3.119556071739532088e-01
3.722463355771502003e-01
4.217591787220444366e-01
4.181366405762354521e-01
4.422867268438419042e-01
4.589058531643543937e-01
4.988946513548047634e-01
5.399630656227989434e-01
6.032763365523468035e-01
6.609323564042968169e-01
7.085252000234719683e-01
7.510555409625879753e-01
7.985267805004971908e-01
8.294353607623379254e-01
8.518455320470120773e-01
9.131543219107562948e-01
9.616349244737691926e-01
1.004195086043481844e+00
4.041643904183175179e-02
3.681895769304172061e-02
2.952114405402241071e-02
1.703041081700712445e-02
2.233178717044079914e-02
3.733932970436188575e-03
9.203713976439792388e-03
7.699670178552172652e-03
5.744583220047934022e-03
2.165309449451625033e-03
-8.455441352920756160e-03
-9.392728803573259511e-02
-1.683617838153811108e-01
-2.536491996369186763e-01
-3.067078456346379878e-01
-3.669174799362608375e-01
-4.329154387583558083e-01
-5.353253912114652735e-01
-6.453189944294884794e-01
-8.500369945718436737e-01
-9.536318925533230351e-01
-1.134240989132337507e+00
-1.256518533170843499e+00
-1.241773562005067388e+00
-1.326897682359191810e+00
-1.339741591560054346e+00
-1.417901694520544265e+00
-1.437904844709407381e+00
-1.532401948838361339e+00
-3.290454563776278735e-02
4.577286805778873341e-02
8.632805937259004081e-02
2.365517975542094087e-01
4.831483900669114040e-01
7.323626918170603739e-01
8.840253843705304648e-01
1.015445940620419707e+00
1.084346657866163799e+00
1.189581797203688840e+00
1.265346405641101457e+00
1.364473425596176570e+00
1.464135272672453469e+00
1.524751974520890840e+00
1.583925776167056876e+00
1.627363762786625978e+00
1.648843556761570239e+00
1.704728113902129527e+00
1.695519942773946687e+00
1.701539648129903659e+00
1.723835241424474640e+00
1.753076011572885617e+00
1.787680797237678032e+00
1.813627171428490836e+00
1.791825051508449951e+00
1.765247785208061471e+00
1.768065736997557647e+00
1.758754548640235393e+00
1.750764261153057166e+00
-1.160088210090647227e-02
-1.259587419001159322e-02
-4.671634237727750882e-02
-7.187840434365370956e-02
-1.973348619827789419e-01
-4.575622267148780620e-01
-6.267850771176106672e-01
-7.013297056657628037e-01
-8.684530585731502494e-01
-9.258193019461575801e-01
-1.090580248080360137e+00
-1.244400524008551390e+00
-1.346220882999527024e+00
-1.526574865984601015e+00
-1.564751521997916672e+00
-1.637326031531053161e+00
-1.600164164441938430e+00
-1.612045835896644741e+00
-1.611449736493498097e+00
-1.456415770268481236e+00
-1.463092733618466479e+00
-1.396175117006496880e+00
-1.140686042985793458e+00
-9.612273716427828241e-01
-8.295065727147965529e-01
-6.820005510610172017e-01
-5.896259988483900649e-01
-4.677524457670726443e-01
-4.001198357088230351e-01
1.035580473326172812e-01
1.209639283580370567e-01
1.642492134109387880e-01
1.575045430279055081e-01
2.086924751554707080e-01
2.322415468920676351e-01
3.008180690732559781e-01
3.330280296429285469e-01
3.814633717903682109e-01
3.984162724625099905e-01
4.250518509392128275e-01
4.253291803263521964e-01
4.318220510213203744e-01
4.094583100412888532e-01
4.278835937769023268e-01
4.291191979462130046e-01
4.291314042226434533e-01
3.884818131354359494e-01
3.718985973801254841e-01
3.188814792081208216e-01
3.034975170723946958e-01
2.614110676944791933e-01
2.541797125157053139e-01
2.287090326813584484e-01
2.527176820965795212e-01
2.219255693796436113e-01
1.646655434633052528e-01
-1.235430477857993314e-01
-2.780666041850781700e-01
-2.099583467267980008e-01
-4.621757339402575715e-01
-5.646541575217952635e-01
-7.598623590785584803e-01
-8.071301727275875804e-01
-8.810466217580417148e-01
-9.897925374469865867e-01
-9.422784322306264615e-01
-1.056494494165035603e+00
-9.510424710783277336e-01
-8.998732894358594248e-01
-8.800565008354334084e-01
-6.511960902592787148e-01
-5.387763810749345295e-01
-4.635068390686885031e-01
-2.543209927101227064e-01
-1.202303006721793521e-01
1.918740602224364156e-02
8.819400869169044532e-02
1.740671542331748145e-01
2.538609918081605743e-01
3.425217585395782804e-01
4.455763973245436826e-01
5.259495880507998322e-01
6.273517633060483600e-01
6.358756319090641540e-01
6.900949774735274378e-01
7.183690409231578977e-01
7.689596177246770248e-01
2.847062811608302730e-03
4.238823556967181300e-02
6.839143466085322032e-02
7.073347039347592513e-02
7.500760030478371976e-02
7.597956857837390165e-02
8.432450497359665620e-02
5.608533012324906641e-02
3.010272079634623843e-02
3.346244777071242377e-02
-1.421669937200691763e-02
-4.147230197547154690e-02
-1.357641729808009290e-01
-2.532636798771770725e-01
-4.084084805021844788e-01
-4.232965861283360942e-01
-5.238544226235404278e-01
-5.559671058387517517e-01
-6.207665658276563247e-01
-7.022199853172736983e-01
-6.841550721392692935e-01
-8.106211834148030482e-01
-8.149153966863488252e-01
-7.246756535682299383e-01
-7.680126609310486963e-01
-7.878663922563825528e-01
-8.762251249481856075e-01
-1.003478826744495844e+00
-9.840867541599664925e-01
-2.763745034988996860e-02
-4.686844430005252665e-02
1.221342574224209832e-01
5.922955029221302348e-02
1.178041855826441470e-01
1.630094759123065506e-01
1.588365637709354128e-01
2.146613081942043699e-01
3.402049530018559365e-01
4.083872022068949503e-01
5.087449373614658654e-01
5.629627444448732643e-01
6.330975363443792636e-01
7.039632953938450566e-01
7.309036513502844556e-01
7.246845344609912365e-01
7.171258390584328568e-01
7.545976212680337580e-01
7.836381057766307334e-01
8.301872039859877761e-01
8.489367587761287304e-01
8.542894368149983597e-01
8.372348380269949430e-01
8.216419730982879033e-01
7.719529429876806903e-01
7.481513080228090473e-01
7.221216143466785420e-01
7.174981733877379142e-01
7.071213760703571882e-01
-7.536651069666796751e-03
-3.509859496109041244e-02
-3.501062057019079660e-02
-3.058258337864677365e-02
-3.120325775081055422e-02
-3.075249174738290542e-02
-2.459499893133936660e-02
-1.511605223046369184e-01
-2.036939232599543625e-01
-2.565594341532074774e-01
-3.070014824388767605e-01
-4.139109137819116935e-01
-4.774526718225142741e-01
-6.308010869921715225e-01
-6.786483023633058664e-01
-6.839271014455099440e-01
-7.142677068504748039e-01
-6.419068493941496589e-01
-6.896752288407392850e-01
-7.249410765047754612e-01
-7.090047040910415488e-01
-8.157529257115454513e-01
-8.198555683214873158e-01
-7.506020316942333404e-01
-7.316383557682102357e-01
-6.716570515500174254e-01
-5.578102246762038918e-01
-4.457380099021343023e-01
-3.215881057552471556e-01
8.468930299367016801e-02
1.483867830225168438e-01
1.820296481625556517e-01
2.281530756404326898e-01
2.825768522378981906e-01
3.268807885302721372e-01
3.764376805601672427e-01
4.505289745562797710e-01
5.266326634478710744e-01
6.183727940980539017e-01
6.607796249054498361e-01
7.082435110753750873e-01
7.488154043553968409e-01
7.395849436929587961e-01
7.186155645201113273e-01
7.297829034737511877e-01
7.112721019338205108e-01
7.080568898314550941e-01
6.668395462621836689e-01
6.579745299162603756e-01
6.215281964883393462e-01
6.162874071002467646e-01
5.979959286241567362e-01
6.070517522968982282e-01
5.947858981743410212e-01
6.105079023977145747e-01
4.295165350948171312e-01
2.526580577280073125e-01
1.485312479594491364e-01
-9.123550938365782015e-02
-2.245917485679442271e-01
-3.232220545988484517e-01
-3.949059647388950545e-01
-5.037524829789040703e-01
-5.397960434453886736e-01
-5.800966344887766857e-01
-5.605856503081785291e-01
-5.676454079399798625e-01
-6.734949529439023808e-01
-6.652598189396905504e-01
-6.913601510474876033e-01
-6.913078633441573917e-01
-6.855919686074536390e-01
-6.852738392508813670e-01
-5.840529229546204126e-01
-4.071431085040416731e-01
-2.668571470269009982e-01
-1.359363784522671093e-01
-3.655301518231145186e-02
8.816131959194194179e-03
6.667435206776620160e-02
1.409803457148664507e-01
2.162130646538250323e-01
3.273105739059064545e-01
3.955003106133341273e-01
4.355145052877926193e-01
4.333867779091746808e-01
4.429119194159609751e-01
1.205770710339489245e-02
2.557594487571672806e-02
4.800391851651913955e-02
6.188566226329447056e-02
7.354369342542305121e-02
7.261314374745515832e-02
6.021554734811876419e-02
5.299690226419250666e-02
5.800039749713602893e-02
3.915023918641828693e-02
2.566869146754321290e-02
8.511818389830696358e-03
-1.218221209058932206e-02
-2.430084540791229569e-02
-4.793671436740257891e-03
-1.309323790815822980e-02
-2.718835583286841051e-02
-7.825859011320539238e-02
-1.331057527337400348e-01
-1.929551396191864221e-01
-3.133676070420864934e-01
-5.834559459218606747e-01
-7.340794073288909871e-01
-9.123415787498909690e-01
-1.052506977441079794e+00
-1.173394398837188213e+00
-1.312356085604993838e+00
-1.390190241319171793e+00
-1.579396394275303983e+00
-4.996994880742727276e-03
-9.429059640810437404e-02
-1.074659562222609888e-01
-1.516350023220373600e-01
-1.186866367673966027e-01
-1.074862866630831304e-01
5.444609421726950838e-02
3.004144391511872625e-01
4.545877156197309921e-01
6.536275079500806218e-01
7.931293764675204638e-01
9.319640676563647474e-01
1.012357180942948798e+00
1.108677654324504269e+00
1.192635958318503997e+00
1.299244675881616518e+00
1.373655035806579994e+00
1.433130949390338582e+00
1.470972452906239125e+00
1.521487656919846776e+00
1.565549939238274568e+00
1.608586983305978713e+00
1.638987800383776783e+00
1.647498037686162986e+00
1.625977845802089261e+00
1.574029478803438353e+00
1.568289430819747698e+00
1.564738039669968606e+00
1.579718998980580658e+00
2.093483219198615138e-03
-2.236680444922253125e-02
-1.225556326413637376e-01
-2.153354915953676618e-01
-3.235888949523154090e-01
-4.749009799678749477e-01
-5.266874252748471319e-01
-5.180109220291099215e-01
-5.856196102190607267e-01
-6.201090999189045050e-01
-7.563038389138418971e-01
-8.217997693087109035e-01
-9.434634754572671644e-01
-1.151167414449757898e+00
-1.274777430980562176e+00
-1.434867042339877274e+00
-1.456116038034824589e+00
-1.575477983388982706e+00
-1.541053132426076111e+00
-1.543198954103941034e+00
-1.544323803974687159e+00
-1.550951895034447414e+00
-1.552490179146962745e+00
-1.526030167498221068e+00
-1.431465192601687697e+00
-1.262158964738469447e+00
-1.155569701643897496e+00
-9.503700330950903830e-01
-7.148223090589489459e-01
1.620415637171554735e-01
2.555519723159992429e-01
3.333067065724768518e-01
4.068592616002792983e-01
4.481161787509937988e-01
5.680022668214185222e-01
6.214169286186881358e-01
6.837545255747693451e-01
7.183271852555046522e-01
7.760769427284787136e-01
8.275955035296181928e-01
8.616942785971594132e-01
8.921032465755098784e-01
9.270159817513115019e-01
9.216173183109884759e-01
9.323731920979830834e-01
9.357341415677424834e-01
9.543588093065994427e-01
9.533589621600448982e-01
9.665657006439890564e-01
9.575894147868339035e-01
9.548649273891828271e-01
9.321603481209380648e-01
9.328340689254516205e-01
9.294174906400821667e-01
9.292533728177394536e-01
8.398279680441963491e-01
7.277875487201135307e-01
6.348448428201923788e-01
-1.182364077268000663e-01
-1.891976259431664142e-01
-2.795434643045975887e-01
-4.642103473238609057e-01
-5.120704547165750853e-01
-6.639682054125838340e-01
-8.075952377747479538e-01
-8.280345365549887093e-01
-9.049620916053925379e-01
-8.737219771316392380e-01
-9.749020036229895103e-01
-1.003558460500762362e+00
-1.031484710265293980e+00
-1.133686746863238337e+00
-1.086101727509161341e+00
-1.085278135638611419e+00
-1.114860919332784972e+00
-1.009594415184307037e+00
-9.894830838370265447e-01
-9.404304774717437976e-01
-7.682053448505234972e-01
-6.260082325535644143e-01
-5.217666976299649706e-01
-4.306793548523553672e-01
-3.395309597488965769e-01
-2.371813941238993251e-01
-1.600042470489579927e-01
-9.161753566364171097e-02
-4.045188251220926956e-02
4.863039993676451789e-02
9.957387411344219286e-02
1.392116676532693664e-01
1.668145936889537939e-01
1.965690513256904970e-01
1.800696860549070855e-01
1.693767205723980263e-01
1.360990148667918787e-01
1.512140498393045596e-01
1.491225025704698282e-01
1.823898674014275412e-01
1.594687992459850323e-01
1.571878525946953653e-01
1.477845382153528675e-01
1.776237039339501611e-01
2.373595637112601853e-01
2.814299862371777983e-01
3.054431217337610915e-01
3.110718535541239227e-01
3.390618894331943745e-01
3.534038178076925329e-01
3.830303132727644333e-01
4.125301264952412894e-01
4.331573337424427517e-01
4.188338527649897447e-01
4.272998663327178814e-01
4.110390715657525340e-01
4.108329930947027808e-01
3.533713502925722727e-01
-1.828428943126921280e-01
-3.414736759971809255e-01
-5.308625730631213457e-01
-6.922445719228521588e-01
-7.901403148747707661e-01
-9.331094364718534040e-01
-1.075961915367338761e+00
-1.151092178839882019e+00
-1.395642641350633539e+00
-1.434646473436715475e+00
-1.577991837444295831e+00
-1.579571813758763765e+00
-1.564526080305041367e+00
-1.585849050247193581e+00
-1.607023327912056487e+00
-1.688401220142090597e+00
-1.594452046984030869e+00
-1.490298620802335883e+00
-1.247714510937874000e+00
-1.094378032397856915e+00
-8.604823553807409153e-01
-7.031451847294569735e-01
-5.057582956043796818e-01
-3.492839264947715794e-01
-2.416097516316481064e-01
-1.584621063931870300e-01
-1.863713894942762850e-01
-1.761968219246768386e-01
-2.041663709588962816e-01
1.442021047686006807e-02
3.572212945777211712e-02
5.469262760200688939e-02
8.177330787862621686e-02
1.096638618786483638e-01
1.441496057156878563e-01
1.432322596525001934e-01
1.247512678818174792e-01
9.324378513338485441e-02
6.373872794166640654e-02
2.485585914540376640e-02
1.579772339448178714e-02
1.662095260444086675e-02
4.168460392007697357e-02
4.774909489450279015e-02
6.474717015340546167e-02
4.276759317976497332e-02
-3.192244439398334022e-03
-1.256190317143746245e-02
-2.800403645655788823e-02
-3.117756954767855748e-02
-5.644981685831036017e-02
-9.456442675331094838e-02
-1.629045197877752038e-01
-2.570406600006311937e-01
-3.733917475844247824e-01
-3.715951309629796362e-01
-5.211830805115144072e-01
-6.207887419200199819e-01
-9.493326112678468487e-02
-1.225915464244037856e-01
-2.302932921063435556e-01
-1.832989320121519716e-01
-2.366025177152991377e-01
-2.272129126204812388e-01
-1.774342861196865906e-01
-6.009924884148401536e-02
4.236622956709713839e-02
1.689058547029052559e-01
2.456688384581420803e-01
3.436560558465371340e-01
4.157546152585854249e-01
5.004185214953325023e-01
5.462889380019345653e-01
6.015389625060710843e-01
6.339003010226536006e-01
6.875865550006263760e-01
6.769059052350183681e-01
6.830828764991966340e-01
6.988626292918772576e-01
7.178310843743167524e-01
7.990290130136254998e-01
8.086013529425739588e-01
8.772531161916792275e-01
8.731391037171978287e-01
9.152496380495035444e-01
9.004531392834123071e-01
9.308058671356472802e-01
9.510218514256421271e-03
4.664808682035781473e-02
6.264009276385938685e-02
9.117356884901202385e-02
9.372027721314887816e-02
1.171928951284838261e-01
1.160868735823482462e-01
8.868360715299999919e-02
-7.720520555384813299e-02
-1.709568568323183158e-01
-2.507896213283692388e-01
-3.026113278822519237e-01
-3.785730603315406451e-01
-4.335456769203124838e-01
-5.658214307330799997e-01
-6.749941801763142957e-01
-7.732102134295013585e-01
-8.454026221253655438e-01
-7.886693793444574663e-01
-8.193313179027924553e-01
-8.256666499842194584e-01
-7.769155439198288660e-01
-8.776788550758508611e-01
-8.682595392989883587e-01
-9.585223753408563807e-01
-1.017605707150952554e+00
-1.022266553356208529e+00
-1.097122678886598202e+00
-9.615564203679882738e-01
2.076096677779512567e-01
4.585499673932385001e-01
6.085463521161444955e-01
7.650855229299999838e-01
8.289587724499024590e-01
9.299911501124802360e-01
1.000962994213410617e+00
1.086923544927606011e+00
1.140997147380846677e+00
1.198558226180100217e+00
1.216324961750375744e+00
1.241753389961877563e+00
1.238415957263955702e+00
1.255521153674963308e+00
1.249236195510902592e+00
1.247263123667368800e+00
1.215794971652337075e+00
1.225946335611793225e+00
1.220612583044995203e+00
1.262144470641297422e+00
1.319760580462906008e+00
1.346255534552238009e+00
1.343258434745518537e+00
1.344797596641992721e+00
1.340495050678365718e+00
1.355808786468988947e+00
1.374697341487434388e+00
1.375518511665596577e+00
1.386391074691865288e+00
-9.468423873695093820e-03
-1.170042898145382676e-02
-3.137708408700265461e-02
-5.121180365021574254e-02
-8.386636550431768311e-02
-1.020790426890553770e-01
-1.168349171375340501e-01
-1.205482088510381744e-01
-1.292354186539915739e-01
-2.122119626854979402e-01
-4.264886047511426970e-01
-5.378087116386646160e-01
-5.956230761853312794e-01
-6.854782813424462606e-01
-7.809739442170975376e-01
-8.601706636811830009e-01
-9.511467613954394107e-01
-1.107815775909585465e+00
-1.228057509295868988e+00
-1.393622096985464465e+00
-1.547103170375605963e+00
-1.626728759730508900e+00
-1.804731676914858696e+00
-1.894859741949795007e+00
-1.952465255968605540e+00
-1.984356568822227329e+00
-1.966794373342195534e+00
-1.990054431324342454e+00
-1.951311885456043838e+00
-5.270124597180998738e-02
-4.979478734245292026e-02
-8.545384858244914339e-02
-8.681978462482382863e-02
-6.009760262215857463e-02
-4.845788050668668745e-02
1.239664076322045949e-02
1.844713920178084887e-01
3.306146799459874774e-01
5.422406417765152087e-01
7.185236326029889042e-01
8.675076426589262146e-01
9.290092788442468885e-01
1.009234270789902910e+00
1.096330837503601163e+00
1.151731956861651973e+00
1.237671828422333142e+00
1.269633294286470315e+00
1.298804321950183249e+00
1.266389569297004858e+00
1.309692104861207129e+00
1.331691176323316794e+00
1.418914043357223598e+00
1.453418731281697296e+00
1.504289798909120401e+00
1.531278816821277200e+00
1.573953430159144018e+00
1.564802356004824979e+00
1.547076027514798113e+00
-1.725740637029968619e-02
-8.082221246025744765e-02
-8.744721109822216343e-02
-9.896461227980180020e-02
-1.018152724742262538e-01
-7.448509455441246208e-02
-2.343350369467440270e-02
2.994290072663041008e-02
9.813562827508043318e-02
1.045065369672345534e-01
1.171288173635218616e-01
8.464139160122430283e-02
3.655730599318870316e-02
-5.976727561378712000e-02
-2.158633696115773160e-01
-3.417706850372653760e-01
-6.270356662875256060e-01
-9.061797190001652513e-01
-1.027845410211705834e+00
-1.101027610274481594e+00
-1.064023648581161385e+00
-1.110199770459345814e+00
-9.544300081193544116e-01
-9.236351076764731660e-01
-8.791102932208156862e-01
-8.282866406652633628e-01
-8.677846494791262577e-01
-8.192749446104629074e-01
-7.257811499092241547e-01
2.535129676450556535e-02
1.791335562177775731e-01
1.860029795971719357e-01
2.333123549160882049e-01
2.886644843010697792e-01
3.469183881690056093e-01
4.638650952206767597e-01
6.008171780133514384e-01
7.711942655188973594e-01
8.773696000994494204e-01
1.060973403839166496e+00
1.124814822440233675e+00
1.251758587703067471e+00
1.290924001101355634e+00
1.377891163744180192e+00
1.358265679666252224e+00
1.390501971164417760e+00
1.356636786402806605e+00
1.391767259130070045e+00
1.367662242535966799e+00
1.390742674474161777e+00
1.369319253769819111e+00
1.383571433332553058e+00
1.311108527182621275e+00
1.296279733561150227e+00
1.245855102410355464e+00
1.171959765775484330e+00
1.158952367194855393e+00
1.270108759020038391e+00
-1.956666963584045849e-02
5.861511105173775049e-02
6.941651167934287381e-02
4.848427443624141187e-02
-1.797580033428691770e-02
-1.297435277086016886e-03
5.284210651997160724e-02
1.671306312316815368e-01
2.411133349358121070e-01
3.246232479645889679e-01
3.735607927339926193e-01
4.218211562680953541e-01
4.421085113153429003e-01
4.950166906723692528e-01
5.112510543978473487e-01
5.191009177063874436e-01
5.192332526026657291e-01
5.297189938426508649e-01
5.348329787990253603e-01
5.626221697698758906e-01
5.623879695895449560e-01
5.838363989331327719e-01
5.733984918667781594e-01
5.881730282185057002e-01
5.797282069285538686e-01
5.961430264970954962e-01
5.904350868525256590e-01
5.898817581487701966e-01
5.560558616639492691e-01
1.373752693081211349e-03
-3.133115728008258050e-02
-3.690037147098957498e-02
-2.334310555360690972e-02
1.193714138082568182e-03
-8.080093756929374038e-02
-2.676505806287251543e-01
-3.971082988770838207e-01
-5.082360224104383040e-01
-6.589297883625606644e-01
-6.703557034184907115e-01
-7.958970490962626876e-01
-9.685417185936060491e-01
-1.125394577837662169e+00
-1.353384984302848260e+00
-1.391243079412427086e+00
-1.507922172178574050e+00
-1.523522859757310721e+00
-1.485029590588950565e+00
-1.481731848024715692e+00
-1.486469674012262265e+00
-1.470699056931519699e+00
-1.481717249506750989e+00
-1.453465141486586898e+00
-1.480044076231255668e+00
-1.358257884319402198e+00
-1.137320235312953898e+00
-9.139390975211891810e-01
-7.649893247052479417e-01
2.012620202495704613e-01
3.319420672019787188e-01
4.387666112867458779e-01
3.772811183493168796e-01
2.755618295447110344e-01
2.834100434410081193e-01
4.186203777082666555e-01
5.035218767798690376e-01
6.070737398546444119e-01
6.766537568318043983e-01
7.210100291982983745e-01
7.304793485882575821e-01
7.191397886123853667e-01
7.190274341366122979e-01
7.263265586397124052e-01
7.388161870603627834e-01
7.662990597798841064e-01
7.582140813863279538e-01
7.489803029278608859e-01
7.214712692796864113e-01
7.127183027753154487e-01
7.164837892327248214e-01
7.280599759485956168e-01
7.415884409162040170e-01
7.367341948412056141e-01
6.207601682479683136e-01
5.459470168354261244e-01
4.676919298772129197e-01
3.389300041176399603e-01
-1.233570999725070172e-01
-2.753413301990853546e-01
-4.069099935102098997e-01
-5.084542960809206313e-01
-5.711971622283769090e-01
-5.627437284611633839e-01
-5.641208494367053738e-01
-4.713969348019032557e-01
-3.723261575837608639e-01
-3.983690776959019630e-01
-3.584074032546264998e-01
-3.116590553489279047e-01
-3.143373053815423646e-01
-3.515635024020384858e-01
-3.487706669776147739e-01
-3.557822822138150265e-01
-3.841025601594756922e-01
-2.879403656613933049e-01
-1.650894172755313360e-01
-7.972518136559963997e-02
2.811056273273976336e-02
1.088145208605008352e-01
1.900468045172125642e-01
2.124892319314822253e-01
2.543569868908577281e-01
2.279112000317272679e-01
2.325068515938771008e-01
2.189044200045309752e-01
1.799873502805565129e-01
-3.550980242003030224e-02
5.424645958697307813e-03
-3.577422574561943402e-02
2.349784873816983949e-02
6.585425408779629897e-02
1.184267425624708492e-01
1.285567280686012170e-01
1.382095313108364087e-01
1.355653056912832499e-01
8.216578509746723380e-02
6.570136917954452760e-03
-5.879930651403765529e-02
-1.736652221209710745e-01
-2.404441130992312492e-01
-2.743440738104655496e-01
-3.340581864617608310e-01
-3.432552820619249601e-01
-3.698943347602599019e-01
-5.632101783093284020e-01
-5.284907245187369096e-01
-4.653869405175974916e-01
-4.587435565606668986e-01
-4.717603960277550468e-01
-5.307502090490880953e-01
-6.623939961785783037e-01
-9.133418794883462200e-01
-1.167130162291239115e+00
-1.304243451476455373e+00
-1.446838734343971700e+00
-8.648224112214773773e-02
-2.265481624702721242e-02
1.693926780831068318e-02
5.729264494387285162e-02
2.785698340403423012e-01
3.072016866869521912e-01
3.396156983010569230e-01
3.733909724858370804e-01
4.063536206805921647e-01
5.019431985292019949e-01
6.809225493228975301e-01
7.981757716614559239e-01
9.458271607360975164e-01
1.074142786772263491e+00
1.199561994798192588e+00
1.296357993187272406e+00
1.376205731072772664e+00
1.442680298784992932e+00
1.473683675817090810e+00
1.500720608795243827e+00
1.500282091997013678e+00
1.506324028775097190e+00
1.488867530404984540e+00
1.481561209101009524e+00
1.472727220474307153e+00
1.496309595255868707e+00
1.474399573400929864e+00
1.539973943197574746e+00
1.530891567107298235e+00
-4.017904359922774837e-03
1.845364032314790459e-02
2.724526253500230560e-02
-2.930774343402353654e-02
-1.032534628163152418e-01
-2.120062614862683881e-01
-3.287559677154002769e-01
-5.080595558591018968e-01
-7.266045038649086019e-01
-8.998985769511222976e-01
-1.040329479156074655e+00
-1.078006185362978764e+00
-9.006189276824838608e-01
-8.626555298469482658e-01
-8.948075563397849264e-01
-8.484331178014338226e-01
-6.579245702926398431e-01
-4.630739408746461505e-01
-3.497154759998813423e-01
-3.053123018799447363e-01
-2.799039932142700082e-01
-2.792370576674715332e-01
-2.625670827742799807e-01
-2.697137048582404772e-01
-2.716208486229169661e-01
-2.783877056322897614e-01
-2.913866977261203584e-01
-2.588825740744867820e-01
-2.658899833980764016e-01
4.962303064824215293e-02
9.556131352888197483e-02
1.663157252615525827e-01
1.683178365024232404e-01
1.938920385180451511e-01
1.687400670074125641e-01
1.711453680206228845e-01
1.762711588212776681e-01
1.379706143651482364e-01
1.225951684071968084e-01
1.525640462830339661e-01
1.684521299218930679e-01
1.758088362458150589e-01
1.811920068287645458e-01
1.671347029707173637e-01
1.662388137238263452e-01
1.285795625825723876e-01
7.193850170124012344e-02
1.093724630854479019e-01
1.356980435137938867e-01
1.455262536360774350e-01
1.499625973970006021e-01
1.585567837530795776e-01
1.196233716585211604e-01
1.701297900907598748e-02
-1.219749809640395394e-01
-2.454737505108122164e-01
-4.615310912988770942e-01
-6.328119595713107559e-01
-9.146074342044034633e-02
-1.714929796069399881e-01
-1.761013352879779448e-01
-1.520906501477074790e-01
-2.245482974673422560e-01
-1.711118641214934566e-01
-1.791929984265332454e-01
-1.862037169631443334e-01
-2.446769043578184699e-01
-2.292244281280549356e-01
-1.100357403908657355e-01
-6.000031247797295297e-02
7.426171434978755259e-02
1.794983576308125106e-01
3.250622643520162391e-01
4.373507901588871150e-01
5.482010325975602560e-01
6.266727819817838885e-01
6.919155785095263411e-01
7.276925810253010996e-01
7.498911900221383320e-01
7.568970409326722937e-01
7.734152330750497795e-01
7.651482892335561559e-01
7.781406999667807023e-01
7.618739198810856594e-01
6.931119840061392701e-01
6.735284311623486175e-01
6.649463631213308190e-01
1.772163842018610602e-02
2.860965982098120919e-02
3.888129780675565750e-02
5.007821711997207520e-02
1.093499393986206991e-01
1.274485706899997073e-01
1.975823037003497373e-01
2.231802959791269192e-01
3.220046909572170102e-01
3.520924912925477712e-01
3.860897787203859122e-01
3.456234558341383378e-01
3.378986029759850074e-01
2.854965526332537973e-01
2.304965265670347874e-01
1.916625381345368473e-01
1.349077281739655687e-01
9.838067376785930573e-02
6.148992115360592259e-02
-1.600419406382543319e-01
-2.321542445523686049e-01
-3.624289074103078656e-01
-5.277938766937309012e-01
-5.364396000476923110e-01
-6.382686202496096195e-01
-6.455071878759807147e-01
-7.031759913983837151e-01
-8.067704638881089130e-01
-9.939872434631273901e-01
-1.540992652423230080e-01
-2.353188431210785359e-01
-3.094155538529401728e-01
-3.549287612056831742e-01
-2.368652398979499418e-01
-1.825670930432294059e-01
-1.053734939583752667e-01
-5.532525930355099847e-02
2.302734340549859177e-02
4.745935240355657336e-02
8.334690845897796407e-02
1.415643985600873456e-01
2.002431748085395924e-01
2.407909071835064863e-01
4.107718592671279478e-01
5.368928580204865852e-01
6.955691739666876039e-01
7.766602542339975379e-01
8.865065244503822495e-01
9.393988175958297715e-01
1.018356174353786114e+00
1.075173268321487186e+00
1.108726551859829268e+00
1.113404907578077196e+00
1.122217214373614214e+00
1.144321855426984724e+00
1.169538991258243232e+00
1.188657356903582762e+00
1.211822326909915315e+00
6.423656385029028436e-03
4.994728282449699408e-04
-1.280073826480934013e-02
8.775102117736143653e-03
1.640111006988387646e-02
2.907708926924049489e-02
2.114284591249168677e-02
-1.414791709874230197e-02
-5.903369530358616030e-02
-7.061617710544026982e-02
-9.688321667503507761e-02
-8.961271649124523397e-02
-1.562948946493178115e-01
-1.756064746613726635e-01
-1.993134351176096553e-01
-2.129633861005293394e-01
-2.668898622190953862e-01
-2.322227869916756171e-01
-2.236150493563757724e-01
-3.599301636478836053e-01
-3.853893832062042502e-01
-4.441037306383647798e-01
-5.796016519024951297e-01
-6.138410580961607410e-01
-7.703315239925314639e-01
-9.484876470904873846e-01
-9.870918122888707735e-01
-1.072773744730661560e+00
-1.158239779680457548e+00
-2.989664414132870915e-02
-1.127400932484325519e-01
-2.057710687705995023e-01
-2.432179748235847316e-01
-2.665472511058067928e-01
-2.565479435523847496e-01
-1.347813494139299961e-01
-1.936334191610114552e-02
1.497098503245678225e-01
2.439132780009605483e-01
3.165905927624687588e-01
3.985598588282643906e-01
5.158478475189925971e-01
5.874340779589124484e-01
7.031204700541574537e-01
7.717969689134596134e-01
8.455455566976552984e-01
8.844959790988963233e-01
9.491322847515847316e-01
9.840611911838273995e-01
1.013148979981501219e+00
1.040373486636349210e+00
1.095997113071575546e+00
1.124228031171015552e+00
1.191535441805526396e+00
1.210437390461830853e+00
1.242600063116992448e+00
1.237723642894726250e+00
1.236176571981296046e+00
-1.394194611173134660e-02
-9.170402624062082633e-03
-2.014198990810995779e-02
-1.677520576312722944e-02
-4.533742529425124901e-02
-4.382430098746821490e-02
-7.346808633832627167e-02
-8.573549361199006569e-02
-7.319754789387462879e-02
-7.670137903886904696e-02
-1.044934583135250089e-01
-1.021548498606872218e-01
-1.951083700092878237e-01
-3.226468490911945652e-01
-4.192661093272128658e-01
-4.286304872886060324e-01
-5.329495492049425298e-01
-5.473534222732626686e-01
-5.611096160243229658e-01
-6.359215790310328575e-01
-7.029352273082697389e-01
-8.292830116734490886e-01
-1.069735811043311058e+00
-1.130912639811660902e+00
-1.270835300132913348e+00
-1.337350221867944500e+00
-1.346587048318139024e+00
-1.387732962337254738e+00
-1.451389696191630829e+00
2.958617256762070824e-02
2.242875620394063976e-02
6.097668408517466221e-02
1.672205019913347579e-01
2.071360642558188470e-01
2.498741275887682856e-01
3.135670614955939905e-01
3.252452805992522844e-01
4.023701324358265330e-01
5.372533594914075117e-01
6.436747540164994286e-01
7.122782604144382024e-01
8.260747177567638877e-01
9.217854269325277405e-01
9.838870788953951729e-01
1.047017386124377003e+00
1.086039976973222521e+00
1.102958724895203302e+00
1.127714488928387881e+00
1.138713715984274177e+00
1.189690838612499579e+00
1.215262528048481672e+00
1.245462037101330077e+00
1.253572325655073261e+00
1.288545524761059324e+00
1.287768388728119051e+00
1.322976295780742939e+00
1.344506506554834946e+00
1.379964604589475563e+00
-9.169842740164068154e-03
-3.345482288135742666e-02
-6.004337536972303990e-02
-6.150297498314383909e-02
-1.097042689070221178e-01
-1.260374166419207520e-01
-2.000003214079748015e-01
-2.412026915063706922e-01
-2.404921931959873860e-01
-2.535874901240208201e-01
-3.072138198110052620e-01
-3.542033083557249440e-01
-4.333189623787809808e-01
-5.253908238560105470e-01
-5.616355467426102921e-01
-5.609597633753804491e-01
-6.662696433752247627e-01
-6.514809985400198400e-01
-6.953513249109332106e-01
-7.799876704970282182e-01
-8.343072690149587745e-01
-8.882215185783397526e-01
-1.003949313997244186e+00
-1.068350341322830355e+00
-1.086731669027940939e+00
-1.097177152489381857e+00
-1.078211466753130399e+00
-9.555165103703634477e-01
-8.644146730533555090e-01
1.220174673487674222e-01
2.731969025241113291e-01
4.203775131136700538e-01
5.071157698001063086e-01
6.094651115532849772e-01
6.809661819405794514e-01
7.628191559007168054e-01
8.048182603518616585e-01
8.446451429128198907e-01
8.595444461302450545e-01
8.678002680043289674e-01
8.642016467912807531e-01
8.381618490049163039e-01
8.416692773416643014e-01
8.482593997288161436e-01
8.941437858063411293e-01
8.885657620435947202e-01
8.887228053022960816e-01
8.307194908729101934e-01
7.804712705266892980e-01
7.435543135899993494e-01
7.340464292518790179e-01
7.673490716022444147e-01
8.041230607162341837e-01
8.235719088836364055e-01
8.285738317063860991e-01
8.435197729226195928e-01
8.281839425712045344e-01
7.933710566232901051e-01
1.506426665706356999e-02
1.111224826981887376e-02
-4.993478254659092230e-02
-5.223654344207316613e-02
-1.678102636767024314e-01
-3.801575087499911021e-01
-6.346296896251296671e-01
-8.494658211443006923e-01
-9.678866039732814119e-01
-9.951919825213311199e-01
-1.026503837386226525e+00
-1.043564180324434210e+00
-1.051355304585934514e+00
-1.008968940569720196e+00
-9.757045792803737960e-01
-9.728911720496365989e-01
-8.940876068294022483e-01
-8.996106138012560649e-01
-9.468277793111776752e-01
-8.572308536022076320e-01
-7.925841744880739448e-01
-6.620318941935702250e-01
-4.799047276312474186e-01
-3.331157216498574769e-01
-2.724636135463678333e-01
-2.068701583577376990e-01
-1.976296305437202638e-01
-1.606094300165197553e-01
-1.710297540256794091e-01
4.271386941281483246e-02
3.600780112316193105e-02
3.682613890647051802e-02
2.905734220172914717e-02
3.033554286825731333e-02
-1.819231977490191887e-02
-1.442412064273621702e-02
-3.632300988303285849e-02
-5.267108460616016369e-02
-7.806142776896161928e-02
-6.717916258161135690e-02
-8.142074235526224057e-02
-1.159472790720332130e-01
-1.460919959543630631e-01
-1.353755590651890550e-01
-1.745389400609425878e-01
-2.166477142333440853e-01
-2.358259403153799005e-01
-3.236663051259673352e-01
-4.410004450018934485e-01
-4.606181085754695315e-01
-5.628825641918259182e-01
-5.605604842417056810e-01
-5.389281067517924795e-01
-5.431483556337044494e-01
-5.738952929392211466e-01
-5.623902538827153519e-01
-5.946082558088201520e-01
-6.111902389982907247e-01
7.071521552709822411e-02
7.202011591743417984e-02
8.740034293538856414e-02
1.110157682598045537e-01
1.076337194739390157e-01
1.480708520963529284e-01
2.734454337898855059e-01
4.381018082209949260e-01
6.185465226499429203e-01
7.519746629726021814e-01
8.358456216603381561e-01
8.993179848257434328e-01
9.629008044844213909e-01
9.937072527558410417e-01
1.024124436127725302e+00
1.061710339160394589e+00
1.104715453283864113e+00
1.139475896793102461e+00
1.207399918638475622e+00
1.218388350097433293e+00
1.215897345049500977e+00
1.189650599355898786e+00
1.189874397982859211e+00
1.199681232641160111e+00
1.226647313293158792e+00
1.233874367562622032e+00
1.244779944336700472e+00
1.231034106756663693e+00
1.225619754338632683e+00
-2.465144123469161300e-02
-2.692313459758157584e-02
-3.380726706087428673e-02
-3.568475070577058900e-02
2.365200116078092912e-02
4.022611383597922419e-02
9.942551023521395415e-02
1.425820411480292482e-01
1.501810400273367596e-01
1.058461040833795497e-01
7.491377012497031640e-02
3.037656314447215178e-02
1.793466518384711356e-02
-1.767796724192367830e-02
-1.018245429741633096e-01
-3.579143441331740783e-01
-5.562332642094016677e-01
-7.609867286839187006e-01
-9.931436698489127801e-01
-1.151522564524790182e+00
-1.271927371431101905e+00
-1.334129467227828325e+00
-1.402823315478119781e+00
-1.405574949665503892e+00
-1.462924217499366852e+00
-1.488052291922341119e+00
-1.518683306677441891e+00
-1.577425789752064489e+00
-1.586595018762121168e+00
3.078321654221615605e-02
7.170549436184409098e-02
2.245554997888686843e-01
4.023943272785804881e-01
5.865398222014850393e-01
7.095294574276785893e-01
8.382636731913457595e-01
9.242942878558738640e-01
1.012190242766481507e+00
