4.448233606569904075e-02
6.969183989264433887e-02
9.105697614062509271e-02
9.862326934756564245e-02
1.271545531749302960e-01
1.311566946685089052e-01
1.568594273444908205e-01
1.726320592495913520e-01
2.110925964858140491e-01
2.237663307280984004e-01
2.624018894357001419e-01
2.774282881527930233e-01
3.194585797912632419e-01
3.257196121507541786e-01
3.599537991160881023e-01
3.616466813576170725e-01
3.973224396028993133e-01
4.139494496551247016e-01
3.690491628730461771e-01
1.284178418256280985e-01
5.603316600294099004e-02
-5.949495999706677640e-02
-1.914418997270866118e-01
-2.118382571231426370e-01
-3.713515709774615203e-01
-5.926321169315633686e-01
-7.563421155037399757e-01
-9.290988529336909885e-01
-1.742740741655356418e-01
-2.922943264279022624e-01
-3.707506049411107840e-01
-4.104818740208615035e-01
-4.210408114899999443e-01
-3.125322937918188493e-01
-3.258306407228761525e-01
-2.889355840486504401e-01
-2.648697103837229783e-01
-2.933714411133847011e-01
-2.886676368516554181e-01
-3.053473094208051242e-01
-3.040902672212644764e-01
-1.350084991184189176e-01
-2.425089459545234916e-02
2.925257826823528251e-02
1.381248078387574685e-01
1.756386401903041738e-01
1.451514691738025054e-01
2.436811968746016577e-01
3.336946918194425571e-01
3.881109757956633932e-01
4.906486095364955835e-01
6.010897136152077991e-01
6.824308275716712835e-01
7.619323634443431192e-01
8.131304326726026543e-01
8.475849232141835499e-01
8.199007209933855123e-01
1.504815942239638195e-02
1.001448063138941080e-01
1.813946128305386485e-01
2.671091446556190796e-01
3.361829729878844653e-01
3.899965973684190734e-01
4.556793170066784082e-01
5.114005744205804005e-01
5.676136245551361981e-01
6.242208968795692758e-01
6.585938870748075935e-01
6.615945831987775083e-01
6.653348161181201759e-01
6.379173580125887533e-01
6.245958281830947811e-01
6.309026832353223924e-01
6.210387673778202666e-01
5.585079793299232431e-01
5.437950977053624957e-01
4.750162099900306911e-01
4.472456623674112008e-01
4.379688550911287614e-01
4.434818518327476311e-01
4.309320373746803323e-01
4.639591026208240154e-01
4.559723655315191526e-01
4.547955207208023709e-01
4.095679782600256114e-01
2.339035019762575884e-01
-1.637496934227044010e-01
-2.470300237067503124e-01
-3.743051456563143975e-01
-3.802931872580382899e-01
-4.394609234254597818e-01
-5.209236146753500885e-01
-6.213895085074110369e-01
-6.732589920398103223e-01
-7.575796183076314305e-01
-7.557983295067499663e-01
-7.379000798458740240e-01
-7.083914584248900415e-01
-7.020728558598791080e-01
-6.594235499021645630e-01
-6.554469066630479457e-01
-6.356571347230104418e-01
-6.202264870789764295e-01
-6.157727888249496795e-01
-5.665119345353893943e-01
-4.887231439087421636e-01
-4.303353783341216654e-01
-4.126140380872115876e-01
-2.108081187984435501e-01
-1.498107468554334132e-01
-1.046774078186867296e-01
7.669866877591915988e-02
2.495116959475739693e-01
4.021346516130092641e-01
5.117641446763421254e-01
8.521951003377109535e-02
1.008855071155088934e-01
1.014023585153079332e-01
9.755636042419414677e-02
1.305749993461961522e-01
1.197669927572960064e-01
1.604785033475460421e-01
1.540335399517632486e-01
9.794247738421332783e-02
8.814256189382727036e-02
1.147539865644366386e-01
8.669506208760924260e-02
3.734532216207661626e-03
3.801199684128992590e-02
4.803606664119619563e-02
7.688539789034158634e-03
6.460317183071923042e-02
5.889899790004772540e-02
3.390228602345018993e-02
4.631558135762699202e-02
2.089813886106888299e-02
-7.184721417126190002e-02
6.060019374727138031e-03
-3.461682124319007819e-02
-1.044217379366988163e-01
-1.122368071544204565e-01
-6.724306302936780555e-02
-8.455045432071979505e-02
-5.887326253586938618e-02
-8.227569062256921695e-02
-1.690027902157004713e-01
-3.237467195379276630e-01
-4.205711917626074881e-01
-5.376843734516332241e-01
-5.546763630809148360e-01
-4.952647774048151152e-01
-5.487066583534663256e-01
-5.205423529652506431e-01
-5.094355094493517866e-01
-4.922188022320581058e-01
-4.582547903198034289e-01
-4.286565497155478410e-01
-3.052639505202719428e-01
-1.158693335693463389e-01
1.214672239088358252e-01
4.530459711958136904e-01
6.698746151820700323e-01
9.092710752400764429e-01
1.085707827694428307e+00
1.228103053957269930e+00
1.352276061512591498e+00
1.451942811450889215e+00
1.531039638993027863e+00
1.592578007572039045e+00
1.623654114737106413e+00
1.643420955702928898e+00
1.686930439601072917e+00
1.716357039778609206e+00
5.134048473024831194e-02
1.101415318076845312e-01
1.368861115232532788e-01
1.903365815508789860e-01
2.063799221161180808e-01
2.516270927964542325e-01
2.335036376353908372e-01
2.235513359684795642e-01
2.248599765651404792e-01
2.243714726256975656e-01
2.667188269509650489e-01
2.911828426554381455e-01
3.110196909946627564e-01
3.000682648147677822e-01
2.855473610041966426e-01
2.950539915747534270e-01
2.952777995629284891e-01
2.872647136602218820e-01
2.855645171980457087e-01
2.757974001117571294e-01
2.783466054853148131e-01
2.735633770139651033e-01
2.826896213517061107e-01
2.687036051861110275e-01
5.283374286284517329e-02
-9.640858877337182831e-02
-2.014711490818517636e-01
-3.234902469998448549e-01
-4.271066202395486511e-01
-1.673827750504872369e-01
-3.406074927928670615e-01
-5.192193744317976645e-01
-6.640287538244598053e-01
-7.561542063971993244e-01
-8.435941050039192923e-01
-8.485930082086173831e-01
-8.879977265698619782e-01
-8.920456382788487515e-01
-8.846477443337062985e-01
-8.967576086170615524e-01
-8.953463020399404781e-01
-8.776526632013741391e-01
-8.085947707396772266e-01
-6.778914587089640564e-01
-6.226310060080941788e-01
-5.293615496681098875e-01
-4.453399290428368129e-01
-3.686154033306746070e-01
-2.941530811948250279e-01
-2.028340348283139416e-01
-1.149814209827789424e-01
-1.320812995927804490e-02
1.079272621880046634e-01
2.288456936647721429e-01
3.457609274046976600e-01
4.374805467747945320e-01
5.046333351628096153e-01
5.430207752298374935e-01
4.432584550241743665e-02
7.525722970399406631e-02
1.347041305206761463e-01
2.004055579352003180e-01
2.849880520506031800e-01
3.094878747162975174e-01
3.132092315474230282e-01
3.735498970694195453e-01
3.615889079001705086e-01
4.212973220451319833e-01
4.635172127937193243e-01
5.287987252182222431e-01
5.262488172412514986e-01
5.456200803120143661e-01
5.298807956447967316e-01
5.216161460553742080e-01
5.202425145675331208e-01
5.370386376793832017e-01
5.472724387096142840e-01
5.333434243534458385e-01
5.237367401598285177e-01
5.110450694553547724e-01
5.275725361636648403e-01
5.410218093260470429e-01
5.451670563848804996e-01
5.264378966237333035e-01
4.488422788029465815e-01
3.713739736971111705e-01
3.746167416375841275e-01
-2.948236512068039966e-02
-5.851131004044333311e-03
-6.690434798982948517e-02
-1.215105402205428203e-01
-1.844375094223109912e-01
-2.340423900053688611e-01
-3.160497978845519529e-01
-3.498092278185928605e-01
-4.062704579581238318e-01
-4.118561521897418642e-01
-5.191515146635096167e-01
-7.308314969967104613e-01
-9.929817553734984203e-01
-1.087198766496745295e+00
-1.351061381089562641e+00
-1.417440119935391651e+00
-1.515530914126489437e+00
-1.536436914578341195e+00
-1.567233496587595365e+00
-1.622967881644489241e+00
-1.675812700479863082e+00
-1.733575571019369654e+00
-1.749179480592389258e+00
-1.797128552329748219e+00
-1.802322559713974259e+00
-1.814768651678665190e+00
-1.827393575865724928e+00
-1.772203639072498893e+00
-1.666021830102775603e+00
1.004496114300938020e-01
3.039590728497368888e-01
5.427431860069469316e-01
6.242847677396351491e-01
7.033097003524312330e-01
7.905556166743801239e-01
8.826125587497710701e-01
9.456545412902837011e-01
1.028349767258437186e+00
1.095043577817671920e+00
1.146086926731060274e+00
1.147986906317261191e+00
1.181277169338623700e+00
1.189632096004211714e+00
1.208059179548105933e+00
1.238694052548060753e+00
1.268713684929825503e+00
1.288554203896103534e+00
1.312253194951903845e+00
1.340889912009012530e+00
1.367627697565571898e+00
1.386176440951011557e+00
1.397961836052614037e+00
1.408715834253641441e+00
1.393430106652199907e+00
1.409441469778467404e+00
1.376464679016569104e+00
1.383412880080953089e+00
1.369653005575966809e+00
2.453072438009458456e-02
1.584368372624694182e-02
4.297479749314032926e-02
2.600440491638005697e-02
3.245178377328921532e-02
-5.550243215384456641e-03
-1.517782560224729682e-01
-3.130535095180949079e-01
-3.773702879516257491e-01
-4.883847450107403620e-01
-6.409967442658512926e-01
-7.138886190096594975e-01
-7.945280335571610619e-01
-9.594755193991174602e-01
-1.180136655706414572e+00
-1.240117170358457255e+00
-1.305153747555209964e+00
-1.328275935929233542e+00
-1.314600411301218630e+00
-1.379587604571510973e+00
-1.535492601931889078e+00
-1.644549138146776057e+00
-1.749452928136930208e+00
-1.800391670372582187e+00
-1.871514471429233994e+00
-1.864133890492717383e+00
-1.799848552765958010e+00
-1.673716642410413513e+00
-1.600238426225301103e+00
7.515526781869259765e-02
2.226589188114578843e-01
3.800906486337267687e-01
4.200576424853587065e-01
5.211917696972674374e-01
6.278854779129623420e-01
7.284442813666580641e-01
8.026415555171119154e-01
8.865928401068270404e-01
9.622028738161048089e-01
1.030182923922692062e+00
1.080928785120232716e+00
1.123633805535848129e+00
1.155382861426215602e+00
1.218342123804623034e+00
1.270915245145552541e+00
1.323799390190967040e+00
1.365731327405842022e+00
1.409808551311441782e+00
1.428801961247405217e+00
1.477615525878930303e+00
1.528700845127218821e+00
1.565606019944139948e+00
1.576013657401634571e+00
1.610296841191211303e+00
1.648764316188996437e+00
1.698355562610574854e+00
1.761410502729465977e+00
1.782969454908511109e+00
2.073373977762391768e-03
-4.205000004067682706e-02
-7.467155708702767625e-02
-1.041581555587947766e-01
-9.875150524314514622e-02
-1.077248187287252607e-01
-1.083464906816364454e-01
-1.412572030401562095e-01
-1.823586302151201377e-01
-2.177366595210805111e-01
-2.222582625507440179e-01
-2.583514724463350509e-01
-3.664010972075888439e-01
-4.255166890938515967e-01
-4.485514012936632766e-01
-4.472351286525828584e-01
-4.413822303114013357e-01
-4.636755537621851664e-01
-4.534664826527605719e-01
-4.988559535313126236e-01
-5.518959514082608653e-01
-6.286974558500687538e-01
-6.249189302820026271e-01
-7.379827018020134188e-01
-8.649200635372719104e-01
-9.565990040863711075e-01
-1.162734058454169439e+00
-1.479800145886607243e+00
-1.593882959463197357e+00
-9.626401501707031183e-02
-2.619778125062220964e-01
-3.470702227814224661e-01
-3.856023489523965897e-01
-4.028539735965133151e-01
-3.561512975126580050e-01
-3.918988644683392697e-01
-4.081945662106509776e-01
-4.699321859584515426e-01
-5.261546893391508828e-01
-5.103336225070533860e-01
-3.996124048501725756e-01
-2.519681307753449673e-01
1.958291813921531066e-02
2.554480158661023292e-01
4.475133477217939082e-01
6.189271694205950025e-01
7.043138547118622528e-01
8.111052739773250142e-01
8.778494825895506448e-01
9.069520627993665762e-01
9.564686318709759716e-01
1.025545100205803584e+00
1.084664015305390805e+00
1.132710313746476682e+00
1.168750940055643284e+00
1.215977820451127345e+00
1.210401450356945574e+00
1.235849218427175655e+00
3.085756837949870865e-02
4.942326704226487899e-02
3.088124998154384571e-02
-4.028387843797880119e-03
-8.037645408229300570e-03
-1.551127172547126995e-03
-9.272775089779625168e-03
5.059237685312599486e-03
-4.996469266636315368e-04
-2.038387373456923904e-02
-4.751362356428501243e-02
-4.221920231845180393e-02
-6.040202647408182690e-02
-4.388112174520508724e-02
-5.808113569947705862e-02
-6.132988476496485653e-02
-8.728072404917314175e-02
-1.015301146562728185e-01
-1.261538784605162056e-01
-1.216491006239916600e-01
-1.484610650274915955e-01
-3.717698021477696124e-01
-5.677685143154592717e-01
-6.704751476360713003e-01
-8.838029955684205685e-01
-1.041621787874289939e+00
-1.140689363676398171e+00
-1.247028137358583200e+00
-1.366305106814183379e+00
1.075912714052885879e-03
-9.054333831087757120e-03
4.169912460177029739e-02
5.225214022693269733e-02
1.924209002755868786e-02
-3.377947912569292943e-02
-1.514647727287386503e-01
-1.478153244338304695e-01
-3.769638678093291395e-02
-8.523140550968921758e-04
3.860826454757228243e-02
8.903449627301705804e-02
9.049016199661734372e-02
1.423966940458189223e-01
2.244002235662705402e-01
3.584600236505339765e-01
6.146291769834475449e-01
7.908883520357229413e-01
9.240094302151486971e-01
1.105686925508183815e+00
1.211209649131351762e+00
1.310662597639748794e+00
1.363803425652205137e+00
1.402317111156492713e+00
1.365326024892554058e+00
1.339311442922973550e+00
1.285914425903186720e+00
1.320646639001107348e+00
1.341162756507488174e+00
4.836911859411105463e-02
9.168545501339928072e-02
1.468652048429421320e-01
1.605817246986881441e-01
1.900902632607463782e-01
2.059740385007939600e-01
2.162791505590360153e-01
2.215408167411418716e-01
2.611269890710628538e-01
2.793958056135337764e-01
3.152310927879729552e-01
3.137816603422038941e-01
3.327986358855075655e-01
2.868583857102843249e-01
2.761728255644325669e-01
2.557953030777182502e-01
2.437727331507517081e-01
2.151482922331038883e-01
2.182974266744192315e-01
2.063037990335649385e-01
1.656190451369738970e-01
1.475997613639654926e-01
9.601687408131157064e-02
6.209058831879683826e-02
4.181592927281499450e-03
-5.532333414593824938e-02
-5.246587319038557157e-02
-6.314859489393850889e-02
-5.991616771708060951e-02
3.479967957116009755e-03
-9.778767895864642727e-04
-1.721251023953692671e-01
-3.145426545844619559e-01
-3.693162504105522714e-01
-4.554144622950812571e-01
-5.732663929833675676e-01
-6.311623189668736922e-01
-9.077634501280058554e-01
-1.199305230305187431e+00
-1.424210737506751423e+00
-1.619750283884608288e+00
-1.705992731818297470e+00
-1.794414715534961680e+00
-1.797243826950970957e+00
-1.745688456211816009e+00
-1.694207306747841590e+00
-1.567755206349196184e+00
-1.547349681461283044e+00
-1.511630907509595056e+00
-1.500174115412672204e+00
-1.488049845032267893e+00
-1.468468849927160536e+00
-1.428311158536506920e+00
-1.364589064460854928e+00
-1.180551121711059137e+00
-9.783297349462145576e-01
-8.048993496765342037e-01
-6.236808026369586866e-01
1.959145408567284363e-01
3.242579212555132262e-01
4.099288223698552835e-01
4.675990738746773623e-01
5.259518324053219507e-01
5.823045983144756743e-01
6.607172261234913746e-01
6.912521277913762363e-01
7.263014219286400008e-01
7.417714029231604611e-01
7.600917926957241333e-01
7.543978635988594084e-01
7.736756699156130956e-01
7.836612137660565747e-01
8.085646664831027675e-01
8.125719446823789216e-01
8.342564848338960282e-01
8.341919386768760214e-01
8.786815360841303546e-01
8.878829714468353673e-01
9.661006408938697110e-01
9.516054191323352063e-01
9.446862238662278033e-01
9.065357906124007492e-01
9.204824996521140390e-01
9.144832331019525640e-01
9.328465222006755431e-01
9.482482753097480899e-01
8.694454282197258133e-01
-2.223434135988312799e-02
-7.865973802101804135e-02
-1.431473215208727001e-01
-1.635940269288460591e-01
-1.943396420941339575e-01
-2.250584886633821002e-01
-2.154292204387554255e-01
-2.441025376521463452e-01
-2.876492796859513867e-01
-2.613980587399535316e-01
-2.559708346287759007e-01
-4.301845115187634683e-01
-6.339531350640067453e-01
-7.599144018287151692e-01
-9.369131394585059613e-01
-1.116046732639127237e+00
-1.293055051388500409e+00
-1.422269889207848248e+00
-1.639848537588841415e+00
-1.782951633871256103e+00
-1.818835374748447586e+00
-1.890939959772416801e+00
-1.897586621525829909e+00
-1.837076998695648999e+00
-1.860759300740551181e+00
-1.798547338555720243e+00
-1.646694622141959385e+00
-1.596865267463287719e+00
-1.532210062084056412e+00
1.236244229396085970e-01
2.878682577256077013e-01
3.877234282242180696e-01
5.241362696996090254e-01
7.366253699441994707e-01
8.507160070126065232e-01
8.943915962048680779e-01
9.383907873154706536e-01
9.901398417596569690e-01
9.869435163133396527e-01
1.049331923024046098e+00
1.104809988142375188e+00
1.133259273605449646e+00
1.171304658868951076e+00
1.203263611156736967e+00
1.250785132195271432e+00
1.314687387619745573e+00
1.366736792963623826e+00
1.379855804438250955e+00
1.412719123040160563e+00
1.426047482604032801e+00
1.437657155653679464e+00
1.400297525664628173e+00
1.368245603917088715e+00
1.347996827102204476e+00
1.314151614572667714e+00
1.313938332380132135e+00
1.354284115484606366e+00
1.332894794562412111e+00
3.232984022786369871e-02
6.148495999577559268e-02
1.138710575090173815e-02
1.022479203666692808e-02
1.470951690647484544e-02
-1.846288848889544310e-01
-3.812541733274593669e-01
-3.877968713049383398e-01
-4.565668271990436233e-01
-4.875257094321193696e-01
-5.290586734854123563e-01
-5.686850706143375955e-01
-6.346896600207335704e-01
-6.865655251887605726e-01
-7.761136011817071356e-01
-7.711470203998085360e-01
-8.309228842948592764e-01
-7.900291290820165013e-01
-7.630403663423271921e-01
-7.889651689873916629e-01
-8.580003695624675020e-01
-8.810107141035179446e-01
-9.480022067268513153e-01
-9.226104304963801406e-01
-1.049493497829028898e+00
-1.141782932551685725e+00
-1.141561925332282845e+00
-1.127654727556669956e+00
-1.082946560646169676e+00
3.520561906565747301e-02
-8.132553251264579286e-03
-3.792944503790196542e-02
-6.816291565879856185e-02
-5.966707499602685871e-02
-2.777621133738895215e-02
5.658750002403255958e-02
1.318514793712942668e-01
2.456042583553080250e-01
3.413792655563476219e-01
4.066438120341390738e-01
4.837246104719827855e-01
6.341488718061909502e-01
7.378215316401000035e-01
8.253236200798260702e-01
9.286989050030444171e-01
1.010393732064178041e+00
1.081062704382067974e+00
1.101826183475516974e+00
1.148495750328694998e+00
1.135929247099010331e+00
1.140338301102105101e+00
1.163838845202530115e+00
1.201673612059208196e+00
1.251949659727729536e+00
1.291247617020888416e+00
1.340000531561945207e+00
1.375161556999076273e+00
1.372214181364432628e+00
3.444035248404453409e-02
3.427900559641474526e-02
4.128366944687544837e-02
4.458163478616349734e-02
7.870043317775662906e-02
9.472867620008637579e-02
1.174835832284233939e-01
1.115527109109662462e-01
1.168332551001117908e-01
8.045693804087271361e-02
5.134626600916761263e-02
2.482770977281484326e-02
1.437447290757753321e-02
-5.040779371381497176e-03
1.070626716183058907e-02
-9.743693472576892001e-03
-7.727096434306757189e-02
-3.312334877556681323e-01
-4.356439450073080755e-01
-5.138904305347409274e-01
-6.254936891191114068e-01
-7.497895200354258716e-01
-8.186304889363008597e-01
-9.012082047394927020e-01
-9.241563570704122155e-01
-9.072954182909518384e-01
-9.754462223409042787e-01
-1.034168209728088872e+00
-1.072044626941070167e+00
-5.562971598875023072e-02
-1.266170943621067191e-01
-2.247554961018006503e-01
-3.603656494112881248e-01
-4.626674776021867941e-01
-5.877599692017900779e-01
-6.901187304588825011e-01
-7.107093447893467753e-01
-6.835245269525043188e-01
-7.293633927399745254e-01
-7.418389710532541370e-01
-7.004655215298403181e-01
-6.436661630467207518e-01
-6.242323238098727023e-01
-6.037382504183302911e-01
-5.419289925234301863e-01
-5.590111544107438935e-01
-5.263158395651444943e-01
-4.020991024486025855e-01
-3.339754350664421167e-01
-3.104993914136465194e-01
-2.724425528667448471e-01
-2.065716235351567898e-01
-9.545042081611611329e-02
3.088042448706311560e-02
1.317655156108012426e-01
2.342567400516161746e-01
3.001474705610054361e-01
3.385884990320354726e-01
8.577773321548571098e-03
2.298374709171266406e-02
5.130592334221327488e-02
1.055081355291510870e-01
1.537880517867222241e-01
1.985753966996622877e-01
2.256910135337502343e-01
2.608246575145093948e-01
3.000699975795095287e-01
3.880892276889625347e-01
4.352116915929237217e-01
4.819586149633009464e-01
4.798568021989221832e-01
4.825529275566382004e-01
4.572391711590583774e-01
4.962128584383174723e-01
5.476653515158570462e-01
6.250744868677483579e-01
6.528094111759406015e-01
6.468766421836862346e-01
6.164614011075744138e-01
6.265011959763873151e-01
6.385387600797277630e-01
5.809822580359149669e-01
5.457703457683527049e-01
4.732199677721611319e-01
4.173358131121359671e-01
3.597308119753637734e-01
3.393086763134506301e-01
-3.882225216316775862e-02
-2.752544275526629114e-02
-4.990128616620184004e-02
-7.520635023177907330e-02
-8.389757723110391474e-02
-7.342093920860706668e-02
-9.706037721639276805e-02
-9.902139488127802147e-02
-1.138459468624719445e-01
-1.735217411699726819e-01
-1.990949773342320928e-01
-2.031575866320163015e-01
-2.465493834080737523e-01
-3.814898998032330013e-01
-5.629844438374961291e-01
-7.115018522299154657e-01
-8.105354994846024619e-01
-8.631995947254875734e-01
-8.653891568754986663e-01
-8.983097128769677031e-01
-8.860812059641645089e-01
-8.447179555195833967e-01
-8.477229692359403712e-01
-8.584641848692083910e-01
-8.078322254574081818e-01
-8.190205325547073034e-01
-7.850321863339839723e-01
-8.019178029842944921e-01
-8.424398389767556727e-01
7.968811704501818638e-02
1.723575945546806931e-01
2.896497834094537982e-01
3.902041727393666948e-01
5.404032005904472191e-01
6.121002670099890963e-01
6.702298580301362385e-01
7.132220874576851166e-01
8.117112825242924767e-01
8.418801256799689492e-01
9.303046229931382083e-01
9.821843242408145880e-01
1.005134666904217156e+00
1.007564965101358290e+00
1.042175565216835187e+00
1.032867269980920932e+00
1.045359245791471769e+00
1.035907741886339828e+00
1.045560120217922995e+00
1.078131827430212297e+00
1.121367052382554297e+00
1.132842086481294031e+00
1.118108044280989866e+00
1.136148646105443971e+00
1.090188118328320188e+00
1.043015879562555703e+00
1.058854067825492962e+00
1.067122208302712538e+00
1.014371251933374296e+00
-2.093245238267087485e-02
-4.965950490964771841e-02
-1.010608726777810634e-01
-1.168857865900582299e-01
-1.607761329807901596e-01
-1.652071536506962424e-01
-1.723082373169795012e-01
-2.104542714082728305e-01
-3.176360804693484363e-01
-3.538212145422648391e-01
-4.300836531472357893e-01
-4.575171163937411523e-01
-4.794345401258524042e-01
-5.169060578325411770e-01
-5.675726346359432073e-01
-5.653929881522644640e-01
-6.238463405296619246e-01
-6.491798276222101594e-01
-6.003116329119742023e-01
-6.263071942327276265e-01
-5.910246191254804327e-01
-5.166379582117170965e-01
-5.702592005662877606e-01
-5.767175339307460957e-01
-6.996289902216573653e-01
-8.276732127379522463e-01
-9.799583421931945537e-01
-1.303595444013988303e+00
-1.434743697905729531e+00
2.776603589672987232e-02
3.240883079863142446e-02
4.549807201143398622e-02
8.662428920161330259e-02
1.018799759774829117e-01
9.883995406717244192e-02
1.187774258390040388e-01
1.407029624424834813e-01
1.987715371090438277e-01
2.562173024635405194e-01
3.220128753735276295e-01
5.238917342261173449e-01
7.555837707790427071e-01
8.860393710127192346e-01
1.029502531623695427e+00
1.170093436837683631e+00
1.246764158474799489e+00
1.312155601287747775e+00
1.419735491039508135e+00
1.471207479587218758e+00
1.577156940246027039e+00
1.634049720827252195e+00
1.690486714643911981e+00
1.709967318084819166e+00
1.745879211258480890e+00
1.755646812540184287e+00
1.788099870792231094e+00
1.803488644705167898e+00
1.830911337774272285e+00
2.090542857364826451e-02
2.227392583072255322e-02
2.748901875766630171e-02
2.547980604423457501e-02
3.735294468326200157e-02
1.876689310824733795e-02
-1.606628452626772049e-02
-5.221370237470264464e-02
-3.799662968588530393e-02
-2.696072646057899591e-02
-3.185743371438638782e-02
-7.366318241239885878e-02
-1.183520173374296158e-01
-1.722915252613892723e-01
-2.131138491793321821e-01
-2.425600369260627331e-01
-2.755118362044097768e-01
-2.844596827957525109e-01
-2.938612564289799778e-01
-3.042481634548966918e-01
-3.308515196793967439e-01
-4.251991764807120378e-01
-5.779381811259862722e-01
-7.263295740401350953e-01
-8.781393320511443612e-01
-9.830286296955066394e-01
-1.065465751811546902e+00
-1.070264760519306302e+00
-1.094815744618934605e+00
-7.211927874259944915e-02
-1.640348986764672001e-01
-1.806499917572264580e-01
-2.458169723061875700e-01
-2.604508079927682629e-01
-2.904527534504470765e-01
-3.065592268401394760e-01
-3.210379282045679461e-01
-3.352346940361636829e-01
-3.099476078094413056e-01
-2.786408272775989792e-01
-2.502446850172553861e-01
-2.428982868066698608e-01
-2.448596860216215310e-01
-2.169977981561199143e-01
-1.849850529609553540e-01
-1.206984787983185620e-01
-9.912278571337392041e-02
-6.066461104003985361e-02
-1.560212933536135604e-02
5.307100885669679968e-02
5.244975014376533629e-02
6.529818951524521409e-02
1.012315501199373274e-01
1.859236831489179953e-01
2.543999654184830317e-01
3.668210570643266610e-01
4.109560305204373876e-01
4.986591553097341478e-01
4.348835977469789338e-02
9.087305267729384184e-02
1.581173225283755146e-01
2.481311720239718910e-01
3.215476529000318440e-01
3.826720033067538274e-01
4.289100632230313792e-01
4.632545462875454212e-01
4.780923395446409763e-01
5.024346566845906414e-01
5.378117295398410214e-01
5.569440975875653566e-01
5.842556450727003359e-01
5.721613072663492838e-01
5.678351924757065738e-01
5.464841354887968183e-01
5.349021064735047792e-01
5.467463404611802025e-01
5.502277295235465937e-01
5.042493867633467408e-01
4.338065779630609908e-01
4.222149552744779433e-01
4.203083157263840519e-01
4.024338807362802806e-01
3.506161270176785250e-01
3.103518304047353515e-01
2.770090867892373576e-01
2.259605372870137630e-01
1.770474030415200573e-01
-9.422261428700597075e-03
2.668675319802849000e-02
7.193070815619004299e-02
-2.638710313281501796e-02
-7.690201934905552261e-02
-1.726880521845590155e-01
-3.126122683176388306e-01
-5.609885481408973806e-01
-8.006944420710546684e-01
-9.718636336926136376e-01
-1.100102255990341504e+00
-1.094302224837370829e+00
-1.081081029713792052e+00
-1.075024320033658665e+00
-1.071203671723251372e+00
-1.074087527882601201e+00
-1.078352171186653052e+00
-1.071049939937844808e+00
-1.016912189996662441e+00
-9.184090915769367314e-01
-8.645868286021785032e-01
-8.153209472920857070e-01
-7.543374125360400306e-01
-6.974440946310465073e-01
-5.866581590300165017e-01
-4.732953341320441099e-01
-3.481469824707050797e-01
-2.223595065559416106e-01
-1.441968412556766110e-01
1.046852938344477041e-01
2.029995700705419515e-01
2.589166890454419612e-01
2.809662848723648576e-01
3.052847376871718477e-01
3.291009807241372376e-01
3.505126492717113296e-01
3.793018950488820096e-01
4.069628012261767291e-01
4.570107171372942423e-01
4.648919669105027741e-01
4.717642900608721157e-01
4.777098080276819259e-01
4.690268619700492247e-01
4.785709368211046311e-01
4.971990266332315667e-01
4.818937426781325084e-01
4.775252167110818902e-01
4.652994530435094478e-01
4.833540543835256331e-01
4.732775991252101133e-01
4.748793586750501006e-01
4.512573241331542251e-01
4.128035781171959240e-01
3.597740500262087138e-01
3.243600548093668601e-01
3.104635210352116870e-01
3.237344187541566498e-01
3.208802841672285244e-01
-5.013100297379599612e-02
-1.061314478942140677e-01
-1.224331159754102477e-01
-1.104975968826257260e-01
-2.011238324595222005e-01
-3.497681619583821178e-01
-4.565821720376275206e-01
-5.761251997651004597e-01
-6.915706722035760423e-01
-7.667156227086935338e-01
-7.926009278439855033e-01
-8.315948598929053803e-01
-8.872346284242976777e-01
-9.901651414523551242e-01
-1.032839771052108002e+00
-1.048510901886475555e+00
-1.070543345219544973e+00
-1.086961977839574045e+00
-1.062800972877607775e+00
-1.070441387370117292e+00
-9.773498616246304449e-01
-8.980409991850000218e-01
-7.706746477687438368e-01
-6.547185219452220650e-01
-5.009333354059873900e-01
-4.558050587528199027e-01
-4.343570501452733712e-01
-3.688619684841853430e-01
-2.837084685868521694e-01
9.902204591840944869e-02
1.852192258380631062e-01
2.753200652752299527e-01
3.337474051251700380e-01
4.072192701889377764e-01
4.822214975085605260e-01
5.667725315484483106e-01
6.332271082190609190e-01
6.793877789272341206e-01
7.124682979827096085e-01
7.423256051142166356e-01
7.499464055537868878e-01
7.451035402352622627e-01
7.604290315283748214e-01
7.723121399568200207e-01
8.087790084373537303e-01
8.044214594077790936e-01
8.025610514993156697e-01
8.354911426583473411e-01
8.538986777643982062e-01
8.966783504047153297e-01
9.105950410422405383e-01
9.219702150686810427e-01
9.159050263414242332e-01
9.211941540674475348e-01
9.070933066857834737e-01
8.911578798717619820e-01
8.746832340331007760e-01
8.450734410991642687e-01
-3.210127416195276973e-02
-4.705358371048560390e-02
-6.612903123901950342e-02
-7.425288593537981985e-02
-9.128809415572133878e-02
-8.888306802652817806e-02
-1.429436536438697392e-01
-2.025404366791088151e-01
-4.846664649747513542e-01
-7.032329381279552871e-01
-7.581410133078811953e-01
-8.803682561487665703e-01
-9.821691614088203792e-01
-1.082064726570939550e+00
-1.181348241528530574e+00
-1.333905363856809689e+00
-1.501247187155462237e+00
-1.644712852459240038e+00
-1.733074774883734959e+00
-1.773386986373706398e+00
-1.803409870761858436e+00
-1.799825796713859560e+00
-1.744390532870816024e+00
-1.421897433395058918e+00
-1.134957206872902358e+00
-8.812398207551017659e-01
-6.150510048113511097e-01
-4.800445727826428977e-01
-3.699096864591468470e-01
6.662162675713663440e-02
1.236806020740692236e-01
1.186789690270705633e-01
1.437420619943083899e-01
1.466491752310723484e-01
1.565853623703722108e-01
1.790369773535405995e-01
2.059344818956752587e-01
2.350172592104920744e-01
2.237638769816783779e-01
2.169469368099209150e-01
2.047016785151523355e-01
2.236696886885999325e-01
1.949131077661676592e-01
2.350635753963814523e-01
2.879301808389705952e-01
3.018096367235805766e-01
2.880219262316107143e-01
3.189763154443099324e-01
3.061672435446435303e-01
2.966563988152681186e-01
2.630413519414906975e-01
2.636808438870225646e-01
2.314888571934421435e-01
2.548063055120119436e-01
2.519610893777091687e-01
2.601760452279304192e-01
1.793812808253951729e-01
1.316506819238055792e-01
-4.564819962544443277e-02
-7.785059342084484080e-02
-1.249405360398095077e-01
-1.503074879995599800e-01
-1.674891023814862878e-01
-1.811020526232440531e-01
-1.844711116415131691e-01
-1.943310320702495708e-01
-2.340240427792709133e-01
-2.899401686671592704e-01
-3.730799753552723197e-01
-5.187225033754658821e-01
-6.952578076866725576e-01
-8.653342779917493344e-01
-1.004263408835461391e+00
-1.151085944439399489e+00
-1.279858053336650814e+00
-1.344771320364788192e+00
-1.343520123435993918e+00
-1.344568714149221966e+00
-1.334213042695946871e+00
-1.260045157244063851e+00
-1.273062405268101438e+00
-1.271225993524593312e+00
-1.234923566573737919e+00
-1.109330873839908360e+00
-1.052114128109127966e+00
-9.796736695726119271e-01
-8.722697210904951648e-01
1.910930368261457013e-01
2.419623201012273128e-01
3.270354518739427840e-01
4.465887604138095712e-01
5.663680931704617727e-01
6.960911716523590087e-01
8.112499321903308136e-01
9.061718352143816047e-01
9.978036026803553948e-01
1.063284706136307767e+00
1.137404060966127783e+00
1.144721701758401489e+00
1.151171479227921290e+00
1.209037446195333043e+00
1.234400009234819517e+00
1.283400683862697456e+00
1.338316840612033376e+00
1.392958935198475023e+00
1.377145480595777238e+00
1.408855443470238056e+00
1.371155371862154748e+00
1.416732753463541883e+00
1.451487768315130378e+00
1.483010871745763737e+00
1.460213947695108150e+00
1.466343390623249920e+00
1.474349751799249875e+00
1.454566329568662830e+00
1.363745758289360177e+00
-6.482527485967413960e-02
-1.624129843441288745e-01
-2.328140780551404276e-01
-2.456541060555524902e-01
-2.409721026381257680e-01
-2.647271663561310273e-01
-2.910938677141109987e-01
-3.479553789323771018e-01
-4.155327295964697520e-01
-5.469810200200763139e-01
-5.588645602065241969e-01
-6.264780405870951085e-01
-6.604451519202757526e-01
-6.975538440916909666e-01
-7.708493842272429175e-01
-8.560074444394094595e-01
-8.869897252154833600e-01
-1.014854986967918427e+00
-1.183490577826848300e+00
-1.223352087374975694e+00
-1.222103469375904972e+00
-1.176239357228923366e+00
-1.151129544732370391e+00
-1.140444662415198263e+00
-1.155372618068703172e+00
-1.194595336060016999e+00
-1.198042292741330783e+00
-1.151946945687986279e+00
-1.067939411091552993e+00
8.082362410055447810e-02
1.743538578044412368e-01
2.809245602450930468e-01
3.733685177982868364e-01
5.025913109153389291e-01
6.244635913252846171e-01
7.231297785080400553e-01
7.874522693141469132e-01
8.733378904094468709e-01
9.264207341045944677e-01
9.960156309520832307e-01
1.010233772787403561e+00
1.050956249307717805e+00
1.023401619449736399e+00
1.031560870661822893e+00
1.041468178123141186e+00
1.080566338982475783e+00
1.105026533038400594e+00
1.166608714515524836e+00
1.211667455640486279e+00
1.243114498939665413e+00
1.275122437360896699e+00
1.315250870603824174e+00
1.330126777959297124e+00
1.305837443341878013e+00
1.287753502258963234e+00
1.260700220218389678e+00
1.245883111414852085e+00
1.214962010126186653e+00
-9.229718850603613189e-03
-2.583741771578539764e-02
-4.783348911638671264e-02
-6.048783296458921238e-02
-6.474437161217133641e-02
-8.476173258216315731e-02
-1.540269084411733380e-01
-2.489013933308617255e-01
-3.283492930089867423e-01
-3.841420850983177093e-01
-4.456533885393049732e-01
-5.244865642904207315e-01
-5.561349052873882925e-01
-5.961675679761483382e-01
-6.461098215675071810e-01
-7.351790694706469287e-01
-7.682496959210424192e-01
-7.932287636834320921e-01
-8.387028330976278312e-01
-8.302009792362112783e-01
-9.206399479467139990e-01
-1.074986058171972125e+00
-1.132194324668322372e+00
-1.162201912759932343e+00
