7.968126871055610308e-03
-7.247992135603192887e-02
-1.753292565588161211e-01
-3.657615598874409124e-01
-4.616714552293874618e-01
-5.606112025217526718e-01
-6.569239810945759483e-01
-6.753230224238875312e-01
-7.301024148375995226e-01
-8.673549321509652632e-01
-8.972035272403110495e-01
-1.117741641774831152e+00
-1.300987220888891516e+00
-1.416514081439175676e+00
-1.475119923215025608e+00
-1.477852094793444815e+00
-1.388175810591644854e+00
-1.375404150223778599e+00
-1.338953037723727757e+00
-1.347312228232337983e+00
-1.326351360749627561e+00
-1.298533957427233876e+00
-1.192036637798378429e+00
-1.099245085576751713e+00
-9.053415659278215566e-01
-6.769829137360126037e-01
-4.264083582525109994e-01
-2.697838992520119050e-01
1.015428798891253176e-01
1.504384803252584724e-01
2.448955211698914392e-01
3.288522015693214340e-01
4.664410942049800335e-01
5.598062474367980768e-01
6.209427368040494333e-01
6.612182800426276152e-01
6.793874070286469724e-01
6.790032268136692029e-01
7.125128838638501438e-01
7.481638310080760412e-01
8.024134016457736829e-01
8.428467572516918915e-01
8.425207924071105303e-01
8.287223763231074125e-01
7.736236287896999242e-01
7.056455120535015668e-01
6.252585411388229542e-01
5.694521177689306768e-01
5.165730321793123858e-01
5.134939647307674715e-01
5.140542076718374043e-01
4.968198479886300478e-01
4.682236959569455736e-01
4.078238859083839762e-01
3.481445864584471472e-01
3.923410730325604945e-02
-2.415302536313211901e-01
-2.203016863507477052e-01
-3.942040287422462486e-01
-5.408313259944518281e-01
-7.217322876845632118e-01
-8.815868235719687140e-01
-9.077138614092629121e-01
-1.009526090128166631e+00
-1.059003660250958934e+00
-1.086218694196900980e+00
-1.070600615397726552e+00
-1.034592420451916794e+00
-9.940732056627379354e-01
-9.755729468172922303e-01
-9.191726425220165808e-01
-8.226552831330457005e-01
-6.912450696185649113e-01
-6.014627265868345285e-01
-4.033406449622207735e-01
-1.631370556117292259e-01
1.192752420509429756e-02
6.588616872662964030e-02
1.635454526794709318e-01
2.714362723896943663e-01
3.758640659613979862e-01
4.610817552037284051e-01
5.183070093335611084e-01
5.623094360640229494e-01
6.669757037758423657e-01
6.971887007896792054e-01
3.654441371165739749e-02
6.699615068834885445e-02
1.022316227460214055e-01
9.621980873098574805e-02
1.078036514763385523e-01
1.131656196972328499e-01
1.387495232558643432e-01
1.776031570474975174e-01
2.292438025762480458e-01
2.502206103365752776e-01
3.008578165888649014e-01
2.752301997109187770e-01
3.149617591283346840e-01
3.909799355830229084e-01
4.155568434190845539e-01
4.029754270762595514e-01
3.412294830104794507e-01
3.407083964510101426e-01
3.073524127980982734e-01
3.321815697110092613e-01
3.242538215989894113e-01
3.266954486275921443e-01
2.701093509802480197e-01
2.735540500079481352e-01
2.619693280416949821e-01
2.514319911346877823e-01
2.278028887121797685e-01
3.055239359877921501e-01
1.896848089080369615e-01
-2.991764208390627067e-01
-6.150716674445159127e-01
-8.244875046230396576e-01
-9.349599986915019256e-01
-1.028272849417527945e+00
-1.053623821594120935e+00
-7.721663652765335950e-01
-6.805022356769359071e-01
-6.890937147500395543e-01
-5.230485812062789508e-01
-3.315694518987328809e-01
-3.754337910455098903e-01
-2.909171185684815142e-01
-1.943241906543562436e-01
-1.343487667838869914e-01
-1.284946646376941837e-01
-8.226193622764264857e-02
-7.446399167959705245e-02
-9.254645662451191357e-02
-7.258286060945935703e-02
2.351741555345043810e-02
6.688451259297964469e-02
1.068769335809384990e-01
8.816936672929981400e-02
9.303477460007489319e-02
4.392631554263801141e-02
2.570826303767502485e-02
1.579871694440536031e-02
7.112784109177630945e-03
-4.181139413408475197e-02
3.603786308418156781e-03
5.541849720425592180e-02
1.187050917164842734e-01
1.459979062278961015e-01
1.901311728027018921e-01
2.165964642564204290e-01
2.435575615338540501e-01
2.443318719382985560e-01
2.640191606535724489e-01
2.865651207461255567e-01
3.023114003191105792e-01
3.110745766059417883e-01
3.104774286025687169e-01
3.177019640886930008e-01
3.300450616672662152e-01
3.558345407031979213e-01
3.691487579723357615e-01
3.715111468956298624e-01
3.524490262556262410e-01
3.428621377567893647e-01
3.487379034302628411e-01
3.563983338244685051e-01
3.754595121687416825e-01
4.058355335053469570e-01
4.131879776283166050e-01
4.210005960879732445e-01
4.232836306274483373e-01
4.386818886239652882e-01
7.633332894925478826e-03
1.549454920026112001e-02
-7.417415797980230624e-03
2.355453605084583887e-02
3.582269646134807195e-02
8.252211289057165278e-02
1.112299889353381421e-01
1.566111160404721758e-01
1.707411013440911229e-01
2.043069066680350543e-01
2.081744812638053332e-01
2.461302525449259870e-01
2.697489734695783237e-01
3.287169614312239752e-01
3.315051773047604788e-01
3.331432771413795901e-01
3.156080924180531544e-01
3.365649139304020543e-01
2.239378129783299309e-01
2.157992891986506567e-01
1.698753548163758342e-01
1.257155106466248673e-01
8.566330831752216879e-02
8.648100413318188240e-02
3.479116269420871876e-02
1.774921995098687269e-02
2.802249926644857780e-02
-4.494248884802889976e-02
-1.092534664217194029e-01
-3.749528669635813355e-02
-2.696579826320484874e-01
-4.575319789032240569e-01
-5.243936815598134737e-01
-5.660399863428687839e-01
-5.987641688182991917e-01
-5.479335710193020681e-01
-5.645336538517408131e-01
-5.265644015037013181e-01
-5.025890612254175771e-01
-5.119969772420355225e-01
-3.585902272436438110e-01
-2.046509633261853756e-01
-7.590176050599717339e-02
3.123968486531243649e-02
1.949400883628780168e-01
2.572809322347354710e-01
2.754259220381460316e-01
3.235067684313531755e-01
4.079978769098277502e-01
4.653408340140701149e-01
5.531120941859214435e-01
6.085970040920402058e-01
6.569469548547557380e-01
6.859368403795641500e-01
7.264227076704524722e-01
7.228613711776733508e-01
7.417927520773662797e-01
7.571737792027500857e-01
5.264653397412474845e-02
9.563288682754603198e-02
1.310237894186101482e-01
1.500847845006334780e-01
1.413065918623616080e-01
1.033384536609977256e-01
1.013324142324659172e-01
8.923686403024901070e-02
1.194287092754786617e-01
1.368969246589743227e-01
1.643415955790262228e-01
1.672837966856943470e-01
1.663036447966976528e-01
1.586307797505127626e-01
1.498541434205379885e-01
1.133295380044019862e-01
8.623095350903557665e-02
6.142865885464195153e-02
6.110477597830495100e-02
-1.052457382034755334e-01
-3.455617263795965344e-01
-5.200420522135502654e-01
-6.799686530719780686e-01
-7.789034678367284803e-01
-7.957817338212267444e-01
-8.502021206884091686e-01
-9.050614162893206860e-01
-9.608581903376579580e-01
-1.001091519088655568e+00
-6.019020700122024864e-02
-8.711607468334020554e-02
-1.325348047714982602e-01
-1.577980912364786992e-01
-2.546197073858408322e-01
-2.019672353106904406e-01
-2.451374572848415423e-01
-1.816422485258992192e-01
-4.311311634883863153e-02
7.690958442801165695e-02
1.638207673976766476e-01
3.108385471988579507e-01
3.992139634648001478e-01
5.099007322589970137e-01
6.020242215927146257e-01
7.259314959432945358e-01
8.029641138227848751e-01
8.734229639296836600e-01
9.120766162982298919e-01
9.707801673072187221e-01
1.016085748637809871e+00
1.073334500893602161e+00
1.080805115910719039e+00
1.089067117823298680e+00
1.094686273339527949e+00
1.105212263933667671e+00
1.119317933762141060e+00
1.127442021515598025e+00
1.134568967227351122e+00
-1.570227702623594804e-02
-2.234333753477573542e-02
-5.148518871490557341e-02
-5.813090040886115945e-02
-6.972863700571155232e-02
-5.002454788754726045e-02
-7.835342040669410202e-02
-8.711483076047100982e-02
-8.266955678997491008e-02
-2.422928966985879451e-01
-3.335565924602914567e-01
-4.397034075817559673e-01
-5.448868634373051911e-01
-6.420327680545907523e-01
-7.245959324056320261e-01
-8.563815229646161153e-01
-1.060600495864537196e+00
-1.190772064418130993e+00
-1.417504590153111144e+00
-1.591586860294601946e+00
-1.616137248236060087e+00
-1.638697546597891908e+00
-1.587991630614449479e+00
-1.467916668205650588e+00
-1.437343544040571075e+00
-1.343491973163844611e+00
-1.295709198460629263e+00
-1.303788209734612957e+00
-1.264066341962726048e+00
1.794517422043269070e-02
1.476904390572065379e-02
2.055141640903543690e-02
1.276766246787704728e-01
2.075585484824031268e-01
4.095779481631166563e-01
5.996112579401453591e-01
8.144652732033763609e-01
9.278821859528275651e-01
1.085965455609509300e+00
1.157005949923349597e+00
1.260194988515858983e+00
1.301696605761738068e+00
1.355533253821712858e+00
1.346562056516911410e+00
1.336008353368280721e+00
1.276858960890072892e+00
1.276539477520969079e+00
1.268431463662358150e+00
1.242398828649413423e+00
1.237624013426639413e+00
1.306787264264152926e+00
1.369448433575215507e+00
1.482746929864459107e+00
1.564287138166722269e+00
1.602703773457880398e+00
1.594772799322637713e+00
1.594442236552237047e+00
1.581830429981313069e+00
2.026284684454350560e-02
5.840955688902934456e-02
1.172706740262550174e-01
1.315039483799024522e-01
1.473028938605459859e-01
1.248404494796293701e-01
9.089465297394808130e-02
-3.038444579869016560e-02
-1.024961518266285787e-01
-2.129096175423643988e-01
-3.162438701097329830e-01
-3.747771923047715781e-01
-4.374890913865335795e-01
-5.663970222208924987e-01
-6.317757099114102992e-01
-7.123846183452808845e-01
-8.157961260410832027e-01
-8.854187828980539798e-01
-9.761604785780911842e-01
-1.048322666152547322e+00
-1.189589655963942505e+00
-1.362199280052253769e+00
-1.402430320501124150e+00
-1.416526704403787251e+00
-1.381078327695044017e+00
-1.348184109736446645e+00
-1.326794167080218356e+00
-1.268968207445910323e+00
-1.241668784563545236e+00
1.148506154805142565e-01
2.060978809253020128e-01
3.460401151111374141e-01
4.341954458854817567e-01
5.790579935655203458e-01
6.571299179234266763e-01
7.982145269810312360e-01
9.002125159795257847e-01
1.058937933871606507e+00
1.135733429230863178e+00
1.194137026545193159e+00
1.212422910976536983e+00
1.250620126041284585e+00
1.293545321320898278e+00
1.338611210515529670e+00
1.355959373148073910e+00
1.384982485029189858e+00
1.392900053101913116e+00
1.399407282465554792e+00
1.398061685475642690e+00
1.373810686226291988e+00
1.341108350445236130e+00
1.304861923151628300e+00
1.263617610265943547e+00
1.219483263935572825e+00
1.201448430782834143e+00
1.161919106419499803e+00
1.142072341060620611e+00
1.094294763594476416e+00
-1.634935305363253988e-02
-6.133223897115241616e-03
6.422790285590699796e-04
-2.172396815345264270e-02
-4.734494264507199679e-03
-4.395176426368811035e-02
-8.050273422972371862e-02
-2.919722412795733857e-01
-4.998034842813607326e-01
-6.950236255498236648e-01
-8.257008722038063908e-01
-8.714345842233511830e-01
-8.763511273805393298e-01
-8.816862382337897763e-01
-8.510738947632207063e-01
-7.992624935872134628e-01
-7.185103145324015506e-01
-6.772252907279936451e-01
-6.422472865036942258e-01
-5.867928297669233739e-01
-5.632106446498187369e-01
-5.393796815430000891e-01
-4.369528921261110477e-01
-2.478338414268628498e-01
-1.104610924701042995e-01
6.585374282889605579e-03
1.372396545042106064e-01
2.239862991888814658e-01
3.144836902707910942e-01
4.532864648747596259e-02
8.675802586643090175e-02
1.330344973387769802e-01
1.696679513393534178e-01
2.010580726918683447e-01
2.269356164598589076e-01
1.990784287668305730e-01
1.743703551648798089e-01
1.538891159101936912e-01
1.428926779784443490e-01
8.264087748423705471e-02
4.500011697401006677e-02
-3.305479808665331282e-02
-9.775353470042827397e-02
-1.230570233472439712e-01
-3.463751869132998817e-01
-5.668250162182918439e-01
-7.039181546700867820e-01
-8.089253305395420757e-01
-8.690940880117107303e-01
-8.694512722658631620e-01
-8.468350136969470254e-01
-8.470285417086466095e-01
-8.106675150683930742e-01
-8.183265862153803472e-01
-7.987556228630170452e-01
-7.949993346118466864e-01
-6.872515020496965388e-01
-5.488982795961279137e-01
1.592427933563450304e-01
3.206216726134133443e-01
4.920757574982654314e-01
6.349256206149294091e-01
7.382365139720390435e-01
7.775034030102525584e-01
8.256792790745297594e-01
8.166237803172837761e-01
8.214910511535136184e-01
8.159587498735221267e-01
8.264497610760994650e-01
8.409919278488670047e-01
8.348525714312586832e-01
8.317435148011235180e-01
8.305761111745189051e-01
7.774142766280652816e-01
7.717673905368869214e-01
6.944611472091211102e-01
5.634406541983789651e-01
4.774828738883523105e-01
5.279538431432029277e-01
5.492930588854629814e-01
4.725220485829433881e-01
4.561065678460899386e-01
2.768694954891661730e-01
1.135252809811616581e-01
-6.935537864275329034e-02
-2.522714555818402760e-01
-3.851345565668599091e-01
-6.899023951619778772e-02
-8.210190403631001388e-02
1.908560656411617540e-02
8.710305555201383609e-02
1.667425088345571016e-01
2.802230430342895762e-01
3.863652769519718144e-01
4.300958819389895105e-01
5.487073043008924289e-01
6.634534283908546382e-01
8.046078337004134440e-01
9.158870501192396540e-01
1.042971506911540613e+00
1.118366056000593689e+00
1.190010528734584128e+00
1.263915279014139248e+00
1.306997927448180885e+00
1.341829301576077382e+00
1.341255004426452180e+00
1.369137085177341895e+00
1.368672979577903792e+00
1.377050378453219981e+00
1.356911576442305201e+00
1.340378022527990654e+00
1.192795100883465853e+00
1.054948316491798987e+00
8.611327359701619333e-01
6.743936551004425795e-01
6.206506783260915538e-01
-1.947811021588081309e-02
-7.024299073095910395e-02
-1.592291663061389806e-01
-2.073027497101877781e-01
-2.554084672813095036e-01
-2.633609328645160064e-01
-2.481421660178201594e-01
-1.897468629494616643e-01
-1.483499075473453666e-01
-6.281817403363394725e-02
9.765463708464165726e-02
2.793449917355396717e-01
3.905154400335476561e-01
5.023172106589658403e-01
5.617052646558138296e-01
6.243303151520843697e-01
6.952285186573061715e-01
7.358894967604974191e-01
7.946311343972396468e-01
8.316139127573403123e-01
8.476617279906613067e-01
8.135631353767351914e-01
8.153576579063412932e-01
7.751099172071703736e-01
7.510289850321933969e-01
7.208984819110223485e-01
7.836864076678478064e-01
7.430501795755432015e-01
6.879810346089841877e-01
-8.052893150891558827e-02
-1.492188373488910758e-01
-2.149084314671755591e-01
-3.943532053546930927e-01
-5.325469215347418128e-01
-5.757901714588936626e-01
-5.574785325934935587e-01
-4.991734523378664190e-01
-4.593190745492216620e-01
-4.349651807459599118e-01
-4.152051640513896857e-01
-4.200998929663778414e-01
-4.357107640308794383e-01
-4.294383005840451406e-01
-4.042520258598614191e-01
-2.995853187405675966e-01
-1.747728196403059153e-01
-4.667850688178590279e-02
4.478930893438071159e-02
1.266108712714766882e-01
2.022702947822146435e-01
2.514598504935336432e-01
2.952999130413540563e-01
3.122340096999987047e-01
3.201126457041826856e-01
3.172975763268739424e-01
3.340016258477581101e-01
3.084462237902452220e-01
2.999465370441061207e-01
-2.629901176172207145e-02
-4.802271360913303033e-02
-1.057758742910099026e-01
-1.525140487313016158e-01
-2.848019184940937532e-01
-3.405409831235607365e-01
-4.693295762130387239e-01
-6.736750447026795818e-01
-8.854138077573863175e-01
-1.075262879762461488e+00
-1.205068841007694624e+00
-1.224902968300939587e+00
-1.223400249485925073e+00
-1.176435552824328434e+00
-1.135681688492386154e+00
-1.107779444543579128e+00
-1.067943559684886079e+00
-1.062637272932061006e+00
-1.050539375503612982e+00
-1.026312907955045928e+00
-9.417921526742970562e-01
-8.262355106465746335e-01
-6.470684382103113474e-01
-5.361715759863112662e-01
-4.624757347485590753e-01
-4.103996554937917596e-01
-3.453484490115011352e-01
-3.013930045251684842e-01
-2.735138709828804360e-01
3.068845042325451383e-02
7.335844614213633819e-02
1.012748102145038243e-01
1.404181648590462350e-01
1.422646987377499672e-01
1.512145089790271346e-01
1.283405031945528407e-01
1.180573195260118252e-01
6.691454276593036821e-02
3.288551570126668766e-03
-1.474718783915746900e-01
-3.072815791293402321e-01
-5.105784982019067053e-01
-7.642986637895318180e-01
-9.878512761217099758e-01
-1.114986827497258082e+00
-1.125289525203791552e+00
-1.116665934235601121e+00
-1.116936962411919865e+00
-1.089155076426737256e+00
-1.054121709168114762e+00
-1.031465058519433819e+00
-9.971800478790744382e-01
-9.411316158462924575e-01
-8.700097899251815203e-01
-7.285564083554662007e-01
-5.539239214909351672e-01
-3.886617989791266714e-01
-2.727597291856782569e-01
1.009904642235583128e-01
1.686807008237962147e-01
2.373763475630428776e-01
2.719689516216866054e-01
3.213627871923974699e-01
3.510517188196832228e-01
3.664235432593240249e-01
3.621732438965677425e-01
3.868679101536326992e-01
3.810261942082076581e-01
4.604601959759099805e-01
4.582765466582286451e-01
4.742774171375995218e-01
4.350161263978911674e-01
3.881334476642589459e-01
2.868585761186254746e-01
2.810865972074225172e-01
2.492786887994823952e-01
1.854166556069007654e-01
6.697323024401997948e-02
-1.513542569358675149e-01
-4.046961668044916638e-01
-5.254428203330447911e-01
-5.979103581215038377e-01
-6.400797775057658345e-01
-6.926176297988853037e-01
-6.527710985280942291e-01
-6.275322571321075849e-01
-5.511779440047023249e-01
4.103600915495957124e-02
2.270446764833257136e-01
2.402384900492359476e-01
2.949144480423876447e-01
3.825972788022907189e-01
4.558424691074241530e-01
4.742764032200328383e-01
6.071070206878089737e-01
7.009827110443074272e-01
7.548366953407651403e-01
8.237503393452828560e-01
9.179555752069996633e-01
9.650954293818054808e-01
1.019645469712282759e+00
1.048249513362238261e+00
1.092549550189450436e+00
1.107277780566118919e+00
1.109771144807770282e+00
1.006615043595350478e+00
8.762232520361086241e-01
6.717489234577800339e-01
5.016809324355434585e-01
3.897742834241569310e-01
3.419594640172725075e-01
3.086233399171288694e-01
3.090230147485864554e-01
2.758177639837818829e-01
2.697069275259358911e-01
2.659695056909897048e-01
4.158462978220858058e-02
7.763387652544138928e-02
1.047325778182092160e-01
1.254367293313070064e-01
1.651912706784919027e-01
1.831570620092380086e-01
2.130553620595630748e-01
3.123893711099186565e-01
4.401227264065851186e-01
5.635851374635270084e-01
6.841450701412248314e-01
7.741975472721980278e-01
8.575931245195657082e-01
9.247201659205338542e-01
9.849539720412524568e-01
1.017825633211743019e+00
1.046024243496057604e+00
1.044520800865837984e+00
1.073489233478629012e+00
1.087187564605779588e+00
1.123692412710534549e+00
1.127950792019084547e+00
1.182792294734629435e+00
1.204353058704285218e+00
1.250127951657097336e+00
1.219095242165149973e+00
1.181576130299689886e+00
1.048865273830055900e+00
9.600043782627103450e-01
-1.243537800726173953e-01
-2.492296660252198703e-01
-3.634189496272092201e-01
-4.047716403975233912e-01
-4.767016773359195603e-01
-4.493881880887469760e-01
-5.192768594199254073e-01
-6.098064602540830270e-01
-6.775653237465502077e-01
-7.807391503708600577e-01
-1.067970150158553677e+00
-1.198920291255887172e+00
-1.353576355159044287e+00
-1.427130511271962998e+00
-1.563393260948627850e+00
-1.573351911840922490e+00
-1.669304771394090503e+00
-1.693447467900076164e+00
-1.660239777965273777e+00
-1.684301950631586609e+00
-1.627556112376908670e+00
-1.496015463530089962e+00
-1.430410480337021673e+00
-1.249052474503935306e+00
-9.826153101272230295e-01
-7.225565296524949499e-01
-4.984916692656805037e-01
-3.165084864464897119e-01
-1.560305266010482972e-01
1.049537208771364055e-01
1.879631025153865598e-01
2.903309130653196068e-01
3.588893602210820877e-01
4.657357355273178956e-01
5.103383430606536209e-01
5.919567149913874671e-01
5.742313439263735386e-01
6.020995440380714214e-01
6.142851550735191068e-01
6.238131971321219105e-01
6.206962292171416262e-01
6.353115374692904771e-01
6.142880271553489147e-01
6.091081208454289797e-01
5.650266354634081445e-01
5.665159572679043798e-01
5.617552701390646774e-01
5.318883092090378462e-01
2.814117940546612684e-01
2.710024515196990391e-02
-1.557786979624067869e-01
-3.918876766526370181e-01
-4.765198745757122656e-01
-5.229823796492472088e-01
-5.916683926887353895e-01
-6.975220771773879003e-01
-6.934028289155216296e-01
-7.256249973902413331e-01
1.500128511047102257e-02
4.930354713387419263e-02
6.217622774577045291e-02
6.907482794076924559e-02
2.201071215884383703e-01
3.899544277759795508e-01
5.318662495567079151e-01
6.805143402369655536e-01
7.657113656823564263e-01
8.497251950945791110e-01
9.284037255339009365e-01
9.943301346238011540e-01
1.097906347135397143e+00
1.170174738400397318e+00
1.214572680896757184e+00
1.254424584063725590e+00
1.260080513610270403e+00
1.254429061949875468e+00
1.225025384472549828e+00
1.239616655092155684e+00
1.236252099627345613e+00
1.240246739540001863e+00
1.244329525948849380e+00
1.232069360031452065e+00
1.208184716530404268e+00
1.190876735066802361e+00
1.047228719872005165e+00
8.483846256938998298e-01
7.209798661324703373e-01
-1.657957774464796363e-01
-3.649060845925476415e-01
-4.295133731470515137e-01
-4.443299253930905190e-01
-4.350374758780652940e-01
-4.411511280672444912e-01
-4.293154933898875036e-01
-4.424363465476732205e-01
-4.232666649100430556e-01
-3.846784112517204202e-01
-2.344591575636102709e-01
-7.900027235993148378e-02
1.021988602617701081e-01
2.244109426172402888e-01
3.112211066582112884e-01
3.740473653652616193e-01
4.289732626598689036e-01
4.876068723949528727e-01
5.015043439182654827e-01
5.951792362291395966e-01
6.661532749083710625e-01
7.943746643106908145e-01
8.990335484113259890e-01
9.769845125738114699e-01
1.011573986161998784e+00
1.050542909498979105e+00
1.059258159918890829e+00
1.137292279057587896e+00
1.142711318015113164e+00
6.872165593634069376e-03
-9.472538856859030743e-03
-3.873935151658852716e-02
-9.709887863198242430e-02
-1.158621917180573391e-01
-1.258961794364174547e-01
-1.582253254595041014e-01
-2.470096341213990909e-01
-3.482259274894345946e-01
-5.007971314355873504e-01
-7.617715972576930561e-01
-9.809096620601582828e-01
-1.229108297337019096e+00
-1.394264884775317626e+00
-1.552081690853643448e+00
-1.608161351355947177e+00
-1.651016981166928854e+00
-1.625865530448680207e+00
-1.605029271118327161e+00
-1.542606613602853116e+00
-1.495895850894936929e+00
-1.314469904683294166e+00
-1.107348707855748904e+00
-9.184822972470167990e-01
-7.833493866597149857e-01
-6.724686630040016544e-01
-6.332701239235527524e-01
-5.767431686103270394e-01
-5.526039336113625078e-01
6.793804236818985764e-02
8.656099930281625776e-02
1.421886033057876420e-01
1.256377641396258515e-01
1.203522330258724876e-01
1.039381066260886832e-01
7.646213602332699311e-02
2.234857891624447701e-03
-9.071596789733155086e-02
-2.076408154026518904e-01
-2.792507396723441504e-01
-4.121900810241153623e-01
-7.034004403666880290e-01
-9.980086070518393582e-01
-1.227883493146499694e+00
-1.313211549343467954e+00
-1.322862131733938629e+00
-1.278568866616025312e+00
-1.120159962812828258e+00
-8.903761620107327746e-01
-7.336051814780343294e-01
-6.246072841183516466e-01
-5.384582681941432192e-01
-4.474725782155393738e-01
-3.487597640687278844e-01
-2.649145958214577101e-01
-1.484649729489131154e-01
-4.563918655938634106e-02
3.271942510790339098e-02
2.906064884717751359e-02
3.726922342219175788e-02
5.378248368798087264e-02
6.341203749668759826e-02
5.725686813625232435e-02
1.029218943822995114e-01
1.541989074895008249e-01
2.068051503681681003e-01
2.357463457766282300e-01
2.650786924655806898e-01
2.551123443447640415e-01
2.420866217943523080e-01
2.157355837704710844e-01
1.869061252342600343e-01
1.165472639689174583e-01
5.762684963211004568e-02
-5.159609684477730468e-02
-8.655493160382946027e-02
-3.356704716059530913e-01
-6.414758913040281563e-01
-7.782374144166529506e-01
-8.802437606297555117e-01
-9.574278475713787762e-01
-1.034174445934470388e+00
-1.046440170627828570e+00
-1.041733123365903957e+00
-1.019059508622637722e+00
-9.667742992417526215e-01
-9.186781536477962584e-01
8.213248175080710423e-02
2.534544808995354281e-01
4.510524217005210112e-01
6.123570719315551969e-01
7.552154328928273319e-01
8.911931339242501471e-01
1.009373876755286448e+00
1.060483467865512175e+00
1.084026479554955902e+00
1.107684867326994338e+00
1.126512962238485072e+00
1.146066775149370054e+00
1.173200842045946546e+00
1.269045726955831510e+00
1.328740042224500151e+00
1.421765956289592348e+00
1.404303799471136704e+00
1.428189961738914882e+00
1.319304712419761660e+00
1.176263064083743926e+00
1.095132489051135805e+00
9.680386022868630036e-01
6.594163934183385756e-01
5.825154754235033483e-01
4.808787373080507521e-01
2.792889441571972942e-01
1.692627703945932538e-01
1.215211010177683765e-01
9.319780776464506311e-02
1.028528748211265421e-02
8.649439274267475136e-03
1.931539610887322844e-02
3.808400990345683912e-02
1.095883650608133614e-01
1.313115597594116113e-01
3.133364772292201450e-01
5.144635531102020876e-01
6.273913297049135140e-01
7.185438144015507955e-01
8.488144081434190191e-01
9.383090986961557523e-01
1.042550552122700758e+00
1.092434423453847447e+00
1.159869819355339393e+00
1.190097104065311662e+00
1.244702112690355245e+00
1.276126261547491980e+00
1.305991450409648147e+00
1.279224931053666969e+00
1.311318223102614589e+00
1.293888546839450759e+00
1.318746122598318138e+00
1.285700265192620373e+00
1.292202753562008866e+00
1.169239169602782846e+00
1.056494717880520628e+00
7.976386105230368617e-01
6.166065475588812239e-01
-1.891654273264939679e-01
-3.885733654473496612e-01
-5.096386534488477338e-01
-5.584481059182010432e-01
-6.105424931442158254e-01
-5.230353742088362790e-01
-5.087125254744583325e-01
-4.769187041250432246e-01
-4.466838708095524635e-01
-4.057626831722892513e-01
-3.852084766848860586e-01
-3.547595402282975874e-01
-3.458216570928773770e-01
-3.361806310835903089e-01
-3.504509872833639350e-01
-2.629180887370374253e-01
-9.371489653807393849e-02
5.813327719087810208e-02
1.564481940637432733e-01
2.507315418234484783e-01
3.010622623943524645e-01
3.417498588687870043e-01
3.820293291290955962e-01
4.170733266078773260e-01
4.655302611689399739e-01
4.696218239674338490e-01
4.697454248066522120e-01
4.871508477012376770e-01
4.960650557351948819e-01
3.642911650140758656e-02
3.066799184378615414e-02
3.871894081169245661e-02
1.015851450727394550e-02
-1.976855447897857623e-02
-4.650206683843191580e-02
-7.235882646939850726e-02
-1.260877213617515036e-01
-1.528094669282954454e-01
-2.100644939044344905e-01
-2.623058422596855621e-01
-3.586772754239880845e-01
-3.415174605025916299e-01
-5.661602809045963580e-01
-7.701298098341846643e-01
-9.064646873718473774e-01
-1.047222599937982279e+00
-1.172514952604542637e+00
-1.153922221185022634e+00
-1.135735612009964646e+00
-1.090834055194808805e+00
-1.102583147764759186e+00
-1.018025287331568718e+00
-9.050496802814972375e-01
-7.162176289457897749e-01
-5.147411806400415957e-01
-2.965355821270346803e-01
-1.605916329957989830e-01
-2.965797696442951104e-02
1.083711907857177470e-01
2.226493630748541119e-01
2.533918884447403097e-01
3.257823353151453327e-01
3.256122921421576999e-01
3.317752980674975039e-01
3.271302388549117701e-01
3.193215825380923412e-01
3.342360390514971802e-01
3.130307832501182941e-01
2.417739518662866405e-01
1.707876406022444948e-01
1.086433660596530099e-01
3.661748616041982096e-02
3.564922155286956440e-02
-4.126437130375255891e-03
-3.429617319258319863e-02
-1.048640236387797658e-01
-1.941005949538515685e-01
-3.993183585351056664e-01
-6.431959826282702686e-01
-7.487403785862180028e-01
-7.610017388127697791e-01
-8.006526300946934516e-01
-7.924117399371350956e-01
-7.886142540159108982e-01
-7.257324322825495777e-01
-6.785791426412771665e-01
-6.531882186890675124e-01
-2.606200896992677540e-02
-2.773439447264243116e-02
-1.357268421129555203e-02
-2.676684926051503544e-02
8.021180530553929933e-03
1.257119625601766655e-01
3.002139967258297126e-01
4.362706072089245213e-01
5.380337017520104848e-01
6.309136043260368254e-01
6.930596365023707905e-01
7.394916515867917539e-01
7.531939132704210671e-01
7.563994661324042745e-01
7.593917272253711825e-01
7.456109713695725505e-01
7.906814664681220961e-01
8.267686535647997825e-01
8.341854082934171410e-01
7.714611012467423867e-01
6.998712118519243575e-01
6.803294723638163566e-01
6.429800988012449592e-01
5.843696056582166065e-01
5.445830539511045121e-01
5.170745405831962405e-01
4.551965191715418024e-01
4.245802726973655350e-01
3.227320021150644758e-01
-6.941099776868552007e-02
-1.462757659114843345e-01
-1.734545043869439862e-01
-2.224435800473255342e-01
-2.440633487208563324e-01
-3.260074362496976907e-01
-3.449038531136815466e-01
-3.551042375378097860e-01
-3.607418136400744046e-01
-3.896449527768534038e-01
-3.973491820777312888e-01
-3.941599446895983072e-01
-4.056760160714220631e-01
-3.943771200524288645e-01
-3.765679823000713244e-01
-3.788737819281864372e-01
-3.764701402609055836e-01
-3.539080275382744389e-01
-3.372054764799838344e-01
-2.846992632791764399e-01
-2.308742274733514843e-01
-1.120090151252318839e-01
2.949652175997698189e-02
1.444795076513826215e-01
2.181089831682285762e-01
2.841290637319248136e-01
3.159790769327900373e-01
3.405253822214386328e-01
3.602450723052083026e-01
3.260712144226606685e-02
5.557985482526580506e-02
7.002611021177113093e-02
8.394640938817726772e-02
9.198023845102476503e-02
7.604476672971344220e-02
6.014900608730909537e-02
3.470979412586192026e-02
2.485571877034841587e-02
-4.086038304293907603e-02
-8.322705154346508871e-02
-1.416200281178526810e-01
-1.774510486760902117e-01
-1.833372831893783084e-01
-1.961033611776928642e-01
-1.763153027543412910e-01
-1.829687551183523941e-01
-2.006283655838045910e-01
-2.619953902450652961e-01
-3.270915802818257778e-01
-4.224960708986799096e-01
-4.707761252673758334e-01
-6.566742256400770472e-01
-8.044511946688810422e-01
-8.745402360697557276e-01
-9.834362806786841604e-01
-1.125736568989467168e+00
-1.285936816716747311e+00
-1.274610275607322540e+00
-2.137029778031915989e-02
1.960739799780327614e-02
1.822318651814586743e-01
2.271985758812758438e-01
2.620640029421937856e-01
2.948485966058188579e-01
3.391030482866234097e-01
3.488394904295520904e-01
4.170107820466244508e-01
4.472874370598335925e-01
4.642444927485996353e-01
5.063307073905342071e-01
5.658838725435250128e-01
6.644658641859381154e-01
8.463587326951423906e-01
1.015332493345111331e+00
1.123904412980980982e+00
1.184003782157575513e+00
1.262331427869443079e+00
1.311263185477087534e+00
1.363270455031113437e+00
1.384957664808753153e+00
1.410232119003318907e+00
1.391289444303881240e+00
1.393683397578341365e+00
1.386068570414956014e+00
1.373013457747734645e+00
1.335355468873105522e+00
1.351610019924438078e+00
-2.399909617851070029e-02
-1.045120350250018093e-01
-1.392863695588340001e-01
-1.560322765268116196e-01
-1.636304449393750360e-01
-1.993340219967197069e-01
-2.131372402488443951e-01
-2.858625886711249620e-01
-2.918255752107990486e-01
-3.227174406546238217e-01
-3.291425631804292817e-01
-4.049883069358707344e-01
-5.078202203439642348e-01
-8.931841510086975244e-01
-1.147246571312718899e+00
-1.241292370415628676e+00
-1.329969981826215397e+00
-1.336522437075231329e+00
-1.290309696837413256e+00
-1.268969873650123814e+00
-1.262916145550261104e+00
-1.251862816355064689e+00
-1.241591323488871579e+00
-1.244451399177899598e+00
-1.225331040051066411e+00
-1.211969009309165513e+00
-1.183533370190302803e+00
-1.129227297921338691e+00
-9.117819090269341231e-01
5.917315077621288638e-02
1.658185646046198281e-01
2.993408961778615263e-01
4.524220119949428076e-01
5.331072950642953279e-01
6.241110816605421885e-01
6.923474858429525813e-01
8.010936308323931554e-01
8.428057876770910228e-01
8.950548345588343890e-01
9.288329222518416639e-01
9.554103455421472102e-01
9.841326035737267830e-01
1.021224184531716261e+00
1.015340927283843397e+00
1.002088976663432662e+00
9.939316308551794377e-01
9.818380368996124652e-01
9.609551621067288218e-01
9.454745125106084336e-01
9.852650600903949396e-01
9.928794250059987947e-01
1.008671937758278681e+00
1.074412027391477675e+00
1.188312730743277035e+00
1.297928275266393872e+00
1.330453719454990136e+00
1.344021030510838211e+00
1.280075235372798881e+00
-2.266395906716897890e-01
-4.939591280679490604e-01
-6.619612477759092561e-01
-8.122988234317014555e-01
-8.877934791560710970e-01
-1.067264491346993305e+00
-1.036449354383941035e+00
-1.114718493322097714e+00
-1.043451248824998068e+00
-1.042516490298568854e+00
-9.758282091238730249e-01
-9.594733570577558268e-01
-8.890554162484692879e-01
-8.403570597592642244e-01
-7.058008850349105634e-01
-7.399607448964099499e-01
-6.952296578844376906e-01
-7.196884488868067198e-01
-6.131118395804910914e-01
-5.527598136616140856e-01
-3.355034024210057364e-01
-2.084555647783047083e-01
-5.710999548009401683e-02
-1.279542253461235513e-02
9.284271448809713889e-02
8.792773622892886831e-02
1.908328415834897318e-01
2.452541655215269012e-01
3.389517186880288135e-01
4.296352103515230052e-03
3.370594491405018434e-02
1.742802415604798039e-02
5.139271352631759326e-02
3.952507773366230326e-02
5.226495180294239706e-02
5.508453595026621685e-03
-1.251938117136513345e-02
-8.769706396197082809e-02
-9.183661791519009965e-02
-1.595710295527656974e-01
-2.088200765263545367e-01
-2.193637090542597534e-01
-2.347490358694520607e-01
-2.796207466606042136e-01
-3.088006135924158402e-01
-3.211980176331881709e-01
-4.106971656340973609e-01
-6.786944988795711176e-01
-8.487848604175731726e-01
-9.400312991799221196e-01
-1.029363926051177547e+00
-1.041112297584504631e+00
-1.034528970585654628e+00
-1.043439203369281421e+00
-1.024650193222114147e+00
-9.957418747380589741e-01
-1.007035117431186899e+00
-1.034762440784876780e+00
-2.342330886120353589e-02
-7.686996221176137928e-03
-3.265941654894652380e-02
-1.936004263758400040e-02
-3.120628681025525500e-02
1.418417896576254847e-02
-1.010364592744390083e-02
4.265016236047016601e-02
1.084869896672181755e-01
2.432812486031490362e-01
3.050580915642862045e-01
4.018806229137862340e-01
4.287844987425644128e-01
5.332000885531323897e-01
5.601285478123293471e-01
6.327303943307230893e-01
6.472716109800096262e-01
7.148667208613564972e-01
7.231076312665467576e-01
7.465563962394867747e-01
7.317210310518000860e-01
7.389083012770532033e-01
7.157261039236785249e-01
7.227827518558940234e-01
7.005779644660250494e-01
6.592981953543254336e-01
6.013016864934567218e-01
5.988353065610065862e-01
5.763406688368818420e-01
-1.238137637157014394e-02
-4.369844624741395928e-02
-6.958838505368394878e-02
-1.347632696247914041e-01
-1.775371422416201495e-01
-2.536865178709115654e-01
-2.469394959225889585e-01
-2.494680429143730782e-01
-2.022194481638424357e-01
-2.068526373670616370e-01
-2.065965710537992217e-01
-3.347265857846523085e-01
-3.980287143163358521e-01
-5.520613858830480947e-01
-6.100272693224384479e-01
-8.133855348144810593e-01
-8.887695246264118998e-01
-9.874485068046452430e-01
-1.016695445049991653e+00
-1.116857678490920547e+00
-1.097817822664733711e+00
-1.102500099063517647e+00
-1.078631297305893799e+00
-1.074609874481936123e+00
-1.005724660791075253e+00
-9.693191450585489921e-01
-9.045764399057139027e-01
-8.728689481661650040e-01
-7.535213492351182651e-01
1.750914421357964157e-01
3.019874056304506782e-01
4.505516138687397087e-01
6.174750870799373681e-01
6.958792368956601138e-01
7.194376479413504555e-01
7.487504831598412736e-01
7.419369318376147771e-01
7.319372142701202621e-01
7.490091432601037047e-01
7.930346770940394086e-01
8.444787837184031254e-01
8.956464326536932585e-01
9.163152562356855491e-01
9.214505538896501369e-01
8.826211370719267979e-01
8.130422881366343724e-01
7.177994885005822834e-01
6.862926793959518434e-01
6.141834910323987762e-01
6.150799845011142297e-01
5.483629623112969975e-01
4.522805073499261419e-01
4.393815327242348578e-01
4.450490609218089033e-01
3.700119274095475808e-01
2.637745119874150834e-01
1.704563639529060315e-01
1.217016642466184490e-01
-5.691225508335610167e-02
-1.333014474013299866e-01
-1.873299100476509826e-01
-1.892773136144852153e-01
-1.613370005127578999e-01
-1.674013208252617124e-01
-1.539600287717860227e-01
-1.348839969021878027e-01
-1.361501300574625706e-01
-1.440633419929188419e-01
-1.634020368552542568e-01
-1.645713868160944560e-01
-1.512045745303175759e-01
-1.344547734648808279e-01
-5.443717393779121116e-02
1.120552190993642228e-01
3.012535844416492914e-01
4.541832035706910298e-01
5.429318751241239971e-01
6.003136290493169547e-01
6.501431358528839688e-01
6.582353277769628086e-01
6.529155238803989736e-01
6.179695472755598606e-01
5.883655719645042304e-01
5.597369449103518635e-01
5.643619722080482903e-01
5.665672392750905617e-01
5.442795890510248036e-01
-4.409455641024587202e-02
-8.803595724860616145e-02
-1.296812677068591158e-01
-1.453513914200242341e-01
-1.604378581649238134e-01
-1.761061670693907233e-01
-1.837007560170274278e-01
-1.789447445967278505e-01
-2.238811700025837570e-01
-3.270171293996624318e-01
-3.688325098238498523e-01
-4.257371844988083187e-01
-5.264557169460247765e-01
-6.284709350308976816e-01
-8.221413037972093996e-01
-1.059169672825374331e+00
-1.232017438171161716e+00
-1.353902070052558138e+00
-1.441784975374190925e+00
-1.422980757125101636e+00
-1.413567590234502847e+00
-1.360751037845800981e+00
-1.320926359975874265e+00
-1.265109758143359908e+00
-1.221857944077743729e+00
-1.182907967560454798e+00
-1.188601724473202115e+00
-1.173078261616645968e+00
-1.147589231455750758e+00
1.341653538805050172e-02
5.071960798373876048e-03
1.743730915760893507e-01
3.270639973228939290e-01
