-9.373063751146237799e-02
-1.298881200898102661e-01
-1.615914059555766114e-01
-2.389877205783876302e-01
-3.652741839595187723e-01
-4.998622895939603961e-01
-6.318284911241895951e-01
-7.540808179931590693e-01
-8.123570408739281268e-01
-8.423971698294568933e-01
-9.016542731677332778e-01
-8.914845455620936665e-01
-9.144780211456582375e-01
-1.040536215071288018e+00
-1.136042679014067192e+00
-1.220173306151743686e+00
-1.309901833277150374e+00
-1.368691633399778285e+00
-1.361289778581826315e+00
-1.375791028621614842e+00
-1.383041631195670584e+00
-1.315167008275829552e+00
-1.297001008616257556e+00
-1.319583717704089443e+00
-1.311284588720228905e+00
-1.267602588945741848e+00
-1.316957535819919034e+00
-1.330315946926943438e+00
-1.322564906418262298e+00
-6.401892873548475048e-03
2.947976753058746159e-03
7.118001400316144485e-03
-4.746195912758655044e-02
-6.989953220606905104e-02
-1.081651944215809846e-02
-3.096072664711885941e-02
-1.526967697315680106e-01
-2.135213388493502062e-01
-2.827391876555507833e-01
-2.947930115694641917e-01
-2.581060704060613720e-01
-2.405999576250615613e-01
-2.441095786937131085e-01
-2.688634434197431089e-01
-2.786077832757247741e-01
-2.600141355890538408e-01
-2.396462869974840260e-01
-2.331194887922585224e-01
-2.012677297911304730e-01
-1.772355841131073029e-01
-1.414980568186687826e-01
-8.728530635716807984e-02
-1.952452860392309142e-02
4.143608222159893273e-02
6.082303717228604995e-02
9.073212641968073089e-02
1.370362664578630707e-01
2.148983851249912647e-01
2.598941522308955143e-01
7.197833835717862283e-02
1.216878759641698005e-01
1.755053094151592941e-01
2.897635673879739304e-01
3.195589492303755885e-01
3.265255633424237192e-01
3.275768172044452586e-01
3.340593339201456957e-01
3.743550502937963986e-01
4.413585750643293504e-01
4.623968291187107726e-01
5.166531936386762336e-01
5.351938437600539666e-01
5.501470557705662179e-01
5.682504515238199216e-01
6.441740646977726081e-01
7.653988277006192886e-01
8.328501427967587301e-01
8.261765868161056181e-01
8.006071940808351384e-01
7.731576313608007345e-01
7.669535043508940442e-01
7.668574621942942926e-01
7.604075826306028185e-01
7.531988958682400703e-01
7.909941621127838385e-01
8.397724521765490557e-01
8.885870615694899666e-01
8.319887710841915585e-01
7.608906344617416551e-01
-5.913263309270564566e-02
-7.034048682165180977e-02
-1.096802210465411265e-01
-1.008748146385807232e-01
-8.336231308106234472e-02
-6.366722290033212384e-02
-3.868960708842415774e-02
-1.709044958476067452e-02
-4.890418814630749511e-02
-6.471430849240453198e-02
-9.740534541577502980e-02
-1.625708330442869332e-01
-2.102302490235938570e-01
-2.363876093391151512e-01
-2.288183174777199402e-01
-2.719613593717585820e-01
-3.384165824714990278e-01
-3.678155736609344251e-01
-3.537157990525204299e-01
-3.670951250647673247e-01
-3.720746138342406750e-01
-3.877012686992292179e-01
-4.579255718416002097e-01
-5.462138903275263191e-01
-4.974940173978721347e-01
-4.991114776262916553e-01
-4.990994835417002506e-01
-4.661385312170331918e-01
-4.429124400845531606e-01
-4.381219147917821966e-01
-1.445434364374323030e-02
-5.915774979878432593e-02
-1.263113885934331881e-01
-2.024936354655211823e-01
-2.235873870776674543e-01
-2.419349973748035620e-01
-3.514075617818619435e-01
-4.111532169704326112e-01
-4.476699348352978225e-01
-5.377211838703815916e-01
-5.930853528259735219e-01
-6.338349607619842008e-01
-6.784220461048132700e-01
-6.920641647011852582e-01
-6.829059031056656792e-01
-7.311495680094586280e-01
-7.331994600499633918e-01
-7.298529214221597394e-01
-7.139078036719851417e-01
-6.981370327753331217e-01
-6.854512446691402028e-01
-7.229823833838339153e-01
-7.388122676708988035e-01
-5.025132736545355749e-01
-3.960658336983416961e-01
-4.565915142586368103e-01
-4.790900343849293641e-01
-4.918835170749252805e-01
-5.587769892190262988e-01
-5.462049371749476689e-01
3.517726176976202629e-02
2.511885420913832767e-02
3.032160464671359093e-02
2.657240453304612199e-02
1.998538199848492319e-02
6.236722713389199896e-02
1.053598096617935354e-01
1.160129642030951341e-01
1.645995569442775253e-01
1.650600370369606773e-01
1.579491283612778352e-01
2.275795205957791834e-01
2.586139689440846157e-01
2.539015649448748135e-01
2.634579623480313160e-01
2.809920000094985326e-01
3.021662687351250876e-01
3.992566279303103038e-01
3.906456809354204029e-01
3.919671135938090356e-01
4.035221011787377132e-01
4.018685356213023141e-01
4.024761618090076376e-01
4.285160625025952741e-01
3.468111108457808678e-01
3.187108523277593641e-01
3.577172130919817894e-01
2.564538380609844292e-01
2.576898117785372810e-01
3.159847671646499601e-01
1.048562442777946184e-02
4.164047152129009624e-03
4.008256645232350160e-03
-3.057749698051920317e-02
-8.716528657655217560e-02
-1.091239082749081712e-01
-1.378150475111405981e-01
-1.695853103378251736e-01
-1.823478809847436932e-01
-1.709306474677211030e-01
-1.687378701930185299e-01
-2.220641620592065379e-01
-2.400782130476850629e-01
-2.979324724338116015e-01
-3.429355309069887503e-01
-4.339194177476945469e-01
-4.952114960706176516e-01
-6.478807037550229353e-01
-7.031525154302855629e-01
-7.294826167982136900e-01
-7.353442443003852524e-01
-7.454308903735193947e-01
-7.915739517505085976e-01
-7.940041435118283530e-01
-7.757728534382704044e-01
-7.680883371035700513e-01
-8.013313130914156979e-01
-8.028096668243671630e-01
-8.088500656867378957e-01
-8.181453832497711520e-01
-5.242325762590076092e-03
-3.655112769275895880e-03
-5.449315106159224355e-03
-4.002850201753069617e-04
1.041808635048735790e-02
1.679934988533067844e-02
8.469583180326306984e-03
5.355584111819541512e-03
1.759185883023269698e-02
6.774026005674974038e-02
-5.224307090202925941e-03
-2.391902935220801552e-01
-3.510370603336306905e-01
-2.980106520392764580e-01
-1.425184607811433302e-01
-3.202308767338250817e-02
5.509694021200284286e-02
8.257103071043835063e-02
2.888090193922945859e-02
2.485831821753627796e-03
-4.348639306179173658e-02
-4.579862470624387893e-02
2.156481500367142534e-02
5.108037729868569743e-02
6.221099023001050443e-02
1.214243646265918686e-01
1.746716950963174142e-01
2.891988739016762566e-01
3.414855505799190283e-01
4.102059460910386091e-01
-1.046130133120717065e-01
-3.023436091255405911e-01
-3.172314099819915079e-01
-1.963740247047375265e-01
3.881323348819648578e-02
7.141488382112690103e-02
7.304604414955179204e-02
1.022450365655265814e-01
3.924434354487806031e-02
-1.467270542285325358e-02
2.136144571730625580e-02
3.827643573405938027e-02
-3.121928218059537297e-02
-4.650637917435912483e-02
-2.794871259724833815e-02
6.517090026203151143e-02
1.820972385044820618e-01
1.928748751468573053e-01
1.864004712821364373e-01
1.719392896038501595e-01
8.857553047892494091e-02
7.322640685251571857e-02
1.067243611176356410e-01
2.929761149194228809e-01
5.051735496546853055e-01
4.919563483357641265e-01
4.687476513234589692e-01
4.347387170326352246e-01
3.382695435376532056e-01
3.326183046138834754e-01
1.378648558714189454e-01
1.826094979554424014e-01
1.097659687836026327e-01
1.069196491660013432e-01
1.521512798017429779e-01
8.467736616318713438e-02
5.885581725205703274e-02
5.853410973386575372e-02
-2.980243616156597747e-02
-9.754069462862968720e-02
-1.337294701082870907e-01
-2.535765570732514407e-01
-2.407025501195730055e-01
-1.833401588156962081e-01
-2.261541538467979340e-01
-2.932000782594362809e-01
-4.007205958672162560e-01
-4.497826267597297978e-01
-4.434703289199657950e-01
-4.585340085520248632e-01
-5.462972004057060627e-01
-6.405118973792645054e-01
-8.362102299286160445e-01
-8.343143144895595054e-01
-6.964333423430614234e-01
-7.540282157110747008e-01
-8.419613691454230775e-01
-8.587568744733975468e-01
-9.542817896574152803e-01
-9.695727175603757741e-01
7.617851429049306289e-02
2.120223958733450931e-01
3.665530035700336753e-01
3.883311830400308362e-01
3.097888717893299004e-01
2.937798661234913289e-01
2.181362191961895847e-01
1.878320522215853883e-01
2.041211614684072251e-01
2.489227102077046783e-01
3.576015161478084958e-01
4.138485652929592695e-01
4.207402559382987239e-01
5.130492562939817924e-01
5.391132119249392174e-01
4.897897088461888870e-01
4.967394429263949363e-01
4.364217952292930858e-01
3.740290543434844350e-01
4.089618357006433169e-01
4.879511292612863649e-01
5.069954714798999840e-01
5.208113492574606429e-01
5.244937184620931392e-01
5.316616996248869631e-01
6.213730404492840975e-01
6.400238239313348343e-01
6.699234722801448161e-01
6.867328160217078814e-01
6.934954358365654770e-01
4.779618407343250164e-02
5.166618024966402462e-02
4.720023736289483823e-02
4.627483486928603285e-02
-3.066208218960142506e-02
-1.653864153173993656e-01
-1.688128296494391112e-01
-1.211530929180499316e-01
-1.229428154913900367e-01
-6.217333491436825149e-02
-2.920191589084882022e-02
-5.485997951451104804e-02
-3.642150417170688520e-02
-7.527191184269789448e-03
-7.953356886442049939e-03
2.335232160648063535e-02
4.925608452060226128e-02
6.444612663362191129e-02
5.140337884266592272e-02
4.185853451780433693e-02
8.894763042503070483e-02
9.316737411176774508e-02
3.170233120790887094e-02
1.877633486226495257e-02
1.641545603738388953e-02
3.596156133720591896e-02
7.054728667915013962e-02
7.993476963314793959e-02
6.450389879579897234e-02
6.457898047390392415e-02
5.485453772442987208e-02
-1.535259786909080881e-02
-7.012807877096795262e-02
-7.892763754770540374e-02
-8.412016763366780836e-02
-8.059404737701054977e-02
-1.719714199243893571e-02
-3.792664930338076820e-03
-6.900801883248024876e-03
-7.491404280945780647e-02
-2.684416828296643520e-01
-4.569566451713852340e-01
-5.659293236208481348e-01
-6.034802344870473512e-01
-5.981957406360244311e-01
-5.005551918392641131e-01
-5.325502540461783951e-01
-5.948301814674770149e-01
-6.027311874277352377e-01
-6.427680903395035505e-01
-7.276133924396701591e-01
-8.087816547015889146e-01
-8.490639120874543533e-01
-8.713356039360991012e-01
-8.922393609849192941e-01
-9.555658430168816331e-01
-1.020082144772482602e+00
-1.101485556105969543e+00
-1.165355833506131367e+00
-1.225793497967462509e+00
-3.572729523879322050e-02
-7.912237314256617693e-02
-1.024802387652991864e-01
-1.145425195296665977e-01
-1.290196716181186976e-01
-1.930594109803883129e-01
-2.656593797330926154e-01
-3.112085412696408704e-01
-3.471797330909648927e-01
-3.748849335160278073e-01
-4.843816904785608335e-01
-5.793627174659741197e-01
-5.951492835717889784e-01
-6.084326736082407150e-01
-6.151315384491130578e-01
-6.130434743370662964e-01
-6.295793889638138241e-01
-6.290765702975806839e-01
-5.331923863633373228e-01
-3.845662947495323003e-01
-2.696338720459602323e-01
-2.630265050525411041e-01
-2.377010738154462233e-01
-2.241518044505753926e-01
-2.360048941129890276e-01
-2.073279165528452705e-01
5.407250960949311347e-02
3.148289643064361987e-01
3.188985914693721613e-01
3.024629766483922788e-01
2.616697753893996135e-03
-4.646167537754365695e-02
-6.379630590697042691e-02
-6.259844222246044310e-02
-4.801719716248212949e-02
-5.906146737425285731e-02
-3.330105391754069333e-02
2.678681186055936747e-02
5.245674120997878553e-02
7.974120436113574240e-02
1.162971564492779886e-01
1.119693665149673056e-01
1.202779512779730553e-01
1.618229219585495260e-01
1.682494933022389560e-01
1.497671772018515368e-01
1.610857787054247314e-01
1.792577133676324652e-01
1.812585699742347012e-01
1.973173607993178313e-01
2.026502626363494430e-01
2.006976063417986733e-01
2.135890019693626463e-01
2.105742312128940363e-01
1.892971725858224319e-01
1.679103097665288480e-01
2.422005885985631934e-01
2.696406310036108533e-01
2.251467304466651664e-01
1.976484629603298127e-01
2.586468058786117741e-02
3.660463085966981361e-02
5.505146950603502509e-02
4.710286587562616950e-02
1.326029249344198857e-02
-1.428630453445014353e-02
2.807356787763969075e-03
-2.085952116178848431e-02
-1.783928753970318373e-02
-9.551341438379587490e-04
-1.081505088105999719e-02
-2.090219886990736173e-02
-5.411568556687633424e-02
-7.421469167707667181e-02
-9.038256295975165278e-02
-3.537242858703772141e-02
-8.495832313828574622e-02
-1.099347518064305307e-01
-1.585406825251464424e-01
-1.902740222001011172e-01
-2.157582504086134334e-01
-1.467904057958449027e-01
-2.238792178028710667e-01
-2.836137927652687685e-01
-3.769433188729352513e-01
-3.932419876840805850e-01
-4.090294304336977160e-01
-5.066686748283236730e-01
-6.381831190788648245e-01
-6.727834327973132300e-01
-6.920367916650997653e-02
-8.263599023238067665e-02
-9.575156024615728845e-02
-2.002726836270516397e-01
-2.116324773008554372e-01
-2.162447365926367382e-01
-2.208091043346506188e-01
-2.495815996948419491e-01
-2.527993829376595225e-01
-2.894442518574867340e-01
-3.098088908513325079e-01
-3.269108156211312233e-01
-3.233627969579471739e-01
-3.450927662538620933e-01
-3.589484159114194606e-01
-4.207580676075020065e-01
-4.075060963883028742e-01
-3.443148678488384129e-01
-3.458243434447698106e-01
-3.572415418635880302e-01
-3.595595955327858806e-01
-3.484643473622892063e-01
-3.375124594463829730e-01
-3.329922381116064978e-01
-3.744260809915266885e-01
-3.610771065971948302e-01
-2.824276853126818088e-01
-2.040538875049667800e-01
-1.749477598430813630e-01
-1.268131607949022355e-01
-2.571635764940897323e-02
-6.007756710921655779e-02
-6.333095893818017907e-02
-1.053644448791621613e-01
-1.347107642052116638e-01
-1.103837434708188070e-01
-7.029581948018980009e-02
-5.966974494118093553e-02
-3.232941496910894663e-02
-1.661075896992177114e-02
-1.396828060701613312e-02
-5.428578308160660060e-03
9.672359629421287130e-02
8.829652491922231061e-02
7.429059860371711732e-02
6.086724497576619097e-02
1.009203801152492308e-01
1.468552609799839426e-01
1.533871492810790493e-01
1.510002827369228140e-01
1.485186492832299698e-01
1.620263088351985847e-01
1.688728888490246272e-01
1.749174560671525880e-01
1.794235200385629891e-01
1.824611429177890598e-01
2.069085629177104257e-01
2.114269932902282656e-01
2.076935196739765899e-01
2.065702805549448628e-01
3.408054585684747173e-02
3.476160352036944401e-02
4.143848796678158836e-02
6.572393803457469985e-02
5.833705556124707536e-02
5.826649374138660742e-02
7.055984071569432192e-02
1.255291093160546545e-01
1.417997063815255032e-01
1.384928459576398874e-01
9.416086012384630721e-02
9.672013109833708933e-02
1.072906273283719542e-01
1.166044198702163998e-01
1.095032261762137610e-01
1.099994114575896520e-01
1.099354654491603162e-01
9.466818971477100608e-02
9.476975205723103812e-02
4.248368024045149488e-02
2.809681236722300773e-02
-5.357972492167165784e-02
-1.523189626986096445e-01
-2.924551153739578524e-01
-3.428309619692723187e-01
-4.496700541454754507e-01
-4.493630640057887926e-01
-4.690848698964873997e-01
-5.353821744021436402e-01
-6.209793626723904003e-01
-1.695384983852948890e-01
-3.545911426255721199e-01
-4.701637615647110691e-01
-5.151821284146753666e-01
-5.764280434871547065e-01
-6.773741898808660622e-01
-7.320078091554418354e-01
-8.549334481429837762e-01
-9.378985676266586857e-01
-1.059479217925214822e+00
-1.072615131288138901e+00
-1.091926693214239741e+00
-1.096248403472862121e+00
-1.137557894570334849e+00
-1.173120686089796250e+00
-1.230173901436444339e+00
-1.191899340363831827e+00
-1.100171333593031875e+00
-1.074496698115972482e+00
-1.046025525346501173e+00
-1.044281263810542537e+00
-1.061011339142494236e+00
-1.083953224223488165e+00
-1.086136117634808773e+00
-1.089658273498375518e+00
-1.087530810288264371e+00
-1.072188225919602722e+00
-1.047503777096711497e+00
-1.030294044213263760e+00
-1.034339978835602913e+00
4.358426199539543883e-02
1.189106028093204204e-01
1.295975428903843596e-01
1.194050615639065949e-01
1.525950034339771944e-01
2.099053315163269262e-01
3.619964858013789977e-01
4.940468631311327741e-01
5.692982862425443047e-01
6.022890509800091774e-01
6.841204985718065679e-01
7.277708712697649185e-01
7.411390054103587088e-01
8.358149904156746413e-01
8.832442158441630164e-01
8.751548177955373875e-01
8.557674744548824375e-01
8.435718988968401444e-01
8.435500747568468460e-01
9.782724278873418111e-01
1.065773607134997247e+00
1.104414386158690142e+00
1.225301379745539654e+00
1.451272079883660471e+00
1.623529454399610383e+00
1.809407057188312962e+00
1.876360650080971748e+00
1.872138122237800850e+00
1.852918861365632663e+00
1.876048134408502932e+00
4.080089875172312679e-06
5.633030604001013075e-03
-1.054758830847761508e-04
1.205627892103937338e-02
4.827846094730155885e-02
5.065638733683208023e-02
6.820793277458163384e-02
6.167043595601776063e-02
-9.942980132900375301e-03
-1.045599418081580301e-02
-6.154902573436841356e-02
-1.148447509996047833e-01
-8.810226101776198748e-02
-1.043614615177776983e-01
-1.896437553497802020e-01
-2.491029934052877148e-01
-2.791484331896668669e-01
-2.897483297221595255e-01
-2.635886461266706005e-01
-3.173567462454706667e-01
-3.816109106817771046e-01
-3.763678987224334249e-01
-3.941898440139645077e-01
-3.734693322637118729e-01
-3.568459290092625968e-01
-3.778247475231187869e-01
-4.050601934124620773e-01
-4.070292323949766811e-01
-4.077522569895437599e-01
-4.367915121041487936e-01
-9.154183351064862709e-03
-1.003742634719166082e-01
-2.151124563707182968e-01
-3.891774234984227698e-01
-4.833391076265842190e-01
-4.894925299689069087e-01
-4.818746576471557574e-01
-5.114092038133765117e-01
-6.377817781383494644e-01
-7.919339166561227827e-01
-8.873724943087488715e-01
-9.554235445066773247e-01
-9.914562925357699452e-01
-9.496631373039843282e-01
-8.666568040567641518e-01
-8.255643375325900646e-01
-8.406592583694461052e-01
-8.893827754477713343e-01
-9.527757232706488555e-01
-9.777942301670240477e-01
-9.957355842023626336e-01
-1.026833733062317178e+00
-1.052546223279672066e+00
-1.028767846385161944e+00
-9.583027486389311678e-01
-9.348361129362333655e-01
-8.861851200556083441e-01
-7.640372591874097230e-01
-7.217230432378802796e-01
-7.295824510364530280e-01
3.810263117877478456e-02
1.515940972309094970e-01
1.640768926278933226e-01
1.971629169041018148e-01
1.649921790529694232e-01
9.432538762404238386e-02
2.700208998820774475e-02
3.965777839942828675e-02
7.073843699921010530e-02
1.513771102493627341e-01
2.473355338122504576e-01
2.825512450738724146e-01
2.683954454962511060e-01
2.468070823471382735e-01
2.081651509250280752e-01
1.647688945372179636e-01
2.074029395283637500e-01
2.275294707924909177e-01
2.221575474286356100e-01
2.006833610881368912e-01
1.470640435912420052e-01
1.318545560437858200e-01
1.880798677983742395e-01
2.631030566943746707e-01
3.004007506826440466e-01
3.093989499918600727e-01
3.225735982307192384e-01
3.566146481154261472e-01
3.686366770531303572e-01
3.523129188585120142e-01
-7.583532130642371520e-03
2.432389960756819666e-02
6.368965582601929243e-02
1.238186364098866621e-01
2.215523049196543304e-01
2.454929859862306496e-01
2.184755467965520115e-01
1.568733110830092536e-01
1.470137190390167492e-01
1.603026276853892207e-01
1.921561356216680283e-01
2.058506362354835528e-01
2.182165345795663292e-01
2.375896306212124109e-01
2.679176181901362086e-01
3.421367264616014259e-01
3.558035152649045019e-01
4.191273698567951067e-01
4.386574880368718787e-01
4.628694992907153027e-01
4.523118794733349546e-01
4.559983130224339876e-01
4.725405577900097520e-01
4.857578347828597765e-01
5.111992971362664395e-01
5.132516935496178601e-01
5.111015832837386696e-01
5.819276736882482703e-01
6.362048051998299147e-01
6.806862479454806047e-01
-1.309520560687475570e-02
-1.409426435306037825e-02
-1.154504167467006182e-02
-9.649083366612996177e-03
-6.375714007899183078e-02
-1.255592942188078209e-01
-1.439396381002705783e-01
-1.101327196324271562e-01
-9.604175479487675471e-02
-1.010989938583411463e-01
-1.130799031953227674e-01
-1.495646603784353268e-01
-2.071961432408541415e-01
-2.265535729670448417e-01
-2.714017434687373553e-01
-3.030937916422743461e-01
-2.986697191216821645e-01
-2.828857349327340565e-01
-3.302322550758140518e-01
-3.593471088447060535e-01
-3.745523507620393544e-01
-4.135625609658837298e-01
-4.567190705422778385e-01
-5.071608092234415333e-01
-5.313816385274527931e-01
-5.458100429561906219e-01
-5.754217624745538995e-01
-6.553494795009769947e-01
-6.723335896733246830e-01
-6.830275661297060541e-01
1.087413482006554903e-02
1.581190864971132246e-02
1.928908380012076332e-02
1.590489679281864924e-02
2.602965880275066868e-02
1.022282031584263381e-02
-1.906328441222311307e-02
-2.317665782702723470e-02
-2.495047001666930025e-02
3.300804199744024336e-04
2.270254300884133342e-03
-9.553473243622033831e-03
-1.597011977849870437e-02
1.120228770299325216e-03
1.226404671280231784e-02
3.015091065330000736e-02
2.518502378679395720e-02
3.647458155887919190e-02
8.039745346234972168e-02
7.071720346919371791e-02
5.617940381551594919e-02
4.663655813532766731e-02
3.839461723470986854e-03
-5.785462628810288457e-03
-1.006753592299259974e-03
-1.247154692857660799e-02
-2.798988542905944329e-02
-2.609474358619641443e-02
-2.676304407422362350e-02
-1.350402620733563881e-02
2.061037073324346533e-02
8.906368561227509528e-02
1.293869895914518398e-01
1.429387163852254283e-01
1.360794161248290723e-01
1.324679385336771098e-01
1.066070756731184732e-01
8.913536911032303445e-02
1.045726338827660112e-01
1.212056706204699408e-01
1.657843961095022967e-01
2.571310601100363913e-01
2.628880064107002590e-01
2.216387765720257141e-01
2.214728387590368663e-01
2.137466858793035107e-01
2.636193448778775816e-01
3.001803150555531485e-01
2.878970972839821618e-01
2.784516289961397884e-01
2.863548397591590411e-01
2.818242416721875032e-01
2.956362256700892921e-01
2.711109089237243031e-01
2.649822136826983643e-01
2.820588679871621762e-01
2.695615802697548524e-01
2.935652618932637070e-01
3.019055151590244179e-01
2.974226980635539253e-01
-8.020860531831729579e-04
9.495220855181693217e-03
-1.175042952276178325e-02
-3.232289478718643194e-02
-1.842239393387776203e-04
-3.900419964762858599e-02
-9.078903785060468690e-02
-8.907312504700198863e-02
-1.956967134408187092e-02
4.778868543257246138e-02
8.791114364367322298e-02
6.890649710972235331e-02
4.914255315938134694e-02
3.231242165566412805e-02
-2.995920693288272457e-02
-4.134438564438049080e-02
-5.517603680077714373e-02
-6.813295149963888298e-02
-6.589862899698749332e-02
-3.809437526634898430e-02
-3.722632700050187288e-02
-5.452130026123948314e-02
-8.504131842088788473e-02
-1.398234238206060298e-01
-1.766142138689907048e-01
-2.042592806140115236e-01
-2.303812774567250143e-01
-2.259162845181548196e-01
-2.108493259784924301e-01
-2.881764052209724314e-01
-4.630183370542011873e-02
-1.427993822532953871e-02
1.978299608177827573e-02
-1.441851848360385657e-02
-5.077255204792601589e-02
-1.216780388616252595e-01
-1.375456992245204235e-01
-1.405882660693921204e-01
-1.572679296044182107e-01
-1.861753149312579958e-01
-1.847001426081882336e-01
-1.818086982783349015e-01
-2.207690177053435177e-01
-2.202261435048645521e-01
-2.241487880566654101e-01
-2.169924008860293907e-01
-2.153170135484776537e-01
-2.382259709069100007e-01
-2.425884409544115106e-01
-1.850760375023021709e-01
-1.975682742042379203e-01
-2.522911477594855789e-01
-2.545922596835806795e-01
-2.441297987987771367e-01
-1.993026877952782383e-01
-1.759150901525624033e-01
-1.840742269246140594e-01
-2.098892225740071615e-01
-2.042013602734929489e-01
-2.047095275696049765e-01
2.007951119994778183e-02
3.595159335949642265e-02
8.271170583033174428e-02
1.383138448272284715e-01
1.444487205011548425e-01
1.173259845857621553e-01
1.094024972499352683e-01
9.187496475967575627e-02
6.782669847885125503e-02
6.867888169081548533e-02
7.521327229681770699e-02
1.466215248357226053e-01
2.016738635301706939e-01
1.728518913628913634e-01
1.587435170295966591e-01
1.629587551597982686e-01
1.990718006510696081e-01
2.334274938596320459e-01
2.616943736789246744e-01
2.481318824136411194e-01
2.542657830959127452e-01
2.563795939936754364e-01
2.576302661806330052e-01
2.691123010085247347e-01
3.049496795408571104e-01
3.282888582232650343e-01
3.274244430772095815e-01
3.311250324154064173e-01
3.384675628524790314e-01
3.498518716833356468e-01
2.374879118464459041e-03
-5.388639899575348863e-03
-6.778706700610957064e-04
1.141265090919226302e-02
1.127319345603331260e-02
2.128708253297349057e-02
1.401854466857591075e-02
3.642445071066591211e-02
8.293293948848515229e-02
8.588184469362392104e-02
8.017011899471822300e-02
3.287791185603173433e-02
1.981624407806614752e-02
-3.838419860024710334e-03
-1.148293358889837697e-02
-1.865843620101045874e-02
-1.555469879599757910e-02
-2.310121946511282248e-02
-2.780355341207451855e-02
-3.974551657533756388e-02
-4.100145938803950729e-02
-5.422249846885805746e-02
-9.129660485774410139e-02
-1.314030309317449352e-01
-1.644467180474935564e-01
-1.637378237015670035e-01
-1.923689802629444390e-01
-2.515512693408885059e-01
-3.181700053940629269e-01
-2.988609093707080278e-01
2.482175245222388235e-02
6.193461652428204622e-02
5.260609541493786734e-02
4.004920704684019478e-02
3.341639795585361894e-02
-1.259230942374073986e-02
-4.175067002350067030e-02
-7.298137702264229087e-02
-4.833141861953006713e-02
-5.559712331928211293e-02
-5.701909732095016003e-02
-5.332734846636456860e-02
-4.144727817494672784e-02
-3.833068768620630923e-02
-3.749707626397263960e-02
-3.394968418371693136e-02
-3.665448934622165394e-02
-5.423859235694741127e-03
-4.350908597695029439e-03
-2.134110921617545648e-02
-4.819982733233837274e-02
-4.399991116009538406e-02
-2.705096508120339791e-02
1.746403976795086674e-02
4.895363816745426644e-02
7.381841601023293731e-02
9.921858625828763878e-02
1.095414974126983632e-01
6.993070527566724870e-02
3.446524815740471120e-02
-2.853508639370072445e-04
5.457908719743473185e-03
2.009187877670209031e-03
2.499042977120486189e-02
3.440453923477539144e-02
4.449002731468242045e-02
6.205135108490521939e-02
6.702686663337772965e-02
4.692380693655369417e-02
2.472144784067159540e-02
8.353082473683322295e-02
8.675910910736099602e-02
8.633991280988195793e-02
1.081954447671069908e-01
1.135811626283461384e-01
1.492526067856749794e-01
1.662019691186891746e-01
1.835324093341911544e-01
1.786388922869152074e-01
1.885499535604067134e-01
2.081697113801845578e-01
2.214859241773307896e-01
2.376643960188905280e-01
2.790405044464918660e-01
3.421669498826614975e-01
3.433385255639838096e-01
3.082973641945940257e-01
2.942925426091560492e-01
3.001709684198887729e-01
2.921621124538213987e-01
2.082455361931123683e-02
7.433340518528128507e-03
6.970169348806546164e-04
4.646853689518372355e-02
1.226724268640038557e-01
1.038116906703420300e-01
2.630230603621518115e-02
-2.041485962969069590e-02
1.514087977619648501e-02
5.304320075973040921e-02
6.557330701751290514e-02
3.563882127507372877e-02
-1.334193424396901834e-02
-4.316938218183224985e-02
-5.662572025387071356e-02
-8.576480618345083684e-02
-7.057875927332198096e-02
-3.934662248666808554e-02
-5.161675085793862583e-02
-9.057015700597643992e-02
-1.180330321882066685e-01
-1.299852181677119412e-01
-1.585253476514564275e-01
-1.871857061456874416e-01
-2.038591342693348019e-01
-2.690493374247960312e-01
-3.336749295254419212e-01
-3.419377726830614694e-01
-3.012149396837687787e-01
-2.516084091829775549e-01
1.506092056219607636e-02
-1.312814355887836210e-02
-6.447421929221253123e-02
-1.555389550368511675e-01
-1.970385730185651718e-01
-2.456664669672698198e-01
-2.287318555887831728e-01
-1.593329166562219013e-01
-1.208462849335674161e-01
-5.435836129324908561e-02
-4.436618210018968694e-02
-1.033379134644329816e-01
-1.779164522513870250e-01
-2.436132213730339557e-01
-2.551350170337598477e-01
-2.827098028294674492e-01
-2.592753334961450662e-01
-2.535983183843512623e-01
-2.113161132743071602e-01
-2.159681837961277551e-01
-2.456345089202828513e-01
-3.058536377852453247e-01
-2.758755847575665721e-01
-2.863208434616748010e-01
-3.167119989721754458e-01
-3.689529683739999344e-01
-3.915748198545214165e-01
-3.536685447447968089e-01
-2.977341364609996655e-01
-2.727021137760990421e-01
1.768908082411082411e-02
1.631044809157275802e-02
3.894943942157234884e-02
9.792021007581899750e-02
1.562505875338531802e-01
2.536318978177365957e-01
3.870743638130820230e-01
4.562987225150730297e-01
4.856208435988464966e-01
5.157018664702837096e-01
5.385079918828963308e-01
5.632466433915884751e-01
5.036795308779572489e-01
4.797803190081425528e-01
4.892926715260546011e-01
5.053804870487633716e-01
5.703149618614580252e-01
5.893170990865527203e-01
5.390809681375768880e-01
4.504887068400806327e-01
4.396644667792731220e-01
4.516583256111567080e-01
5.285092907310484645e-01
5.390250066270431129e-01
5.918739992391569560e-01
5.857490687875669400e-01
5.565649555468428211e-01
5.257308747844867680e-01
4.894795778251922469e-01
4.614224295333214654e-01
7.590367128500332544e-03
3.395346106237593503e-02
2.815069422716010364e-02
-1.342912120504465359e-02
-7.948494310659140472e-02
-1.634143801456938161e-01
-2.872474613287768763e-01
-3.851048982428140199e-01
-4.474339039718566724e-01
-3.595965221792333244e-01
-2.388674517835646660e-01
-2.210276252170086941e-01
-2.851501249144013372e-01
-3.536919361719313426e-01
-3.788473444674846924e-01
-3.974517708369103008e-01
-4.138807411445719064e-01
-4.361910203508748141e-01
-4.722842771027707665e-01
-5.014222206275964488e-01
-5.682815376113762307e-01
-6.576370415588334017e-01
-7.805010255655265849e-01
-8.033208052230051965e-01
-8.845406466342380369e-01
-9.070497515307839320e-01
-9.441144579260341008e-01
-1.007405906931236883e+00
-1.087687577888952095e+00
-1.156281189904213580e+00
-1.667116776880236267e-02
-3.697719934769849032e-02
-8.796987586829022043e-02
-1.256159345583908182e-01
-1.679952338343146390e-01
-1.770115063277431788e-01
-1.142805337375172314e-01
-1.166962390915932679e-01
-1.298012878567782191e-01
-1.572382794359950819e-01
-1.681420438939076056e-01
-1.980995682166445948e-01
-2.393646347049690482e-01
-2.407943105034776876e-01
-2.359379257924619777e-01
-2.142901392049016140e-01
-2.203908462371225729e-01
-2.434335725405697703e-01
-2.735039352294122428e-01
-2.855558421448582962e-01
-3.285559858401350120e-01
-3.262480792161937537e-01
-2.770845758872329534e-01
-2.445699361139711814e-01
-2.374764148271769626e-01
-2.285767321089605675e-01
-2.671066666140985424e-01
-2.628076995654468062e-01
-2.490119057159745353e-01
-2.275870307468092768e-01
6.497902490458444535e-02
1.048257962006843291e-01
2.845345945783896158e-02
1.916580824949189188e-02
-1.130673259271364195e-02
-1.698629675210230061e-01
-3.429304990888880633e-01
-4.239976073922055999e-01
-4.689518356127827525e-01
-6.237266291342375979e-01
-7.014692897669309035e-01
-6.839843972188324184e-01
-5.708030533285887165e-01
-3.925412082573217498e-01
-2.895470962688379002e-01
-2.440216947945915704e-01
-1.655215083172024704e-01
-8.430799234778892093e-02
-7.223923095202890166e-02
2.017706585000153541e-03
7.911604551994032286e-02
1.748295512795738915e-01
2.786916321787138440e-01
3.485485500582033436e-01
4.079795482617122326e-01
4.778533845150547132e-01
6.218050642986585608e-01
8.702691290065283081e-01
1.015197351860034347e+00
1.066119778282767383e+00
6.870150460708168705e-02
1.343509698766764682e-01
1.423165411414174519e-01
1.899561528786583020e-01
2.295736365705486892e-01
2.609150487196373325e-01
3.902171712809020532e-01
4.194153313448595877e-01
4.125484786923694913e-01
3.818104423130005420e-01
3.694903267245113754e-01
3.334467425810914709e-01
3.485285192849019720e-01
3.425975912749738561e-01
3.386477534458050553e-01
3.136489798977942778e-01
3.137809508661253965e-01
3.307151997883305272e-01
3.259469785114688101e-01
2.338009024734544195e-01
1.739212093101610845e-01
1.560785269813090015e-01
1.281975932599869472e-01
9.746200910067276402e-02
5.423173515122760996e-02
-2.251129515582081519e-03
-1.233845870164950592e-01
-2.028981180288935149e-01
-3.531828386732542846e-01
-5.031703393325238638e-01
-1.090055928785741562e-01
-2.400759178049546860e-01
-4.228367188735306925e-01
-5.542149161949606606e-01
-6.759622000140246278e-01
-7.857986038769531056e-01
-8.651571981857522076e-01
-9.624332564853077532e-01
-1.041990150756055833e+00
-1.065639326681331100e+00
-1.095632341343640404e+00
-1.102014330731232450e+00
-1.104942157600901975e+00
-1.122380021093542179e+00
-1.158056478822059532e+00
-1.189892805988951308e+00
-1.269837664441215486e+00
-1.299575306080763992e+00
-1.289032932635425066e+00
-1.261681732274948287e+00
-1.251579361372503252e+00
-1.257309334037166826e+00
-1.263436246980145894e+00
-1.269419446991257860e+00
-1.297440250793273409e+00
-1.331386535209269972e+00
-1.353216851636306339e+00
-1.372467573560343101e+00
-1.358681458155387212e+00
-1.332764300339557062e+00
1.316778808651070630e-02
2.908321527986230254e-02
3.519188541377578361e-02
2.382990229152561618e-02
1.647255313716057545e-02
1.532233805812401040e-02
6.789757556224493285e-02
1.113152912680829554e-01
1.275484458655577746e-01
1.444065089641401178e-01
1.704066010406462273e-01
1.805340743546212101e-01
1.765376204894089918e-01
1.979139346917803410e-01
2.676543928487065682e-01
3.118021399148704909e-01
3.200023922816474520e-01
3.586290180161343377e-01
4.051930126909719099e-01
4.649438421572351654e-01
5.293228608152976689e-01
5.536384904821179953e-01
5.994087150182424439e-01
6.633300250316379598e-01
7.399884633239121046e-01
8.202313414269515324e-01
8.419673182905120790e-01
8.291781973368936853e-01
8.055470010790160007e-01
7.729786371850294602e-01
-1.862639993585958956e-02
-4.410884767982511945e-02
-3.577063667088534182e-02
-3.927572597293600004e-02
-2.027493741447194617e-02
4.054003749690597569e-02
5.530756406282214682e-02
1.706766572673617394e-02
4.799689746112053429e-03
8.628141486040758618e-03
2.516592219367174560e-02
4.187233414801522224e-02
4.971623434928967855e-02
6.287063708306231402e-02
8.064664239739977036e-02
8.110637571414835989e-02
5.701167771588719346e-02
2.375169194481875634e-02
1.572789722499313286e-02
-1.487893899895799399e-02
-3.841272998539712463e-04
2.656069537465707842e-02
2.679761968625325383e-02
3.194511866205691775e-02
1.009284462165975157e-02
-9.506963024782957156e-03
-2.107326421511914599e-02
-8.032704578500851275e-03
-1.621152422072257016e-02
-4.447042134502897370e-02
-6.354958850139597049e-02
-9.296531103697817933e-02
-1.184562092521481008e-01
-1.370273128502382531e-01
-1.669085091781971897e-01
-2.044626051343945150e-01
-2.939578992537746349e-01
-3.315978283398228199e-01
-3.555764916241502815e-01
-4.040856745781664094e-01
-4.077887387376959438e-01
-3.686324572100825314e-01
-3.006659388356218154e-01
-2.581016045582036345e-01
-2.518352306396433038e-01
-2.521593264471341800e-01
-2.660347830000198699e-01
-2.571947032283635748e-01
-2.732696701966150776e-01
-2.948834420901315645e-01
-2.866478857552383075e-01
-2.688589155588689827e-01
-2.946003823892943685e-01
-3.387565225652862111e-01
-3.396197645748106897e-01
-3.406217113923398210e-01
-3.077543145966578075e-01
-2.991622453285188166e-01
-3.050960777115095390e-01
-3.096453465879994704e-01
-1.151317144929535352e-02
-3.360799390454632940e-02
-7.100347725174674385e-02
-8.122308444591661014e-02
-8.359033741444288346e-02
-7.102562316295620015e-02
-4.199022778692614033e-02
3.109644456200259810e-03
-9.090418117845468909e-03
-1.454219122261493982e-02
-1.673682448666280465e-02
-3.926781461853467298e-02
-1.735634960846286351e-02
4.235562626209476988e-02
9.822800223865549296e-02
9.787430010109851586e-02
8.816924042798400529e-02
8.839761597021468520e-02
1.009720755836737704e-01
1.690690295668762499e-01
1.944015243847683483e-01
2.333173239452111525e-01
3.014199305857484523e-01
4.080739590439436681e-01
5.135805932644084137e-01
5.912131937135280957e-01
5.905502468388199588e-01
5.532987849873056696e-01
5.192188973134028718e-01
5.035179497539380433e-01
5.294323137839595725e-03
4.076368833174725398e-02
1.228451416647879102e-01
1.808721389620054354e-01
2.446576538701630832e-01
2.557949542370407947e-01
2.028005642957973198e-01
2.004929814472443117e-01
2.665634502421370122e-01
2.761566859876612434e-01
2.856578466621405576e-01
2.910074659666393448e-01
2.641436147668362877e-01
2.518356367427762588e-01
2.272711769527517578e-01
2.032946193460361817e-01
1.751367714697509848e-01
1.638560778970444554e-01
1.686704013439406513e-01
2.199129812373424031e-01
2.244267833695752223e-01
2.000748247941820934e-01
1.731988613426338475e-01
1.303310063120353690e-01
1.075824071485611405e-01
1.090896307478936844e-01
1.145017318170484522e-01
1.144309552198141816e-01
8.004175376755010007e-02
6.173922829301110859e-02
1.510111202828510156e-02
4.067101851265431806e-02
7.094647192026416749e-02
9.332332925539005286e-02
7.014610622672318163e-02
1.374197501084015172e-03
3.122931749193176218e-02
2.633228616551892484e-02
-6.674665912097393905e-02
-2.077156575790922721e-01
-2.786269116203102802e-01
-3.746885972151806077e-01
-4.179286823721882205e-01
-4.591731593115179200e-01
-5.275595829336523490e-01
-5.731469228363227364e-01
-5.979150110952907715e-01
-6.151787446061814935e-01
-5.946586680204030140e-01
-6.012685378887324683e-01
-6.231510305659903048e-01
-6.722783725895887796e-01
