-4.168473991400517033e-03
7.442155723150079005e-02
7.518282241508263131e-02
3.100538019647021415e-02
-1.431875787945396244e-02
-3.664875456431982217e-03
-5.734196656334936137e-02
-5.737759070748093410e-02
-4.797827764282728419e-02
-4.814568869971313364e-02
-7.487425633278166348e-02
-1.088631350066354420e-01
-1.351683473359230614e-01
-1.428302829111804950e-01
-1.556571681397831142e-01
-1.498564900614622608e-01
-1.471145241843512808e-01
-1.556741064801760444e-01
-1.942913035496477980e-01
-2.165911833240595497e-01
-2.423621018521898707e-01
-2.619436908757979410e-01
-2.846122914101495982e-01
-3.332795218670289716e-01
-3.787501833968931475e-01
-5.361110687435963751e-01
-7.024557705179907963e-01
-7.576109564443913591e-01
-7.723323755974054183e-01
-2.357666676953685050e-02
-8.119302253378074541e-02
-1.705567985398780961e-01
-1.888080079764595798e-01
-1.861987653450586366e-01
-1.621469868472648901e-01
-1.385498563324054355e-01
-1.417462428905148786e-01
-1.657463902834012959e-01
-2.375237093839118185e-01
-3.001025701316829553e-01
-3.259769982241131903e-01
-3.551260962941261701e-01
-3.945348824492108664e-01
-4.275982678051960528e-01
-4.588238128496817669e-01
-5.059392540707000618e-01
-5.266168034355822591e-01
-5.292037580410566822e-01
-5.096102914231732672e-01
-5.043194654144608213e-01
-5.215985558041205117e-01
-5.020879147815235921e-01
-5.248799402966506378e-01
-5.515532004766121599e-01
-5.412458517295218874e-01
-5.023887675059637292e-01
-4.858471855528596062e-01
-4.940293857611983697e-01
-5.273551658693285127e-01
1.220006823889245237e-02
6.105452464142505607e-03
-1.682322366422400045e-02
1.549779329466066669e-03
-2.451264639841088666e-02
-4.213998138670664306e-01
-6.184492740421876356e-01
-5.696367278403988710e-01
-6.520605389159211951e-01
-8.067728770964598395e-01
-7.530720686009299003e-01
-5.712762452416808578e-01
-4.864306795846126685e-01
-4.210020161551375484e-01
-3.940061271673097609e-01
-3.482182351201417170e-01
-2.543068404244406833e-01
-2.552124414488060045e-01
-2.966868890951468996e-01
-3.123421947524932518e-01
-3.254340757360842384e-01
-3.177128846694445841e-01
-2.609022512266813698e-01
-2.640187876734361727e-01
-3.133937266293791990e-01
-3.496373586528502275e-01
-3.584282642776531747e-01
-3.352481030979030940e-01
-3.332377294370476584e-01
-3.019096759135899699e-01
3.641365776731395748e-02
3.382526638076073511e-02
1.749347785606237063e-02
-4.663474493465893933e-03
-1.390579492609367480e-02
1.051685741460414887e-02
6.216497384576066126e-02
8.342186186503044998e-02
7.444295807804324205e-02
9.545210285897857971e-02
1.582427369452730770e-01
1.512440584597521953e-01
1.004420133668730841e-01
1.158245338318316109e-01
1.398017568073456340e-01
1.569838925490470716e-01
1.378377137809729813e-01
1.389628367070090409e-01
2.715411382093485537e-01
4.289292547925286914e-01
4.316823546289313418e-01
3.604201004034855993e-01
3.669742992707851204e-01
4.041902704887938569e-01
3.904027914964977031e-01
3.776377533578798573e-01
3.866933261335497862e-01
3.946356941015066178e-01
3.914834283870012865e-01
3.956987715553165752e-01
1.888038866684451159e-02
3.543661713155876053e-02
5.609096420995642734e-02
7.594046156040007434e-02
9.771113262011837941e-02
9.647146114716935450e-02
9.109906529200105518e-02
9.420698964259026364e-02
1.117262765568757532e-01
1.003263104823619856e-01
2.595320075741124055e-02
2.842202089787311883e-02
2.682489878919703391e-02
1.847559922410130229e-02
6.036391668004741085e-02
1.111380352870759980e-01
1.253443795880133382e-01
9.203748119176635711e-02
6.664609221003173212e-02
1.167798543510264186e-01
1.280140171011897310e-01
1.292108836199039879e-01
1.258100360759776826e-01
1.559455607697232682e-01
9.587717064839594572e-02
9.728709230842041977e-03
-1.091030536948800478e-02
8.288181126364058127e-02
2.686484946763635362e-01
3.153427410224247107e-01
3.620969291746049118e-02
5.976219031966319845e-02
5.147419118255798509e-02
2.800256302617734963e-02
9.582985168840700563e-04
3.259030155682378360e-02
4.249262765665383357e-02
1.586869286172783514e-02
4.590534961187340071e-03
-4.875891343252190813e-02
-6.557418989387220343e-02
-2.605816106074955452e-02
3.730335014929787862e-02
9.806568908142410113e-03
-4.994876263856104504e-02
-5.763473417567618884e-02
-7.109091032820462341e-02
-1.020237897093503598e-01
-1.060994888014286652e-01
-1.237026237856872213e-01
-1.418901693048835455e-01
-1.967365318327405077e-01
-1.988151447740826028e-01
-1.994828802084216701e-01
-2.490602790311671477e-01
-2.920673189742281628e-01
-3.948315005813996525e-01
-4.786598264394522628e-01
-5.700741637148694085e-01
-6.046747898375809394e-01
-3.194698471683336642e-03
-1.591333624006947790e-03
-2.193452694895549338e-02
-3.648729927270913387e-02
-7.981862362748168294e-02
-1.693085827422686762e-01
-2.358388796616447958e-01
-2.712409316214630106e-01
-2.353962927757403123e-01
-2.036594995808270747e-01
-2.456140169923170247e-01
-3.464779708525724256e-01
-3.499370693801142074e-01
-3.561638432379189423e-01
-3.761134810082728541e-01
-3.782167155188238539e-01
-3.573096958730850314e-01
-3.498777017924840083e-01
-3.492662915469404994e-01
-3.617731157561577815e-01
-3.862776534029986331e-01
-3.968419681080770922e-01
-4.185721861501289220e-01
-4.371776786302162821e-01
-4.432766737032576287e-01
-4.184381920471442751e-01
-2.886719968924412738e-01
-1.890616831708639145e-01
-1.735737181466015244e-01
-1.894369324030058255e-01
-1.494016761158455976e-02
-7.429215447185150145e-02
-1.580204496623993371e-01
-2.502437680963657263e-01
-1.278333046697173181e-01
2.420636815422704813e-01
4.067229278055533026e-01
3.823744163375796257e-01
2.505140539311183634e-01
1.819755817770449813e-01
2.626993363853304397e-01
4.749647484491404947e-01
5.529123563065693192e-01
5.703677232992715451e-01
6.058656723644845199e-01
6.070901054282556997e-01
6.148783890603518598e-01
6.541334706838203283e-01
7.238025664095280032e-01
7.697719085566506747e-01
7.939732063801739903e-01
8.216592955470328752e-01
8.841124946578147181e-01
9.888301299729916893e-01
1.064480368032567625e+00
1.120585524269956057e+00
1.130936487558669823e+00
1.125088731188199187e+00
1.127220758530627975e+00
1.180658037614181755e+00
6.525477646953607713e-02
1.216407912316856826e-01
2.005773493347776659e-01
2.054213278015172006e-01
1.698876592806817798e-01
1.213374173330941941e-01
1.285176883657226654e-01
1.376756709270541001e-01
1.633346463181753194e-01
2.021126864973239179e-01
2.173955332471457502e-01
2.441404314570844447e-01
2.537823396716744062e-01
2.503856204077078984e-01
2.533838385585315822e-01
2.709703342661454739e-01
2.759849388328192710e-01
2.710378099878311131e-01
2.888806062783896289e-01
3.069060545308796017e-01
3.097179755603436946e-01
3.091808579139284641e-01
3.583162110980204762e-01
3.831636374580079107e-01
3.687688392373130730e-01
3.714427561735415551e-01
4.089208191697879524e-01
3.935914183179187176e-01
3.838044985166593204e-01
3.138014810720320957e-01
4.956838654652667882e-03
7.780402615126409682e-02
9.377917587254594456e-02
2.378905827878474710e-02
-1.584851351457031848e-03
-6.087092501715296589e-02
-1.301029833100776911e-01
-1.407218351421372637e-01
-1.829167876297316253e-01
-2.206270578985264352e-01
-3.022870592287596470e-01
-2.879698241844195206e-01
-2.665330955154474601e-01
-2.783355446970123270e-01
-2.958138903082748739e-01
-3.365621594295869490e-01
-4.215860239705486734e-01
-4.700500957158147974e-01
-4.998360263692170347e-01
-5.015109458780648843e-01
-4.818844189474238426e-01
-4.864267510751428825e-01
-5.188082820698288744e-01
-5.301966326045310929e-01
-5.483564594716743290e-01
-6.376654753297834599e-01
-6.488868525626461103e-01
-6.394082384584046652e-01
-6.455207934314922680e-01
-7.039135032406453885e-01
-1.387257311692963457e-01
-2.121072502898402046e-01
-2.365783736988283925e-01
-2.386065474733196357e-01
-2.378733697689995874e-01
-2.433527805844103442e-01
-2.792842630474440813e-01
-2.973525240284063398e-01
-3.253174001909043267e-01
-3.606055928979460812e-01
-3.927781197435407101e-01
-4.447812563047005008e-01
-4.797700099901351933e-01
-5.355091941751188855e-01
-5.981470128898911387e-01
-6.499111963063594066e-01
-6.745042352780745709e-01
-6.757050611666893802e-01
-7.022213612257999227e-01
-7.204996314075838848e-01
-7.428305446443844717e-01
-7.675802738376630296e-01
-7.945112294342181469e-01
-7.944368366993442843e-01
-7.381154362460438101e-01
-6.610749771513597661e-01
-6.337480598770629525e-01
-7.311271576760826063e-01
-8.259454056728565696e-01
-8.358131174842131639e-01
1.683446804970947439e-03
-1.117908155670684599e-02
1.311418603654862167e-03
4.409979436626030105e-03
8.403823058881760080e-03
1.595974209448289619e-02
5.682977025297478169e-02
3.316097203175297214e-02
5.561488375710792187e-03
3.233021585122413527e-02
5.715326517513956428e-02
1.254146461339890606e-01
2.333974603751252652e-01
2.916556761766131989e-01
3.495075059760721081e-01
3.335862152744678011e-01
3.096659620072226282e-01
2.955489967053631650e-01
2.663218130767502356e-01
2.553520144120545732e-01
2.755678383699315948e-01
3.354144455166391814e-01
3.873604197032982643e-01
3.861902338986751282e-01
3.844998394271172959e-01
3.817067353920036155e-01
3.281600727596263312e-01
2.804125596477340387e-01
3.291758823311277671e-01
4.141681260284548194e-01
-1.650053254842015829e-02
-1.445110880816432089e-02
2.521112257777206531e-02
3.801499953819922895e-02
4.262292178433506329e-02
9.756114267221277503e-02
1.502727054002601093e-01
1.876960132391155833e-01
2.703455723352096163e-01
3.472956254511629370e-01
3.972884959434393459e-01
4.211844291088755465e-01
4.524090928419979840e-01
4.608819156105696258e-01
4.798445233561893231e-01
5.128625205928261099e-01
5.581977773525463871e-01
5.555019214569643093e-01
5.066869707908687737e-01
4.957666522432759848e-01
5.302266403174682452e-01
5.324119864820341386e-01
5.412795501334499715e-01
5.430142347275954684e-01
5.491849303508856694e-01
5.371513759206173466e-01
5.808990949438697093e-01
6.384465357342091751e-01
6.758354109748349048e-01
6.911714659644583314e-01
2.480952607940044644e-02
4.410052760217829382e-02
5.201927967628208055e-02
8.515080753267872948e-02
1.756438014480777854e-01
1.869457916999511526e-01
1.945083051207213698e-01
2.225705839465713654e-01
1.992931588693678535e-01
1.797729374579322414e-01
1.916991272064621221e-01
2.120614745071644491e-01
2.663227215957598148e-01
2.655617919424795303e-01
2.489556776343012090e-01
2.566175269375440271e-01
3.155447926030765515e-01
3.281289697655578319e-01
3.344220145239255593e-01
3.375212460544349535e-01
3.095032979730202305e-01
2.914569519258119468e-01
2.948210229990167464e-01
3.369960612185521898e-01
3.767955850095434100e-01
4.792497987646305302e-01
5.806886738263957737e-01
6.078303636775606034e-01
5.768332223187530028e-01
4.819187101352608305e-01
-7.436009776754343159e-02
-1.566936920511605713e-01
-2.036114442636308697e-01
-1.285415378378676199e-01
-1.032609299316758489e-01
-1.502655795421312113e-01
-1.575825567895473012e-01
-1.300180653732510294e-01
-1.375159398288381407e-01
-1.262455093817537177e-01
-1.779089444178640900e-01
-2.035300337309038921e-01
-2.135171952149869379e-01
-2.495843674086408170e-01
-2.913203201159410560e-01
-2.907831361058242914e-01
-2.928509046616928901e-01
-3.128569045798694770e-01
-3.254185393564976714e-01
-3.415093328755872681e-01
-4.187921499602157427e-01
-4.602893830126990049e-01
-4.681638700435375444e-01
-5.581745212365050168e-01
-6.205647135372786005e-01
-6.458291935603119871e-01
-6.514884768620055056e-01
-6.726248404259786984e-01
-7.048229582793524850e-01
-7.208458105545700878e-01
-3.937383612223160217e-02
-1.190505143783703035e-01
-1.359706056018505638e-01
-1.466670723558901324e-01
-1.770241840813893686e-01
-2.353997268333810344e-01
-2.893813143273140653e-01
-3.565882268459359961e-01
-3.578801984336766329e-01
-3.325847994331218027e-01
-3.243292887971334082e-01
-3.213892269338716745e-01
-3.190717355280999756e-01
-3.563915888389044273e-01
-3.606356381680355661e-01
-3.341371175383475167e-01
-3.317849309693450821e-01
-3.459251233538971348e-01
-3.117224405838786572e-01
-2.840597841139608781e-01
-2.927107265343200093e-01
-3.324822373904146033e-01
-3.643647437664790378e-01
-3.766086206486022880e-01
-3.013653325019379770e-01
-2.476450052204103858e-01
-2.067576372868358825e-01
-1.600348487153969157e-01
-1.841227398540924987e-01
-2.582241827782269517e-01
-1.058159419226989938e-02
-1.166338165155797330e-01
-2.249877981064844490e-01
-2.515632506727860096e-01
-2.632932791639226444e-01
-2.998575634617399177e-01
-2.577337832666563577e-01
-1.659458926151637370e-01
-1.916716281651050235e-01
-2.086254366214869149e-01
-1.286766741987053764e-01
-9.997501871404773643e-02
6.486327785356807429e-02
3.354872959991966885e-01
3.587305011861380288e-01
2.942310007200885646e-01
2.776325292213700502e-01
2.166694432044397600e-01
2.040880549361439034e-01
2.278051196506747922e-01
2.310905696363076967e-01
2.309939156526729376e-01
2.308653544360553811e-01
2.371000750729981288e-01
2.256824208741243232e-01
2.679304494699217831e-01
2.893279282236770888e-01
3.087696435775776904e-01
3.227743558594112216e-01
2.904754738305003747e-01
-1.871160654465046230e-02
5.632685457119914613e-02
1.038774416316767535e-01
1.533146762460305956e-01
2.927454782373570819e-01
3.274202292049456231e-01
3.024033644630891304e-01
3.020858490469645052e-01
3.072520137496742021e-01
3.274433008773680043e-01
3.868920324508314801e-01
4.918361278307886719e-01
5.324339134868067980e-01
5.477205937938413038e-01
5.508861866866614498e-01
5.521281437120921787e-01
5.711278533633864507e-01
5.878009802316671584e-01
5.912584608855258050e-01
5.750851947923868446e-01
5.768874677533183393e-01
5.797969143950003623e-01
5.746945112580511550e-01
5.740826420717694001e-01
6.257051253777502486e-01
6.492552420903791033e-01
6.447047956741166486e-01
5.862905296287744816e-01
5.826060625863140885e-01
5.968279878367928060e-01
1.850705393088968032e-02
2.708305961195990250e-02
3.018142085875485242e-02
2.983856409699946893e-02
3.382481944687005387e-02
3.721530507026567236e-02
3.096236788910735477e-02
2.931287977256988309e-02
3.010814548974622556e-02
3.842745787658598949e-02
2.024580232185619472e-02
-4.184602328051308801e-02
-1.381904984767591826e-01
-1.686559261192062953e-01
-1.952735232667404675e-01
-2.269062245320627169e-01
-1.258608262658253985e-01
-1.512578736285146996e-01
-2.249225637264008204e-01
-2.282895965626023094e-01
-1.876991080473059403e-01
-1.872375581626360697e-01
-1.809211854554903520e-01
-1.494812059136784721e-01
-2.130059409888251376e-01
-2.664557886646616858e-01
-2.618772102750998587e-01
-2.654920665810456826e-01
-2.760529065193696452e-01
-3.052098608183751449e-01
-1.115314083668031420e-02
-2.616899591673784928e-02
-1.164325890064126096e-01
-1.471330715432053737e-01
-1.435086643399836326e-01
-1.911230502824682875e-01
-3.020933713038561064e-01
-3.340826774139071809e-01
-3.918039367284992247e-01
-4.760505095345543003e-01
-3.991118114341852263e-01
-3.047270482609658604e-01
-2.670515937682927388e-01
-2.756597790164798667e-01
-3.234221053980691485e-01
-3.893757664503914029e-01
-4.168288926972733566e-01
-4.380136977505454388e-01
-4.338767960164267024e-01
-3.718817032627508845e-01
-3.373276573436920223e-01
-3.305362754100784617e-01
-3.504923338025726087e-01
-3.688385345645396884e-01
-3.758741870791355577e-01
-3.802397981943688166e-01
-3.801449865264583394e-01
-3.698957635336913574e-01
-3.652774346315758591e-01
-3.559687398184311347e-01
6.449447250751726320e-03
-3.386249606150278091e-02
-3.547507879045836560e-02
-2.753753653379152622e-02
2.377943422219818553e-03
7.333271637142707577e-02
1.572346357410969453e-01
1.457906232412922720e-01
1.282687363350480669e-01
1.452106152522231186e-01
1.534079268054664158e-01
1.635667999811004636e-01
1.715063380706172980e-01
1.713873083427839838e-01
1.222883442168183066e-01
3.901893870638087347e-02
1.119190292514979021e-02
2.058756628358710677e-03
-2.167851279213612453e-03
-8.679225475485451841e-03
-2.815823480589740857e-02
8.436383468512997919e-03
2.093061959976086697e-02
6.175091657129265499e-02
9.244243339335826704e-02
1.105395735929852463e-01
1.097114562587959835e-01
8.806454951444489532e-02
6.837465383702262534e-02
3.289661767878829246e-03
-2.718982162307813713e-02
-1.699175998202366589e-02
2.494259296352087374e-02
6.640167818916273279e-02
1.393407193996911153e-01
1.667909858554615932e-01
1.564229705899455591e-01
1.511314266622805214e-01
1.077089867536107082e-01
8.492012463695329527e-02
1.149381526763835482e-01
1.299958355944215993e-01
2.034384198206472538e-01
2.898752132327497288e-01
3.572353777797529495e-01
3.884921317820442255e-01
3.764943645241047854e-01
3.519965393480530835e-01
3.480980259696093704e-01
3.594384391017839131e-01
3.805201628154661342e-01
4.046985842538697864e-01
4.029543027989584969e-01
3.964420034902993994e-01
3.951161428626941419e-01
3.863512882164399365e-01
3.891348601435539178e-01
3.865767392528260959e-01
3.855564746620079308e-01
3.865019117018714812e-01
-9.147192827772612778e-03
-3.202577568375690464e-02
-2.960217762156538979e-02
-2.160942638901090784e-02
-1.572544612170359221e-02
-8.343647838968418218e-03
-5.293588202396429590e-03
-1.724301000529813999e-02
-3.351146194302417197e-02
-5.392485239389939455e-02
-3.140530166549281021e-02
-8.821017906344597037e-02
-1.990463102988582200e-01
-3.092725508302626158e-01
-3.484952902468886893e-01
-3.524648778231836421e-01
-3.002522488120783484e-01
-2.935883299443402539e-01
-3.143419153474251160e-01
-3.047619141818299626e-01
-3.327393433516549481e-01
-3.807915222117781440e-01
-4.012506426024471939e-01
-4.042345986664096502e-01
-4.284302735693413799e-01
-4.458888664386799205e-01
-4.690494183508042148e-01
-5.013431153244929384e-01
-5.756425517352786736e-01
-5.888612051855517393e-01
7.231646908530905971e-02
8.558821633117648375e-02
4.496430330148021293e-02
-1.538898444844813418e-02
-9.873677984562428955e-02
-1.884406101383659382e-01
-1.938440782899539250e-01
-1.515076488548082190e-01
-7.491312040927372573e-02
-5.045232218584494444e-02
-9.103565203674038320e-02
-1.726510503525885420e-01
-1.758386954709821037e-01
-1.610909823792543161e-01
-1.892158008571633854e-01
-1.912692520366472138e-01
-1.577830796832342120e-01
-1.437359543314706556e-01
-1.337356357721891653e-01
-1.199510471728367361e-01
-8.939252750431524175e-02
-1.217889310105091660e-01
-1.201852486551692051e-01
-1.166762504195729966e-01
-1.182635657106407279e-01
-1.087818773093158220e-01
-1.488121225707109141e-02
4.471693219867289154e-02
3.936196543156084832e-02
1.922831534715628912e-02
-2.761472943875391620e-02
-5.978954360300688109e-02
-5.138860156065104545e-02
-4.309252903173445282e-02
-5.796166726092739224e-02
-2.159036132285928333e-02
7.001027345511055822e-02
6.098510263053030095e-02
-3.511483623475294968e-04
-1.388204450653073366e-02
-2.331869327260022162e-02
2.326568520900931802e-02
6.732159862186140598e-02
7.260904536694019751e-02
7.644524559268944808e-02
4.440106468799765588e-02
-1.931487766491862129e-02
7.247009547959196163e-02
2.016533181103812855e-01
3.095807347456994152e-01
3.779921559120601460e-01
3.965715095131971957e-01
3.898567231564470936e-01
3.304882549343578502e-01
3.205433107511894697e-01
3.967066590618253397e-01
4.504152781229878721e-01
4.549002631370576699e-01
4.806235674269961344e-01
4.770105565351256960e-01
-3.937013567770782790e-02
-2.664739004914157272e-02
-2.081581800449688185e-02
-1.911737317393612939e-02
1.443962717867793011e-03
7.531635098740233070e-02
6.037326353373515669e-02
-5.749715086186060059e-02
-1.242462577823630343e-01
-1.213318215327575111e-01
-9.088758471850807985e-02
-7.121872495894197852e-02
-4.828968195587578921e-02
-1.460343435927571876e-02
-4.296578498329055307e-02
-7.790650901453116672e-02
-9.463372722210933174e-02
-6.438641568289713013e-02
-6.962941599902035261e-02
-7.339203331876893721e-02
-7.689700018444960150e-02
-7.914123008419055028e-02
-9.761612877109976383e-02
-7.726741928997749032e-02
-8.380021503563862828e-02
-1.863973138111911232e-01
-2.298491453014584740e-01
-1.844860548784167387e-01
-1.824891082333011394e-01
-2.127331880409559506e-01
-2.045451578674038068e-02
-5.037894590319524912e-02
-3.402422944677590405e-02
-1.122818083724947194e-02
-4.023948755546601086e-02
-6.858300700823177776e-02
-6.124592543340794809e-02
-6.278156071734489196e-02
-6.515810568399733882e-02
-8.043961966294799204e-02
-8.677261516468261215e-02
-1.067343004787008609e-01
-1.393745182647954661e-01
-1.729739168134165062e-01
-2.054104801125606616e-01
-2.023869288679526757e-01
-2.234203641931622186e-01
-2.915238586233822593e-01
-3.131278457545986216e-01
-3.565372935698963297e-01
-4.080212305961053998e-01
-4.671798482437226063e-01
-4.862002023112645399e-01
-5.749510028251422211e-01
-6.209307685526810339e-01
-6.411130498191399685e-01
-6.715872290925947175e-01
-6.740500278000071122e-01
-7.107083011201805745e-01
-7.267326684334450837e-01
3.290527023161331222e-02
4.493735080991050762e-02
1.466838297950630310e-02
-6.335091052745281393e-02
-1.090437810427346554e-01
-9.617879744249520357e-02
-3.404373913280051012e-02
-2.756458093687725458e-02
-1.121564200408790499e-02
-1.071963124810742032e-03
-8.839163587208851564e-03
-5.225168153296556872e-02
-3.298872211039598212e-02
-3.005104620447524369e-02
-3.494052725857833830e-02
-2.228309540009743364e-02
-2.989566841321388002e-02
-2.286538250829707464e-02
2.153017168542185195e-02
7.000223918415207636e-02
1.274917331637931694e-01
1.469950565971905043e-01
1.655956759006105838e-01
1.501617790279428100e-01
1.575391687878343050e-01
1.583994675552087283e-01
1.761229183263628428e-01
2.105276794802935503e-01
2.160422865485649435e-01
1.933939944312424164e-01
-7.539687122628820071e-02
-7.467586393966832436e-02
1.030748246830791304e-02
1.231904057588034153e-02
-4.704842291481809574e-02
-1.009767709020690934e-01
-1.459023211233254902e-01
-1.676068808280274658e-01
-1.625404957547967044e-01
-1.314351706644528162e-01
-1.251903568868856786e-01
-1.218490356238228906e-01
-6.764829373789887912e-02
-7.369594434168094677e-02
-8.390397552673110881e-02
-5.805045062901137420e-02
-1.411427944161222636e-02
-2.014359650834860252e-03
1.013413263078005722e-02
1.248750057491632842e-03
-1.358384177372240313e-02
6.020242310764483892e-03
2.880088664394090531e-02
9.929599266220565101e-02
2.090051655730768010e-01
3.264679341608877627e-01
3.645786510249479639e-01
3.561604152142969770e-01
3.372326683355296728e-01
3.676566531059290432e-01
7.541947140679869377e-02
1.021002540457585234e-01
1.695600277391534627e-01
2.159487689840501046e-01
2.171449404718524545e-01
1.952940895703744184e-01
2.402982617294473489e-01
3.289044250687971349e-01
3.380668492507169498e-01
3.818189816550944804e-01
3.963673394989506993e-01
3.914598840056511264e-01
3.587149697519753655e-01
3.616047847119082670e-01
3.616771167446000135e-01
3.550226998551711532e-01
3.195229206119318821e-01
2.728886625315488090e-01
2.415359721053387254e-01
2.320488372451941228e-01
2.531459698106255374e-01
3.185912583881997939e-01
3.220451191272752367e-01
2.476150753036518992e-01
1.536626590909371814e-01
1.143795003089257134e-01
1.199165360625471660e-01
1.656665972358421779e-01
2.324494249529185375e-01
2.621216253455816991e-01
-1.951510756339979238e-02
-6.447092994506849195e-02
-9.592859728318794965e-02
-1.385301944774603444e-01
-2.300719171222441461e-01
-2.714881362484448668e-01
-2.536448565620434414e-01
-2.253978196494761388e-01
-2.360969629360689659e-01
-2.497326432346963498e-01
-2.672568875498352869e-01
-2.923912646753858979e-01
-3.110565767815811622e-01
-3.318861846821581918e-01
-4.020881311553733406e-01
-4.591796601512616594e-01
-4.538695132403664512e-01
-4.300740957743257042e-01
-4.810361692563572822e-01
-5.908531088960089495e-01
-6.629342296625012620e-01
-6.853301768599389110e-01
-6.842443866211088688e-01
-6.559485752055375096e-01
-6.522486652185985889e-01
-6.634704758819934822e-01
-7.158573507225322041e-01
-7.981762464309642979e-01
-8.314135957261229448e-01
-8.399855691575723871e-01
-2.846577963811745132e-02
-3.474989593051489023e-02
-4.636491982745821749e-02
-1.109950266104490213e-01
-2.051551511908320247e-01
-2.433818252495398848e-01
-3.085561188418789458e-01
-3.468183582531423337e-01
-3.883400303450759705e-01
-4.752600436751824864e-01
-4.971018245138014713e-01
-4.606614247379666738e-01
-4.530818518104422488e-01
-4.705258204199184169e-01
-5.552899663694480514e-01
-5.836315910987064370e-01
-5.787345054152661650e-01
-5.820129474010692361e-01
-6.002619186478803659e-01
-6.025659665316057678e-01
-6.041328736938071930e-01
-6.568698636395546853e-01
-6.750221021539770661e-01
-6.934869778207400914e-01
-6.955195910654196068e-01
-6.985157152821540594e-01
-7.121207847359590781e-01
-7.284894421897325500e-01
-7.395124721143918611e-01
-7.570646927746087496e-01
5.059809407579090451e-03
2.039227981917806493e-02
1.732446709546256111e-02
-9.733318853941189813e-03
-1.861011445469526460e-02
-2.318801580695275741e-02
3.603069296619698658e-02
1.497045023848251055e-01
2.420758344839523402e-01
2.269901873409950754e-01
1.830468830078141318e-01
1.584313273739625660e-01
8.322520333369554102e-02
5.182391419958410489e-02
5.108731204388691077e-02
1.359123684989398118e-01
2.809916889680946772e-01
3.808480894227799229e-01
4.382990242685058102e-01
4.664956286568754384e-01
4.036952559091844805e-01
3.332931517042686531e-01
3.398768678008157740e-01
4.379528257951564862e-01
5.565217390192129798e-01
6.938884098990345528e-01
7.659880263877001383e-01
7.783790058122616040e-01
7.906370327231597717e-01
8.348155168002134863e-01
7.299583193715618312e-02
1.364000813683335922e-01
1.772693519262621420e-01
2.008144267819062245e-01
1.850851719398058370e-01
5.407029383362302322e-02
-2.086570465571757627e-04
1.245356313204199900e-01
2.383602004906602567e-01
2.445917946984841329e-01
2.129236006264038084e-01
1.980114907532335988e-01
1.431212516752434216e-01
1.135134833868629289e-01
1.534886341635307017e-01
2.648585506920884680e-01
2.774085153582838692e-01
2.735107725956490432e-01
2.597086317944293232e-01
2.418581355668180111e-01
2.523965335090331275e-01
3.176765319087406780e-01
3.909151847994506435e-01
4.401369944372920950e-01
4.349534969828841580e-01
4.242105392321466328e-01
4.525709500112878314e-01
4.666727151412041197e-01
4.507881966093251758e-01
4.106667132547467958e-01
1.092053426910623119e-02
6.927065942794360942e-02
1.268424353271332961e-01
1.693004318550747900e-01
1.959720608317154222e-01
1.416076435111011667e-01
9.639923922179680083e-02
7.434495759997694631e-02
3.926076361214006494e-02
2.872538927940614106e-02
1.989250614502027087e-02
2.501912909310668662e-02
2.987959079579391788e-02
-3.529409761441646559e-03
-1.081359358576417656e-02
-2.906262774593095302e-02
-4.468562162400176174e-02
-1.099427794896479238e-01
-1.214820955671703090e-01
-1.004609519533739559e-01
-9.667451789589145972e-02
-5.615688858795201549e-02
-3.706559756160044544e-02
-1.196145638526545374e-01
-2.068093962978344025e-01
-1.888194016226060756e-01
-1.781645647831754109e-01
-1.842872413580114443e-01
-1.757455784010985289e-01
