-2.415919919446136155e-01
-4.463179753948303130e-01
-5.043546245154579832e-01
-5.125149040061809380e-01
-6.770638262394879092e-01
-8.153833790078397481e-01
-1.017794231326516918e+00
-1.353333990763513572e+00
-1.607361555807581110e+00
-1.774100351518161700e+00
-1.875670342088205933e+00
-1.918392434908795519e+00
-1.950710253421662044e+00
-2.040100353702418268e+00
-2.082106953533244376e+00
-2.145887691587911927e+00
-2.257308101702757419e+00
-2.295605959666936258e+00
-2.324406204748209692e+00
-2.342849183909812005e+00
-2.357505078983539004e+00
-2.315715547401172358e+00
-2.345063196787404269e+00
-2.322759887666821399e+00
-2.426784996827985097e+00
-2.621117477415010555e+00
-2.792724847889378470e+00
-2.854381656317838800e+00
-2.907460706944254181e+00
1.108862301954781392e-04
2.083568540550139250e-02
4.802270971921379639e-02
2.916055356358638467e-02
-3.095800155899094963e-02
-2.870946668849798655e-01
-4.304285109871479609e-01
-4.247320280206670629e-01
-3.762412472700059074e-01
-3.724173827121152192e-01
-2.785280693778596217e-01
-1.407833281587736740e-01
-6.852068734688310236e-02
3.091707081422088998e-02
3.128313362914624668e-02
-1.483244472332557323e-02
1.676126693380221300e-02
4.894317263810897545e-02
2.325014171607395555e-02
-1.667688479377221478e-01
-5.489173720186378835e-01
-8.329319604522045228e-01
-8.997705157504199969e-01
-8.279500546576399334e-01
-7.139711441500765643e-01
-6.383379076274203756e-01
-6.035488661720747050e-01
-5.972633287601049057e-01
-6.893595304443369542e-01
-8.283784618295907398e-01
-2.559466726826302163e-01
-3.422817274317334069e-01
-4.896069377717601201e-01
-6.727875592007431793e-01
-9.151475743475180336e-01
-1.141909321903890273e+00
-1.275128115128180140e+00
-1.321953961038342173e+00
-1.227595793987308115e+00
-1.201997861647213339e+00
-1.215842053230398179e+00
-1.178024185378311994e+00
-1.180945042275306500e+00
-1.222473271893560920e+00
-1.267509983818072117e+00
-1.280066535079900092e+00
-1.303793765837222729e+00
-1.286311987735079709e+00
-1.215844105421232779e+00
-1.175035235801694666e+00
-1.172080417509298256e+00
-1.230455473361696805e+00
-1.238195598223132965e+00
-1.272390359467239218e+00
-1.454492797257931569e+00
-1.415022032041358679e+00
-1.203345906767484319e+00
-1.100015337078289912e+00
-1.047985585203623504e+00
-9.835147032744625539e-01
2.504007283291806440e-02
1.090906610120020298e-01
1.721934069355146035e-01
2.928336043798431820e-01
3.420761995132088895e-01
3.619209168775262553e-01
4.029232954574768488e-01
4.360818198214687080e-01
4.436474423144069479e-01
4.573802418674661197e-01
4.701752260897537061e-01
4.191143615488061025e-01
3.517828647564232303e-01
3.494394223328839977e-01
3.519913677678379038e-01
3.606891859894235663e-01
3.635931841548739607e-01
3.902504408400301328e-01
3.737298487121329948e-01
3.332942194391628199e-01
3.007533100330966880e-01
2.448041185130941100e-01
2.275080515902345446e-01
2.352435385408878366e-01
2.587708009143745436e-01
2.225190163575415381e-01
6.864143076685122469e-02
-1.174535603166263209e-01
-2.430372970032516344e-01
-3.959296529896756955e-01
-1.286020240621001398e-01
-1.325497253806483255e-01
-1.610206046757391707e-01
-2.197294850338564753e-01
-1.937218783152817314e-01
-9.849731630857697096e-02
-7.085448438893886258e-02
7.526157816486953034e-03
4.643017425829851913e-02
2.756262018954096227e-02
1.051216855805610015e-02
-1.527201721307866467e-03
-2.686351100765935890e-02
-4.852509904151472431e-02
-1.920508663092479126e-02
-2.362692526825674322e-02
1.307939164033740387e-02
9.690334772023995180e-02
9.067324693999517793e-02
3.934369616845034834e-02
7.773593982650760237e-02
3.042236886295813236e-01
2.303379215433635774e-01
1.957418568281440452e-01
2.541950726360544532e-01
3.328061615763975301e-01
6.800163182411382845e-01
9.803038735410323223e-01
9.241872258158141396e-01
9.190488951148727548e-01
-3.238096277269569834e-02
-1.287279649592850683e-01
4.354343998467846699e-03
1.048657340519767028e-01
7.783846014147939585e-02
3.193039179977483905e-02
2.465360500615635525e-03
-4.816775893221313110e-02
-5.861530647015952833e-02
-1.222512485120036962e-01
-1.442107562949113686e-01
-2.318836782923764939e-01
-2.265824279075508429e-01
-1.596783725588962477e-01
-2.207884063501233673e-02
2.063152068492427882e-01
1.944783856950626499e-01
3.503091235887264565e-01
4.035832427346865980e-01
3.850268978636531836e-01
4.313689989873121244e-01
3.971718049607195766e-01
3.125024795902052177e-01
2.992697635695120706e-01
1.105925393068555307e-01
2.605757859473764593e-02
6.986460796252952354e-02
9.581796619763889578e-02
-3.903909982984392346e-02
4.104402444846431963e-02
2.238687805353382215e-02
-1.090624876305928970e-02
-2.111904479013891611e-02
-1.742956108121841707e-03
-4.318325924180926173e-02
-1.205269082644578882e-01
-1.770222226973311441e-01
-2.774798214541454033e-01
-3.369967234879898133e-01
-2.994586800982778629e-01
-2.377665931255470988e-01
-1.654170348441423022e-01
-1.209171085515900468e-02
-1.503023033183484118e-02
-7.131814272577852165e-02
-6.648567650831754827e-02
-4.329966708958518651e-02
1.188531252907627789e-02
2.562216355789947997e-02
-3.421471859540081706e-02
-7.919440050130110986e-02
-4.029994071747399625e-02
2.161970138356714144e-02
9.392755821205174549e-02
1.139999718627201786e-01
1.126062685658475032e-01
1.677863994032531003e-01
2.188639595626988565e-01
1.884663820595532113e-01
1.375882935345946745e-01
-2.810422006077231954e-03
1.306790875477336911e-01
1.338269270504081898e-01
7.176064715951163686e-02
6.549536048397532062e-02
8.317616433029229039e-02
8.473689172353772447e-02
8.601549677117614756e-02
6.598615999242912755e-02
2.196395918743044434e-02
-2.231899628322775442e-02
-2.577953661894973048e-02
-7.087428030010822777e-02
-1.372192925963787169e-01
-1.462714419080989314e-01
-1.786349192806918895e-01
-2.796054956576337069e-01
-3.007492369851428871e-01
-3.258542456133597942e-01
-3.960301657605241332e-01
-4.756161564620302595e-01
-5.448572495223238388e-01
-7.150053003398616491e-01
-8.402789455236427951e-01
-9.184071559885005342e-01
-9.686804833418199978e-01
-1.046529431148114808e+00
-1.058359640765648146e+00
-1.024072211778271013e+00
-1.009363213719447705e+00
5.349578291601092030e-03
3.936681993518358763e-03
-1.609550450239093794e-02
-7.732017757241210765e-02
-9.707113192963089110e-02
-1.016294939880453413e-01
-1.133302463030013835e-01
-1.225169950228304216e-01
-1.163570647931412710e-01
-8.792256397818491720e-02
-1.274908445591951822e-02
5.522287712190654396e-02
1.376989110599834143e-01
1.754115050338831971e-01
1.899050770407928468e-01
2.093938408699260179e-01
2.056904677522782554e-01
2.332731416662248980e-01
3.154656645445861329e-01
3.154372926968750379e-01
3.298503074260406565e-01
3.463138751088732370e-01
4.042567301914447575e-01
4.512516748236595210e-01
5.775551518497602510e-01
6.029465099790966010e-01
6.456854121780120082e-01
6.758551815398279317e-01
6.812471275626582612e-01
6.695342295065702665e-01
1.475264660027082383e-02
1.757736886984649291e-02
1.191800261088463153e-02
3.081007825781421905e-02
4.945401983084248693e-02
5.022688752260683759e-02
6.545559279126945962e-02
4.138513247665555339e-02
2.226565004955146504e-02
5.822685049969451854e-02
3.925834950943961343e-02
1.809735114639687836e-02
2.956265817352277808e-02
4.287692879855619504e-02
3.873432745862770421e-03
-5.208337141601919462e-02
-6.687143434163554667e-02
-5.125759128956965116e-02
-4.352730298794672825e-02
-9.117661340101007594e-02
-1.231802087846465277e-01
-1.582559701802925545e-01
-2.622206210692994421e-01
-4.182772236389688536e-01
-4.464737742674699250e-01
-4.557855238442007351e-01
-5.107601187852731650e-01
-5.199051754927326296e-01
-5.389954635835991770e-01
-6.236773911899379241e-01
-1.421983912118447192e-02
-1.703113026550237552e-02
-2.244498430493309382e-02
-4.328824678842507767e-02
-6.514253580565212975e-02
-1.153161858658667271e-01
-1.386834206685648718e-01
-1.300459017254773364e-01
-1.278945312437695103e-01
-1.428380840031096555e-01
-1.912638854011702305e-01
-1.518167900432879081e-01
-1.183661768198972508e-01
-1.075307734686678091e-01
-7.641584736194394212e-02
-3.280483663194023319e-02
-4.176854850594099999e-02
-4.627509682810362207e-02
-4.741659314951603837e-02
-3.179859110324959048e-02
3.005194366318898747e-02
5.753712348511287600e-02
9.113693078981079110e-02
1.102609911747628457e-01
1.227176375132279229e-01
1.426098171692657957e-01
1.895614308372591816e-01
2.010653178957057530e-01
2.664004473110369031e-01
3.081481718952495674e-01
-5.522530994574083134e-03
2.660742840714607101e-03
4.321178576212826583e-02
9.895025285815033100e-03
-7.914323086074086244e-03
-4.489071729846857289e-02
-4.752183090044778679e-02
1.190706600952735200e-02
4.121018298945372527e-02
6.409819876914077397e-02
1.227220774158316596e-01
1.098588826712596778e-01
8.289982140871869631e-02
8.499125142593925986e-02
7.908427972516914040e-02
6.638789000517826555e-02
7.689482222127660971e-02
8.323917416690504445e-02
6.422628942388444728e-02
8.003825660808287779e-02
7.347265379185446976e-02
5.808496566139237371e-02
9.587485385033310548e-03
-1.074494306434893021e-01
-2.031233160178875508e-01
-2.634250823994335189e-01
-2.498057839949939241e-01
-2.283790115880456051e-01
-2.289751462687167061e-01
-2.590450428774719871e-01
-4.695110907644979570e-02
-6.381921503041891597e-02
-8.429351711578798867e-02
-9.789919028710926396e-02
-1.403396876911430224e-01
-1.887875615388509842e-01
-2.780175730477614793e-01
-3.856780735598999699e-01
-3.975734281133803116e-01
-3.986639061970830289e-01
-3.991143744343505495e-01
-3.977025799425710217e-01
-4.109042251976208759e-01
-4.207445450911370677e-01
-3.804094231995148734e-01
-3.016229567800913225e-01
-2.833082556837190902e-01
-3.159780816127331637e-01
-3.456104778614212947e-01
-3.973924026303881640e-01
-3.503383294474879395e-01
-1.571723360930934454e-01
-9.854811464105694974e-02
-1.127023302267992078e-01
-1.593886739538919461e-01
-1.713346685409921355e-01
-1.510327303570081769e-01
-1.718406801726705124e-01
-2.948902697625025993e-01
-3.806858887406888159e-01
1.775898473177709228e-02
6.820685544403570777e-02
8.374492426740451356e-02
1.097343294894665700e-01
1.398894620725239790e-01
1.520733370802017370e-01
1.690068213022687116e-01
1.769105678706373586e-01
1.790195801828486921e-01
2.171387345458408724e-01
2.090608407192586227e-01
1.701701626346621421e-01
1.570677344781880314e-01
1.543670730297653226e-01
1.693476577508910841e-01
2.230773639770896044e-01
1.876923405828872793e-01
4.506823527699910237e-02
-9.538339973400714045e-02
-1.697261675558661143e-01
-2.485842625607160850e-01
-2.896512046853779720e-01
-3.390854714267619308e-01
-3.972379476212950511e-01
-4.503009308522081255e-01
-4.902786042607214512e-01
-5.012537092605655609e-01
-5.267310954865711548e-01
-5.372297475012959289e-01
-5.563840542214424367e-01
-7.263440636682078934e-03
-2.030046836893070403e-02
-2.427647428805280311e-02
-3.231573675808240703e-02
-6.870536761932477532e-02
-1.077727384771497432e-01
-1.354196410830429687e-01
-1.372803755906062684e-01
-1.313988515645030941e-01
-1.383451599925098474e-01
-1.748244612571495660e-01
-8.649409828525002342e-02
-2.160672021237679263e-02
1.782638199406374330e-02
2.172633197348613349e-02
7.540794744492956836e-02
1.321414278743581472e-01
2.288265243826962392e-01
3.492357823738770906e-01
3.865853476330556870e-01
4.381675501488648816e-01
4.986930955973311042e-01
5.328695979366716573e-01
5.814115461253519523e-01
6.861056373860519031e-01
7.529803907662383500e-01
7.665949572356751673e-01
7.687225696716041279e-01
7.616059888377316733e-01
7.835500639501440379e-01
-2.704492708584882790e-03
-3.656415273630168883e-02
-7.228758112725434948e-02
-6.309757609590910254e-02
-3.321969236154509453e-02
-2.882383703559045912e-02
-6.791921605932470241e-03
1.935831403428362255e-02
6.297979215038780609e-04
-1.521445482751047212e-02
-4.155995129879175298e-02
-5.094789158751414360e-02
-6.369232234098362588e-02
-7.650724993034213606e-02
-1.202122196054719039e-01
-1.686310787931889488e-01
-1.846310232827947095e-01
-2.256776252278523687e-01
-3.096978125210979593e-01
-4.897600739304829309e-01
-7.247658011672839518e-01
-8.486053562870218281e-01
-8.863117061923525553e-01
-9.627196489987950301e-01
-1.043936377004710758e+00
-1.049267584372397311e+00
-1.014289235153159385e+00
-1.008375058944042557e+00
-1.011642035706534548e+00
-1.017944225656203239e+00
-1.736862304636032500e-02
-1.541181951055665272e-02
-3.988320787324127481e-02
-4.316553167706758259e-02
-4.468106766109573857e-02
-2.395280424007437819e-02
-2.230049995687520201e-02
5.711034143118971784e-03
4.314986879665388270e-02
6.781180272553799515e-02
6.735132106782402983e-02
8.297334290136103296e-02
8.821594140821657770e-02
9.282657771637187194e-02
1.191549074582995416e-01
1.632987633372335601e-01
1.782275528267407427e-01
1.992470020670240594e-01
2.579870126664906560e-01
4.129297894149941417e-01
4.701997253940550792e-01
4.995288997133597308e-01
5.489895795112960108e-01
5.900323173569012036e-01
6.459937104760876680e-01
7.735533667262753932e-01
8.214038687204331390e-01
8.490832268602177546e-01
8.901258258555140301e-01
9.338102701840648168e-01
-1.042292898651696505e-02
-3.667641911837443702e-02
-4.714256985297091834e-02
-6.049001329009415229e-02
-5.659844770617897258e-02
-4.300669828917488141e-02
-5.433269109451238643e-02
-8.154808124829013294e-02
-8.973244136506587643e-02
-8.164821142579031799e-02
-1.246769481664245782e-01
-1.838389161179889153e-01
-2.550215211732567155e-01
-2.622807948510011977e-01
-1.955641683132528508e-01
-1.723885496932702488e-01
-1.994772546493336907e-01
-2.199620992010828113e-01
-2.464707229976029479e-01
-2.746280189439951336e-01
-3.475077219497789693e-01
-4.133605589694828164e-01
-5.171905194100933079e-01
-7.020416371962450164e-01
-9.184605214288277253e-01
-1.061509389812771209e+00
-1.256005627336046260e+00
-1.355768165146939097e+00
-1.302841773731324704e+00
-1.210759162887232510e+00
-9.352355405974439526e-03
-5.821126505494540054e-02
-7.261102467143609740e-02
-7.374412097646772246e-02
-8.343233943212371995e-02
-8.720297018426134694e-02
-1.252293593591598531e-01
-1.008095762101260950e-01
-5.072517896251702019e-02
1.122936432549535152e-02
6.930024729637923597e-02
1.043534957749003289e-01
6.037143878254490337e-02
-1.020476552699979556e-02
-5.238417075515752752e-02
-2.138510080179464520e-02
4.035400812889761157e-02
1.650704858891434701e-01
3.720637258089627419e-01
4.406703140875825597e-01
4.492169339465175160e-01
4.428345181933391328e-01
4.647019047345420373e-01
5.242709321863439076e-01
5.651802868815554159e-01
5.672543392349592706e-01
5.846169481769818432e-01
6.049608543624671597e-01
6.889856780585780216e-01
7.302700672939009818e-01
-8.537920901868315329e-03
-2.789027552110556751e-02
-1.417976287263693520e-02
-5.746781257739846244e-03
-9.753168187064002737e-03
3.477103682938436496e-02
1.272946720490979455e-01
1.290091719953838367e-01
1.212429604659215759e-01
1.082922778926064949e-01
5.052638737839017929e-02
-8.581047670597016785e-02
-2.041598104025870719e-01
-3.108744063856030970e-01
-4.370759785627194027e-01
-5.117088974998010853e-01
-4.915166469640509517e-01
-4.242736085063542051e-01
-3.945560171209347988e-01
-4.540751676763662426e-01
-6.148891137557008779e-01
-7.751802721132422525e-01
-9.510660714950025518e-01
-1.148312020697864977e+00
-1.358471162720197078e+00
-1.427128280201349186e+00
-1.422581689501069446e+00
-1.364817162951105889e+00
-1.268635259913761359e+00
-1.152787936796388468e+00
2.318511011913936947e-03
-3.779551481615680414e-02
-9.374491965434161855e-02
-2.089398277986045938e-01
-2.882870376743544849e-01
-3.066864951108402293e-01
-2.590776745376030532e-01
-1.492115525323565450e-01
-1.009774796683121090e-01
-8.999163821125084894e-02
-1.155877230094515540e-01
-2.014456747041312168e-01
-2.387012473991023953e-01
-2.142655332246889976e-01
-1.654940702376216377e-01
-6.343034088705627738e-02
3.619151059981569329e-02
9.955090859663577596e-02
8.526660046784706459e-02
8.116316595272485279e-02
1.308523585510616150e-01
1.829284600093491198e-01
2.983773754576446446e-01
3.942015772486043845e-01
4.879429805751870353e-01
5.359236892756434889e-01
5.684583051199898485e-01
5.969770099473298286e-01
5.818628561682365197e-01
5.560117871117221666e-01
-1.231950293194312290e-02
1.348290299974450740e-02
1.018056402034850094e-01
1.829654609837067514e-01
2.298887184986870835e-01
1.798400924460523409e-01
5.160080843948286478e-02
-9.942599114846167874e-02
-9.836347739650873334e-02
-9.510674339718146186e-02
-1.257937923215667331e-01
-2.106103762228201948e-01
-2.603154958536534891e-01
-3.398874915930729657e-01
-4.484327947713511731e-01
-5.722355113208328348e-01
-5.868043367169644142e-01
-5.984995504442823799e-01
-6.039507302735075411e-01
-6.264345750049813422e-01
-6.346518334279459550e-01
-6.675949420200225637e-01
-6.778378570508974965e-01
-7.033960015075243488e-01
-7.095374742862420314e-01
-7.060939562500678779e-01
-7.088784629211872801e-01
-7.076258746984048775e-01
-7.155889785873416065e-01
-6.325889035467969768e-01
2.989951758062510748e-02
2.104881175754728939e-02
-9.839792033700174578e-03
-1.960583722905511611e-03
6.312429107778746995e-02
1.473611595689136022e-01
1.918842591956881061e-01
2.718819901733418032e-01
2.815108095340262406e-01
3.370314786893932046e-01
3.613889299369474895e-01
4.142474939673677636e-01
4.624123436901061979e-01
5.569961990526821616e-01
6.220380258484591307e-01
6.719298990988114006e-01
6.767895111779863582e-01
6.678709161711194886e-01
6.489493061061784029e-01
6.402835304638846425e-01
6.401721471977687150e-01
6.198334120306980832e-01
5.623682081268442934e-01
5.058915889351894846e-01
4.355548698035189847e-01
3.534068852837093377e-01
3.428427129718397137e-01
4.034656226099864740e-01
4.625334688213154632e-01
4.829909356200212112e-01
7.521253211205722496e-03
-1.450313727481430254e-02
-8.348280767609347897e-02
-1.668949574953999537e-01
-1.666745106641955021e-01
-1.385385672437010052e-01
-1.654423561359066874e-01
-2.029913317608721957e-01
-2.209621998817915822e-01
-2.554508638601746817e-01
-2.840231173414254351e-01
-3.030770796148639645e-01
-3.168648203114627915e-01
-3.265696913857020212e-01
-4.152264087722534747e-01
-4.736955411277533612e-01
-4.816961231567199464e-01
-4.601500573940860428e-01
-3.519127958349048124e-01
-3.538377264633510988e-01
-3.443609088996805734e-01
-3.487714982701277111e-01
-3.314986421912923253e-01
-3.002439368018549049e-01
-2.433547185876024921e-01
-1.447391419741541341e-01
-1.033649674018507908e-01
-5.733781190054472454e-02
-1.123057062421825569e-02
2.613653605055034357e-04
9.794711310508718780e-03
3.423893785164536241e-02
5.569755435094676799e-02
8.109606862525747806e-02
1.194227273997023053e-01
2.350559608848850623e-01
2.861910028313321419e-01
3.053986749571602211e-01
3.480359481778705355e-01
4.099550824771882040e-01
4.601201261021385935e-01
4.875242313351378920e-01
5.181935579319488783e-01
5.173539019743078615e-01
5.217835694707237959e-01
5.093079547693407649e-01
4.978213313609831658e-01
4.996377334448467988e-01
4.991431728193109207e-01
5.094698164505124804e-01
5.243378698967088303e-01
5.113846314068835053e-01
4.587494092169973059e-01
3.790155009742578462e-01
2.868599521894424909e-01
2.408456213506726951e-01
1.927652238229592974e-01
1.745161512233904255e-01
1.625481380631924044e-01
1.176089127746789142e-01
-7.897247826152173356e-02
-1.715434428646001597e-01
-1.716037631998305613e-01
-1.884743997998171994e-01
-2.513002505254295915e-01
-2.591289850688539564e-01
-2.720857836296662891e-01
-2.763895752938925199e-01
-2.938458236751379515e-01
-3.095792178580158982e-01
-3.455302928592579592e-01
-3.552350747485880089e-01
-3.545262996037281678e-01
-3.657632106885258527e-01
-3.879291095285464230e-01
-4.143605456672279086e-01
-4.187855661278245267e-01
-4.150516579602852585e-01
-4.105645455244916753e-01
-4.102758867105228968e-01
-2.861761326518802440e-01
-1.998140027540700747e-01
-1.656146436759942109e-01
-1.562966852360294645e-01
-1.509128804966896331e-01
-9.624123464263745209e-02
2.149398002260116680e-02
1.349935207002036230e-01
2.002499773900443536e-01
3.465250085893196719e-01
4.705560933223059544e-02
1.597645853936762728e-01
1.897451880778578404e-01
2.110086865731821970e-01
2.308424434708409301e-01
2.383815736068910229e-01
2.089507052084906558e-01
1.549305454887676958e-01
1.510631908731616402e-01
1.838024443112769579e-01
2.561891075895132430e-01
2.989384174986065568e-01
2.876100034761722712e-01
1.988634426760887974e-01
6.643419406338799127e-02
1.742257404572199186e-02
3.918933777372916871e-02
5.615692042229514236e-02
-1.699544094084699808e-02
-7.786692245783533028e-02
-1.297098483425055404e-01
-1.952339819450701341e-01
-2.307405904513564199e-01
-3.368196155659627378e-01
-5.582251469288763701e-01
-7.454646930960696638e-01
-9.330210243977161699e-01
-9.047595656168304634e-01
-8.252498975588676844e-01
-7.788720583136907738e-01
2.044053563418432237e-02
1.486793269688941981e-02
-1.667590321795713038e-02
-2.589400115978805067e-02
-3.037305989869296119e-02
-4.902469131958264725e-02
-5.266883292223542568e-02
-4.840688151428750030e-02
-6.020862090222606905e-02
-7.776719207905558040e-02
-3.472898026472780869e-02
3.027568062736602644e-02
7.906745978536824926e-02
2.992233437475594338e-04
-1.340240191204521980e-01
-1.330004187813517147e-01
-2.546828162695487230e-02
5.475732152205947667e-02
1.713073972531238831e-01
2.865854593264254291e-01
3.752041506640738655e-01
4.729821059437188668e-01
5.896916017378344144e-01
6.284372530322980266e-01
6.636575597451461750e-01
7.310460546601219578e-01
4.995539100948790945e-01
2.735330727501583681e-01
4.033827972351207714e-01
5.673013579253798344e-01
1.707228796656468095e-02
7.682952947535978683e-02
-9.202631330349383965e-02
-1.704973238938759517e-01
-8.033504886638560827e-02
-6.070091354950842011e-02
-6.496355517861912565e-02
-6.620901071805980476e-02
-9.441738264961696547e-02
-7.549007855243622389e-02
-8.764978895876425480e-02
-9.640641663453876353e-02
-1.157761433535198503e-01
-1.455093013084695630e-01
-2.685585124354321063e-01
-3.328158940593688442e-01
-3.832314385268050239e-01
-4.324140906833714437e-01
-4.374633681669828356e-01
-4.448524602585974819e-01
-4.500801994168312503e-01
-4.978509599811723474e-01
-5.148896364377952839e-01
-5.459676151417528489e-01
-5.630958122924454301e-01
-5.639977168953954623e-01
-6.058407337634913459e-01
-6.379957686863371169e-01
-7.445907393729407353e-01
-7.971690454977796714e-01
1.440217037982856330e-02
2.124461295546261480e-02
-4.671433494891560206e-02
-7.984401268674511110e-02
-5.017487085280160353e-02
-2.475548208756237628e-02
-2.517777615926642537e-02
1.923675897266926421e-02
1.773612187926612849e-01
3.282976934585398743e-01
3.757213091165322316e-01
3.916980720535627736e-01
4.228948367890689175e-01
5.074394421247686582e-01
5.869199784301182277e-01
6.187879732234843333e-01
6.480540045410499994e-01
7.447818310339832104e-01
8.391910969861926528e-01
8.923551890678915743e-01
9.119620339369787221e-01
9.424620483287154959e-01
8.969601554302144564e-01
8.997545890540851188e-01
9.482347244329178970e-01
9.737473171640138592e-01
1.014493074857191202e+00
1.002698572314089098e+00
1.044556239735972891e+00
1.118964488651216227e+00
8.587643440234297857e-04
-6.819705747185614286e-03
-2.565896620554137392e-05
-4.670638591486980101e-02
-6.566443410545916293e-02
-8.144713946674789207e-02
-1.150389559705185805e-01
-1.828205276236284926e-01
-2.078186957153865810e-01
-2.429250110341333035e-01
-2.646467993111748518e-01
-2.552789820562795797e-01
-2.633364074423761858e-01
-3.064783968863025176e-01
-3.697352630072068269e-01
-4.809867162290494824e-01
-5.944102815509624271e-01
-6.905885367970724387e-01
-7.492213008917425476e-01
-8.021828785719918864e-01
-8.952296086315153500e-01
-1.020055076386692905e+00
-1.039141382346209674e+00
-1.038001100882073313e+00
-1.025271701337027608e+00
-1.042180710826200229e+00
-1.045465597179358275e+00
-1.064184654684220854e+00
-1.114978631314017532e+00
-1.201142774141229275e+00
1.883241789812837783e-02
7.371551508808014963e-02
1.557329102401134313e-01
1.692480284578600502e-01
2.134047722289436344e-01
5.756410426933366020e-01
1.076988124057822738e+00
1.280139069129982987e+00
1.379729147467260830e+00
1.433343479873201209e+00
1.361707375751527671e+00
1.322136193180881936e+00
1.373848347895446631e+00
1.418368133462705849e+00
1.420984174191501692e+00
1.418841370697159654e+00
1.454042395152638001e+00
1.481714718094904848e+00
1.492699888835279376e+00
1.493671783062963998e+00
1.486891403833342729e+00
1.478206948303412593e+00
1.493436411954031984e+00
1.492646883764187971e+00
1.486475061439658463e+00
1.471612140114500811e+00
1.452088964851802722e+00
1.439805673854972712e+00
1.431341939578251177e+00
1.415310059365511464e+00
-4.707756714648320129e-03
-3.301010957788030886e-02
-7.219249309172404150e-02
-8.108054972919970238e-02
-1.380229371963420659e-01
-1.566833885058925291e-01
-1.818116850470362922e-01
-2.281383988085766423e-01
-3.596467502065533450e-01
-4.387444398250507915e-01
-4.478492450754407717e-01
-4.375457258228811486e-01
-4.533924764050065170e-01
-4.796163908662989250e-01
-5.318638476097277135e-01
-6.284794548899792499e-01
-6.731873150186969967e-01
-6.516779752829808814e-01
-6.713415219879229623e-01
-7.096504841111523909e-01
-7.554588699978671551e-01
-7.787694534146897274e-01
-8.163041580975486378e-01
-7.626968212392599700e-01
-5.863589206799271203e-01
-2.834402540760864730e-01
-9.661636383354729740e-02
-1.553689592871193570e-02
1.049068085563341218e-01
2.657759789193057109e-01
-1.067641381732177194e-02
-1.234629455066395265e-04
1.704006234519302165e-01
4.091010079877366867e-01
5.023206208971644493e-01
4.985093386540487281e-01
8.221945161031691818e-01
1.186417561034611712e+00
1.355644266611913062e+00
1.362506616780908564e+00
1.298072194893785003e+00
1.299380701312304431e+00
1.378110726044961876e+00
1.371112729995437762e+00
1.378976099944338563e+00
1.375817839853441749e+00
1.291182454116847067e+00
1.258847116648268871e+00
1.252521122133756659e+00
1.207371642019837044e+00
1.111364716454754431e+00
1.058956106976773004e+00
1.013441928530554037e+00
9.714089206721409075e-01
8.980424119545803441e-01
8.615595588700927232e-01
8.153684208081758422e-01
7.702876687726336602e-01
7.247363425415792593e-01
6.599148523744755579e-01
-5.632538702553643167e-02
-1.440500700605397144e-01
-2.310840782480905187e-01
-3.654005719969527499e-01
-4.418888056597675695e-01
-5.346257496171541446e-01
-7.257165575023756254e-01
-8.321113023843794698e-01
-9.251853243792480530e-01
-9.834002010922863191e-01
-1.015859674545036118e+00
-1.099415572748907000e+00
-1.140849964028761487e+00
-1.149162832164399850e+00
-1.140019763669532837e+00
-1.179840209527742934e+00
-1.183415601346983426e+00
-1.197609632006393365e+00
-1.191034019186488546e+00
-1.192373014261822961e+00
-1.157981217265364737e+00
-1.106595824180796939e+00
-1.101068581659594425e+00
-1.146953808313421197e+00
-1.163949382052842596e+00
-1.167331652544104204e+00
-1.132173075136055251e+00
-1.013667361124856559e+00
-8.845853390511447811e-01
-8.107325129712772416e-01
2.063047192496499441e-02
4.633382693798648866e-02
4.763801011532465407e-02
3.001690250282833608e-02
-2.834109268274495261e-02
-1.641660477915828434e-02
9.924803915851005548e-03
1.721411101679561073e-02
3.060880620503758989e-02
3.812546015976066294e-02
1.121901033905014500e-01
1.165212144550760998e-01
1.286297981981638361e-01
1.371519487955329686e-01
1.248663616794781078e-01
9.388058704552701417e-02
5.278121987115371588e-02
5.602260140292888296e-02
8.147830290118843188e-02
5.379057692436258614e-02
1.766825323223508021e-02
-1.226834638271763131e-02
-3.377735447844732591e-02
-3.165365625808500005e-02
-1.093104681454708585e-02
-4.266054917033254568e-02
-7.100861344186823465e-02
-8.638468953180075682e-02
-9.017913112381244212e-02
-1.202270591699342306e-01
-5.945761721935983318e-02
-1.338174262055310537e-01
-2.050370299569785615e-01
-3.695946242800319803e-01
-5.351932755815045351e-01
-6.255121844843998247e-01
-6.514918463567797025e-01
-7.288376191748113797e-01
-7.883041124484199136e-01
-7.810850573174887845e-01
-8.516526616441544295e-01
-8.510536639858445884e-01
-8.398418774513948248e-01
-8.499639957723346129e-01
-8.459330529416630995e-01
-6.889849695188221546e-01
-6.014706926193755798e-01
-5.553061121658895427e-01
-5.382504468842934653e-01
-5.045520059450131489e-01
-4.921151437653539240e-01
-4.336595412941240957e-01
-3.494675657196206209e-01
-2.369314957910595432e-01
-1.623364112949547411e-01
-1.808529543268267425e-01
-1.575579127155521952e-01
-5.200061897244226405e-02
5.664104861446994654e-02
1.269834379036143823e-01
1.754412694474247192e-02
3.197723447491983284e-02
2.453715159698621404e-02
3.102883029086411087e-03
-1.440217409871398860e-02
-6.011545470138425495e-02
-6.271591454596492365e-02
-7.519663872781674752e-02
-7.737786669238297388e-02
-7.701882867305491487e-02
-6.575742118306858452e-02
-6.178826393958066626e-02
-1.009010042487591408e-01
-1.766657800704869996e-01
-2.295671237977254531e-01
-2.906702520122180777e-01
-4.026269231474465249e-01
-4.717522205701870086e-01
-8.541307794118848662e-01
-1.581042674612322729e+00
-1.887777875073989087e+00
-1.698947848498528090e+00
-1.774357493963507837e+00
-1.849507387187947938e+00
-1.819899721463903441e+00
-1.992665500346432417e+00
-2.231984606576111307e+00
-2.166873012585068814e+00
-2.189770730020544676e+00
-2.290704069052746927e+00
8.268939221679018348e-02
3.350129369843443672e-01
4.416591202358779444e-01
5.612996254218245440e-01
5.817888735363392350e-01
5.410741482505732058e-01
6.093724472406079062e-01
7.042082269161576979e-01
6.772320293444652473e-01
5.821572972729234241e-01
6.975043763512450701e-01
7.867174342249783070e-01
9.376262270600226323e-01
1.117308729845742032e+00
1.207554136561133751e+00
1.339483314083457000e+00
1.435133401670537934e+00
1.547303766841756856e+00
1.630902818550849620e+00
1.680524776571944878e+00
1.674207032120312855e+00
1.683307647173483135e+00
1.668037564592356192e+00
1.669840598054743053e+00
1.685087549449445721e+00
1.725674731283368013e+00
1.741881693948798215e+00
1.728255349640196004e+00
1.725567541569705821e+00
1.710181665052962430e+00
-2.266407608666147142e-02
-7.311072458645571925e-02
-1.738656849460724629e-01
-2.798889013783223967e-01
-2.977338165796179492e-01
-2.933004748944200157e-01
-4.026295541552089019e-01
-6.024550354115498774e-01
-7.270628458148857831e-01
-7.700924389988214047e-01
-7.712274174570395990e-01
-7.745643400503952059e-01
-8.374278182297308915e-01
-9.701425380092210116e-01
-1.106882269955951514e+00
-1.205394976550534070e+00
-1.220036147505614066e+00
-1.286813525732880548e+00
-1.388687994326760489e+00
-1.522817101793195516e+00
-1.567750736309771575e+00
-1.573354600897384437e+00
-1.583375072999436695e+00
-1.581932501431031701e+00
-1.582011400127125045e+00
-1.578612547226285967e+00
-1.452287911262600373e+00
-1.261796932355343293e+00
-1.350361037110560769e+00
-1.366169389381815646e+00
9.611896099295080820e-02
1.734170873301203453e-01
2.888813201614801596e-01
5.924115019674669469e-01
7.349156093580837545e-01
7.712788954379242723e-01
7.300655190629414815e-01
6.451978099029789249e-01
6.352486565227997151e-01
6.682518638004875111e-01
7.152014374675141894e-01
7.987936753086192221e-01
9.083898490457300579e-01
1.009510734351898531e+00
1.118666760291367135e+00
1.201900432114090034e+00
1.282112320317969401e+00
1.289115974630050676e+00
1.268193339253120389e+00
1.235148736729118513e+00
1.272064257238814555e+00
1.286097324664144947e+00
1.257000932408021132e+00
1.155312025743538751e+00
1.138992565026374582e+00
1.093462261783100242e+00
1.042003927775575045e+00
9.428363072889937024e-01
8.085354923703462759e-01
5.490024868667673363e-01
-2.365765465305372239e-01
-4.363503317997818876e-01
-5.785002022844294434e-01
-6.556006985133170373e-01
-6.726301764536155581e-01
-6.689310168020812242e-01
-7.219784477495677644e-01
-7.571773198302157448e-01
-7.559113884555265228e-01
-7.697784524645564508e-01
-7.948882132095055342e-01
-8.331448884964745005e-01
-8.334368289499658466e-01
-8.148667278287795579e-01
-7.836682818404261397e-01
-7.539490119119943712e-01
-7.119905887505446618e-01
-5.838176027613718455e-01
-4.736700301676808889e-01
-4.269854602185172987e-01
-4.323023065716923852e-01
-4.148448819252752995e-01
-4.314651275851242862e-01
-4.382823569851410084e-01
-3.329253420427630838e-01
-2.985324744236684258e-01
-2.157257323906465740e-01
-1.255041315325061968e-01
-5.611225843880306152e-02
-2.702822910545178356e-02
3.536960375832885663e-03
3.846064104262855894e-03
2.871993199974041955e-02
1.493141290552616775e-02
1.203199841800585597e-02
8.676428868979671472e-02
1.114509981602730126e-01
1.136554004044478122e-01
9.780816396539118718e-02
9.571436063745325518e-02
1.147734602728644193e-01
1.267225933131494453e-01
1.126963609804367689e-01
1.213507439330709509e-01
1.123486634462638328e-01
1.015767755422050944e-01
8.012544946615746122e-02
5.136515489379651911e-02
4.988060436703768002e-02
7.137266866714442326e-02
8.666388262270972864e-02
1.049413123015302263e-01
1.064147119919901657e-01
7.546545181492508858e-02
-3.710216291000412170e-02
-2.862245840065411606e-01
-4.110245209206539463e-01
-2.918397174048782405e-01
-2.307225536773728769e-01
-2.882010703300462717e-01
-5.845217933973447660e-02
-9.444670802796083231e-02
-1.564982917696413345e-01
-1.898236549680187846e-01
-2.167427559436212736e-01
-2.564695517379600442e-01
-2.504077864784348129e-01
-2.315998612113201738e-01
-1.762097877025471382e-01
-1.459907556525420758e-01
-1.345400043564052572e-01
-1.367481100601206923e-01
-1.593647564241016668e-01
-1.030949102756639757e-01
-4.860595225407921688e-02
-4.147457772119848840e-02
-6.655236227036678831e-02
-1.220623738753969095e-01
-1.147629090327187962e-01
-9.088492307298026707e-02
-8.694527844709293296e-02
-9.217275474277178415e-02
-4.887963264078676318e-02
3.564457999935810584e-02
9.129532263816288185e-02
1.183467473176541274e-01
2.002781077472616245e-01
2.078857817615113734e-01
2.017711496603605548e-01
2.336698278106764115e-01
1.695336740028554820e-02
3.918690841912507439e-04
3.520889424450213134e-02
4.729810290453854982e-02
7.411870273576490198e-02
1.162320541732417695e-01
1.483659448525862234e-01
1.780083236508460953e-01
1.596155472736332237e-01
1.107625986214016700e-01
1.086434260324156270e-01
1.158473432383403667e-01
5.438686920054747187e-02
-4.188652264334724595e-02
-8.843044683206091605e-02
-1.049975429582034880e-01
-1.248909370009261000e-01
-1.710869152868025322e-01
-2.470969062814719619e-01
-3.497616446687364933e-01
-4.613903550807452736e-01
-5.300484206179585378e-01
-5.426935561806679464e-01
-5.657406262773994055e-01
-6.012006533104287120e-01
-6.544275579958689359e-01
-6.825815710280301873e-01
-6.893252118775160531e-01
-6.937827313600006818e-01
-6.810847981082556180e-01
-1.965381892499714137e-02
-6.612089923960824678e-02
-3.577468191520500468e-02
5.313643499824353272e-02
8.346011157059547714e-02
8.366908748754302294e-02
8.509243977389581437e-02
3.202192944390226947e-01
6.128753196926910451e-01
8.091013172693897193e-01
9.811206638540072023e-01
9.801450404300130481e-01
9.716281068126279008e-01
9.903370892884539867e-01
1.035636164692121053e+00
1.061283381235046175e+00
1.148855518512926555e+00
1.176991030727375209e+00
1.246067172486369223e+00
1.290021097782248383e+00
1.308600765440298019e+00
1.304911517262265841e+00
1.312906115222758130e+00
1.311443721094695869e+00
1.317177407558165703e+00
1.321393610939898933e+00
1.350216955083226811e+00
1.348077847533029949e+00
1.308808780366054414e+00
1.313221130311021723e+00
1.123170572494942149e-02
7.352401806536534856e-02
7.385685475213109308e-02
5.880584066745705996e-02
2.440588972771122467e-02
-1.216424185896791826e-01
-4.373668710555343453e-01
-4.456124316052940126e-01
-2.614258275031972611e-01
-1.750010072036574105e-01
-1.532433612105005838e-01
-2.130943871556020275e-01
-3.258060077128620557e-01
-3.452942785916879309e-01
-3.704146943014893223e-01
-4.555174121757681327e-01
