7.985687075006257796e-02
1.475106148196032585e-01
1.922221988126626979e-01
2.395741018832074076e-01
2.561276953389180489e-01
2.912618166714514012e-01
3.367127782832508576e-01
3.558152811388850534e-01
4.287909713728991212e-01
5.230855168305987846e-01
5.423067875370189972e-01
5.540755617278726453e-01
5.792424502541317910e-01
5.791250896145125893e-01
5.614411127962306569e-01
5.755031056447517113e-01
5.715088297433346121e-01
5.546149675247388222e-01
4.996353080769745381e-01
4.107323621867951524e-01
3.939134327884969977e-01
3.593538497003272436e-01
3.583202653941619520e-01
3.803246631787470244e-01
3.729674006682371923e-01
3.135204865828267184e-01
2.341891774163796236e-01
2.032734718271085872e-01
1.465258927815530354e-01
-1.084949863397875747e-01
-1.159266403031204845e-01
-1.612274566446524338e-01
-2.407486878604081504e-01
-2.976450936401359715e-01
-3.164258575734879009e-01
-4.190837696959081038e-01
-5.653198499307157121e-01
-5.941393611288247056e-01
-6.089776217010114401e-01
-6.583030150449902251e-01
-6.680694054133813342e-01
-6.719514997915918553e-01
-7.281686245864624762e-01
-7.559658074101854863e-01
-7.648763253923486216e-01
-7.801867156203701192e-01
-7.877927352973913555e-01
-8.289460461939052172e-01
-8.494322463059238437e-01
-9.121747379923584864e-01
-9.361436077388483046e-01
-9.419995753664054394e-01
-9.516934926546355422e-01
-9.455076340704623439e-01
-9.221873588668918487e-01
-9.221428844658993151e-01
-8.851228753367073043e-01
-8.505338869037880611e-01
-8.586800424600610215e-01
1.562992292364524761e-03
-3.782764675936797771e-02
-1.029947163298252921e-01
-7.224663707052118855e-02
-6.659078166959835066e-02
-6.524651421175352295e-02
-9.472371596246859093e-02
-7.043298418249546722e-02
3.671010171515272369e-02
1.322428258052699701e-01
2.841454534154103095e-01
4.142377053651434826e-01
4.117694464518343866e-01
4.332612920506878629e-01
5.202732788327465441e-01
5.254999620946736449e-01
5.321295518295137139e-01
5.723888310990301598e-01
7.145059952930017388e-01
7.410801233271514521e-01
7.650046212442653815e-01
8.410198631430227945e-01
8.933268186994932636e-01
9.224551424598751437e-01
9.870354487557329026e-01
9.593698533399809270e-01
9.524630020889969240e-01
9.573581581171298760e-01
9.619991428397764999e-01
1.007613185966289571e+00
2.198878116836724961e-02
3.142454040672519600e-02
6.215003118291995143e-02
1.046144996550297385e-01
1.624376343725644767e-01
1.622610600985943119e-01
1.597090247882196612e-01
1.766288168783514967e-01
1.855026637263027800e-01
1.883168922924458033e-01
1.963338673682406277e-01
1.647812631717791576e-01
1.611437462330674031e-01
1.407641233855846941e-01
4.558364050078790586e-02
1.128019745519438788e-03
-2.588119564150597254e-02
-6.768291715802124409e-02
-8.614581461857895306e-02
-1.714076090325126200e-01
-3.545693048691697102e-01
-6.183498859435857531e-01
-7.703531073353671044e-01
-8.070463964687107916e-01
-8.313449756701121185e-01
-8.573032318141172725e-01
-9.233269661422288666e-01
-1.002277449830234923e+00
-1.024410564103172883e+00
-1.086221702806814626e+00
-6.865874693846565902e-02
-8.698421300859633665e-02
-1.022030312304708505e-01
-1.081307281004425108e-01
-5.986004037033539060e-02
-4.760231991257573431e-02
-4.760667773889861593e-02
-4.051469412477689408e-02
-2.680418788126945340e-02
-5.343245546798054690e-02
-4.243863103441943008e-02
1.620586669150891890e-02
9.166545354798129319e-02
7.711747407082593375e-02
8.703058344347693043e-02
1.365889070427634411e-01
1.415213159030027090e-01
1.338817474823673082e-01
4.027306825164972404e-02
-1.930492470385589132e-02
-4.721827121141714337e-03
1.161557596985182163e-02
3.233439577966790851e-02
1.696233197149824845e-01
3.698715104964671596e-01
3.992030034232606495e-01
4.329381087406366513e-01
4.435549320166278231e-01
4.096805704826014249e-01
4.457669622649568786e-01
3.914297310842232425e-02
1.558571119430417484e-01
4.601572309560765794e-01
5.577535325949680711e-01
5.502096358849267732e-01
5.519980294376720664e-01
5.716625670407413651e-01
6.429340002541635846e-01
7.767755816669669189e-01
8.913874786832898245e-01
9.578128358434705447e-01
1.051500916564182875e+00
1.089324737009333521e+00
1.090306702198370115e+00
1.045878661301220314e+00
9.936744428782913197e-01
1.021260227947713650e+00
1.075134556488278603e+00
1.085740072604244100e+00
1.092837187414176459e+00
1.101471254316131798e+00
1.107652708423854770e+00
1.111171739990551632e+00
1.130913747488088372e+00
1.145480592379567453e+00
1.223212230611022910e+00
1.246779198650733722e+00
1.174614477320581329e+00
1.268500700597253061e+00
1.430980916041481921e+00
-4.813719350158866123e-02
-9.426874265538730258e-02
-1.996030355305757620e-01
-4.349154169598671293e-01
-4.910945844158621232e-01
-5.289317172889960172e-01
-6.007588721223500183e-01
-6.627947783356870071e-01
-7.988147049338554240e-01
-9.289847945039209076e-01
-9.862482863508642561e-01
-1.117783740362802369e+00
-1.176406232794271922e+00
-1.175244420622374886e+00
-1.234112593054602192e+00
-1.274137959004882692e+00
-1.300213907753910103e+00
-1.304217461259291833e+00
-1.308866212205874513e+00
-1.339542879895805561e+00
-1.354496508739711835e+00
-1.358606426756047147e+00
-1.370329618677889938e+00
-1.378083618371472863e+00
-1.400681671456226685e+00
-1.381926665175141844e+00
-1.368012897759561586e+00
-1.226122945077055659e+00
-1.010633242377661167e+00
-8.924459116562096783e-01
-4.037974075293898450e-03
1.323192703880355856e-02
7.967995003932701673e-03
1.093132629616882026e-02
1.241324185845135847e-01
2.335095685387380271e-01
3.157273314475114723e-01
3.597353621683858083e-01
4.829161551021460830e-01
5.583643759534910878e-01
5.698607839399734143e-01
5.783928579880740495e-01
6.039095353252985632e-01
6.297273144049478910e-01
7.259866027603210092e-01
8.987912713708262613e-01
9.375055719039820934e-01
9.858239777948578642e-01
1.050806296509093851e+00
1.038611569473183005e+00
1.035760796832706720e+00
1.051081338172523028e+00
1.080542393385456101e+00
1.114893946327174756e+00
1.182196183549302893e+00
1.182378349985501176e+00
1.199261678697172595e+00
1.280984666223555113e+00
1.301627600654910788e+00
1.314268207761510432e+00
7.582622899554898599e-02
8.995142818679381647e-02
3.961345484869191469e-03
-1.291180917124058053e-02
4.409043779272429908e-02
1.200747799232940866e-02
-6.162449662482166052e-02
-1.199817644277069439e-01
-1.036401888387132597e-01
-1.223877949256551995e-01
-7.353225303130028756e-02
-9.435887239821050265e-02
-2.145158558302520946e-01
-3.185922885429680607e-01
-3.684197767838004456e-01
-5.277434521494943631e-01
-6.420899420617477427e-01
-7.026682651245352851e-01
-7.263886840749455009e-01
-7.550642381480372478e-01
-7.780693774124691764e-01
-7.930744791598530741e-01
-8.159221037537454091e-01
-8.427049128361958630e-01
-8.793898572464563523e-01
-9.035762439264432011e-01
-9.288694304144902159e-01
-9.593434617950699073e-01
-1.005504712178647564e+00
-1.013498116358539702e+00
8.835462795239281200e-03
-1.570727602749200091e-02
-5.656018723034200724e-02
-7.691757427055499752e-02
-7.930672508302552548e-02
-7.168734714298857780e-02
-7.372252472164032844e-02
-8.294896632877951648e-02
-1.082201685042144951e-01
-1.145430822028839085e-01
-1.167904102142590522e-01
-1.197829378007386064e-01
-8.707133822296128645e-02
-2.696611483562055128e-02
-1.989258818001310436e-02
-2.558720482232855475e-02
-2.443269254342439467e-02
1.183401435341369101e-02
7.869227826274392823e-02
1.634457523579498361e-01
1.394396304489669280e-01
1.409698201482125768e-01
1.821318831964233720e-01
2.889021796043860779e-01
3.524984152228915479e-01
4.864293637513681934e-01
5.318312013284195450e-01
5.555295023409436705e-01
5.616849013082585440e-01
5.427726509964533319e-01
7.178086825248926675e-03
2.209129300628678155e-02
2.659517143241426837e-02
4.044051228140485565e-02
4.347387675549458513e-02
3.726355549206326195e-02
3.813639874722141859e-02
4.948775688041119614e-02
4.437873470616859189e-02
5.927622041916368045e-02
6.009486659444958356e-02
6.900521133820010367e-02
7.703956099891982878e-02
8.995525622292663281e-02
1.354274853744610319e-01
1.378511477634924154e-01
1.318362198563427512e-01
1.380340601054994565e-01
1.328013737618934376e-01
1.008080080043127630e-01
1.134819519667147475e-01
1.255982141388795326e-01
3.321302432178520336e-02
-4.624304020512041979e-02
-1.062677450259324613e-01
-1.557998277228123118e-01
-3.050893568909350262e-01
-4.417058207554469540e-01
-5.239842063753488155e-01
-6.379551160386478514e-01
-8.937660704690028601e-02
-1.874713234644111437e-01
-3.037451959717254457e-01
-3.594104071183099602e-01
-4.152565301379264051e-01
-3.142213326345509872e-01
-1.850673841534453690e-01
-1.770236462422203338e-01
-8.636943303580232878e-02
-4.401405286098113850e-02
-1.184584148307504803e-01
-1.702456575000538264e-01
-2.321034387626268736e-01
-2.819710055463126586e-01
-3.580628856264458926e-01
-3.625635222614118636e-01
-3.481817268242334840e-01
-3.154205392133500596e-01
-3.087426669660917611e-01
-3.423232072777094848e-01
-3.493885624522320987e-01
-3.510223367936608496e-01
-4.350892361157886468e-01
-4.473883975971331139e-01
-4.329604382785504080e-01
-4.305371606278123875e-01
-4.356579616680635314e-01
-4.500596835715562904e-01
-2.917203034982697174e-01
-1.927703888274380772e-01
-9.526370835233928525e-02
1.607731403095163936e-02
1.160017401084515731e-01
1.016743145676018006e-01
1.722565788469540005e-01
3.274593579244244879e-01
5.837718599390351315e-01
3.299504813100582745e-01
2.281594187161616882e-01
5.010251125046425447e-01
6.212230858932066280e-01
7.304883027502233617e-01
7.650669617714614956e-01
7.488640097180071509e-01
7.190737922250775016e-01
6.772476804536474715e-01
6.696359520649625141e-01
6.585501453653900272e-01
6.635987876965696586e-01
7.520144338414797014e-01
8.646385855779387120e-01
8.836777489717809742e-01
9.265458287255280423e-01
9.224551333818836740e-01
9.508194491315034025e-01
9.518082627594881551e-01
8.170099014005790528e-01
3.633251455363230575e-01
3.386766459022745868e-01
7.263102228270321703e-01
1.154833903158022645e-01
7.635295628000481061e-02
4.626421469933211794e-02
-7.770568431261719311e-02
-1.847539403460262686e-01
-2.343617112473134756e-01
-4.506863942787575628e-01
-6.392818114499468907e-01
-6.504038225444596089e-01
-7.164883854486888692e-01
-7.913197043973048128e-01
-7.891816486087762650e-01
-8.630206464958276591e-01
-1.005276672192201959e+00
-1.261685113752843090e+00
-1.600277211586715653e+00
-1.825433391130159455e+00
-1.955826919955477639e+00
-2.022779184636597005e+00
-2.028354424589638771e+00
-2.003316091813485578e+00
-2.000639608016023363e+00
-1.983869768365109865e+00
-1.977829285642078050e+00
-2.006380041440055439e+00
-2.003530589864534583e+00
-1.992252266380665882e+00
-2.007332412488711526e+00
-2.028258910194319586e+00
-2.012359061369685342e+00
-3.483387619570176529e-03
-4.630928297671704080e-02
-1.486020193171719989e-02
1.948763623378774873e-03
1.678215482526206059e-02
1.896821670579128608e-02
8.169475978203832867e-03
3.217916963785326379e-02
5.814750400297785671e-02
1.406110872242181259e-02
-1.059656054136170200e-01
-1.163390508389478828e-01
-9.736557309218504819e-02
-8.319618009483567556e-02
1.221523096354304450e-02
2.236021677896493920e-01
1.781700211792590360e-01
2.615869160089995260e-02
6.209602325799234296e-02
2.134151162985626488e-02
1.289878585990198410e-02
1.096949888661634953e-01
1.846426734282927140e-01
2.393072048220527548e-01
3.327675137556027618e-01
3.646560589970897492e-01
2.977684749835742273e-01
3.067612948552016494e-01
4.242229117041214081e-01
4.705870271978658259e-01
7.743965169962299666e-02
1.123230258658686892e-01
1.135254030460117608e-01
1.289974878058997576e-01
1.618194591133571836e-01
1.589982586270936582e-01
1.527749042335553586e-01
1.420359456219866812e-01
1.201520074723743947e-01
1.666487315023874038e-01
1.918733702517761430e-01
2.031089510209745375e-01
1.926572337823639347e-01
1.896243529677807960e-01
1.794671392406212429e-01
1.689041130134385782e-01
2.114473462455147557e-01
1.990870353812839444e-01
1.708884881785854015e-01
8.882458797206560508e-03
-6.049275462782492674e-02
-5.898769176210504755e-02
-9.963282171044440805e-02
-1.525631368325308934e-01
-1.218717490760651001e-01
-1.871982705068647723e-01
-3.146775063824989171e-01
-4.419276953900076466e-01
-4.438130200461325447e-01
-4.894620296345351118e-01
-8.667760912831476428e-02
-1.802066612752782071e-01
-2.441934047815886855e-01
-2.735994841166295988e-01
-3.387527990613977136e-01
-4.134481484961585185e-01
-4.289711734086950612e-01
-4.417315174325237570e-01
-4.716368141256158664e-01
-4.842764763329261979e-01
-5.094508850551215939e-01
-5.193831091772894704e-01
-5.481162804863424221e-01
-5.445416102520721502e-01
-5.218634439119964608e-01
-5.457297413295789656e-01
-5.475054467815891890e-01
-5.430558175505425522e-01
-5.960100939539725307e-01
-5.918760511419471904e-01
-5.994004404018595800e-01
-5.869142306435864986e-01
-5.030839363383229346e-01
-6.713962568632302341e-01
-6.645941864063021898e-01
-5.712218450683892446e-01
-7.475333463391249378e-01
-8.839516659955374278e-01
-8.233080324635968505e-01
-7.552665514560179538e-01
1.137271538571119206e-01
1.291714844964376441e-01
2.220620775568956651e-01
2.760075927047286881e-01
4.163222620182902567e-01
5.799676854695627881e-01
6.082283748485975972e-01
6.106326043077848764e-01
5.794372995165554263e-01
6.149980436436802700e-01
6.809371592550540475e-01
7.540045943133049100e-01
8.049630357533248404e-01
8.220126834500888213e-01
7.899146129728012999e-01
7.993065640012680939e-01
7.920445676444696215e-01
8.041706428392169093e-01
8.383672858275819095e-01
7.715484948289775824e-01
7.321507925101614633e-01
6.820629559742142911e-01
6.467091013032831848e-01
6.555297334693672706e-01
7.058784213842987931e-01
7.470923596090776053e-01
7.341582289113499638e-01
7.560429727217211626e-01
7.546745037135200729e-01
7.334990089044561845e-01
-1.621997993040567854e-02
-8.134574333155590586e-02
-1.006853639820682045e-01
-1.244751088057264310e-01
-1.685531201303914206e-01
-1.808529123878709344e-01
-3.276962571286295978e-01
-4.630744140156123900e-01
-6.385982252644167856e-01
-8.740749811638848232e-01
-9.497087617491341005e-01
-9.750709452759888096e-01
-9.601049120303720708e-01
-7.604218284555476215e-01
-7.365101191656509005e-01
-8.505934189006529866e-01
-9.366066724803077115e-01
-1.022206116736187775e+00
-1.112040778057050261e+00
-1.118116817562847531e+00
-1.083791725966344988e+00
-1.075961787820178595e+00
-1.058626668343256583e+00
-1.053274782795772024e+00
-1.051745604466322925e+00
-1.053472350203768393e+00
-1.058380707314187985e+00
-1.083708478585848178e+00
-1.164146315803016529e+00
-1.170577347656686973e+00
-4.648371828764566623e-03
-1.087614912751961888e-03
2.547935555051384846e-02
9.943335229990095739e-03
1.115512634112426557e-03
3.288928972728341442e-03
1.034683918677919701e-01
2.343914582013076064e-01
3.984008454364976748e-01
4.885880831018845627e-01
5.188727222510051140e-01
5.278608701096954015e-01
4.503839421092473150e-01
4.513295305821644621e-01
6.335815351762983383e-01
8.907957964510608839e-01
1.145640348165465339e+00
1.411693738757950012e+00
1.564133480708546076e+00
1.594605229697202642e+00
1.562898724838675424e+00
1.514773189294020606e+00
1.495584870933219124e+00
1.440287262556025016e+00
1.446175190086897100e+00
1.449764339485123843e+00
1.515880453943884154e+00
1.590463971106688357e+00
1.610415853871411063e+00
1.607701653377536788e+00
1.268352859914151538e-02
2.950260290883327530e-04
-3.907069561262607044e-02
-3.340136619995578982e-02
1.158893361912431696e-03
-9.567290944009397557e-03
4.585660952316217981e-02
1.390713532283158749e-01
1.529857854723521982e-01
1.253315884834169391e-01
9.638953085284872324e-02
4.329908549494727865e-02
3.219832932853661234e-02
9.029637272897643452e-02
9.448027031372076279e-02
1.015879285267545923e-01
9.391324189293626112e-02
8.734889005654659921e-02
-1.431428562554885875e-02
-1.826028733425325012e-01
-2.448999665137492898e-01
-2.370666467013614609e-01
-3.211823259139777731e-01
-4.917336565271182569e-01
-5.839823978201379440e-01
-5.971875454842773268e-01
-6.241539780694607131e-01
-6.573968423886322743e-01
-6.990560925264033276e-01
-7.719552589135432186e-01
-4.881356823773825432e-02
-7.879715764226734309e-02
-1.021183883049582020e-01
-1.198496616673232346e-01
-1.516849688414922404e-01
-1.587510598736615042e-01
-1.968494199931015709e-01
-2.630529880746936278e-01
-2.639959504116880518e-01
-2.563348633913199448e-01
-2.604125397876139170e-01
-2.256065220831086626e-01
-1.970814903158741582e-01
-1.885580713109726858e-01
-1.652421531416333189e-01
-1.613286562332255092e-01
-1.553928426031856713e-01
-1.618996727629423427e-01
-1.672567336166252416e-01
-1.580387641494482298e-01
-1.717306684192462796e-01
-1.710128264811834053e-01
-1.536135576758770327e-01
-1.514197592169392315e-01
-1.371791914152150627e-01
-1.345102442318117930e-01
-9.590549691028298074e-02
-5.694038391396968185e-02
-1.085764855982203347e-01
-1.116794894422513534e-01
7.394611147924892713e-02
1.382855876474897994e-01
1.987908996722896893e-01
3.872867965031717707e-01
3.812347844558521270e-01
3.832297519730886726e-01
6.228702568088841929e-01
7.687515743855080075e-01
8.498057624708299507e-01
9.107222617936124864e-01
9.321889247118415600e-01
9.957003714473222633e-01
9.802965869287272316e-01
9.760973171277408378e-01
9.939648228802723251e-01
1.110201610327377963e+00
1.221320575752284254e+00
1.334914637222518463e+00
1.375915817580591671e+00
1.375368917103273247e+00
1.367503098997534527e+00
1.382220069316395961e+00
1.341723386665722328e+00
1.380996567508203876e+00
1.387285574293801282e+00
1.404012994890973642e+00
1.415325503794189199e+00
1.490825786693675825e+00
1.504479431478817464e+00
1.459097139472248950e+00
1.776609620504439671e-03
-4.685938603847634304e-02
-1.080152972361028141e-01
-1.437235939277501928e-01
-2.270161967356641997e-01
-2.047295896398729775e-01
-2.269692822007788879e-01
-2.920839463361450949e-01
-3.239176261746283814e-01
-3.811081002234986692e-01
-4.065539914222744966e-01
-4.286871306823030192e-01
-5.663580445976282851e-01
-5.464680270802597661e-01
-5.967582024687638764e-01
-8.650101304168840155e-01
-1.054829686217937157e+00
-1.155112682176118843e+00
-1.236053853869498509e+00
-1.202864316055614280e+00
-1.184209569002645290e+00
-1.265398725533528612e+00
-1.334287388668913277e+00
-1.308739610786812779e+00
-1.309126023350912771e+00
-1.357386129503922678e+00
-1.372214478514545588e+00
-1.377952154490047043e+00
-1.403327110321907822e+00
-1.365132796523657710e+00
2.046884429480889250e-02
4.031634211314260446e-03
-2.630462176379305336e-02
-5.580506944966324989e-02
-6.375803922922793077e-02
-6.089491493803773220e-02
-2.206366915577993859e-02
-8.668763846526945233e-03
7.395807132223106151e-02
1.547113659088360516e-01
1.646430342687444925e-01
2.766114819836147376e-01
3.246008568097241698e-01
2.795635598173330516e-01
2.938449289511058105e-01
2.674354304150808326e-01
2.737504741257679730e-01
2.199337087877973329e-01
2.836235864777253979e-01
5.024782062212342915e-01
4.820071420137099771e-01
5.241847560511304627e-01
6.662393918228757261e-01
6.725178552404236232e-01
6.784769806406909520e-01
6.538297999815858574e-01
6.756606187762799198e-01
7.261737201262885577e-01
7.475940468474823186e-01
9.469771592927059833e-01
1.844745060428558681e-01
1.728324641416762453e-01
1.702463731855994866e-01
1.784187937096950172e-01
1.119467615000040994e-01
1.570316007901894073e-01
2.144928881213336302e-01
1.958625508757690648e-01
2.172183830893850143e-01
2.008607126099196949e-01
1.295091148792114066e-01
1.877960220495976940e-01
2.088344087095365953e-01
1.773057731843382945e-01
1.413071847009370052e-01
3.144662734557882033e-02
2.766183829574206041e-02
4.698835789786297290e-04
-1.394201615842595443e-01
-2.060490622879881384e-01
-2.307745427722935894e-01
-4.100884002197839884e-01
-5.790835772540686710e-01
-7.543320051409346805e-01
-9.617614648710723912e-01
-1.050734948567963123e+00
-1.325659291780843851e+00
-1.464456112399855403e+00
-1.184491907550491829e+00
-1.201158482435012109e+00
-2.675161277652138847e-01
-1.744067436807776317e-01
-4.358133433602945361e-02
-7.397643070216064487e-03
-8.042210952399693122e-03
-1.121064105823189466e-01
-1.247203948367429649e-01
-1.250831922121269646e-01
-1.057994438119998770e-01
-1.012419880402202627e-01
-1.497533743942896234e-01
-1.629211232968759970e-01
-1.109808148669587657e-01
-1.334347010423947710e-01
-1.992010935673237948e-01
-2.039045013099518300e-01
-2.658560007697378658e-01
-2.837849770829904417e-01
-2.494607667256648620e-01
-2.635018901166160665e-01
-2.733554484655184580e-01
-2.361421591141629195e-01
-2.472715663889076543e-01
-1.708530810880463657e-01
-1.351670329521640346e-01
-1.691209480013056432e-01
-1.517209543777448266e-01
-1.083231971724623183e-01
-3.816445850929324479e-02
5.009300661198635984e-02
2.468931817457725719e-01
3.962516006228731236e-01
4.915535105396600657e-01
5.690039844930846469e-01
5.765136536571756620e-01
5.774950643039944431e-01
5.839826053814363149e-01
6.254514348664681478e-01
6.519042186519661275e-01
7.207258180574508399e-01
7.555802373751513423e-01
7.721580578056838062e-01
7.917632137653025648e-01
8.158129803376019673e-01
8.443438905541750250e-01
8.577632270515141988e-01
8.762841404091944453e-01
8.954803823065539126e-01
9.021931441667956353e-01
8.981407025718673998e-01
9.268154409318892784e-01
9.276746019567578827e-01
9.428031461046691986e-01
1.005163398345058967e+00
9.661517223397529941e-01
9.832230392385143958e-01
9.881723802048454353e-01
8.689761484336586683e-01
8.592436635358615682e-01
8.762140214771142466e-01
-6.951116642175077243e-02
-1.643097262174930129e-01
-2.310780343915715407e-01
-2.789861638091152285e-01
-4.025934374166612040e-01
-4.168942266418401155e-01
-4.309056005047845472e-01
-4.723261248914777943e-01
-4.837347200929256186e-01
-4.899407654497202058e-01
-5.084284733606030393e-01
-5.322492888906137365e-01
-5.092774060026126204e-01
-5.378889904810939537e-01
-5.681169195504681690e-01
-5.822463186287950565e-01
-5.962751958496945726e-01
-6.046653331958699029e-01
-6.423256915075377105e-01
-6.390488377805290110e-01
-6.667242918325346768e-01
-6.424298061666506854e-01
-6.063847725661173360e-01
-7.119227486637330626e-01
-7.135060973962782382e-01
-6.890375513654238837e-01
-7.032903765604231472e-01
-7.082189755719726643e-01
-7.166776503092968653e-01
-7.328027903095332141e-01
1.524886273836731539e-03
-2.678280272883772420e-02
-1.504702610602606794e-02
-2.156524946164565040e-02
-3.698947279661436716e-02
4.000058506170345307e-02
5.599147799795255176e-02
8.894186778499965640e-02
5.013606732689791096e-02
1.041514730298439551e-01
2.094119198304457419e-01
1.260958597397442427e-01
3.459307753055561041e-01
7.194721513482418285e-01
6.876326968003414475e-01
6.918678899786874226e-01
7.621453067291469319e-01
6.962927892771590965e-01
6.777237558840372156e-01
6.022419647765870909e-01
5.163558070213878359e-01
5.456579240855189417e-01
6.265000420445298035e-01
6.487482040909412495e-01
7.148790462914240695e-01
8.745629574563731357e-01
8.908207864154109590e-01
9.108998854580959703e-01
9.453215706943505214e-01
8.589035317135378378e-01
6.361085433006836813e-03
7.465990158220078832e-02
2.350530184135431189e-02
4.994386406763933611e-02
9.768171132900532738e-02
7.467443932198304657e-02
8.044625543529555778e-02
6.823687313531401344e-02
-6.212071283688239132e-03
-5.683664269112381068e-02
-6.833006795016995094e-02
-1.207203600949669497e-01
-1.871546685887129913e-01
-1.478564493312664596e-01
-1.603819450036264860e-01
-2.232723778101612655e-01
-2.297317584394728551e-01
-3.281384277746993705e-01
-3.698257965835300975e-01
-3.660150418206554734e-01
-4.747404791525835499e-01
-5.241611760352908878e-01
-5.726564147759204415e-01
-7.054535059212756476e-01
-7.431220380746061949e-01
-8.645398016237614280e-01
-9.558739257775417109e-01
-9.726585997296774977e-01
-1.006555861305213018e+00
-1.012743710561816446e+00
9.537773361088930715e-03
-1.048062775885942773e-02
-4.486412611670556605e-02
-8.193331800687365940e-02
-5.709118218580204462e-02
9.320751370047163087e-02
1.548896053927870664e-01
1.719507010253867318e-01
3.891313207516271522e-01
5.655133289388678541e-01
6.797762627687408132e-01
7.876623571978726979e-01
9.177226429294760290e-01
9.192110008430337542e-01
1.019943905158869235e+00
1.108521538726247702e+00
1.285366733093797897e+00
1.420762751039269745e+00
1.540429084132591164e+00
1.645255294264493129e+00
1.809659504691936149e+00
1.866576315616531589e+00
1.820189594501446795e+00
1.979859549950352626e+00
2.079390242454624449e+00
2.207995507839644045e+00
2.353097585173006046e+00
2.606216920575781693e+00
2.653124591718242886e+00
2.735736210305139249e+00
1.329564558829968712e-01
4.379075227901823575e-01
5.674735723683290711e-01
7.201764282514201421e-01
8.572862972091640499e-01
9.180281682530101461e-01
9.308067873455200258e-01
9.376225352725094941e-01
9.318035030902851457e-01
9.916587917040660116e-01
1.074549749840212787e+00
1.091838574618021029e+00
1.290995874314603054e+00
1.381629325878617420e+00
1.348019968084271492e+00
1.266010625629560904e+00
1.290234959208004684e+00
1.291095325565363217e+00
1.246174023290501198e+00
1.176440217438807556e+00
1.172385723696121040e+00
1.227866228929662462e+00
1.072001286029403255e+00
9.207219241313755465e-01
8.802091079031759691e-01
8.686869985804350769e-01
7.925735127680135772e-01
6.285874946262255403e-01
4.465942802072799811e-01
2.263827131910264301e-01
-1.416005850712894476e-01
-3.076673860489796408e-01
-5.847591030968867232e-01
-7.791329433021210171e-01
-8.056711271055188028e-01
-8.642904627851578647e-01
-9.308780803286541561e-01
-9.247079963626337884e-01
-9.574420906724313562e-01
-1.080556763604966219e+00
-1.113912992892433840e+00
-1.150120031150987598e+00
-1.335233679727275913e+00
-1.383783137310582001e+00
-1.335725347206863756e+00
-1.331626355282534258e+00
-1.329800089229757676e+00
-1.296584783605381208e+00
-1.284682598400695541e+00
-1.287717633580606202e+00
-1.282399716953918523e+00
-1.349973464989428606e+00
-1.377541696880714372e+00
-1.362024624589865951e+00
-1.308234170832151877e+00
-1.252447557722455640e+00
-1.227943279707076840e+00
-1.240737214439429970e+00
-1.283666539073005097e+00
-1.284670864723501227e+00
6.305402972030715869e-02
1.341143146533821939e-01
2.997604092246695107e-01
5.495990806534135631e-01
6.900550963621578937e-01
6.969510758172539067e-01
7.840941855012366624e-01
8.702997143624621179e-01
9.155892418723833304e-01
1.034306599681422245e+00
1.186296876333550854e+00
1.378379121515939998e+00
1.539567293697833961e+00
1.587262707726549760e+00
1.616670163110407454e+00
1.686855063175214831e+00
1.854809335772284129e+00
1.982625548266195636e+00
2.125685427804809624e+00
2.231617472154923565e+00
2.235180526571566073e+00
2.218453813041210143e+00
2.254476561682350777e+00
2.263589325561165211e+00
2.282443656953085043e+00
2.283886831868057410e+00
2.260760708058383806e+00
2.220779763810213137e+00
2.221239957506623952e+00
2.217864318459058293e+00
4.745139291609141996e-04
1.677996770150277234e-02
-2.729565185863233601e-02
-1.022620135433023325e-01
-1.685225403513108677e-01
-1.910407943975863110e-01
-1.824340162892050254e-01
-1.816615188647839885e-01
-2.162022708600871979e-01
-3.094407747565833811e-01
-4.273363099603088022e-01
-5.066379437028374344e-01
-6.459012528809268128e-01
-7.482755485137462248e-01
-7.891999407852535731e-01
-8.695150201509712629e-01
-1.136988622357154810e+00
-1.330848174413952201e+00
-1.483647184075204351e+00
-1.705672359479679212e+00
-1.839211689725658960e+00
-1.955507967887141429e+00
-2.105488725068449085e+00
-2.111076508839321964e+00
-2.076973256714671034e+00
-2.150477685947107087e+00
-2.210117677212422915e+00
-2.178766760162189620e+00
-2.194491160862416468e+00
-2.307453248440715754e+00
-2.746745661415878059e-02
-3.026745975294363455e-02
1.300244781195939586e-02
1.078889867648489542e-01
1.470158282356655022e-01
1.083821073259452206e-01
7.083595648493545838e-02
7.787609433136948034e-02
1.249704528758388417e-01
1.228365805364880492e-01
1.407419311567958964e-01
1.028706997873876650e-01
3.181942890918720845e-02
-2.357500212400109180e-02
-6.077597202355360800e-02
3.018828932639094215e-02
2.070733591335386647e-01
2.860376699485626673e-01
4.084233193081227564e-01
4.407230380745519316e-01
5.289110466710417180e-01
6.181691739984032097e-01
7.339513554602230538e-01
7.546933608646690939e-01
6.889609420773007420e-01
6.873172567528159638e-01
8.600264115265580100e-01
1.001354136997897992e+00
1.006164458845829612e+00
9.980716608151884994e-01
-2.923621247793237177e-02
-5.116656652897863533e-02
-3.947652222571107483e-02
5.655487435531933449e-02
1.246557891165380322e-01
1.642016459175880683e-01
1.980182863718965292e-01
1.634450442668139436e-01
1.564268139675168423e-01
2.286172840010835816e-01
2.532921775294457722e-01
1.676864548311497727e-01
8.916599706674431525e-02
7.620989554063177518e-02
1.281451844045194688e-01
1.535086993516296128e-01
1.538934179458247009e-01
1.372954103295741246e-01
6.818272822530191402e-02
4.734072707574299432e-02
2.548288743376752805e-02
-1.775997998219030691e-02
-5.903657340108152407e-02
-8.623265262974330603e-02
-1.175629596370048879e-01
-1.539637357931476491e-01
-1.891127633150533893e-01
-1.845761100525419030e-01
-1.902735386285459018e-01
-2.330749217068441848e-01
-1.046462433140710364e-02
-2.281578469028226405e-02
-3.082921055090064727e-02
-1.504994771683917237e-02
-1.037448320295932674e-02
-8.085130607231472144e-02
-6.033627708600585587e-02
-4.755346464036114967e-02
-4.310424534580074851e-02
-2.618161348364144922e-02
-4.230843800116064479e-02
-3.178091491753656794e-02
2.030639470413522774e-01
5.596841447394698132e-01
7.041572712931706279e-01
7.482823939120655243e-01
7.087388398921561361e-01
5.388490451735505893e-01
4.115651380077494093e-01
4.383361668280709722e-01
5.506688121352076859e-01
6.212189569091781660e-01
6.497519991899168845e-01
7.143098952645060562e-01
8.051822630278160364e-01
9.287049010393909620e-01
9.439609665305238595e-01
9.016797160326058824e-01
9.830577475181002667e-01
1.041811943472799706e+00
1.610910765196058372e-02
5.792742320886316854e-02
7.121761833519640872e-02
1.238577909155898493e-01
1.667921976501919312e-01
1.710676375007568473e-01
1.660965784311277949e-01
1.544992386508172721e-01
1.463677400690719943e-01
1.119694405455255587e-01
8.564862474222091626e-02
4.890936636179567948e-02
2.725581181527576141e-02
5.288124078532951966e-02
1.546468410702794283e-01
1.408896612438815810e-01
1.365770107040658043e-01
7.127740918385769286e-02
-1.250219702041796555e-02
-4.922346166360869885e-02
-8.504258368822650849e-02
-1.182461354926595543e-01
-1.329035542298040440e-01
-2.184206448419138691e-01
-2.593803422697297800e-01
-2.317042824789709576e-01
-1.915938910763856085e-01
-2.099345486152748297e-01
-2.055262035442815827e-01
-2.060045765986294464e-01
-8.046738122774969859e-02
-1.659764627982198704e-01
-1.949812675266386908e-01
-2.249313856962999736e-01
-2.351772580383237055e-01
-2.497478367653719333e-01
-2.570431753612298920e-01
-2.257457557276152105e-01
-2.211973927788243033e-01
-2.176626661412426611e-01
-1.942821328357733912e-01
-2.095855832283921028e-01
-2.547829982471295773e-01
-2.141445415885183667e-01
-6.202508661604741458e-02
1.333731631068806600e-01
2.753204274096956450e-01
2.761423788871811835e-01
2.842588034532778085e-01
3.078036435868790610e-01
3.194204480703449200e-01
3.183755401685040010e-01
3.285861050121837157e-01
3.159744842028421874e-01
2.628750584420032621e-01
2.224449809770313591e-01
2.662738776762617054e-01
3.103516231741750842e-01
2.921207411430007950e-01
3.173146030484083613e-01
1.177148983426341833e-01
2.384999871192134691e-01
2.884754612878340230e-01
2.968257786474637894e-01
3.441562521618688475e-01
3.853827300875712347e-01
4.182781909775803997e-01
4.165346505031325974e-01
3.905171941795940183e-01
4.045455600495334592e-01
4.233715011952300933e-01
4.685701239685696740e-01
5.384562195347726288e-01
6.901968391635530109e-01
7.696118644128304709e-01
7.355199490809776197e-01
7.247900490071673696e-01
7.400508002563440657e-01
7.112703919394844920e-01
7.083255118810619644e-01
7.719150099242212404e-01
8.321587873328436524e-01
9.188224532876765327e-01
8.914573294139581661e-01
8.198084516720197668e-01
7.694325008731770499e-01
7.904529970637407255e-01
7.337403869736797146e-01
7.244596377412879651e-01
7.079454537616503007e-01
-6.228415009313035752e-03
-1.306280734640355434e-03
1.234976239741516178e-02
-5.527990601050184610e-02
-6.368904122281301983e-02
-6.554664727797916701e-02
-6.736226540442363797e-02
-6.436312151635731338e-02
-8.404518513190560591e-02
-1.823749302139882622e-01
-3.406770219643147080e-01
-4.562833575334348524e-01
-4.579271119481596042e-01
-4.464507991525902830e-01
-4.507439911783391873e-01
-4.697366541245108218e-01
-4.777822112434869650e-01
-4.586585078902902790e-01
-4.719168491435057344e-01
-4.554764558420007492e-01
-4.547115965255371095e-01
-5.132016706905248027e-01
-5.833271001820159452e-01
-5.890764776697354765e-01
-5.170591917177542740e-01
-3.533829644147559179e-01
-2.784554303414966681e-01
-3.455910187753908347e-01
-4.133549838277855715e-01
-5.594295435982319376e-01
5.237795788566387487e-03
1.424243652141752026e-01
2.522944582059882257e-01
3.160317938135976945e-01
4.633796493321262755e-01
5.831303299248662420e-01
5.864008910704278099e-01
6.000091924976718172e-01
5.292203263525674384e-01
2.686723564612044646e-01
1.021275699635057210e-01
2.034253189210552537e-02
-2.789367519978953186e-02
2.695453877075163485e-01
6.165394527972002381e-01
6.892797457581839593e-01
6.471084599863107245e-01
7.104258575700952427e-01
7.506621819204197799e-01
7.686258331089471652e-01
8.381125186278499672e-01
8.657171712968573241e-01
8.394192398075472905e-01
8.640850743176291537e-01
9.613908885397357551e-01
9.852582676713216303e-01
1.018934684315979000e+00
1.059533307886233899e+00
1.083936889334785603e+00
1.111890527609826096e+00
4.080577531276730757e-02
2.741977005325419575e-02
1.435148372189801527e-02
4.043026473568965551e-02
-1.584721131185878873e-02
-2.138002441452976216e-02
2.048846658373843638e-02
3.976171706511966164e-02
3.252150075694429376e-02
2.695470578113564122e-02
1.048368788194196238e-02
-4.764304951379062097e-02
-2.210480919101051323e-01
-5.273182778980121110e-01
-8.834945355260156452e-01
-1.167689791939414912e+00
-1.457218552256343447e+00
-1.617096412733357136e+00
-1.505738919094607553e+00
-1.496124669900499971e+00
-1.872847166067400426e+00
-2.453349967831948142e+00
-3.066565256425470842e+00
-3.463789542963950918e+00
-3.475431940298284061e+00
-3.315691820716944793e+00
-3.254606206390924683e+00
-3.328600880964770248e+00
-3.514426834333431504e+00
-3.822474940275503386e+00
-3.442022587234654374e-01
-7.221438461668800990e-01
-1.009408854241555131e+00
-1.239978289811362266e+00
-1.150462987032717876e+00
-1.187676053605895676e+00
-1.076826983627366729e+00
-5.449966038449963746e-01
-2.055067614177433222e-01
-1.136593321812752883e-01
4.548881786031959140e-01
1.013223871797895637e+00
1.129822931185154866e+00
1.179816123493677260e+00
1.303495516107703089e+00
1.311625553780245923e+00
1.197161428962990826e+00
9.117366804623658894e-01
6.818337284143100030e-01
7.049981772344977582e-01
1.083227970968286158e+00
1.626233904639596162e+00
2.312413984698229008e+00
2.696395528727130841e+00
2.882784510211018780e+00
3.340096811380683928e+00
3.891509973756524410e+00
4.189395338027567917e+00
4.200959679109542932e+00
4.163648961130957282e+00
-2.136884155741901048e-01
-3.332782254958094326e-01
-3.022849843127510261e-01
-3.118239842445107990e-01
-3.303805902968944830e-01
-1.000570480694198683e-01
2.348503840691173183e-01
2.382492923885789482e-01
-1.891868085541559275e-02
-3.423333657206779623e-01
-6.309631374604363074e-01
-9.334163738667868859e-01
-1.013392178227942919e+00
-9.970602500086904740e-01
-8.643670471222182350e-01
-5.740633376784523012e-01
-1.998196256515304414e-01
7.717514118665469436e-02
1.728079686369103363e-01
1.353862013826477861e-01
5.459660921553637081e-02
1.121210539341833401e-01
1.717408041849883826e-01
2.275336496522351593e-01
2.378891450169220712e-01
2.910084216904265109e-01
3.516631141660800930e-01
4.232693827899141614e-01
4.254795249014614034e-01
3.659737785709876179e-01
-4.397809090767204609e-02
-1.253633950427851806e-01
-1.725374034926209221e-01
-2.047307888753739924e-01
-2.985448032424465881e-01
-3.867180242048658956e-01
-4.793619549411540226e-01
-6.034973209087348689e-01
-6.854522341674588182e-01
-7.416289362174000033e-01
-7.272524964765484379e-01
-7.364787236446007634e-01
-9.354286477044416737e-01
-9.587277377420035940e-01
-9.473435124485571901e-01
-1.088194530497578638e+00
-1.127459415998126380e+00
-1.119077859523658791e+00
-1.180405798175850673e+00
-1.268380007793918463e+00
-1.280558614532466333e+00
-1.248095072238663450e+00
-1.243302834317472572e+00
-1.311421098626426751e+00
-1.373336382480867979e+00
