-3.457952701554213859e-01
-5.590874786822520592e-01
-5.944123624713060217e-01
-8.025268325816308224e-01
-7.728382064986095701e-01
-7.383481192919472136e-01
-4.155605655162866729e-01
-8.392358416713741054e-02
-4.033600525641330425e-01
-3.680089543819061171e-01
-4.766200146321746267e-01
-9.570359566552109065e-01
-8.497772851464391319e-01
-9.565517329715663708e-01
-3.661473034465376752e-01
-1.426640805924477562e-01
-1.892457928750787555e-01
-5.465360684501716082e-02
-7.723939068188362400e-02
5.589229027026141328e-01
5.963394182220269624e-01
7.916068513300389409e-01
1.103106109482927977e+00
1.026625856887604327e+00
1.257097054078943232e+00
1.003681318675043288e+00
1.050884700649477921e+00
1.024638460403212603e+00
1.106139315827594727e+00
-1.028625459902078078e-02
-9.903207888808195081e-02
3.122934782366536544e-01
2.044109222328847619e-01
2.503190249475179541e-01
3.521727863392324354e-01
8.826233934307331497e-02
8.979333882663143029e-03
-1.143805588546030344e-01
-2.230562643491974528e-01
-2.500450800722049394e-01
-2.676715409644712662e-01
-3.272408900289184297e-01
-2.424081770800524671e-01
-1.751909882272899566e-01
-1.994769528829398453e-01
-7.964000513283649163e-02
-1.989186712305863747e-01
-3.470092464868055337e-01
-3.249468562621177226e-01
-4.410969316899795434e-01
-4.810869684157259574e-01
-4.721358794562022787e-01
-4.912771478495667754e-01
-5.617119769405295449e-01
-5.872333737022099598e-01
-7.382050173021149631e-01
-8.038756677405554107e-01
-8.548702783585423459e-01
-8.590193952653384368e-01
1.535110972159648146e-01
1.478259260683883192e-01
1.908989211441825540e-01
1.368622846210254540e-01
1.198978268109499867e-01
1.838879101412971839e-01
4.979348778473421944e-02
2.763358586848442267e-01
1.535134620682513940e-01
7.874848495477930477e-02
4.780721561019495858e-01
5.810588169129304870e-01
7.702660801158112136e-01
7.479270431326158208e-01
6.342565784081024560e-01
7.147378644405428805e-01
6.386175045735099642e-01
5.329661816361584981e-01
5.827965118670460631e-01
6.006086466973009630e-01
6.181576503875202411e-01
7.337308194576298570e-01
6.742124919392192828e-01
8.498272257173609123e-01
1.038651382859009376e+00
1.010228705999492771e+00
1.027988647097159758e+00
9.338603511611615060e-01
8.461650955216470926e-01
8.171773071462457017e-01
-2.006606632208343954e-01
-2.852358574663614310e-01
-5.341479357938438977e-01
-6.508058984919695700e-01
-6.599375941393940126e-01
-6.891586983502875352e-01
-7.669995803088152098e-01
-6.540473680155524105e-01
-6.873014007110908041e-01
-7.875879008991529817e-01
-6.733250997748393418e-01
-6.892964859259218535e-01
-8.239947481123863771e-01
-7.650049813228840812e-01
-7.586083913825274472e-01
-8.196604292805239611e-01
-8.114570101324731777e-01
-8.253120516255458838e-01
-9.062052118223395958e-01
-8.797503676265207018e-01
-8.157816084322526695e-01
-8.556781472770317309e-01
-8.127705677329081224e-01
-9.645647251931155353e-01
-9.722456386023451413e-01
-9.712785279149871442e-01
-1.010884324877890927e+00
-9.272378575948896362e-01
-1.113641796815411755e+00
-1.421251682383944948e+00
7.192612438693722632e-02
3.334141951215588429e-01
4.403274067649123324e-01
5.230278955850379274e-01
6.143519506226062799e-01
6.528917838970492715e-01
9.490198397229709926e-01
8.143701863399013252e-01
8.145887783479758282e-01
7.195006412445444921e-01
8.087430022736128432e-01
1.009313652929026528e+00
9.435690921850293789e-01
1.025175206547402462e+00
9.784579600305104430e-01
9.069529013913220084e-01
8.980862379639021897e-01
9.144948365256582168e-01
9.906736271158440577e-01
7.124718741182211046e-01
7.228980156277721170e-01
6.606919315036716700e-01
5.652432011289179048e-01
3.648862296482569545e-01
1.666186779174481936e-01
1.569801206235738045e-01
2.137282233493357775e-01
6.540918017027419484e-01
4.994729098948502699e-01
2.682132453276098727e-01
2.546366237792606693e-02
-1.644283007287537790e-01
-6.385671380567070621e-02
-1.257777934123428115e-02
1.624704155433368546e-01
2.838861997499169676e-01
2.505440497044553183e-01
1.702086359964603557e-01
7.140900731732197082e-02
6.084960170862130369e-03
-1.092477346776721397e-01
-5.787937402970287637e-02
-9.593784799076128522e-02
-1.223856547537468253e-01
-4.195889092102178530e-02
-9.743491816191018895e-02
-1.203957025153315902e-01
-1.288051141072700245e-01
-9.962872106328049537e-02
9.061034040537777057e-02
1.295719173576779515e-01
2.222454544501502594e-01
2.593198316372615775e-01
2.849342420184352020e-01
3.465012571853547385e-01
4.705410081385479892e-01
4.695930623435057849e-01
4.898725868680819939e-01
4.894451804952387741e-01
5.151481532598504165e-01
1.295502646261690038e-01
1.714364734447757221e-01
2.785332775415887419e-01
2.228007624917747731e-01
1.170419329939282604e-01
3.115306330832684489e-02
3.952774876281664462e-02
4.448435775441721418e-01
4.862901293323846907e-01
4.882256195257417275e-01
4.797376098090566643e-01
2.389486051674845624e-01
1.374800305648921084e-02
-1.668425173282089280e-01
-2.866939438247269045e-01
-2.115240053856899116e-01
-2.564513404915086392e-02
-2.576379697758662823e-01
-4.242297916173625172e-01
-6.013505737826633224e-01
-8.488619966433279540e-01
-8.225786279091047426e-01
-7.260906654392681459e-01
-5.996883520290907654e-01
-5.338304025404155828e-01
-4.566107100653467032e-01
-5.964171927448872479e-01
-6.969110469371441186e-01
-7.967154070077566708e-01
-8.499931886316542951e-01
4.114868642564609852e-02
5.988093368243602166e-02
8.187627435859326508e-02
9.268902563696479469e-02
1.288629858497376268e-01
8.361887340296553228e-02
6.570322195863698145e-02
5.993960584577096712e-02
7.677998718901575537e-02
1.194615759727627180e-01
1.588379539602862434e-01
2.720056944436118895e-01
3.137747827434288483e-01
2.865390644649785656e-01
2.441881145613598592e-01
2.156811167607388113e-01
3.928715439403178689e-01
4.887367693618953624e-01
6.040838962910937138e-01
7.730837048955807589e-01
7.815200030089208827e-01
7.530352952756546037e-01
6.147934136146654405e-01
4.389086404926820784e-01
3.957114189944549998e-01
3.850019003774418636e-01
4.464180289013978120e-01
5.540639308072636826e-01
6.193266353580307859e-01
4.052224124086030166e-01
-1.336815062296234369e-01
-2.544878552255644411e-01
-3.801558779070770555e-01
-3.956918358547781289e-01
-4.380650783735950404e-01
-4.613360745891753600e-01
-4.391674305527065170e-01
-3.665788362306896531e-01
-3.486456884260814570e-01
-3.789641321406384544e-01
-2.782771082892177561e-01
-2.631397461049174158e-01
-2.905233623396392684e-01
-3.826605644810066043e-01
-4.805230663806960290e-01
-6.005168402159490881e-01
-6.050164307793782781e-01
-5.956787541338860459e-01
-5.619831036526329315e-01
-5.323808688562637892e-01
-5.017421477291758025e-01
-5.395150170342379869e-01
-5.466618143076021896e-01
-5.881783815922057013e-01
-5.819872545868202129e-01
-6.026632154058966240e-01
-6.030996053954851277e-01
-6.558193944860728486e-01
-6.861035495258409611e-01
-7.858787802332527495e-01
1.720809757233562193e-02
1.417508175980759511e-01
1.933098499369190204e-01
2.527758271909880117e-01
2.711176828993513421e-01
3.599279235222458406e-01
4.109185592204254167e-01
4.347706387239682058e-01
5.086065571944382580e-01
5.234268554736151158e-01
5.683552426758460285e-01
6.142029734227911764e-01
6.772333690378253834e-01
6.498544802405723519e-01
6.032994425357877111e-01
5.696030630083279700e-01
5.619047517122461866e-01
5.054230311827773159e-01
4.902969956582249322e-01
5.365044511349305045e-01
4.904133347973593793e-01
4.740499519662814132e-01
4.083051819526345994e-01
2.443887812967053541e-01
5.604526943386686777e-02
-1.220917755249329717e-01
5.664813643246691122e-02
-1.220188365276161924e-02
1.177990704431925995e-01
4.624790768460602663e-01
-7.700095004082420369e-02
-9.846896150144281157e-02
-1.679135089677929460e-01
-3.146672539769143073e-01
-3.963772248703234524e-01
-4.229842947612181825e-01
-4.487784014351724471e-01
-4.513507318029141846e-01
-4.739773249697036839e-01
-4.472808724606442410e-01
-4.324134486087460316e-01
-5.008761936416927796e-01
-5.411843632527087999e-01
-6.283303386269680768e-01
-6.447364502505811279e-01
-6.790318492700301301e-01
-7.987577085302121072e-01
-8.093657819073496462e-01
-7.741934034041622059e-01
-7.734669614815627980e-01
-6.804779134271239371e-01
-5.860697862104484734e-01
-5.163560316944775241e-01
-3.970503204286827126e-01
-3.121641503810606011e-01
-2.282305248396939157e-01
-2.237184888417625417e-01
-2.103071624442438836e-01
-2.063448542656241835e-01
-1.559302993798770132e-01
-8.463433191459848650e-04
2.148734912670084429e-01
2.814176733768247729e-01
1.618391260328755354e-01
5.119868946852193514e-02
3.803699301457909993e-02
1.761602013997841665e-01
1.994794481947811948e-01
1.255729295774252186e-01
7.597634776062053841e-02
4.041589652673615446e-02
-1.276404590427787644e-02
-6.951019471894956392e-02
-1.879975586728375725e-01
-2.553205256320370542e-01
-2.996104852351713643e-01
-3.256671696088550005e-01
-1.019327324530643342e-01
-1.106572079753469634e-01
-2.628940991155078732e-01
-2.131185131531735111e-01
-2.142249798907366332e-01
-2.855539716329010824e-01
-1.023802556376310069e-01
-7.980490515686483599e-02
-1.801761909674562678e-01
-1.519037636983262551e-01
-1.810407963603965498e-01
-2.826763835224602728e-01
-3.272605382044497246e-01
-7.281241646732490580e-02
-1.449864572032366905e-01
-1.407914478337296271e-01
-8.074797327669194780e-02
-7.004549616172710269e-02
-7.374063923538566601e-02
-6.948352290227931272e-02
-6.466151274366983837e-02
-4.579721153983622173e-02
-5.264621455695030899e-02
-8.152529320249969624e-02
-2.090653704989337003e-01
-1.853917197590310983e-01
-1.460822271300931396e-01
4.992816250217818608e-02
1.431987583670642494e-01
2.246785630526527411e-01
3.045632009046035371e-01
4.379472453245658037e-01
4.822972840066709344e-01
5.473003935525263541e-01
6.028404417791120018e-01
6.004535622242672677e-01
4.667040751209710625e-01
4.953908908516181375e-01
5.590634237015532637e-01
3.953674578590391508e-01
4.153671401717894951e-01
4.357629092554421990e-01
4.624464607740276234e-01
6.231197535514396840e-02
6.720879993178180412e-02
-6.868548381206093789e-02
-1.679173529955519384e-01
-2.676648496295928048e-01
-3.016780763781792274e-01
-3.008439200325122576e-01
-2.540822333645568754e-01
-2.395062575151660766e-01
-2.059048583997937776e-01
-3.344234643522371320e-01
-3.865540213542373316e-01
-4.074332879212045344e-01
-4.053900865815805998e-01
-3.810827356640090202e-01
-3.151172191726830385e-01
-3.103729398219420843e-01
-3.333250462324843233e-01
-3.499440335337756225e-01
-3.885138556903992568e-01
-3.810738040340987398e-01
-3.895623934049635695e-01
-4.043451982229789299e-01
-3.555874829868444498e-01
-4.000083998406594454e-01
-3.362559677568733862e-01
-2.923926094312931934e-01
-2.901757912585109511e-01
-2.581415840573020315e-01
-3.054524429876973035e-01
-5.559891966925035317e-02
-2.537674691722983239e-02
3.579112116786225400e-02
8.101902191430626621e-02
1.612812359076153945e-01
2.403975362420781581e-01
2.855140878944393834e-01
3.215031796671474762e-01
2.790463885466021865e-01
1.623948873880848298e-01
1.457007178234629163e-01
1.955112485137199818e-01
2.322021375507917762e-01
3.013635241822801847e-01
3.238464097564694999e-01
3.481368302776985946e-01
2.755703826261231559e-01
1.913158560275876052e-01
2.169436280846469556e-01
2.325708191725072427e-01
2.361725241527142805e-01
1.497320578788378098e-01
1.092224280097924966e-01
5.030080570791069933e-02
1.767440634713408204e-02
5.482109530044535634e-02
4.179684768659724242e-02
4.405431184145305185e-02
6.472741047364186096e-02
7.809751305877701832e-02
3.147972242070132959e-02
4.899176214114306371e-02
-1.371972524105766200e-02
-1.551768535747975568e-02
-1.181367987995680414e-02
-7.795440278733401646e-03
2.270379753831734335e-02
2.957765958316637550e-02
6.734575006516335671e-02
7.054371934886896622e-02
5.501383657710222364e-02
-2.009415378598777835e-02
-2.006791391395486984e-02
-1.140694842045883450e-02
-6.696401602100578859e-04
4.368818774687407980e-02
1.202540875752344390e-01
1.291711821543992667e-01
1.576821643700029862e-01
2.073698524207834293e-01
2.311887780437722195e-01
3.355518633858460831e-01
3.328565383256498755e-01
3.901179191769444943e-01
4.653203731636105789e-01
5.618092353812230710e-01
5.854752315882884028e-01
6.084216116150147347e-01
6.203311855974581457e-01
6.028811718381306139e-01
-2.626769522814774438e-02
-1.066906190258440218e-01
-1.187438727958218254e-01
-1.224905290223642917e-01
-1.236725008717846352e-01
-8.970618885992881486e-02
-1.319079706244066785e-01
-2.234089872176426850e-01
-3.674310344706817055e-01
-4.374763577513083868e-01
-5.142361219380593429e-01
-5.405487336818268762e-01
-5.447267571111158446e-01
-4.747677552330976658e-01
-3.054879098523601288e-01
-3.752147546500199105e-01
-7.468498228349380597e-01
-8.742289925597035438e-01
-8.947808365391525243e-01
-8.878183633342804360e-01
-7.787859354847650462e-01
-6.587679275876705542e-01
-6.131564282632526730e-01
-4.631385243954280195e-01
-4.616775610239757244e-01
-5.403273470014549051e-01
-5.590611313138753591e-01
-6.052743372202894490e-01
-6.166878533350523828e-01
-6.104178349989263230e-01
6.618166489248103468e-02
6.079807329684999706e-02
1.914407533464363570e-02
3.782195641400303010e-02
1.336492842774784084e-01
2.385670464814614589e-01
2.986526506695348360e-01
4.615890234260557889e-01
5.848811193821491505e-01
9.262852698384399508e-01
1.254663628757835214e+00
1.429327943256416100e+00
1.396520518659567056e+00
1.262788235872281284e+00
1.174360427351796909e+00
1.121541679145453774e+00
1.128476370225142134e+00
1.068429674582767275e+00
1.059269288140219700e+00
1.047965523995422643e+00
8.783153145164438458e-01
7.882449818724320822e-01
6.759481343879538695e-01
5.082369464525060554e-01
5.182479689584776894e-01
4.608356953586826843e-01
4.730417016081212567e-01
5.907199868753061356e-01
5.297416471875096011e-01
4.610172009060676812e-01
-1.346218493227838986e-01
-2.153056823241998319e-01
-1.176689434345724178e-01
-1.665320910383178421e-01
-2.182850269611735228e-01
-3.336118330790261988e-01
-4.030547642317191537e-01
-4.377411813850669020e-01
-4.155327907779295948e-01
-3.915959113790584700e-01
-3.991502668043559465e-01
-4.188714157205798982e-01
-4.253224208726097966e-01
-4.212660515617063228e-01
-4.233684473496661105e-01
-5.053825586895687172e-01
-5.532282615030185147e-01
-5.124168102570035854e-01
-4.091201975304502580e-01
-2.255945095184320737e-01
-1.694007619899617900e-02
5.064853802228197477e-02
1.158876701091838685e-01
2.318501414552566198e-01
4.186949107914875734e-01
4.705703857069827301e-01
5.148076491233321006e-01
5.755577367666266930e-01
6.102141928218365319e-01
6.460802463012391694e-01
-1.036396429413423553e-01
-1.657608781600918291e-01
-1.951953267987389662e-01
-2.613992419051801575e-01
-8.081805634469715893e-02
-1.167743903417192419e-01
-1.784711494540746068e-01
-3.053554908946455315e-01
-5.397331079915974605e-01
-6.725875974472894647e-01
-8.414643348628636499e-01
-9.107624867174664018e-01
-4.842330852641738570e-01
-1.192826533249032317e-01
7.546995147080984290e-02
1.546122999412846144e-01
-6.058054478111363217e-04
-1.956505767110719718e-01
-2.600915359609763389e-01
-4.989326829067432523e-01
-5.381516272013578961e-01
-4.773004638076669970e-01
-3.989786823247294389e-01
-3.411403888094791115e-01
-4.294538918015775586e-01
-5.511965678404400215e-01
-6.058102543725550904e-01
-6.899080114789397644e-01
-6.832125228961508645e-01
-6.997688163862824107e-01
-2.586732273832123563e-02
-1.041256743642837435e-01
-3.173991876972894199e-01
-5.385265122553674066e-01
-5.352467963227641734e-01
-4.760948714366182166e-01
-4.577045333667127402e-01
-3.576903980423055129e-01
-2.634958630620148901e-01
-1.539806310107670884e-01
3.040607820608082212e-02
-3.714354971685274176e-02
-1.021720786613085769e-01
-1.503648462544285025e-01
-3.295099715018135478e-01
-3.256655132595094870e-01
-2.458726395217845084e-01
-3.105570245272444296e-01
-4.321820908276085560e-01
-5.967495941887864808e-01
-9.022123474047429870e-01
-9.259702854569966668e-01
-8.985726501101323205e-01
-7.810214139070873474e-01
-5.311590005200578224e-01
-5.088334504690285032e-01
-5.420094614992760906e-01
-5.857497259777200149e-01
-6.923592448885467210e-01
-7.377025671145813757e-01
1.361556888832867428e-02
-1.150899910624909178e-03
-1.068499612897388235e-02
7.512981251865591403e-02
8.045130874705165580e-02
5.701163216751772150e-02
7.279974444349260332e-02
5.507963430304736729e-02
8.707237111867832668e-02
1.019103759059743347e-01
9.353669604067277321e-02
7.130473806882006715e-02
8.783459436751209215e-02
1.882823467587927402e-01
3.293276106473392861e-01
4.590350310191163019e-01
5.269750499413394795e-01
6.590570259974485312e-01
6.414232959117764921e-01
6.654018451077587937e-01
6.756367038267132585e-01
6.069708365145323192e-01
5.726891516820383776e-01
5.927725195153067395e-01
6.479299156051079311e-01
7.441850946196734151e-01
7.405239589128854716e-01
7.299678475779585174e-01
7.635466269225283931e-01
7.364924986223447823e-01
-4.615824115293596860e-03
1.521961508786568718e-01
2.074716103230825337e-02
-1.278328968777234786e-01
-2.062097950941535474e-01
-2.499655616111430556e-01
-2.576398396102272947e-01
-1.384697617406257797e-01
-1.451745200330655239e-01
-4.070492576656814521e-03
-1.173913172443928621e-02
-3.951559565062842116e-01
-5.407754870934207148e-01
-5.226650780522568152e-01
-4.775255728283787082e-01
-3.013522551828887730e-01
-1.819198902965627196e-01
-1.649282910262436230e-01
-1.123994497007423515e-01
-1.139178344120567593e-01
-2.284537897093817937e-01
-2.494032349965563389e-01
-2.476762778756157191e-01
-2.129997056988995330e-01
-1.485646470061346425e-01
-7.362880995273625440e-02
1.569151902438233048e-02
4.813393032154839046e-02
3.663022272451972594e-02
1.190018689169490690e-01
1.286821881316919415e-02
3.778755675255918156e-02
9.298495458721843521e-02
1.945424081083816925e-01
2.454322180374298445e-01
2.486716545473980911e-01
2.722847274873952395e-01
2.536102397016486987e-01
1.376463195101129133e-01
4.832670953644910283e-02
4.304461685707351715e-02
9.139733903225172318e-02
1.156236845716268752e-01
1.209670462972253363e-01
-3.201645886461733370e-02
-1.089717787289432305e-01
-2.011210988424480262e-01
-2.808889794904431136e-01
-2.878593802951309732e-01
-3.057538024899640883e-01
-3.077120760575224878e-01
-3.125391780318859669e-01
-2.589876000943711620e-01
-2.358457069978521503e-01
-2.703341529338924576e-01
-2.921577840262740144e-01
-3.405045505514116555e-01
-3.523056590231002927e-01
-3.680613635375029613e-01
-3.930315294561240180e-01
1.540334508101763762e-02
1.593004682566527205e-02
6.476566482218623633e-02
1.121200529713726191e-01
1.448695641110944454e-01
1.810445138555011879e-01
2.094967100930917314e-01
1.879394996552194996e-01
2.371698304328753171e-01
3.264689252529404118e-01
4.672618626292007749e-01
7.341652949300493392e-01
8.086149471837890124e-01
8.377455214842940423e-01
8.163912572679485891e-01
7.994937421395653665e-01
7.244755986697947181e-01
7.136610875754839656e-01
7.110579909041051527e-01
7.274345076436719015e-01
8.368560214532446695e-01
8.545574671889061280e-01
8.830238730771493572e-01
8.905325310010314688e-01
9.076880049844335829e-01
8.511132165085408818e-01
8.418707344635173451e-01
7.989636490942554348e-01
7.857730528051442009e-01
7.421837544872227355e-01
-1.946494049434387974e-01
-2.835143469982191466e-01
-3.060498847557897029e-01
-3.517983179416318551e-01
-3.810361543907083148e-01
-3.999613582426244651e-01
-3.969175702880715639e-01
-3.455016116155772976e-01
-3.377125984445923934e-01
-3.200133816346872884e-01
-3.246152785355987391e-01
-3.088040979433324118e-01
-3.239710000714103866e-01
-3.508449627908364343e-01
-3.344961705158882026e-01
-3.306662950166140980e-01
-3.554110878894533032e-01
-4.929079199205225192e-01
-4.897368227199257462e-01
-5.210448154891672568e-01
-5.373668496397192573e-01
-4.990194559796041762e-01
-4.520985677183917972e-01
-3.122060250875134946e-01
-2.469688160092499141e-01
-6.169089064727303895e-02
-1.317847306082988584e-02
-4.901061659083898875e-02
-1.257793634466067845e-01
-1.392525884091846133e-01
-3.954294924753258902e-03
1.458161574199066945e-01
6.766848328045883543e-01
1.136846231433740861e+00
1.462188788582884369e+00
1.562068229501165639e+00
1.578315687779926257e+00
1.601065949849794778e+00
1.475962759308275363e+00
1.371947549126369736e+00
1.305373500901130468e+00
1.275488391478574401e+00
1.362548748895511030e+00
1.464076593681556959e+00
1.557018930479954655e+00
1.550185181521794631e+00
1.574672888402382620e+00
1.577054753579837820e+00
1.557152149796595220e+00
1.524292362918213017e+00
1.478722406182636284e+00
1.419615349997142673e+00
1.337229372373664793e+00
1.214106560588594563e+00
1.081411834195869837e+00
1.102272068644202907e+00
1.042351435627101752e+00
9.481280374156123569e-01
9.287735115136072084e-01
8.813787576837117665e-01
-3.108421075117512658e-02
-1.359076304493150866e-01
-2.710928843023552304e-01
-3.508082640605226787e-01
-4.156581418402186534e-01
-4.292676667763898335e-01
-3.667455107995651886e-01
-3.365524883197350547e-01
-3.308063538332494669e-01
-3.993215070485949258e-01
-4.337512136978614041e-01
-4.464756421220738014e-01
-4.507376958421701052e-01
-4.662822816978358098e-01
-4.886713748038480354e-01
-4.324007383614360545e-01
-4.295336364407573715e-01
-5.116208280920360174e-01
-6.346712062372243945e-01
-6.438964574612232594e-01
-5.907651415007905138e-01
-5.395454214725668995e-01
-3.690580906984212151e-01
-2.421789976691540724e-01
-1.589816568678319442e-01
-1.388540291645798397e-01
-1.450284001179051041e-01
-1.552060377529100865e-01
-1.889898556545013264e-01
-1.497184428320277871e-01
-5.355215180727906921e-02
-1.082877535035137728e-01
-1.169307141182635568e-01
-1.225987422039531705e-01
-5.901089077621529677e-02
-6.575480240417272415e-02
-1.964041511795585476e-02
-1.211767718117168907e-02
-1.361468888015683262e-02
-9.266472368874717480e-02
-9.392639114186666915e-02
-1.270720539479267552e-01
-1.758447782857236186e-01
-2.909978998572483322e-01
-2.949116250305779396e-01
-3.047741528212988826e-01
-3.469074803912636784e-01
-3.618745086037438163e-01
-3.851328837039223463e-01
-4.042229554281628334e-01
-3.931756380927522998e-01
-3.981233221603072137e-01
-4.122752871180849765e-01
-4.217385495235004833e-01
-3.990166920866827227e-01
-3.720165120615860355e-01
-3.825930040833044332e-01
-3.783486929195695181e-01
-3.490610749058395412e-01
-3.382357103035685264e-01
-6.605772402861145864e-02
-1.533633891355621337e-01
-1.797611900487312009e-01
-1.929406491874294527e-01
-2.281106157037451898e-01
-1.988317998223825822e-01
-2.068661860640435834e-01
-2.331174336865789454e-01
-3.105080486865995915e-01
-4.069748892413210806e-01
-4.522303258982402485e-01
-3.900160777920749222e-01
-3.579301320706597678e-01
-2.967364374491494594e-01
-2.631266183614126564e-01
-2.537274603750931390e-01
-1.382236609847010689e-01
-1.517113712737749309e-01
-1.442953531445743676e-01
-7.992200896441557789e-02
-9.983969159251390724e-02
-1.398432430453900865e-01
-1.081159492249355453e-01
-1.381697056864449602e-01
-1.683098769963103647e-01
-6.899358371126418366e-02
-8.519930693045721370e-02
-7.357015692551494013e-02
-7.439501262029256379e-02
-8.246969054419794887e-02
-4.123898693458883172e-03
-2.837651694822395515e-02
-2.087528181875092093e-01
-2.808454501190821295e-01
-3.430168436696089396e-01
-3.657326198034474563e-01
-4.053814333846676998e-01
-3.840618596990719724e-01
-4.466523823141087535e-01
-4.618378003578465507e-01
-4.645977898414589968e-01
-4.278952620532752715e-01
-4.330614231985447926e-01
-4.320912312755534890e-01
-4.214392232238659552e-01
-4.174624745438422768e-01
-4.104077411456652502e-01
-3.871106752543586049e-01
-3.685599742540679458e-01
-3.868687300697858933e-01
-4.516881584022866547e-01
-5.083002532743017277e-01
-5.898857477831437324e-01
-6.948036742597244464e-01
-6.860591208316542122e-01
-6.383814225636145201e-01
-6.077119887812219012e-01
-4.787913541880913781e-01
-3.774807144942463055e-01
-2.977031987128989088e-01
1.390798161775846364e-01
2.329545174651573569e-01
2.579291192642203523e-01
2.750375547588538305e-01
2.354460354802854760e-01
2.711097705862243745e-01
2.657966419573176142e-01
2.089905267048040860e-01
2.675241718832021554e-01
3.500848718960974937e-01
3.260369649257350844e-01
3.323728610450204513e-01
3.561681314567634038e-01
3.181197700160803277e-01
3.910189385124760442e-01
4.097630835328335275e-01
2.803736794079532135e-01
1.869422497551165019e-01
1.422211515299172946e-01
8.566481763785664671e-02
4.324443579271073507e-02
2.487017523834208349e-02
2.576608109073318456e-02
-5.239234464454900486e-02
-2.001379373889339564e-01
-2.143735520206248024e-01
-1.478030658478876602e-01
-1.648084290010345399e-01
-7.188133088982534558e-02
-1.110237063359369863e-02
2.035175994293285905e-03
-1.092211481046735655e-02
-1.426115513696479473e-02
-5.722626942429619168e-02
-8.239043800270177964e-02
-9.243368597419084065e-02
-9.349835281522871078e-02
-1.214937460588598334e-01
-1.212983090600813219e-01
-1.024994932155211397e-01
-9.656470051016442790e-02
-1.425987205067364705e-01
-9.236087182871781376e-02
-9.636237669298393371e-02
-1.698363171651700310e-01
-1.604261702868685913e-01
-1.937574346213365439e-01
-1.934479118491942984e-01
-6.184406442505052670e-02
1.293699892907909099e-01
2.252873832904558338e-01
2.605270876284773718e-01
2.079732404403137891e-01
2.499238043640484019e-01
2.946798798972954381e-01
2.258077709128376021e-01
2.497239185789083271e-01
2.474972447980800239e-01
2.410824209878525137e-01
2.773609495108993461e-01
-1.424501018760051391e-02
-1.020471343035036227e-01
-1.823560971285921317e-01
-3.399865388225046248e-01
-4.507095153327864701e-01
-5.102489217620378437e-01
-5.035975199962767768e-01
-5.155836381318047446e-01
-5.170422588034541134e-01
-5.373347273257087497e-01
-4.394751689186685017e-01
-4.522528261796971982e-01
-5.618579755504086171e-01
-5.759672989184437819e-01
-5.955654524372920866e-01
-5.856834921019337115e-01
-4.646607543293121423e-01
-4.944279043449789079e-01
-4.932380067004890623e-01
-4.435984287537653170e-01
-4.492054736657230540e-01
-4.565602825412506394e-01
-4.870602924070872586e-01
-5.164884161196885426e-01
-5.599556106882879192e-01
-6.785011449496011204e-01
-7.101650433025094022e-01
-6.329685674626537306e-01
-5.895000483756600573e-01
-4.354377094828971728e-01
1.602694150043221522e-01
1.915573820326085253e-01
2.530153327777008854e-01
2.619860273873855228e-01
2.693181902509767522e-01
2.603536355249387313e-01
2.600105537541350098e-01
2.581624127518029610e-01
2.560764628929702025e-01
2.907362766896052220e-01
2.804878708865957693e-01
3.346697528731711890e-01
3.369541463239568158e-01
4.027435929670665216e-01
3.923491607633868283e-01
2.985893546134982257e-01
1.884902771248098963e-01
9.920183481526981262e-02
-6.124750829850073020e-02
-1.256211791681424716e-01
-4.317113742270828336e-02
-4.513516572666222831e-02
-5.079773860236601324e-02
-6.591865213580173910e-02
-1.684565642562291521e-01
-2.074092996191120863e-01
-1.992590479849561114e-01
-2.192105112359143959e-01
-1.773997470464144521e-01
-2.098668085171273290e-01
1.022033474222616145e-01
1.044364134094351443e-01
9.251558735530317212e-02
1.621699637869264687e-01
1.525780604602570145e-01
6.644361044922728055e-02
4.816179528179116709e-02
3.910858237715334612e-02
3.621326135674323571e-02
1.134575193297376883e-01
1.877398942206880139e-01
1.835970980505000072e-01
1.750704202566748802e-01
1.278274194338511749e-01
9.969845985206299277e-02
7.177467421835270756e-02
1.356539663971417231e-01
2.746442774752017035e-01
4.910269611729596306e-01
5.533873346575722829e-01
6.559160874426498422e-01
6.238785680790456256e-01
6.274822814231402202e-01
6.493076886071296183e-01
6.156490602357636011e-01
5.963755345899005578e-01
5.923479228404699981e-01
5.773622427936468959e-01
5.952268980588535374e-01
5.847764013225277280e-01
3.963808228673064080e-03
-8.945329754890647689e-02
-2.323100789098859753e-01
-2.958505746717620122e-01
-3.389886939337810046e-01
-4.489600077719911875e-01
-4.661949283877782069e-01
-5.238683679747874189e-01
-4.999354547779969460e-01
-4.058765026387787245e-01
-3.946553809207981600e-01
-3.778238839481030675e-01
-4.009595435495711402e-01
-4.028923557967445945e-01
-3.988813400980534274e-01
-3.992966999100189263e-01
-4.666093274976138017e-01
-4.901312144607224974e-01
-4.866518325014250190e-01
-5.189147380476385463e-01
-5.113046951081152702e-01
-4.809518046882135245e-01
-5.422610745451472702e-01
-5.366231581949831853e-01
-5.977092741097782547e-01
-6.107321643292674684e-01
-5.771117762864749201e-01
-5.797698625849677656e-01
-5.967869955499256474e-01
-5.931449829535920815e-01
5.559186274169634900e-02
2.135596694886605640e-01
2.614846636410326219e-01
3.118202925084151977e-01
4.106767939169342907e-01
3.819624449427395096e-01
3.503865338017853603e-01
3.708536572900214545e-01
4.089430170310283663e-01
4.235638090237124342e-01
4.734331711653814723e-01
4.891874074358867341e-01
5.206948419705745845e-01
5.198298088746987622e-01
5.196418345923354831e-01
5.554313048254826413e-01
5.526656926052424534e-01
4.781640204593292642e-01
4.382562215155760832e-01
3.847543136973844424e-01
3.654949454657623886e-01
3.539093973244772373e-01
3.433829497947144538e-01
3.560560001217661918e-01
3.805312631671625700e-01
3.818576475913800228e-01
2.698818856373562669e-01
2.421807080117792665e-01
2.251222303031857053e-01
1.983423091211741485e-01
1.484007443215534794e-02
2.527489963568477910e-02
2.540837735824532512e-02
2.223761121678773101e-02
2.036562547278514615e-02
1.666590625599320002e-02
8.929468954082375037e-03
9.316825936040195807e-03
6.685447027093354214e-03
-3.635004204562013869e-02
-6.734440906830337775e-03
9.194997073608750238e-02
1.736144935236707265e-01
2.429178301126777573e-01
2.877146113567282115e-01
3.249622390168553920e-01
3.901023432796147383e-01
4.815595341484446568e-01
4.517162225308306578e-01
4.417909932859225841e-01
4.397812657728499830e-01
4.297780860004777881e-01
4.400336951725217216e-01
5.120676178325005434e-01
5.534934421502561985e-01
5.549039743183684648e-01
6.017583798712764498e-01
6.268367789637251386e-01
8.617730248957251593e-01
9.672644543368233983e-01
6.256131295153019578e-02
5.171862983549238568e-02
-5.736885638955328826e-02
-1.487674201908600335e-01
-2.791784960311249342e-01
-3.617086129222638613e-01
-3.946374392025824296e-01
-3.898445292578224808e-01
-4.727025367488953966e-01
-6.807367304473395109e-01
-8.738973082715286722e-01
-9.835405513024479962e-01
-1.031514051122109699e+00
-1.125022060542453017e+00
-1.177554298150351952e+00
-1.170013820531984106e+00
-1.230320027569190788e+00
-1.306893936144188251e+00
-1.157517065049308513e+00
-1.224703808139968153e+00
-1.277681519665533338e+00
-1.326700161595078420e+00
-1.383773343205619621e+00
-1.384078911347641272e+00
-1.387650761919799081e+00
-1.382052916271575338e+00
-1.372022543532235961e+00
-1.360792027876396082e+00
-1.259002868632591143e+00
-1.232022381581000747e+00
7.219154466369716305e-02
6.233998668451032343e-02
1.510350468210100994e-01
2.118431671145677431e-01
3.047353383852890452e-01
3.646862201006483284e-01
3.909179698273748671e-01
4.007173624247072907e-01
3.840794201404541530e-01
3.795312054991386574e-01
3.670888593697347879e-01
3.417508783211043455e-01
3.697218725130427819e-01
3.763060767310107968e-01
4.117004355886327294e-01
3.742334137527856819e-01
2.787990566216942967e-01
2.034281578415313430e-01
1.790594938567113825e-01
3.878558602026582758e-02
-2.246441661773623810e-03
-4.577312435545491387e-02
-1.584524215497425947e-01
-2.010632968445888180e-01
-2.102023057628298053e-01
-2.190795841361840579e-01
-1.913557814224371434e-01
-1.817241796464362513e-01
-1.855827026885561726e-01
-2.794128955942093984e-01
3.508650147394927737e-03
5.997773908092355472e-02
7.146956093177798952e-02
3.666244440305280877e-02
-1.580378724858810813e-02
-3.767716111975560889e-02
-2.474200963985100088e-02
4.896312961619711523e-02
6.776599723284496002e-02
5.982066683987334599e-02
6.754294984228434440e-02
1.610486281457389895e-02
-2.179460935900645602e-02
2.103429535573261844e-02
1.164005061788119105e-01
1.703784922562734117e-01
2.777257345633448171e-01
3.540542181270088795e-01
4.153473740221558241e-01
4.384187585072757964e-01
4.406425186456950915e-01
4.724214329313833338e-01
4.404554431317026508e-01
4.497093984489554108e-01
4.581296834605113610e-01
5.599009509829084852e-01
6.091722059479320883e-01
7.008138298065698102e-01
8.126127670072683662e-01
7.533442709939452975e-01
-1.502799949657136480e-01
-4.282524765204940298e-01
-6.514050419951742388e-01
-7.831051537218624015e-01
-8.069221999231454001e-01
-8.400766843906223302e-01
-9.475371009031609004e-01
-9.269819452424089556e-01
-1.147516289154261182e+00
-1.509619710824947392e+00
-1.710273526609246364e+00
-1.690247930824925859e+00
-1.643121686106109092e+00
-1.541695200745719863e+00
-1.478777319032992477e+00
-1.459755560729371737e+00
-1.402518404623770421e+00
-1.395102876952561077e+00
-1.448660546354273881e+00
-1.456806005727571796e+00
-1.405691901993696424e+00
-1.377932308597541233e+00
-1.373272645820314164e+00
-1.420560319652558690e+00
-1.428351519437812023e+00
-1.438500957653554568e+00
-1.450702590738890407e+00
-1.389351339504547589e+00
-1.311867743509856687e+00
-1.334615134160718419e+00
-7.908420383551066982e-03
5.731031737150371619e-02
9.854607096925500909e-02
1.637330573004373846e-01
2.270441858962317094e-01
2.732976227033320216e-01
3.400714527056343806e-01
4.187862681882961735e-01
5.645608063351408301e-01
5.304395679279936271e-01
4.847949484230001382e-01
4.791983714883061851e-01
4.557534860369739649e-01
3.767026580936850833e-01
3.757527569639230181e-01
3.870641648770577481e-01
3.928439554031410985e-01
3.839092412717767244e-01
4.647446770490606949e-01
5.035549313363456569e-01
5.046981955223555083e-01
5.011995037174210577e-01
4.862909496660762776e-01
4.465221172625312152e-01
3.985251770977382146e-01
3.479496551811767091e-01
3.302827124211269449e-01
3.194138163295697774e-01
3.515469197095155152e-01
3.384431846764543450e-01
5.761744874614707114e-03
-9.171294116031947913e-03
-2.349769993480711749e-02
-6.796760273635074623e-02
-7.233787415532702547e-02
-7.471475090244528161e-02
-7.061487868198193518e-02
-2.658417285038486289e-02
-2.674446404034140287e-02
-6.294840977327965936e-02
-8.761066336741028804e-02
-9.993118030835480836e-02
-1.008073639609509964e-01
-6.520336670231909049e-02
-1.331003996637672993e-01
-1.268108200409657493e-01
-1.148372003595649199e-01
-7.785153997629432054e-02
5.981677246673841597e-02
2.233818341324320667e-01
4.081792023513636236e-01
5.618418073378733668e-01
6.492028475435160928e-01
5.515813120826646987e-01
3.974601828395720737e-01
3.247436509994327536e-01
2.480898914633043462e-01
2.071889153158385510e-01
2.739392584790143470e-01
2.910363339030088148e-01
-7.030908549283126571e-03
2.070900831831395950e-03
8.386101407444782746e-03
6.925750852970721447e-03
1.137384175887835164e-02
-3.742113111261437600e-03
-1.395517019065996463e-02
-4.931981629219344548e-02
-1.463179786680409156e-01
-1.923588295300087125e-01
-2.318953032929423896e-01
-1.635516080042423437e-01
-1.703352596032808308e-01
-2.498463118098751268e-01
-3.476866095203930973e-01
-3.844767606899501811e-01
-3.842413120778254143e-01
-3.788100123286226029e-01
-2.894874504118711278e-01
-2.136281199677882436e-01
-1.809799909572871179e-01
-1.599257788946459868e-01
-1.547182598325463065e-01
-2.204846247699726591e-01
-2.399043823475930926e-01
-3.061635834481648000e-01
-2.727631648125530828e-01
-1.900603267182303657e-01
-1.483826997113008306e-01
-1.392344324878458939e-01
1.868104615959020540e-02
1.023903422115712142e-01
2.579154882295964790e-01
1.199748108036018668e-01
7.875780523003711453e-02
1.255977886548730049e-01
9.681478215370413476e-02
2.129573251166867187e-01
4.259290303513990072e-01
4.162677718798003523e-01
4.318856238154759608e-01
3.994427610562816811e-01
3.440976577996572860e-01
2.705440307629780605e-01
2.528800425414254871e-01
2.261194977977849518e-01
2.850009509135293384e-01
3.028991876482184931e-01
3.211202243822886548e-01
3.476966922721793640e-01
3.156780085185724172e-01
2.996471698339263079e-01
2.911137520178958549e-01
2.898072352989017886e-01
2.822985493614207364e-01
1.774244110253101470e-01
9.689950833923399731e-02
-2.317274867581774200e-02
-1.062394162683914234e-01
-1.104065913016926553e-01
3.001955200925703754e-02
-1.312706899585418946e-02
8.256793061820675433e-03
5.887390406108507224e-02
8.040203788305494426e-02
9.424691229293985506e-02
9.942062469092818877e-02
1.384533186297466356e-01
1.405830585450014991e-01
1.342812037439291561e-01
1.513715632976787573e-01
1.437190459444473434e-01
7.426913535757116713e-02
6.120761841598808262e-02
6.387224630697488359e-02
6.958977498929676264e-02
9.283739127416705539e-02
1.420923347182372898e-01
2.179837723136176519e-01
2.411845006566469829e-01
2.834475232976077508e-01
3.480483765967832266e-01
3.944531154341006651e-01
4.392850364323119261e-01
4.798959023740496654e-01
5.174554115230596274e-01
5.302777453555351794e-01
4.923575603044753057e-01
5.016161682624139528e-01
5.137456167057901091e-01
7.077891599411487405e-05
6.554082926821029609e-02
1.320507095564693589e-01
1.825498933469840712e-01
1.704979903206943759e-01
8.202059038723349960e-02
-8.153765485561459414e-02
-2.485412534337060053e-01
-2.655865703369427733e-01
-2.693848860126923372e-01
-2.204764033768150666e-01
-2.013405785236353496e-01
-1.480363715232230204e-01
-1.412497528114528833e-01
-2.128497395043320306e-01
-2.223653112607907323e-01
-2.428689025843471794e-01
-3.165697629183285566e-01
-3.291244189684151555e-01
-3.635837985738113454e-01
-3.424916016088661030e-01
-3.292622108694678307e-01
-2.747054028428430605e-01
-2.774524029303170880e-01
-2.881807744486237222e-01
-2.779161014425475806e-01
-2.932489287655170029e-01
-3.555831932119206673e-01
-4.736884472108850996e-01
-5.994703061592854265e-01
-2.037238628917724045e-02
-3.790621670611263316e-02
3.233965049471648756e-02
1.882895549003471836e-01
3.162606570105847004e-01
3.563221764908968692e-01
3.826951096580402112e-01
4.113176264033625018e-01
3.893332778637190739e-01
3.811080261128372282e-01
3.748081909490952879e-01
3.796568685342817107e-01
3.878895734931467887e-01
3.911497279815547845e-01
4.103203559408801770e-01
4.106821584802922698e-01
3.938377730572079072e-01
3.876585644462920976e-01
3.982081162606976310e-01
4.171795449390372501e-01
3.288315501548957354e-01
3.181013665845400240e-01
2.897502072346457846e-01
1.932062946955983018e-01
1.880459897253666246e-01
2.414840960416067550e-01
1.733196146352184996e-01
8.034220377098218180e-02
8.222021094467880931e-02
4.995778146093707295e-02
1.747042245943556836e-03
-1.942669765973650776e-03
