-6.647006364692706164e-03
-3.082908118082996474e-01
-7.035149117022634346e-01
-9.466675430787636625e-01
-1.167873819069658259e+00
-1.244067788346706838e+00
-1.100346486361600817e+00
-1.107257611056210900e+00
-1.166421785199710737e+00
-1.099846423263662443e+00
-1.102020056790284253e+00
-1.046767030593558800e+00
-1.060373962192664887e+00
-1.007252372714080524e+00
-9.090566775276853750e-01
-1.000957106437345256e+00
-1.224992126386073688e+00
-1.264232671121244156e+00
-1.253274712892180398e+00
-1.379076787096717105e+00
-1.382738576722109647e+00
-1.417190786772413835e+00
-1.534179550762009070e+00
-1.442399365221771257e+00
-1.574440104968694687e+00
-1.441561829276963191e+00
-1.450125594144301422e+00
-1.405568176558161797e+00
-9.338802748391272779e-01
-6.623743020770650469e-03
3.190420247180744129e-01
4.590450903225290480e-01
4.054353462433277766e-01
4.892863715411884806e-01
4.284307960320708486e-01
5.039176385890146159e-01
4.983126099673544918e-01
4.250505034950157746e-01
5.807410793612391986e-01
6.649556576778086203e-01
6.682005044560623830e-01
7.289709099974281958e-01
7.332922715941581071e-01
7.480319823552851188e-01
9.456860642426924146e-01
9.629705933784492577e-01
9.515936174471782971e-01
1.095663853118274966e+00
1.214728768882012089e+00
1.226463350048669687e+00
1.102332689201293459e+00
9.216269807707428985e-01
1.111073765078919529e+00
1.097153431886220609e+00
1.045622160587100780e+00
1.256054518116639374e+00
1.149825241941123455e+00
1.160981524697189515e+00
1.121455368114616213e+00
-1.253866289095064701e-01
-2.253928421488610723e-01
-4.517458339312491189e-01
-5.861884646816641897e-01
-9.546213764299031901e-01
-9.593336287112924632e-01
-7.898186409642322658e-01
-8.430378507331541815e-01
-6.867349271357534590e-01
-6.513125617542950829e-01
-6.612926839414685620e-01
-5.857059516291025503e-01
-6.068059718820270065e-01
-7.574925866803112751e-01
-8.163513123983399122e-01
-9.265650063012413895e-01
-1.077644234463933426e+00
-9.131423262996638535e-01
-1.065124233309391766e+00
-1.117856943227274247e+00
-9.659222673755110122e-01
-1.168619435626014003e+00
-1.188109628067536283e+00
-1.166526940334889240e+00
-1.295851662371707791e+00
-1.281936620088976131e+00
-1.350973179222713538e+00
-1.515633101368646818e+00
-1.495990478768919774e+00
-1.495551030778432766e+00
-2.876934418818078570e-02
1.098433024579934664e-02
-7.320364820888322632e-02
-8.069385935577827462e-02
-1.384094523646969832e-02
-4.360092710463113475e-02
-1.027973318492026999e-01
-1.961344576260763417e-01
-2.087820542479529307e-01
-1.384074646182480162e-01
-1.552991177228774666e-01
-1.750881235928301027e-01
9.437170721534327011e-03
6.993560305842957958e-02
1.895694612452082095e-01
2.214056460618313571e-01
1.999429258096135642e-01
2.358635878009640030e-01
2.769356217440913648e-01
2.863305318542223588e-01
3.572087696490830466e-01
3.458392139350449646e-01
3.642869783760495639e-01
4.560494914795847898e-01
4.246483626103171871e-01
4.747817737653630132e-01
4.720074380311014561e-01
4.673998615789107802e-01
5.337505612969392077e-01
5.208982605554282053e-01
7.191461316818661964e-02
1.290928807530796196e-01
1.550920895852340164e-01
1.358799607355240524e-01
2.879366676419028992e-02
1.286248595268085076e-02
9.170784140707272103e-02
4.164013902896916003e-02
1.107687427652297441e-01
1.279803552761092922e-01
1.190969674318152899e-01
2.225772950844664422e-01
2.412589886307084652e-01
4.016042597149898641e-01
3.668924790132598313e-01
2.376167483489060039e-01
2.339326474564701053e-01
2.213216605797039271e-01
4.653698086992353877e-01
3.910921830533105048e-01
3.976870028817462988e-01
4.159238552733300343e-01
2.156604703536629530e-01
1.928839673709841773e-01
1.703413272132696943e-01
1.675174972609549395e-01
1.976002942234572068e-01
8.418951322747970922e-02
-6.925577944336634706e-02
-1.909552706973602909e-01
-1.425200746423033737e-01
-2.374781910649811090e-01
-3.986951045295276108e-01
-4.436771512086756797e-01
-3.996774991728430648e-01
-4.029959121934965638e-01
-3.422287112548445531e-01
-3.394644411814985441e-01
-2.447705513896998308e-01
-2.585498707236041915e-01
-3.348819555198248588e-01
-3.304156101043032034e-01
-3.294420930757336885e-01
-3.177322680838585156e-01
-1.911959748570309370e-01
-1.536423464430921038e-01
-2.023032790490010280e-01
-2.103519756009817887e-01
-3.566150116022400174e-01
-4.283815807063748315e-01
-4.242978265312539743e-01
-5.069331650232895559e-01
-5.813083409861938833e-01
-6.540390015225920894e-01
-7.039039746737407732e-01
-7.788794025275425081e-01
-7.850274927119265111e-01
-6.709210386596788922e-01
-5.175842842190071513e-01
-4.816921166586513037e-01
1.781816077788059977e-02
4.375663129451656808e-02
-4.408497261451480020e-02
-5.395298602637208646e-02
-1.255324141538514404e-01
-2.632684025673291961e-01
-2.046746086264054632e-01
-1.864547945482945834e-01
-1.694644186033515409e-01
-9.408644876934613155e-02
-1.059286059341190273e-01
-7.716777605735339329e-02
-3.315545463847708457e-02
-9.052820746349031500e-02
-1.947636120149233152e-01
-1.699202468986833470e-01
-1.903469070523642337e-01
-1.722685014297173633e-01
-2.391281545770088668e-01
-4.254668230335624246e-01
-4.798200045243154466e-01
-4.687793699945288495e-01
-4.552021469729300440e-01
-4.432461950264839912e-01
-3.770146986353483665e-01
-2.836347554609832122e-01
-1.184417351673388019e-01
1.062647952241680682e-01
1.303715441181608203e-01
1.058035441374476915e-01
-2.932062049616882687e-03
-2.564959582982302699e-02
-2.052868449928288430e-02
5.525388206753431564e-02
6.464434881956547529e-02
6.607524311992281352e-02
1.417523233449848319e-01
1.747913567887861008e-01
2.833703460135917340e-01
3.008448214401838183e-01
3.053461505491960604e-01
3.837145698794919291e-01
3.811196351329362297e-01
4.083780544791266731e-01
4.164567803728595474e-01
4.216138198718773489e-01
5.422738922671896944e-01
5.988215828920978590e-01
4.731360445768157397e-01
4.238011146644877769e-01
4.148938739599819514e-01
3.807417062634384508e-01
3.097625942345563765e-01
3.084770603766763819e-01
4.822628521352873565e-01
5.704028693797495997e-01
5.845854271139508951e-01
6.823960463271490084e-01
6.476141421586479874e-01
4.818012790466869033e-01
-4.756599224951724159e-02
-1.090578999798836324e-01
-1.341453048414418259e-01
-1.434129023376768952e-01
-1.602447910845451462e-01
-1.316515144009562099e-01
-1.535072924851551002e-01
-1.734529097769664518e-01
-1.723438004953037894e-01
-2.568947790095889028e-01
-2.717760954151990371e-01
-2.370309835163542378e-01
-3.184858752750854283e-01
-3.575097771248648693e-01
-3.683503639224486315e-01
-4.029552287796686061e-01
-3.635419878100153435e-01
-3.043305991869246219e-01
-8.316355895029561851e-02
-5.312960055906740253e-02
-2.905772644547404693e-01
-4.136580252022747373e-01
-3.923375416190871268e-01
-2.185117663507740449e-01
6.050500787570325945e-02
1.971799669952948864e-01
2.539634114840013113e-01
4.766628653723538611e-01
5.682057306934686913e-01
7.956485028708235596e-01
2.175749640950663810e-01
2.565018974161930032e-01
2.928627965644119424e-01
2.919648222440227592e-01
2.006582949436556684e-01
2.052554068315184388e-01
3.372572985881348573e-01
3.663416536917377120e-01
5.550608090924002980e-01
6.400923410100476385e-01
5.589505339293047159e-01
5.746810016502423846e-01
5.609955062873457354e-01
5.409860483615152038e-01
5.360924880422188732e-01
5.649358838505166291e-01
5.181273852170384941e-01
5.524828294150370134e-01
5.737697390557913169e-01
5.844440373774090203e-01
7.018887574977160648e-01
7.432172368029758003e-01
7.462616121744154452e-01
6.901174714039495228e-01
6.395818166121441939e-01
5.320415708557796330e-01
4.830713591354697800e-01
5.338174550485798031e-01
5.591672569752909050e-01
6.453909084396080020e-01
1.549851242250250838e-01
2.646733561138165935e-01
3.207353589068507871e-01
3.699590750248182847e-01
3.368505232344790046e-01
3.122816110254876820e-01
3.205306193927605629e-01
3.318252520362275360e-01
2.747158236356798122e-01
1.710270971401586793e-01
1.043327216854394723e-01
3.654949883108567221e-02
3.347602149110581737e-02
-1.258277611581538197e-02
-7.346391210230601883e-03
-1.479416065335950776e-02
-3.895983168010048320e-02
-5.655808325617940613e-02
2.392538171612300368e-02
1.340396870507428069e-02
8.117996877636379088e-04
-5.166193878830712544e-03
-1.271175307574710228e-02
-6.378990611254450882e-02
-9.804902406516180502e-02
-1.582242803719700885e-01
-1.618770335417483441e-01
-1.674553450678948896e-01
-1.783639205107519776e-01
-1.691817444096753442e-01
-8.486107367516745881e-02
-1.330881269564769820e-01
-1.587048766092516994e-01
-2.767975716046803258e-01
-2.890137898758177171e-01
-2.972647083518475397e-01
-3.473492918369316396e-01
-3.089192606696306576e-01
-2.589779082059509574e-01
-3.314095539596329520e-01
-3.249462867550538259e-01
-3.158005667581115783e-01
-3.283677060224575173e-01
-2.817628583740591774e-01
-2.307423172676326684e-01
-2.556072572718969260e-01
-2.069423289923715270e-01
-1.582052649637253061e-01
-1.118638593535148107e-01
-2.947106597912337034e-02
-2.011120988093498610e-02
-1.062411883857561079e-01
-1.096919865204241673e-01
-1.319595793156531915e-01
-1.625266663485761820e-01
-1.224259933600276296e-01
-5.352913850076888858e-02
1.055555041685758699e-02
1.070157755294315199e-01
1.087851648230547807e-01
7.719238292619784100e-03
2.818910887307083529e-02
2.882835796806257345e-02
1.592010438317582183e-02
7.253607485118829246e-03
1.502471891871740191e-02
-1.220686687038353112e-02
-1.234467344459025048e-02
-1.477012072084517812e-02
-2.435529754958043469e-02
-3.849656749060730021e-02
-4.455150852785146054e-02
-5.371353970821211160e-02
-3.584946833161655605e-02
-3.016019327267977987e-02
-3.893302740004735141e-02
-1.441681902079723285e-02
5.812141498419279295e-02
8.832102931410441837e-02
7.270616833237408816e-02
5.412220648698248815e-02
1.556420787411200157e-02
1.660818576859005372e-02
-3.657841255286084503e-02
-4.926233434056249971e-02
3.976154583987129287e-02
1.608566393665502026e-01
2.343780437452286647e-01
3.034126873363757193e-01
3.424677648591715196e-01
-1.621111968350640309e-01
-2.791106322256649008e-01
-3.523831890077260831e-01
-4.143052190792663736e-01
-3.916260248135455813e-01
-3.712272508685134365e-01
-3.297965196645427643e-01
-2.560050409786969738e-01
-2.685628369803869098e-01
-2.707623108024347358e-01
-2.799456092322760714e-01
-3.704411160986020857e-01
-3.938221569402344802e-01
-5.128711338573602729e-01
-5.736217802719284498e-01
-5.704570411036571365e-01
-5.388547471783919907e-01
-5.412467936009538461e-01
-5.261752571792913669e-01
-5.774891694459012292e-01
-6.080717760384009019e-01
-6.212964988459535043e-01
-8.496998897244411042e-01
-8.519560161124388742e-01
-8.558542886530134952e-01
-8.564006110863937593e-01
-8.246120042330155053e-01
-7.470415892493660337e-01
-7.711557380404572282e-01
-7.913297422029879069e-01
-3.669576035429888278e-02
-1.182677797365985772e-01
-1.442158659248756747e-01
-1.676801760793412421e-01
-8.619057887314299227e-02
3.571953611415724927e-02
1.463054867690938010e-01
1.886989690760348948e-01
2.286782185553026259e-01
2.578725659344031640e-01
2.493727640622991348e-01
2.684318689841868610e-01
2.541493400804435976e-01
1.893819535323938985e-01
2.199411405751329207e-01
1.958674335957577561e-01
2.098383946121963328e-01
2.327864034806133853e-01
2.534049532328092602e-01
2.911719359850372668e-01
3.091640621138014300e-01
2.498395805771412570e-01
2.109378886579901247e-01
1.773386004117233905e-01
8.448266897321411728e-02
9.227912340281718695e-02
1.313341513254467907e-01
1.225163811941424041e-01
1.925713286628764065e-01
1.885702471016702519e-01
-2.440961852917422625e-02
-2.189007896188116184e-02
-1.309066273230671817e-03
3.557335032107161038e-02
5.144556790723719963e-02
7.243857325854631546e-02
8.194672028847950485e-02
9.794147482703836893e-02
1.245730768521719767e-01
2.321134073182773983e-01
2.599698282268861904e-01
2.412909533111929905e-01
2.601209396939572205e-01
2.275487664024206935e-01
2.204474216582918422e-01
2.190524564563158250e-01
2.141730749491504993e-01
1.984912819142936324e-01
1.913479860628187756e-01
2.021920000333409517e-01
2.347692641989267970e-01
2.275008195345186446e-01
2.186905765441820026e-01
2.492206088206710135e-01
2.683006235866519651e-01
2.358645320149007074e-01
2.252047375158287845e-01
2.057621334358500642e-01
2.161725781590007611e-01
1.717513840145386272e-01
-8.153179227071863377e-02
-1.842085169978646131e-01
-2.120874322138760482e-01
-5.944558321797110967e-02
-1.262699256599343622e-01
-4.730655614929732966e-01
-5.649127081549514262e-01
-6.054079494779802673e-01
-5.957162114910614648e-01
-4.644024008152107252e-01
-4.634641138423745699e-01
-4.642165094767381484e-01
-4.079575173437092195e-01
-4.673325875739269275e-01
-5.085377744628966079e-01
-4.998796172958083761e-01
-5.155488786754462982e-01
-4.745426538036454644e-01
-4.595809159413236644e-01
-4.358586249701145721e-01
-3.450765373522669544e-01
-2.428365554983225594e-01
-2.128510925838292267e-01
-9.112126434162964861e-02
-4.839983870140143057e-02
-2.663484875515698125e-02
1.864541795544721187e-03
-9.137546447430575092e-02
-2.104118249773135330e-01
-3.290895326732821147e-01
-1.561788388841191602e-02
1.124878993675807320e-01
2.179779148379477061e-01
2.223393142296321845e-01
1.950477758049835586e-01
9.066376336522644075e-02
7.210158638764838090e-02
1.229234039412107071e-01
9.497235201741897892e-02
6.067035142540917747e-02
9.595113320625257847e-02
5.127698238061328961e-02
-7.550703616871426438e-02
-6.337255625742810317e-02
4.129244200690375399e-02
7.258068283575513924e-02
9.775086880548099211e-02
1.822342025300304202e-01
1.442605684216489992e-01
1.319464121087113306e-01
1.140201466957738857e-01
6.534048398097436205e-02
1.047727622746756626e-01
1.075668701894732932e-01
1.261474774516377073e-01
1.518904060923593757e-01
5.392555090616901747e-02
4.809547659677233106e-02
1.465565475177177668e-01
1.703465575297768153e-01
2.658919131582439255e-02
3.988437933724883755e-02
6.641656814025745370e-03
1.573626626270609868e-02
3.363180476096737370e-02
5.819516129621923883e-02
3.601913194239563659e-02
2.062852884123017247e-02
-9.569105029087626030e-03
-7.373775168568441618e-02
-1.992408013827977331e-01
-3.046938928276924363e-01
-4.629857162765186329e-01
-6.951032457663828268e-01
-6.093447924699155749e-01
-5.216535767255368050e-01
-3.394726864327097804e-01
-2.512122892778916317e-01
-2.264141944810717511e-01
-1.307676942030835954e-01
-1.319274818918648173e-01
-1.875358939190025498e-01
-2.568417840655476958e-01
-3.735475309032473823e-01
-3.948297851157018257e-01
-3.767745943600894210e-01
-2.457639704758210752e-01
-1.335390648733712771e-01
-1.564310016999010955e-01
-2.218311746178693866e-01
-8.896773085145970317e-02
-1.877018423226062827e-01
-1.933926382499736862e-01
-1.585368481589442824e-01
-1.530170360487510817e-01
-4.718684669496299444e-02
1.314730062375559227e-01
1.645912189942499992e-01
2.488586583452894185e-01
2.153300146733046760e-01
1.989678817071128258e-01
3.226681315346014434e-01
3.403111031734835090e-01
3.708193322960985361e-01
3.699718752956345225e-01
3.064622837446525638e-01
3.489768455850426609e-01
3.777363756536922801e-01
3.711420239594135917e-01
3.692087489088084484e-01
3.464609681318437384e-01
2.605804662424067164e-01
2.998498747913953544e-01
2.849157643311095445e-01
2.640069211053931442e-01
2.741191779801121498e-01
2.775693425996766384e-01
3.430579801593987010e-01
3.870921509502396884e-01
3.612258533086141199e-01
-9.880152528748166463e-04
2.627364710424051966e-02
1.613892889219885329e-02
8.061016895436843438e-04
3.381840236327207910e-03
2.142925197507774757e-02
2.802901400854561700e-02
3.533533986320292614e-02
7.032318205782570053e-02
7.853773545720049709e-02
3.541567656538069375e-03
9.540226243783455837e-03
-6.700022009463782111e-03
-4.678998588490912436e-02
-6.715040243326668434e-02
-8.574863841553122257e-02
-6.615844025125201810e-02
-6.525213061005859239e-02
-4.755535449999188924e-02
-6.422920148084675096e-03
3.834707107886473759e-02
9.320612555019734680e-02
1.006781245542532760e-01
1.033417334966520995e-01
9.279090324308238158e-02
-4.829439266733258351e-02
-2.215143008910360201e-01
-2.591927857498113053e-01
-2.161976557129547949e-01
-1.658111957054903551e-01
7.312187759045913303e-03
-8.303131666378041342e-03
2.196249547084977091e-02
5.874598375010138540e-02
2.546517225711239507e-02
2.841858232754805938e-02
2.616326560189287387e-02
-1.038322613709001530e-02
-2.525378585151107080e-02
-1.529947812868252544e-01
-1.696556100771507980e-01
-1.093774555183419928e-01
-4.335535776148770337e-02
-2.870615134099607779e-02
-1.984710128264059736e-02
-6.354442001529750361e-02
-8.933235832365366003e-02
-1.149064313968359563e-01
-1.176217917162123011e-01
-5.534248724461392904e-02
-3.801874646923816825e-03
-7.885233855573603456e-03
-7.428458180349433934e-04
9.787081862119632186e-03
1.231107004321596587e-02
7.685930681014883047e-03
-5.703128935139190753e-02
-1.017654745448641485e-01
-4.993157345386546597e-02
-2.602387410302345674e-02
1.298148077685341295e-01
2.847700685977687107e-01
2.994285986428569801e-01
3.021187163648950125e-01
3.056172458083699639e-01
3.009054116252309896e-01
2.681396731269864442e-01
2.421232234860078991e-01
2.326348260800032153e-01
2.143991574286691904e-01
1.913100738239551235e-01
2.050154953516221401e-01
1.942709923680825956e-01
1.309176657444822700e-01
1.495887126069092854e-01
1.932735357650562369e-01
1.971879830117169441e-01
2.079064854795540651e-01
1.885247972305425790e-01
1.461547258113593539e-01
1.763847281590456839e-01
2.178749487306682053e-01
2.128083019813504506e-01
5.232450858960718820e-02
-4.823062298896937938e-02
-1.180796792138117945e-01
-1.168954832279447131e-01
-1.547542640509317891e-01
-1.693130316376257327e-01
-1.825702129474444102e-01
-8.134040785939256751e-03
4.055330723023795048e-02
8.503341731759832267e-02
8.143752565849790570e-02
8.030176786406312273e-02
7.636120317321458406e-02
-8.666062020087815509e-02
-1.832450419953322585e-01
-1.154769338944212215e-01
-3.117245887075467681e-02
-3.278790362396220848e-02
-4.848737010975179285e-02
-9.194835709311582894e-02
-1.121385344157489056e-01
-1.054425996089199818e-01
-9.286613193254816823e-02
-9.409150447955409724e-02
-8.612693840694329861e-02
-9.105254970939283266e-02
-5.861184384307095707e-02
1.005459051782140317e-01
2.273683286582285357e-01
3.359055935615418709e-01
3.507692651139858731e-01
3.848041379298198228e-01
3.979687167263271097e-01
4.204892730967897396e-01
4.018810841936192868e-01
3.980877183192847446e-01
3.853309414799167554e-01
-9.767617301771483809e-03
5.416455305686272009e-02
9.028507327883730782e-02
1.238872947365408372e-01
2.039079891495208796e-01
2.387865496566682344e-01
1.556132564027249976e-01
8.365618969551913420e-02
8.257796870303846237e-02
8.356177536080507118e-02
1.154107361534140869e-01
1.892993106404835257e-01
2.363148040958749918e-01
2.598097297431716246e-01
1.950423619505422534e-01
1.008057525519405612e-01
-9.435353042118010958e-03
-1.116911809139266992e-01
-1.263947798579651838e-01
-1.411213847216520045e-01
-1.665598641876802899e-01
-1.148138010187760294e-01
-1.433734789146705324e-01
-1.756615548125273485e-01
-2.126882395233075096e-01
-4.032675580077464406e-01
-5.368758213297648574e-01
-5.661383420489006779e-01
-5.760130989677056945e-01
-6.188673149842138788e-01
3.197665127172732991e-02
1.705777227064807222e-01
2.831329527457073780e-01
8.304234479422997750e-02
-1.498830808370235634e-02
6.775930971699399563e-02
-1.735089426630083420e-02
-1.349961890003306686e-01
-1.162805042568538783e-01
-4.311795106883133111e-02
-4.494058465682124193e-02
-5.288809591076092109e-02
-1.136696913842709100e-01
-1.272314717009604135e-01
-7.373905436034233762e-02
-4.873677268228238102e-03
6.525928492418252291e-02
1.471355663047149709e-01
1.706664757264597376e-01
1.983687471587224083e-01
2.679494159687888510e-01
2.771347592566332230e-01
4.164401994427519016e-01
6.593157507958695707e-01
7.809074890218841158e-01
8.746819986519912549e-01
1.004010908668697244e+00
9.825711213531437282e-01
8.811069850869635012e-01
7.645744055733808553e-01
-1.149982086523947539e-01
-1.613215036308350281e-01
-2.189839751828518699e-01
-1.619972800107848387e-01
-1.441757322849897549e-01
-5.890131163592680907e-02
2.446748353878401561e-02
2.605997318117665718e-02
4.381419171228331105e-03
-1.504996497533917302e-02
-9.517485986395145259e-02
-1.252244869054082721e-01
-2.412871861675722207e-01
-3.341935189953620933e-01
-3.208252438892265079e-01
-3.032302047956597635e-01
-3.003241075700092688e-01
-3.325492169755980276e-01
-4.409422532315318000e-01
-4.864525512467333668e-01
-4.809172129672562024e-01
-5.043285069634678708e-01
-5.610882251492860240e-01
-5.710165173588063192e-01
-4.419277643447223070e-01
-3.651622515869145102e-01
-3.507576484319454568e-01
-3.720334001177605376e-01
-3.969646272314684698e-01
-4.779553405652441911e-01
-2.499918677344313903e-02
-7.656620695636294494e-03
3.309856236862595419e-03
-1.589037316234828343e-02
-4.782595977908044027e-02
-6.577510297661323668e-02
-7.606803991063847137e-02
-8.403428348401587034e-02
-9.585281057455274922e-02
-9.645526418665884005e-02
-8.813212287326792349e-02
-6.792337907152715126e-02
-1.406503037801135753e-02
-4.545271726474123253e-02
-5.655634844998905231e-02
-5.103509329477774747e-02
-4.486932797019731189e-02
1.511890706838323745e-02
5.811812909485240819e-02
4.563334410956709081e-02
1.378292321391094977e-01
3.164597065753031457e-01
3.941879377432302434e-01
5.078720209303181354e-01
5.534647535846026756e-01
5.847035215636395833e-01
6.043833039427710663e-01
5.971477976090827644e-01
5.745791900133508934e-01
5.664653840601300283e-01
-8.488331301195486955e-03
3.733325373965198923e-02
1.207429847903618986e-01
1.115952788813407565e-01
6.139567921724787408e-02
6.341037398782453649e-02
1.273192978059964064e-01
1.150362812386632044e-01
1.162155414545169851e-01
1.026487339468770410e-01
-4.897853163101470453e-03
-1.874407931909054525e-01
-2.971598932928143366e-01
-3.504900561553571103e-01
-3.608363337838313423e-01
-2.736278613832032747e-01
-3.412050083833834124e-01
-4.003453336276019958e-01
-4.764822449132726234e-01
-5.009957388067700634e-01
-4.845271974956816274e-01
-3.977189792807899194e-01
-2.933754665921842752e-01
-2.410200593852609707e-01
-1.559594041580200374e-01
-1.416970557203683090e-01
-1.481763802796037532e-01
-2.015041004957356385e-01
-2.432422018851656265e-01
-3.034507417422302455e-01
2.825778361495379781e-03
7.960804393090592512e-02
2.227941697551273914e-01
3.114869579483602324e-01
3.102863167993238358e-01
2.883169626379920025e-01
2.569448943167657040e-01
1.729538803349490728e-01
2.142475228530127396e-02
-1.256904071655401689e-01
-1.503209905097408206e-01
-1.095609354132817681e-01
1.697275143480642123e-02
4.642391154322384611e-02
-7.810602276635472685e-02
-7.111229591675014006e-02
-1.696432117249850879e-01
-2.094568375603478583e-01
-1.915371884437531702e-01
-3.307062236910559561e-01
-4.142933329066016968e-01
-3.790793224406722728e-01
-3.806054238382992061e-01
-3.607032706163838531e-01
-3.681873402307859755e-01
-3.807236698171447831e-01
-3.032667316284784476e-01
-1.792969524435349682e-01
-2.518983900706440182e-01
-2.175076855109685792e-01
-2.678394166834363044e-01
-4.157735550022057525e-01
-1.610062697802566167e-01
-5.125886346887369160e-02
4.388715978088554570e-02
1.675792220439019375e-01
1.669571473385335625e-01
1.441453175477234727e-01
1.082509834627295442e-01
-4.975243406202717322e-02
-1.430050118220189126e-01
-1.217133835398339359e-01
-1.006780238502115454e-01
7.133574665291558814e-02
1.354990616614997201e-01
1.134175166212559732e-01
1.154579974055165437e-01
1.086892434009226194e-01
9.140612968374084435e-02
4.343527168321345555e-02
1.091856796880666391e-02
3.121269226522465495e-02
1.057354273940015188e-01
1.063604564801909069e-01
1.092565259661665983e-01
1.160626140851925975e-01
9.968087450508508751e-02
1.015540318752777282e-01
1.142946417756481037e-01
1.206010921425459542e-01
-4.751069190201746839e-03
-1.144308896391575125e-01
-1.838141636036628168e-01
-1.005662196188547436e-01
-1.188492210564845303e-01
-1.092561901047651440e-01
-6.608797367536009548e-02
-5.560986884254224411e-02
-2.914251222580060974e-02
-9.527960845739088386e-03
-5.347730854783135090e-02
-2.254988084636458945e-01
-3.355228645868982840e-01
-3.571072325053996077e-01
-3.864205725301322891e-01
-3.791438981051254431e-01
-3.644307883810082860e-01
-3.487398079544496432e-01
-3.798522641467322880e-01
-4.000230711006299011e-01
-3.958060476660533178e-01
-4.263084985998739085e-01
-4.194046243710867206e-01
-3.628789120947574776e-01
-3.279313181404421296e-01
-3.128092201602024613e-01
-3.022374040340483625e-01
-3.324882371051440244e-01
-1.825526035283755732e-01
-1.069910153960634963e-01
3.244933788212743253e-01
5.033011042248138889e-01
4.725939558022625442e-01
3.463095326737671287e-01
3.368942676128084956e-01
3.211406665837112651e-01
4.135874756860915546e-01
4.914328748579416262e-01
6.105713322875492288e-01
6.015760597006342136e-01
4.957723664136947650e-01
4.794976863809293777e-01
3.747719849865568942e-01
2.434127853856951351e-01
2.306685051551823074e-01
1.981882457214859672e-01
2.509895762145535891e-01
3.384864065997765792e-01
3.496857372030904854e-01
2.982580749701199685e-01
3.326699408182824391e-01
2.940963449036055333e-01
3.408813320621530418e-01
3.622436362558257295e-01
3.535093744080796685e-01
3.340865672828945976e-01
3.081019573358292352e-01
3.096186698850021957e-01
3.002124741526795981e-01
2.894827100883914928e-01
-1.489237883931136125e-02
1.373388762889487039e-02
8.907844431736218482e-02
2.454368824900886037e-01
2.832493785749685689e-01
2.698452406331047215e-01
2.414824130291578497e-01
1.984002085508213831e-01
1.784806096277142262e-01
1.227083936596638780e-01
7.476429123276090438e-02
4.455096373071015109e-02
-3.229184505340255279e-02
-3.286188448628209885e-02
4.051177802480653706e-02
4.521347678843633949e-02
1.482567782848841220e-01
2.236067350633615947e-01
1.734814897214724261e-01
1.625102425174069776e-01
1.108958975632478861e-01
-2.731641620114289015e-02
-1.168726969705239926e-01
-1.251401751803565554e-01
-1.497553442726715089e-01
-1.584614699714179675e-01
-1.032469102863228516e-01
-2.209081029435507604e-01
-3.911729921398283127e-01
-3.925591170185327994e-01
-1.633073424600115300e-02
-3.178011283995425817e-02
9.993808494728861902e-03
8.835332698282023778e-03
-3.055790678938035548e-02
-3.992914812055425172e-02
-7.564892746008500257e-02
-1.123728569567593594e-01
-1.484647164106024930e-01
-3.316998487243185689e-01
-3.992603918949695352e-01
-4.498847379098647181e-01
-4.565157833932119713e-01
-2.811187978028553136e-01
-4.948437320040180443e-02
2.142752743555545458e-02
4.513813577886077039e-02
4.771408421803916694e-02
3.883229311457615796e-02
6.337145645357392110e-02
5.846489413870635532e-02
6.105093201783803186e-02
1.019411141046470681e-01
9.968670642085174227e-02
1.234979402459462083e-01
1.164146666991816848e-01
1.406721994109793317e-01
1.438846481475381522e-01
1.181351135091638777e-01
9.795903532576653860e-02
1.458293870898061916e-02
4.452623548514218765e-02
1.085616028368571323e-01
2.029710374686458096e-01
2.082849982924978305e-01
2.066484790210640632e-01
1.814052680966340980e-01
1.556576037931695633e-01
1.503141183661096669e-01
1.524557269786475378e-01
1.522891182020688627e-01
1.264889001518965661e-01
9.484337262118311407e-02
9.581020161659828394e-02
1.611501961931415539e-01
2.033326080721288565e-01
2.158055274220172792e-01
2.070439243748354863e-01
2.282986519719882867e-01
2.167196515098103460e-01
1.357027586200019176e-01
3.192493316482079846e-02
1.150640062387345286e-02
2.155848267896590814e-02
5.571002672178329562e-02
6.166468313837236009e-02
1.677948343450429147e-02
3.433079527161733008e-02
-2.476823382307077881e-03
-2.413489749756297237e-02
-4.673461705691785151e-02
-1.200883614804497679e-01
-1.746369130141301462e-01
-2.048936669265888355e-02
-2.303820744453142014e-02
-2.600313852363914102e-01
-3.267757496684755569e-01
-4.009646691523287010e-01
-4.144355632555369873e-01
-3.961418187015444126e-01
-3.962663174401555577e-01
-4.056671740717268659e-01
-4.160762612083016565e-01
-3.773202241342609731e-01
-3.792691992884536512e-01
-3.941777922776597554e-01
-4.513032981282919520e-01
-4.603090150878049180e-01
-4.529851957050173850e-01
-4.592709734481279504e-01
-5.098280693291546983e-01
-5.060747943170066376e-01
-5.404327011056385688e-01
-6.178093137821514258e-01
-6.089042062767175967e-01
-6.121001907602701131e-01
-5.889071583183429492e-01
-4.184932289519268656e-01
-3.239903076772949753e-01
-3.291956616410831593e-01
2.380094496626224219e-03
-2.995013887695281013e-02
-4.356060195920011258e-02
1.708963536837917740e-01
4.378189263476983673e-01
7.724580221677772585e-01
8.983554832769058418e-01
8.767992395233842329e-01
7.987417298712028435e-01
7.889243463572869208e-01
7.859787041923714801e-01
7.680473518842902969e-01
7.872312722368687288e-01
7.808716904757455612e-01
7.614235131031116266e-01
7.173703011841253696e-01
7.026801406721280285e-01
6.309141664324542376e-01
6.069207321426501878e-01
5.841358513946264264e-01
5.920107567380519242e-01
5.990550313909152047e-01
6.395891650843321674e-01
6.613361174364098538e-01
6.804971383238710425e-01
6.475602574038530346e-01
6.069306251457343704e-01
5.840651002196988184e-01
5.540477462697529498e-01
5.259587436471119259e-01
-3.109231001793549831e-02
-3.661041803909029918e-02
-3.636784342738751119e-02
-7.568843808986407129e-02
-1.371892965445470902e-01
-1.553436533038340950e-01
-1.878072622435605910e-01
-2.078970994248581228e-01
-2.268323954296437850e-01
-2.276010148563303026e-01
-2.907978623271607055e-01
-3.014888229078244719e-01
-3.549194627074396813e-01
-3.914101984621357611e-01
-4.305245932608688375e-01
-4.339060388636295507e-01
-5.001173370613030134e-01
-5.357487818628026144e-01
-5.623768579649820465e-01
-6.172890329032348911e-01
-6.623872716305452268e-01
-6.617360294778458218e-01
-6.508195928642377392e-01
-6.052125129542497151e-01
-5.857573360219421321e-01
-5.146861855886462056e-01
-4.520495930367436355e-01
-4.067547629164609546e-01
-3.510783807423741298e-01
-3.002637859647484531e-01
-7.463066118085057155e-02
-2.849633380757917583e-02
2.362989884937699847e-01
3.888937763743507414e-01
4.467134314134684758e-01
4.678915201656044798e-01
4.840843777166468076e-01
4.892152708902915981e-01
4.661174849767093509e-01
3.643840914889030502e-01
3.600023935041370415e-01
3.587661594000291498e-01
3.720678339415625646e-01
5.017400224002943609e-01
5.234912088363001814e-01
5.327899764288306361e-01
5.658404808036787692e-01
5.627112301261185667e-01
5.527723884558086720e-01
5.070951628219317886e-01
5.131573673921593359e-01
4.828313503002256146e-01
4.735772400063444354e-01
6.815564710306066809e-01
6.809555140064365020e-01
6.818200185544690539e-01
6.677892330479060501e-01
6.524154196979891074e-01
6.191307181718126440e-01
5.073751935997010687e-01
-8.995882825631171253e-02
-1.930535854175006449e-01
-1.960145843584609471e-01
-1.779671511431566433e-01
-1.583146951797513580e-01
-1.323550210043953346e-01
-1.516697398581302869e-01
-2.158064059636497500e-01
-3.109388854076737818e-01
-3.640852557116586175e-01
-3.930243805966101012e-01
-4.550548288248192907e-01
-4.348903859283247408e-01
-4.587876429416992141e-01
-5.101649170188070626e-01
-5.465309284946983093e-01
-5.508258139858874802e-01
-5.735593121673017158e-01
-6.743321636135755082e-01
-7.054508830116990037e-01
-7.063990968860975883e-01
-7.081974258557973689e-01
-7.911559463927392288e-01
-8.382137387185621957e-01
-8.713786242443853913e-01
-8.975397580658965868e-01
-8.423497236160689683e-01
-8.171192837370184758e-01
-9.181240625059170490e-01
-9.954673755130898360e-01
2.008969730429829847e-02
6.325660567511219579e-02
1.906422951735758931e-01
3.426343791058359400e-01
3.910056492920629401e-01
4.824301770847256865e-01
5.414201943074175016e-01
4.773122486670137166e-01
2.836720939112729045e-01
1.501825876129243842e-01
1.601340530870744017e-01
2.207395378456739055e-01
3.577772777596936460e-01
3.740422679752734569e-01
3.898193902417766421e-01
4.031714210502919116e-01
3.748270694471827480e-01
3.930845498003063820e-01
4.203459242761277692e-01
4.254810156658185849e-01
4.741990636498801814e-01
4.839579855472587733e-01
5.311849955748785268e-01
5.364831018908364779e-01
5.783070890465941138e-01
6.066186891563540851e-01
6.114191437101013094e-01
6.658734336582398106e-01
6.736869541073100542e-01
6.833901742201983209e-01
1.365977226894092914e-02
2.136346459798421291e-02
-2.444980604358121951e-03
-4.879891192481655704e-02
-1.130087938920595891e-01
-1.429979619216214803e-01
-1.527517725150460137e-01
-2.079587491612242545e-01
-2.235501249923059486e-01
-2.321109874296399256e-01
-1.951881248330489815e-01
-1.494113339077638436e-01
-1.327921945183636876e-01
-1.944792094105707581e-01
-2.133001951477557778e-01
-1.919872405462483278e-01
-2.762892875081300881e-01
-6.537308869545930268e-01
-1.094180066946526475e+00
-1.217192440596264413e+00
-1.177774817799326357e+00
-1.072033883823362732e+00
-1.059494472622449779e+00
-1.056000554502028788e+00
-1.058720928591120769e+00
-1.062196517640170867e+00
-1.135257026282054493e+00
-1.159744631061917719e+00
-1.146084518389628881e+00
-1.144367790005845986e+00
5.220883968542082421e-03
3.363768739543603059e-02
2.915352343222285189e-02
-6.057935939113257007e-02
-5.329376256196766831e-02
-7.049652638691103479e-02
-2.523188057431922926e-02
-6.862502951460658362e-02
-8.211360857482422060e-02
-1.089540445724880152e-01
-9.294883985603948073e-02
1.815577574594134935e-03
1.274372268911958261e-01
2.156758254363005944e-01
2.633710750761353858e-01
2.944424840042553781e-01
2.815680104152816776e-01
2.831949375926204882e-01
2.814400177835633676e-01
2.830624350901889130e-01
2.231189999863940066e-01
2.242057274112237431e-01
2.515583365988807163e-01
2.018877200746926059e-01
2.012629570626811859e-01
1.970982500369906909e-01
1.992113985979539759e-01
2.054837483749070159e-01
2.495046660076275791e-01
3.084187564708907869e-01
2.604516962045840336e-02
3.491248236715099873e-02
2.858046178951240482e-02
2.324484533819873647e-02
1.506938705680341967e-02
-1.136926716162754009e-03
-6.929314708169120873e-02
-8.422539005518563104e-02
-9.770069851138316053e-02
-8.269845005153825257e-02
-6.933111759362400872e-02
-3.251413495442168067e-03
1.352965507151993388e-02
-1.346097958934950808e-02
-4.925671399818636054e-03
-2.643946877077118368e-02
-3.027967908930782187e-02
-3.529712699519821362e-02
-3.740803291204645997e-02
-3.120211703751408702e-02
-2.119673661258575370e-02
2.465182787253686336e-02
9.422079375367995238e-03
1.706419937643504151e-02
4.515368237827426662e-02
4.344897006381937682e-02
2.266674292816635988e-02
-3.757200515276808844e-02
-1.313243943740720621e-01
-1.850383826851051683e-01
4.096289148524217411e-02
1.218258434777307886e-01
1.483363327532702391e-01
1.563868519505537125e-01
1.521260368827151988e-01
1.474684972965088492e-01
8.680297108479512191e-02
8.638584530795745398e-03
-9.419510258796597035e-02
-1.131321134553161800e-01
-1.507433742617254602e-01
-1.699520647985832134e-01
-1.894507529072708696e-01
-2.336455992309131036e-01
-2.346229118707149341e-01
-2.552030207329757938e-01
-3.391902453522423477e-01
-4.039278321614450107e-01
-3.781865054749103949e-01
-3.762010662691844809e-01
-3.443910595209911385e-01
-2.497811819130928146e-01
-2.272959954891258794e-01
-2.447443848298410662e-01
-2.468995866663140082e-01
-2.511258275022594244e-01
-2.904353438851668412e-01
-2.932604803765569979e-01
-2.831492981574815770e-01
-2.842707638769231271e-01
-4.134389817042569484e-03
1.476224929541523553e-03
1.217284097410852289e-03
4.458458739041021301e-03
9.857650055306067804e-02
1.650052941641522442e-01
2.398120743609452321e-01
2.435831866348563968e-01
2.529544314480222655e-01
2.663834833100111044e-01
3.001084370225752807e-01
3.852738990834020383e-01
4.608124500414302327e-01
4.943394046444328227e-01
4.906165138022042238e-01
4.648784658837626371e-01
4.618586560841743682e-01
4.555313599311558437e-01
4.462044259040104377e-01
4.991421697644831124e-01
6.196674186939293838e-01
6.977209640188786199e-01
6.878265681072404103e-01
6.566211236426727771e-01
6.252423215655117383e-01
6.687086516463300878e-01
6.711448984184339439e-01
6.801937477998923898e-01
7.446858439220811476e-01
8.677562851034906766e-01
6.305663150821692875e-02
1.435191042824632279e-01
2.233497657651111190e-01
1.960704312170736818e-01
1.822690962795547320e-01
1.234769978742886187e-01
9.119202749206029024e-02
2.997972941639125838e-02
-5.261944181398248155e-03
-6.569484352889334855e-02
-7.307816454258103667e-02
-8.750971330211322619e-02
-5.868914601666475050e-02
-5.286013720092513218e-02
-8.850280119065118134e-02
-1.368691600468880665e-01
-1.505957895592820450e-01
-1.511871194602181501e-01
-1.794620717723442727e-01
-2.025890300966042279e-01
-2.172972366448182591e-01
-2.293289989392512107e-01
-2.295228531555768003e-01
-2.465080394723620227e-01
-2.973331636690986768e-01
-3.094138500808405468e-01
-3.230220799629413553e-01
-5.252553675142063172e-01
-6.410131641697772720e-01
-6.631668027682754429e-01
9.299954804940611594e-03
2.402558640533625223e-02
1.430561202947140398e-01
1.509858310236249224e-01
1.416041189583082949e-01
1.282324575419710733e-01
5.266126938548561232e-02
4.980765767409352923e-02
2.230571615686148534e-02
-2.403119096841326019e-02
-2.978785713503286775e-02
-1.310904481334106836e-02
4.039940693474339262e-02
4.728467936090950674e-02
-3.304823489345631859e-03
-5.287857324516533064e-02
-6.594600756664353858e-02
-5.622583944269288203e-02
-3.713266330109880886e-02
-3.500351117560975694e-02
-3.332197650420177376e-02
-3.154027246050210287e-02
-2.312407720232468114e-02
5.765764104944103019e-02
1.104604843010169174e-01
1.222247193724029790e-01
2.166879191198473331e-01
2.243765681020319647e-01
2.079775265607091417e-01
2.261998681793765953e-01
-3.558827302004498750e-03
3.209320616582678459e-03
6.711979976901717715e-02
9.768032399183125547e-02
1.097207233642512325e-02
-5.307849091141531028e-02
-1.310532660175391939e-01
-1.602892722898809630e-01
-1.656241496088219356e-01
-1.675500335918279904e-01
-1.641990498502467755e-01
-1.665438524442297286e-01
-1.748730410185166673e-01
-1.748560382218135589e-01
-1.562176961630763750e-01
-1.403587690619235440e-01
-1.476487279686284071e-01
-1.635324609962503783e-01
-1.604302966768527405e-01
-1.315129088738676011e-01
-9.372561325881965943e-02
-5.495713198406427386e-02
2.199223024329364368e-02
4.900704519329993070e-02
4.131372671252762918e-02
1.594689847937026672e-02
4.479992082772029163e-03
-4.113903358199198085e-03
-2.017081856874299722e-02
-1.633318006963421429e-02
2.905808385898810131e-02
5.241262751494409067e-02
6.335551658653214291e-02
6.508740282562652801e-03
-7.297394276110386047e-02
-1.036728366973891230e-01
-1.126664388458758215e-01
-1.543135027932173997e-01
-1.753974406726208357e-01
-1.979362072135840422e-01
-2.304949765232200409e-01
-2.454728736686036805e-01
-2.477018749035644063e-01
-3.542493333757101848e-01
-6.385507571458156617e-01
-7.619634753072042077e-01
-7.029024326646060583e-01
-4.999722023656377745e-01
-3.309262794274439035e-01
-3.796327974561503060e-01
-4.887506838280123445e-01
-6.994004921099322702e-01
-9.501980440360331404e-01
-1.119859343116825556e+00
-1.132214022052585367e+00
-1.110151650382369182e+00
-1.098551505049605748e+00
-1.084119930087814154e+00
-1.078039329058773976e+00
-1.087509438752520152e+00
-6.046831415224033016e-03
-2.955817048611558261e-03
1.134769637347368271e-01
1.474664301662181876e-01
1.589013129816369552e-01
1.492200511490227033e-01
1.818086538719249079e-01
1.665721229006213444e-01
1.001643644393709065e-01
1.319634646634935959e-02
-5.955034991970470371e-02
-8.272367744849679072e-02
-6.730110074014108990e-02
-1.122887564229032575e-01
-1.257087530987401058e-02
3.572454287668957312e-02
8.971974025355597404e-02
5.093655450501093779e-02
4.014820130103202711e-02
2.366870712822404660e-02
