-4.735232786693291396e-01
-5.350327874662891281e-01
-3.820277678988321934e-01
-3.815008052730864407e-01
-3.732345310670808769e-01
-4.532328099950740929e-01
-4.942979071589468365e-01
-5.618909157773074314e-01
-4.745671059839547956e-01
-4.277814259984651923e-01
-3.728181480486063015e-01
-2.679793680765951702e-01
-1.828348264252593613e-01
-7.196717576244701653e-02
1.326774572797819185e-01
2.206708299861710465e-01
4.495594652981274031e-01
8.628694299507825294e-01
1.153752174393781083e+00
1.315583820700571227e+00
1.472367841768783991e+00
1.535792077118577792e+00
1.655382696364066542e+00
1.652530228637979937e+00
1.678093431807948566e+00
1.800426841438526493e+00
1.876195008760136673e+00
1.952622222377562444e+00
2.020485095621307625e+00
9.660869489668220955e-02
5.612565959081823597e-02
3.022476884658280641e-02
1.044791535392391585e-01
1.319902167026132389e-01
9.296718071832188457e-03
-1.865183707004919311e-01
-3.060909608563712747e-01
-4.570449540071205297e-01
-4.636271085495266009e-01
-5.299464611982300788e-01
-5.530011359984345898e-01
-5.410742524350293792e-01
-5.494914859734256751e-01
-5.524517212289861146e-01
-5.425971950534040911e-01
-5.247776226660495480e-01
-4.317670720964582043e-01
-3.720310894615949660e-01
-1.905649366695988667e-01
-1.397532592250504968e-01
-8.913102605961550906e-02
2.481497940593636875e-02
6.391215507694864018e-02
1.151222330253866694e-01
1.421274434883270377e-01
1.095811665638575239e-01
8.924470201507284095e-02
2.049035672330076774e-02
-6.508858664839280161e-02
-1.075702995470496047e-02
-9.692390342900329692e-02
-1.350606983054796761e-01
-1.530261570525609516e-01
-9.354490596390893642e-02
-9.994489297069522604e-02
-2.225892298878699160e-01
-2.942693337039447576e-01
-2.959854508840652487e-01
-3.832119755347437873e-01
-4.214850655541412250e-01
-4.229246408825765857e-01
-4.348607756620996301e-01
-3.677836137633390123e-01
-2.990266854806459262e-01
-2.212500762982043956e-01
-1.386993276816951837e-01
-3.765142433623921980e-02
1.080601852627824655e-01
2.276494781804414558e-01
3.760684543572418992e-01
5.180269488225263119e-01
5.044172388921072114e-01
6.270074934109122200e-01
6.516014544752773974e-01
6.987201630897815763e-01
7.554546333090799148e-01
7.333407591452243413e-01
6.453114696341082368e-01
4.760064361813853839e-01
-2.195192981447749159e-01
-2.897700910127987139e-01
-2.666509805945651013e-01
-2.402368489344739455e-01
-2.580782292563271185e-01
-2.673122306134812498e-01
-2.583496436951027708e-01
-3.053717658819932179e-01
-3.496824481532913587e-01
-4.140538501499667068e-01
-4.287200008468867174e-01
-3.859303665867100941e-01
-5.680329950690249374e-01
-9.227829738449210284e-01
-1.071205534637436063e+00
-1.039323916221460919e+00
-9.525563259458673659e-01
-7.881402618129167426e-01
-5.550446719856672040e-01
-3.741091317746156886e-01
-1.645898740640542313e-01
2.898340409105099047e-02
1.890986063522223648e-01
1.775239078465643272e-01
1.159498286581834570e-01
9.630125595334723676e-02
1.658473483794778436e-02
5.594753388694353319e-02
4.438554115857330784e-02
-5.127470102870389235e-02
-7.790783236557348446e-02
-1.871827198709362650e-01
-2.768325927066320191e-01
-4.141603109098292990e-01
-6.636698462081271899e-01
-8.279805847648609163e-01
-9.419808833384060165e-01
-9.917806824385412279e-01
-1.200159347049213121e+00
-1.845088324193553397e+00
-2.374376158383703306e+00
-2.538011662559294557e+00
-2.528025000088597096e+00
-2.411612559079355567e+00
-2.181979411789022105e+00
-2.002506524562505774e+00
-1.831017680473606246e+00
-1.714989968270387966e+00
-1.671019807284480629e+00
-1.630573025743887738e+00
-1.579237491119594550e+00
-1.429763136302973248e+00
-1.130360265927299990e+00
-9.961249622356566080e-01
-8.160157154765123044e-01
-7.259348274612088536e-01
-7.467878895079586021e-01
-8.271464258136442815e-01
-8.348271098809616486e-01
-8.392112858760992777e-01
1.157677754858776583e-03
1.192936338192041590e-01
1.151980423393379194e-01
1.241084583609196879e-01
6.343035254529680311e-02
-4.308157946582975850e-02
-1.563935170536808750e-01
-3.145783024369712688e-01
-3.101239233912433946e-01
-2.706352054589855616e-01
-1.776404763296244860e-01
-1.170763288108806477e-01
-7.801959023261098580e-02
-1.072372399360093514e-01
-2.243378790758405184e-01
-2.394160241953290635e-01
-2.385717963152614030e-01
-2.709078729937237084e-01
-2.655503872858756553e-01
-2.675904531179778001e-01
-2.484430602695635038e-01
-1.430744931258370045e-01
-4.491320217476467425e-02
1.459813078999951108e-02
8.270746089413295865e-02
1.384868997787153666e-01
1.623202045944120153e-01
1.872870905956211529e-01
2.549354747479608552e-01
2.051618201000371122e-01
2.479594316105580409e-03
2.093678140309150441e-03
2.955685652658537194e-02
1.165900067335298024e-03
6.058622083536254789e-03
1.014677638461077558e-01
1.453759700312295122e-01
5.946832079742774002e-02
-1.389327597330942687e-01
-1.884370682946024944e-01
-3.488842249819826824e-01
-3.754798739967833421e-01
-3.312158756279527383e-01
-3.039061353227667239e-01
-3.392737654218501708e-01
-3.613887134071139262e-01
-4.138070386817729318e-01
-4.365935426683671960e-01
-4.187363042734186802e-01
-4.803486693792256013e-01
-5.389578576995039949e-01
-4.973257894036471893e-01
-5.198041088324393266e-01
-5.228609986997051484e-01
-4.855473760326039501e-01
-4.304200530248501466e-01
-3.108763680753222625e-01
-2.104243042249434592e-01
-1.186280167034405864e-01
-4.739216314883971937e-02
8.018940631447130096e-02
7.300394947364494125e-02
1.591820545178895818e-01
3.626936102667338013e-01
4.679797412979140869e-01
4.257243090961660981e-01
3.321600345196991100e-01
1.169195729162171848e-01
-1.217788032254239761e-01
-1.863563735441111924e-01
-2.452039075087737441e-01
-3.541930294685072256e-01
-1.778910072845330814e-01
1.730503313772181195e-01
2.684901571177266133e-01
1.961935881919882330e-01
8.979736687467307354e-02
-4.630960632449046543e-02
-5.162051702034159417e-02
-2.393724207508177160e-02
-2.662884442084397993e-02
2.176583534546389434e-02
4.854148432033546234e-02
1.674248058119006122e-01
3.016502035599613607e-01
4.118565341695267223e-01
4.940428677192417184e-01
4.886399575801829154e-01
4.907925021037086166e-01
5.415186028208688329e-01
4.874988569684298584e-02
2.880899400491725160e-02
3.781834518946786128e-02
2.004289050016671431e-02
2.677587306285342597e-02
1.166627715932398862e-01
1.146732326658109202e-02
-1.731179114036086875e-01
-2.941146101746149877e-01
-4.490393248077269583e-01
-4.974422133446737004e-01
-5.783254334083615111e-01
-6.470282641084467157e-01
-5.298385107307481690e-01
-5.010969210709864674e-01
-5.913629915526689151e-01
-6.279872024193124957e-01
-4.976156449841892537e-01
-5.873454270561591084e-01
-6.121905276728514256e-01
-5.583329125458672548e-01
-5.802475854143614997e-01
-5.775771629956214515e-01
-5.067865672679682243e-01
-4.691927212315296636e-01
-4.100304766687679625e-01
-2.995576385715969514e-01
-1.290771464280728864e-01
-4.535829499227977957e-02
-7.069737488407346060e-02
-9.258837206637808223e-03
-8.843553973655728095e-02
-1.006039148634975955e-01
-4.352147443666355697e-02
-6.430484952332782278e-02
-8.026550763248310738e-02
-2.326550883090911237e-01
-3.797410884309961321e-01
-4.069201961425635838e-01
-5.013320261003364475e-01
-5.347749052557003724e-01
-8.372082664663307305e-01
-8.571679847117970041e-01
-5.610055637887221280e-01
-7.218837626618181957e-01
-7.699374704029056105e-01
-5.993496121602419624e-01
-5.950167507117494203e-01
-5.841990326249975052e-01
-7.818958790638385059e-01
-7.820876930232846247e-01
-6.509284029883848355e-01
-6.641732121301027192e-01
-5.582401797837748259e-01
-4.169579138398342155e-01
-1.310555577375678848e-01
8.802071604872632737e-02
1.258872615533367101e-01
1.974571415668315288e-01
2.745393660996657825e-01
2.646017512835701843e-02
1.511628630187734912e-01
7.478764307385592225e-02
5.169678659074589122e-02
4.273713779450497713e-02
-1.347394706172258538e-01
-1.627237561582452474e-01
-2.566992541554276586e-01
-3.430177524139312872e-01
-5.173722144017152136e-01
-6.588292802276686233e-01
-7.241822697018515109e-01
-9.283661508595215661e-01
-8.497990602390065318e-01
-9.072755526495185352e-01
-1.100324790773400174e+00
-1.122368034315200269e+00
-1.231334690766568984e+00
-1.357998382373743596e+00
-1.203409239345462289e+00
-1.103249716400738212e+00
-1.078210523123607656e+00
-8.809372859133228761e-01
-8.316324509452590608e-01
-8.551417677299737452e-01
-1.081668549389106060e+00
-1.326826946148544240e+00
-1.237788620481255819e+00
-1.164374207781722514e+00
-1.029196049447401951e+00
2.480341483025357285e-01
2.438579797818268835e-01
3.121274251560920976e-01
3.314799401534705425e-01
9.351128587039203577e-02
-2.023415844849684175e-01
-2.967482257632476084e-01
-2.314049437698511569e-01
-1.762219694343944987e-01
-5.218059349057689589e-02
1.699094389356844426e-01
2.065355640592743680e-01
3.022537683773560691e-01
3.142320246432401265e-01
2.562925356513492958e-01
2.018211158272276706e-01
2.269294263911073861e-01
1.318688487616503646e-01
1.659343791932192114e-01
1.914724426321570416e-01
2.980261882041795873e-01
4.843368364403060067e-01
8.111529906431464987e-01
1.156410501227712162e+00
1.563349309369006290e+00
1.759280982139462157e+00
1.739304859044870755e+00
1.717393681348317713e+00
1.725024739756491732e+00
1.574410600625508971e+00
-2.244380047433238226e-02
-7.328812575228538240e-02
-1.092035553172127638e-01
-4.625428550352556067e-02
-1.044447749835222400e-01
-2.400811189927380962e-01
-4.199890348801661455e-01
-5.615626952789752879e-01
-9.129463264823685087e-01
-1.237782956909247112e+00
-1.363348076657335817e+00
-1.605900403622253947e+00
-1.602065445326584570e+00
-1.594834213395644573e+00
-1.634865961193879835e+00
-1.616855184805091383e+00
-1.585631804964267033e+00
-1.630050439817609664e+00
-1.646555299243781301e+00
-1.812138772554299226e+00
-2.055517649959404558e+00
-2.051234658356992480e+00
-2.027657179082281935e+00
-2.008044595347970418e+00
-1.773185891740829412e+00
-1.655531016356405205e+00
-1.604156010459096393e+00
-1.487890818908682355e+00
-1.571225076015211108e+00
-1.618368261330439761e+00
-5.344544726474812629e-02
-1.780631804362471649e-01
-3.252656942449184685e-01
-4.610931861867985093e-01
-6.075795086306878812e-01
-5.769645790662502050e-01
-4.812647527120739177e-01
-4.162054704151317841e-01
-3.595382261860350370e-01
-4.390402114271894640e-01
-6.434272014126869443e-01
-7.552940044782288087e-01
-7.993644336121652483e-01
-8.314058865627480532e-01
-6.829196548890664742e-01
-3.895645258122611421e-01
-1.537834122819291272e-01
5.398929913727867902e-02
9.712850187143470815e-02
1.108951856353597859e-01
1.197261937006420252e-01
2.046466019644308520e-01
4.970478359638798027e-01
8.633923452697032097e-01
9.263780580995417679e-01
9.601784385959413193e-01
8.732587583105365647e-01
3.949041569060802170e-01
1.592954309181549011e-03
-3.968913055697682046e-01
-4.540224321672807206e-01
-7.062148695610421800e-01
-1.066167431949686328e+00
-1.247209995691921147e+00
-9.028040414407985104e-01
-8.915788325227004263e-01
-9.323629137088623731e-01
-7.587605773548212751e-01
-8.409885277920799984e-01
-8.510000207357917290e-01
-7.343860681736914531e-01
-7.953315001031353582e-01
-7.387061779778530957e-01
-6.150916353878628229e-01
-5.067929766317762486e-01
-2.053840481260275630e-01
8.755884080505565992e-03
6.175654797536318102e-02
1.882402520348484820e-01
2.297588938447704399e-01
2.061297401184765399e-01
3.112005857262918895e-01
2.390605368727730662e-01
1.940214392826151435e-01
3.861065488026986792e-01
3.785357356169060106e-01
2.949585263663958012e-01
1.607684138965773946e-01
-7.321170382260233644e-02
-1.647981333132594040e-01
1.371726108769118734e-02
3.200440251867632535e-02
1.566348675576384464e-01
5.463069165423732887e-01
1.127513127438338536e+00
7.110159051357618498e-01
1.844121664532893945e-01
1.972537802251922989e-01
2.780167017134504981e-01
6.429233400431564327e-01
1.063533390858399486e+00
1.314394047320470049e+00
1.381717967826834537e+00
1.396276760139468998e+00
1.365125020370084208e+00
1.096104488893274498e+00
9.421277929299745058e-01
9.672288836811367974e-01
1.105373917056981181e+00
1.111902942606205258e+00
1.206016191750263200e+00
1.086396214713698072e+00
8.977015314478704600e-01
9.958654241683784214e-01
8.891689128086847083e-01
8.480366066250595303e-01
5.357303771728776365e-01
2.511609308967790999e-01
8.596466991059406593e-02
-9.364480489928983520e-02
3.228827550167746863e-02
1.046380546468327066e-02
-3.427622909038101351e-02
-1.379520846183246441e-01
-1.132119477837736227e-01
-1.022872781754058519e-01
-6.729760131826267866e-02
3.720015831351418389e-02
-1.784045292404504157e-01
-1.997498279478129857e-01
-2.573564616271013517e-01
-3.604533854730042064e-01
-2.954409789157616539e-01
-3.124477132765500764e-01
-1.352998480173891460e-01
3.257895810127278691e-02
1.955858345085280114e-01
4.353326295995085804e-01
5.425135475907139071e-01
7.733486846421840921e-01
8.230493188708705166e-01
8.756907138705128935e-01
9.158249701370692053e-01
9.172075951504966573e-01
8.473826102403367866e-01
7.594578008162974347e-01
7.162268577004848868e-01
5.380990587449273610e-01
4.098960754448520150e-01
3.816546750891661732e-01
-5.497079217436415949e-02
-9.874932991873618116e-02
-1.668258262204659337e-01
-1.651714254274967708e-01
-1.771390890157920894e-01
-2.625944473531046097e-01
-9.655452276750425833e-02
-1.516905456887280568e-01
-2.655783560408050414e-01
-2.465000419898241146e-01
-5.554134628206093272e-01
-7.074561514735714374e-01
-6.420981981192821486e-01
-6.934645372657141094e-01
-6.203985364229187560e-01
-4.510778888741714399e-01
-1.864782262233664611e-01
-1.726733386437917517e-04
2.505856878172251778e-01
2.920919160307422491e-01
2.986890518822731821e-01
3.618517739016089418e-01
3.686579989409632385e-01
5.847964352846146685e-01
7.462685757537723674e-01
7.564672475302824939e-01
6.071897100483982790e-01
4.376871919684942602e-01
3.211425693651278612e-01
2.045711331622292461e-01
7.445927816016278955e-02
3.003628612282211452e-01
5.513869878825832238e-01
7.997096852642414655e-01
7.250044932050839774e-01
4.297642170535864725e-01
2.508482824600835048e-01
-5.824133193921832152e-03
-9.521721926280167503e-02
-7.250646208336194998e-02
-9.783940867111967643e-02
1.544638887139682115e-02
2.251915666058013632e-01
2.799150902204138314e-01
3.476566218660235297e-01
4.935660592019747717e-01
6.490430756802175738e-01
7.147143664141664132e-01
9.857709104008077761e-01
1.119388073851076859e+00
1.258036288024918292e+00
1.474407107403922002e+00
1.547086899920029124e+00
1.609987008802237440e+00
1.590641907590013338e+00
1.368188229648599430e+00
1.074772346490861175e+00
9.054003089778562829e-01
8.089293734930687041e-01
8.192358779885873243e-01
9.013228003544265787e-02
1.245776894728065354e-01
9.029458616139440785e-02
5.922717958564657076e-02
-1.529720035283255869e-02
-2.609895521025690224e-01
-3.061038205417874192e-01
-2.660784142345325454e-01
-4.659524469399343172e-01
-3.851894315947168579e-01
-2.828817548229072276e-01
-2.327511056136017942e-01
-1.137593046660840684e-01
-4.238074790395941760e-02
-1.191572320841884081e-02
5.453840360395063869e-02
4.346225666253278330e-02
1.901876099408102705e-01
2.813139680833661727e-01
3.312739385598307273e-01
4.416766146381793656e-01
4.407983102947674037e-01
4.390048812707079140e-01
4.188389214589184339e-01
2.747403783262618582e-01
3.094435755858267467e-01
1.029026514510502366e-01
6.878972437138340668e-02
-1.099763071840022255e-02
-6.166927782605762243e-01
3.390782587948911516e-03
2.925603625470220570e-01
2.687085761885260049e-01
2.764441019923981058e-01
4.258583155510482499e-01
4.257947671289979974e-01
4.597998527095306098e-01
4.731897610592006864e-01
3.204334578750797080e-01
3.105248613322736384e-01
1.634339599422579281e-01
1.167331430335131204e-01
2.116991532398350140e-01
2.164350323686373700e-01
3.870139154003253701e-01
3.687613438364732987e-01
3.218586764023381730e-01
4.404733655410502102e-01
4.287254118412962556e-01
4.477842525198860169e-01
5.943848915530389743e-01
6.021034144921116882e-01
7.082511556376170914e-01
7.133745791091007371e-01
4.818750013219647577e-01
4.667187440196669534e-01
4.308695081037700603e-01
2.308007710160781545e-01
2.350690245492795538e-01
2.643590470865860298e-01
-4.057542938784227532e-02
3.235356775590213924e-02
1.681447587691683176e-01
3.254092796180068081e-01
4.824543321527620110e-01
6.113929329469491858e-01
7.165629762022696081e-01
7.090595766669854916e-01
6.147446239709976057e-01
4.529198157484582987e-01
2.399169999919995022e-01
1.316124034955369337e-01
1.506984691272976185e-01
7.257495412270169310e-02
1.151604969995559391e-01
-5.765276263826113468e-03
-7.421347666884628436e-02
-6.982726871783963285e-02
-3.416300534932933952e-01
-3.295358194032325105e-01
-2.798787547308895229e-01
-2.406222733661800839e-01
-1.330055156050186649e-01
-2.113486078808162749e-01
-2.627278820358669442e-01
-2.890737527256331263e-01
-2.838871200900291436e-01
-1.599621418160052100e-01
3.690280013356916911e-02
1.648547425860457105e-01
1.794559265720476193e-01
3.324903595443971516e-01
3.200671952666511166e-01
4.188899838017793309e-01
6.308297553350251663e-01
6.090536870454853480e-01
6.109419875814225964e-01
6.562282124203817624e-01
5.373543494170756052e-01
5.339312773009935453e-01
4.937927643671737310e-01
3.931554094681701805e-01
3.213391805892470421e-01
2.062907462905710088e-01
1.740258658909560330e-02
-9.150325829102936431e-03
-8.230160724215752899e-02
-1.621066442746356695e-01
-1.332428557435264560e-01
-1.823290542191611241e-01
-2.664732677999435140e-01
-2.854053592557264651e-01
-3.704609743205683481e-01
-4.150070036262180628e-01
-4.296057178805344212e-01
-4.667615908906810884e-01
-3.130380941996215860e-01
-3.507245776263029358e-01
-5.161057948729742550e-01
-3.691261789092524781e-01
7.727116956652943514e-02
1.779643121134286132e-01
2.972704449583974395e-01
3.957077996118222862e-01
5.227506381117666967e-01
5.474720319504682298e-01
6.570682752437799756e-01
6.472820029335776271e-01
6.270065750266352600e-01
6.724098053708069678e-01
6.540222555170318586e-01
5.954194375930385030e-01
6.159580982328169974e-01
5.111552772959051527e-01
2.497975812290622599e-01
-6.408334098314161231e-02
-2.431776207156069458e-01
-2.865845889172184968e-01
-2.045160754887446197e-01
-1.141727162129976270e-01
-9.845958979646528275e-02
-3.764120236065183339e-02
-6.188519714595394627e-02
-1.847315929775220078e-01
-5.260112834623995592e-01
-6.982384192680834989e-01
-7.215473792681638132e-01
-8.360458676755518903e-01
-8.514976348488609847e-01
-7.063990302196051507e-01
1.437615745989268834e-01
3.538677229277480407e-01
5.421369277362600991e-01
6.762624012483151592e-01
7.164880342313678652e-01
7.735858310821991379e-01
7.199356316382000687e-01
6.351922767647837365e-01
6.383982214948361600e-01
7.331207222535718326e-01
9.646434482268154698e-01
9.881772737259495454e-01
8.571668842729692761e-01
8.436048473005842707e-01
6.973465396174125530e-01
5.454638216923261007e-01
4.404442288016385265e-01
4.241382634089976289e-01
4.217667188844094195e-01
6.385507543716623102e-01
8.084133370814744479e-01
8.120954140617491213e-01
8.108520440849623645e-01
7.516753943707823460e-01
6.054423949434438734e-01
5.145481416673945985e-01
3.420443070990639156e-01
2.748358800952497294e-01
3.098576518498961097e-01
5.143098512206033535e-01
3.359697798806091096e-01
6.544940632654288049e-01
9.065971275747521929e-01
1.010665659845287667e+00
1.008818257684410247e+00
9.016961998607470052e-01
8.295224234922561335e-01
7.542792423215360920e-01
8.657036368727826225e-01
1.170331992947109434e+00
1.286925629462647436e+00
1.366259114392940566e+00
1.395181670323069723e+00
1.246741144783348521e+00
1.113728861149808846e+00
8.805733269728472923e-01
6.463122626264861115e-01
4.819057254194473172e-01
4.602533663259777974e-01
3.633893626743678329e-01
3.219984510806115918e-01
3.931353558101357559e-01
4.124607732078867106e-01
4.354613536820975961e-01
4.344730522415582441e-01
3.969988728016249913e-01
3.590056045552720287e-01
3.099759092057131626e-01
3.471952509857859637e-01
3.540925640145145548e-01
4.704890915100780335e-02
9.828341008332069917e-02
1.814280718849033969e-01
1.300701023982361870e-01
1.032076810159467534e-01
2.845108310549129826e-01
3.163759756148582514e-01
4.335249532008835782e-01
3.814605112406687093e-01
3.178973401726680748e-01
2.988335857791072359e-01
2.666537716762467647e-01
2.759387305738557616e-01
3.988196028978587271e-01
4.197077860853964393e-01
5.109893641664853270e-01
4.432256364799672110e-01
4.158819691350782999e-01
1.631192667565446452e-01
1.566258437994681452e-01
-5.440560272010383502e-02
-7.570626055551792077e-02
-1.100415895554339996e-01
-1.337586944048819726e-01
-1.269663750587812223e-01
-5.759841785655159252e-02
-7.876423729432172061e-02
-2.055229309554067185e-02
-3.086847365983514946e-01
-5.408170959818157097e-01
-1.251980007303781228e-01
-1.264189437761587820e-01
-2.018201372553579676e-01
-1.815613013554952526e-01
-1.420761472829017991e-01
1.450962515273646058e-01
4.402480377936829892e-01
5.374570849088442515e-01
6.650687818813816321e-01
8.025488722069507030e-01
8.159424629011490238e-01
8.268569934554145240e-01
8.028409871190247404e-01
7.920584510649447685e-01
8.792444088936622881e-01
9.286389284276851397e-01
1.014741402497989942e+00
1.029588937504524404e+00
1.040905096958444798e+00
8.235147597189668156e-01
7.805970537824125088e-01
6.520112682242025226e-01
6.845560357261283313e-01
6.243485656912414195e-01
5.838670899571674067e-01
5.490754429638543543e-01
7.190336139949102812e-01
6.965742577998177421e-01
7.307507664528354319e-01
7.156739693103850719e-01
9.003077038699456788e-03
-6.344772233644502268e-02
4.517206021684330719e-02
-5.172145666015703913e-03
1.938743996686667082e-01
2.786426239723465148e-01
4.720121242548396823e-01
4.965087333304225581e-01
5.161899055553275106e-01
5.988018539955597408e-01
7.482833273202829094e-01
7.147652219310106636e-01
6.272027979881626969e-01
5.984792023759919477e-01
6.577438822729696488e-01
9.316867497890912730e-01
1.131385551279711077e+00
1.048077488781214539e+00
8.895234738680358744e-01
7.670942361997594716e-01
6.555735519644901865e-01
4.825364044656881291e-01
2.777952929713293218e-01
5.493660809883232909e-02
1.680727338300659623e-02
1.289543617408631625e-02
-6.551983625063580174e-02
-4.364833594231407043e-02
-1.101254179013407553e-01
-1.376063217542305150e-01
-7.105042112631598794e-02
-1.330532354674440754e-01
-1.918126187092632495e-01
-1.411827790151820028e-01
-6.975686186222282426e-02
1.001574993721027207e-01
3.329822436550287090e-01
5.012225700438999176e-01
6.503516773127263617e-01
6.784468586547611757e-01
4.804792641789148999e-01
5.601631658550154658e-01
5.407778989679541404e-01
5.382261317624567054e-01
6.984529753580693834e-01
8.298547975348579131e-01
9.925307506039533489e-01
1.109330850530488188e+00
1.050031135545448135e+00
7.808871277289134438e-01
6.448794646542989062e-01
5.584757138543535726e-01
4.510653307559702174e-01
4.633800212667221752e-01
4.568509111337774042e-01
4.567006719962854455e-01
4.954845960719556630e-01
5.320982123698856370e-01
7.369752508309341810e-01
6.273309125328747626e-01
-7.137377020526095017e-02
-1.839924999857107668e-01
-1.617028443194167553e-01
-2.102324339031179656e-01
-2.748495739166928464e-02
2.101409429760749820e-02
1.022216269539466815e-01
2.141266028055106019e-01
4.073577998750408380e-01
3.605605708423775813e-01
3.652714021970726588e-01
2.739483050183533774e-01
2.471840876812474996e-01
2.502985486988718034e-01
2.443212920153906842e-01
8.282156622690042824e-02
6.512019694608461862e-02
-7.244481124016197149e-02
-2.296964258712035356e-01
-3.397795091605815276e-01
-5.376633768318788142e-01
-9.317373678047868868e-01
-1.173647973082392104e+00
-1.613568862059615583e+00
-2.048015136655844781e+00
-2.106786725565365170e+00
-2.065920535314504036e+00
-2.064787004377238500e+00
-1.887075195941013028e+00
-1.726261394915034941e+00
1.448345437781254907e-01
3.419253316596634340e-01
4.796894395874350403e-01
6.130291981293372050e-01
7.222479215569088673e-01
8.987221838908473481e-01
9.699174138455670668e-01
1.129561827494485415e+00
1.213544023946394379e+00
1.285203794169113456e+00
1.307280682108553194e+00
1.508799863774481942e+00
1.393392616877366041e+00
1.306877504223234343e+00
1.304754320484643237e+00
1.361513837256360437e+00
1.307121250706783755e+00
1.454941245866554267e+00
1.314015361763406942e+00
1.145490977564490365e+00
9.951017869303582231e-01
9.957664704515364340e-01
9.162711775665949299e-01
9.266343120982984960e-01
8.280996504915751899e-01
9.316327326438015310e-01
9.196162770216937954e-01
9.075493577437304671e-01
8.713095818541687354e-01
8.576365258267860670e-01
-1.784074945354495803e-02
3.413650402988437083e-02
9.748126695590383917e-02
2.669868718376740002e-01
5.217256435422703564e-01
8.038918552602989376e-01
1.120710652661548234e+00
1.390020581321372628e+00
1.377885451244406756e+00
1.338945409266891762e+00
1.331507479952139583e+00
1.292039314159796337e+00
1.298389711086583631e+00
1.340875620743705587e+00
1.291796002745182914e+00
1.292215505031109712e+00
1.245938338306356030e+00
1.440297610163921327e+00
1.574991804317729338e+00
1.647503171115833887e+00
1.659965800229568078e+00
1.512014615593059830e+00
1.096566062166653976e+00
8.816067294635542284e-01
8.381751297795971833e-01
8.781474630844121609e-01
9.802257498389029822e-01
9.460236819488437865e-01
8.381874083490875593e-01
8.453819036751569760e-01
2.905607806502842963e-03
1.348378734885533614e-01
2.729021761637204779e-01
3.481073869024576273e-01
3.962981821362796531e-01
4.775421997135430030e-01
4.480330620552820942e-01
5.549270584775011228e-01
9.089238426094097267e-01
1.076538184413986521e+00
1.204631759594296803e+00
1.362884967030171701e+00
1.327255887860619765e+00
1.263519688298661681e+00
1.095991284635730478e+00
9.610539009595822080e-01
8.902707730266403718e-01
7.335187374737811572e-01
4.256625132673145795e-01
4.748916412501467121e-01
5.253015409892194398e-01
5.753508704659128226e-01
6.443815269906131293e-01
5.291189297131346780e-01
4.809567423874912540e-01
3.490120926235826815e-01
2.859727339562364579e-01
2.561246625099278806e-01
2.303518303871927020e-01
2.661356109212678067e-01
4.764127170480814133e-02
2.271294203283564794e-01
3.703635864314963611e-01
4.216213091097624766e-01
4.312665089599483914e-01
5.033463492781141690e-01
4.884733612136942238e-01
4.713687224016664956e-01
5.636206605640590173e-01
5.473813345101258276e-01
6.251416635104020125e-01
5.752743813371498094e-01
4.529515443908320727e-01
4.547136543192525915e-01
2.431174420604290398e-01
1.683900382352328529e-01
1.189465927423590808e-01
-8.096291826071430608e-02
-5.233575522873092079e-02
-1.313503009587071446e-01
-1.669125622727268554e-01
-1.696989562025240650e-01
-2.198115970661611018e-01
-2.225578661101970945e-01
-2.853075887733211302e-01
-5.659563729216702255e-01
-8.628514923039476425e-01
-7.610081191077114893e-01
-7.402847891721262563e-01
-6.229554031052670915e-01
1.898950160894818662e-01
2.516993316712947126e-01
4.349757947834019811e-01
5.008862228646915327e-01
5.908808384871935271e-01
7.667529495724448863e-01
7.911785956346354398e-01
8.644938305132445766e-01
8.943540193085188772e-01
8.761458304297055077e-01
8.517928496325392063e-01
8.477705449307049168e-01
7.288437219700560910e-01
7.624656079012990251e-01
6.664787837876943177e-01
5.489341029838405994e-01
4.375891008713674313e-01
8.892961079407524227e-02
1.508793936241373257e-02
2.339640225175311852e-02
2.998173900813264070e-03
1.350786875890140903e-01
2.732851582933060741e-01
4.984084993480216719e-01
4.070455453946350000e-01
3.515312503088875440e-01
3.452718423945160819e-01
2.449866699237855383e-01
2.040385392654645857e-01
1.866935676445421466e-01
2.169683678785895575e-02
8.336597970278949998e-02
2.970546303436731317e-01
4.060742878089933505e-01
4.648077927361948247e-01
5.481319362823326991e-01
4.172004241945190817e-01
5.293436849775090547e-01
5.264092304038547887e-01
5.466193451261764924e-01
6.117484924545381064e-01
5.178346238982118876e-01
5.801800472283117349e-01
5.759839474688921435e-01
5.632772503518204132e-01
4.095053254015856847e-01
5.902305290135284599e-02
-4.249718087957218837e-01
-8.632426841672884432e-01
-1.209048285562158043e+00
-1.311189746194769912e+00
-1.345001188222453514e+00
-1.414679036841327786e+00
-1.462554441566446428e+00
-1.347060785085514523e+00
-1.359361362575796983e+00
-1.363484965491099654e+00
-1.334124367338117789e+00
-1.372876143600648913e+00
-1.304769262933700436e+00
8.718595698030023877e-02
1.558139982512276589e-01
3.334639408703535812e-01
4.804878255922828689e-01
6.101014493375485070e-01
7.287279668870965121e-01
9.092014023682807311e-01
8.647257604268007158e-01
8.250019993654951200e-01
8.523947765431049151e-01
7.995769093687888907e-01
8.347508416571571832e-01
8.653541075030510843e-01
7.942260615615928110e-01
7.887331268482388191e-01
7.880934395534572312e-01
8.089048514767916975e-01
7.873077633294114364e-01
7.560661014522996881e-01
6.951268728838229105e-01
8.035828736643118031e-01
8.127910643942982682e-01
8.131878315673672919e-01
8.112052060476659943e-01
7.298503800825748566e-01
7.624633465092768292e-01
7.824141914622061433e-01
7.439722122091180223e-01
7.241941345098468208e-01
5.063691830375004477e-01
2.035709989933206718e-02
7.263084873091954496e-02
9.378355192648168970e-02
1.556321985757857240e-01
4.070909776218643028e-01
5.329185875302585584e-01
6.152655385608719607e-01
6.376700021330713453e-01
4.942674817299066437e-01
3.882539396640227736e-01
3.466597500799946108e-01
3.634520251875291708e-01
3.238352030981143104e-01
2.253055049015665612e-01
7.331571593035984824e-02
2.805772223974836721e-03
5.425017825221140413e-03
-5.398285035713349528e-02
4.100058788889596184e-03
6.869077181885918995e-03
-7.220089491961359518e-03
-8.261992214009399038e-02
-2.205764493529187575e-01
-3.160403720577709130e-01
-3.275105613392786941e-01
-2.880297569245509615e-01
-1.659928581375830769e-01
-4.691194711781825066e-02
-2.716016548333270025e-02
2.066206888977804162e-02
6.339069665439042711e-02
-6.065883760569286409e-02
-1.494509185643433380e-02
5.407170508293295680e-03
9.875640027731859977e-03
1.203816224910988636e-01
1.501019223546102288e-01
1.333117436096910302e-01
1.813115682721896937e-01
2.023922870929089068e-01
1.581331896448752994e-01
1.177084101031597579e-01
-1.451846859827565783e-01
-4.972499808557512280e-01
-6.089833462697087363e-01
-6.541845165446271704e-01
-6.061408883000869441e-01
-5.006774509760330005e-01
-3.994529610912702644e-01
-3.284982409172292894e-01
-2.489738816183633685e-01
-2.860391260853236695e-01
-3.606410572582884333e-01
-4.374070694018446503e-01
-3.948223916461018890e-01
-3.328039415058370309e-01
-1.698239957278457890e-01
-1.368654114478466133e-01
-2.594909755572740173e-01
-2.405234303393437023e-01
-2.066910496566152361e-02
-3.164066957023137228e-02
1.130010389094436296e-01
2.622860814421384967e-01
4.414934958361980688e-01
6.095633320221636176e-01
7.970303262798520416e-01
8.550348613339024961e-01
8.199896941652692339e-01
6.916663866622569934e-01
6.914116786981722163e-01
7.101369162430780646e-01
1.112425757376002800e+00
1.470288233964250679e+00
1.451133525215531073e+00
1.423624504353352638e+00
1.320214838584286454e+00
1.092740059055550939e+00
8.372172448500743158e-01
6.465685084360497381e-01
4.479137842085467724e-01
3.833014026798673424e-01
4.164395406473876959e-01
4.162485753741034800e-01
3.464296122908121500e-01
4.821689644771143257e-02
-1.957133194119464736e-02
8.666278339672560393e-03
2.286497487639503959e-02
9.210534145886860313e-02
-5.353310532311224973e-02
-5.842437771855960721e-02
2.666627728854579354e-02
9.501784722866460364e-02
1.933327735993352059e-01
4.325026111961932651e-01
6.565320658108447782e-01
7.596405380188659962e-01
9.545170105269277228e-01
9.770116040693087589e-01
8.985981320357705471e-01
8.629350504667960831e-01
9.053524547004434542e-01
9.339055618620811794e-01
9.474099494544334643e-01
9.080769745384741354e-01
9.653097085278238287e-01
1.002549273755522607e+00
9.138377037418872195e-01
7.351071890225931993e-01
5.870736992580152247e-01
4.532257609156878919e-01
2.140292428752239573e-01
1.908802166495992270e-01
2.353078124307548258e-01
3.133942704854579819e-01
4.426853622964176393e-01
4.992201469644732548e-01
4.713463145253073971e-01
4.539501656473815538e-01
7.709511238787223122e-03
-4.790115960619126256e-02
-5.105030557708592487e-02
-4.009157653543608812e-02
-9.467590244268228594e-02
-4.670346148961959654e-02
2.321977829135217497e-02
1.115836243353965918e-01
2.501122651068491964e-01
2.489458740201173359e-01
1.711006571082573924e-01
2.238368604288307473e-01
2.759698615924204290e-01
2.732773776407504962e-01
3.268996120712303055e-01
3.134930140192281889e-01
2.984520355335851249e-01
2.842029144185937994e-01
1.859945098415992371e-01
2.311637261605544724e-01
2.214999923001056414e-01
4.155566513489514224e-02
-2.507356399511223577e-01
-3.739645245594272471e-01
-4.298946150544279976e-01
-4.513480033168635885e-01
-2.798299034027549315e-01
-1.520098052553549572e-01
-1.529805015164661941e-01
-1.537439507217848167e-01
-6.727577883286605526e-03
-2.090116918749478775e-02
-5.844693873507739168e-02
-8.947135263400310401e-02
-9.749848934887772600e-02
-4.887412245624013496e-02
4.904192297173136372e-02
1.467066707141337911e-01
2.186531274065572905e-01
2.901726058683508636e-01
4.028765307654037509e-01
5.196144050591073871e-01
4.866528479845558253e-01
4.803744357357698225e-01
4.692626534931634841e-01
4.648397165990598157e-01
4.883130817692653003e-01
5.734738068435201175e-01
5.679135866112873243e-01
4.256278298191845111e-01
4.156284817088161110e-01
3.775085529771395887e-01
1.866884634965660372e-01
1.250443408602724404e-01
1.547946033374561492e-02
-1.934465568531677088e-02
-3.207813943378133581e-02
-3.334276901942888338e-02
-7.411337017795752158e-02
-8.834445894017523004e-02
-3.623726582902669566e-03
-1.421016711455107273e-01
-2.316918406286957999e-01
-2.721391312140324370e-01
-2.199223778734228918e-01
-8.400401322088982270e-02
-8.034228979110782931e-02
-9.253538654510842787e-02
-9.341378597467259182e-02
-5.235468604742923859e-02
-4.769575275067036713e-02
5.794743877794084064e-02
1.175240705029887145e-01
1.770474290874702594e-01
2.849160409450041676e-01
2.967874753290823953e-01
3.236352815685767381e-01
3.306243238004299423e-01
4.120534846572111443e-01
5.375684126730490009e-01
5.601167895842712463e-01
4.802034783983628596e-01
3.823907952464304927e-01
2.611377790523524700e-01
5.537435008509553058e-02
-5.717125134695585920e-02
-1.087585124577814533e-01
-1.318335015957694534e-01
-7.899060780195060749e-02
-6.714852962310892404e-02
-4.082386741457152274e-02
-2.528069143688458920e-01
-3.906303720181117933e-01
-4.062338513996151534e-01
-4.772431419939600072e-01
-4.740253831051025601e-01
-4.221964302397941959e-01
-3.435468997149582759e-01
-1.612424131229330815e-01
-1.118474038806072934e-01
-4.523600829482052332e-02
-2.233120039692473857e-02
2.357412383530827632e-02
6.050669471076680628e-02
1.941216560622518739e-01
1.682820740104702117e-01
1.727470597347285919e-01
2.034254756300519218e-01
2.048011143429507852e-01
3.718664634101516153e-01
4.289676405220903543e-01
3.788171421799211847e-01
3.864683408720059887e-01
3.426693013121095976e-01
3.144257461344394655e-01
2.188171000045117387e-01
1.903943652184364455e-02
-1.948019079780254625e-01
-2.863338869808373377e-01
-2.831973568654491680e-01
1.025712456493848013e-01
1.554724797018297577e-01
1.821725356466466494e-01
1.084102772766397244e-01
1.178103823450474680e-01
-5.891649366692790213e-02
-7.579048193379901710e-02
-1.723929326602246515e-01
-1.642194155514632437e-01
-1.612088846535131292e-01
-1.227059161202730814e-01
-9.194239418247135420e-02
-6.242293257086137248e-02
1.206330179911986600e-02
5.410946048613309717e-02
1.377681383860701325e-01
2.154454586886551670e-01
3.224109546387336489e-01
4.643630567703368461e-01
5.472051949228576850e-01
5.738457216053476362e-01
4.860424970286039703e-01
4.431035207452408420e-01
4.604557817676133702e-01
