3.974824790498031613e-01
3.483155089246582903e-01
-1.219873870530350235e-01
-4.270452998593427529e-01
-5.647828993953000198e-01
1.272674577662358253e-02
7.479458148494204650e-01
8.370527203301592056e-01
8.188994007365347771e-01
3.428003190598395977e-01
2.309751160806505221e-01
-8.126102768243698149e-02
-4.514042511207152358e-02
5.640248081227455801e-03
-1.982063438630566471e-02
2.952451660006723544e-01
1.377421445097244401e-01
-5.775071833612602235e-02
-6.219336423935892810e-01
-9.823394499093447418e-01
-1.345000146352929526e+00
-1.703381244754342827e+00
-1.504964839962738221e+00
-1.613605009940430213e+00
-1.890582175281401822e+00
-3.240801641401541477e+00
-3.957798206351370141e+00
-3.972992337100914373e+00
-4.314597592661518100e+00
-5.303343318169460169e-02
2.227622768918507273e-02
7.803432976300701540e-01
1.059566290882199668e+00
1.530153317357207055e+00
1.736429052116554184e+00
1.657611904013621240e+00
1.535369598945078407e+00
1.076935524522087073e+00
1.042564625387208510e+00
7.671732027963948930e-01
3.775776191843033813e-01
1.515557729820633803e-01
-1.813564183070500435e-01
-3.339299207701446059e-02
-1.290963432912510256e-01
-1.006865169872607074e-01
-5.103063457221838906e-02
-9.747526690039534647e-02
5.082797328805996329e-02
-2.730437071866675947e-01
-1.779614323346177529e-01
-1.891653831656092410e-01
-1.146613362743259673e-01
2.401222534037418532e-02
-9.060322375667573258e-02
1.900622881794688523e-01
-1.624181574231147729e-01
-1.856462432457834377e-01
-4.405406646342227561e-02
2.698498936405121715e-02
2.734723192630288402e-01
3.218523212980740067e-01
3.979003516691868025e-01
3.159892532441261892e-01
2.167572368463996646e-01
2.089001905638978029e-01
-8.342182464363051553e-03
-2.740815036942789024e-02
-2.470116730352706416e-02
8.691194397798494842e-02
1.552867122057445814e-01
1.347691615093549455e-01
1.187067948667332312e-01
-3.232414155722711235e-02
-1.940233382535033191e-01
-2.548335565629432642e-01
-2.073582317625772831e-01
-1.774398527796093861e-01
-4.027695148015264515e-02
2.466147244697738383e-01
4.962408076456433781e-01
8.753743324079021892e-01
1.042174212975648828e+00
1.077573252424618655e+00
1.127725194061587111e+00
1.563251553714179565e+00
2.096872873603732756e+00
2.185033644694712507e+00
2.409506169896374672e+00
7.340319716134220684e-02
-1.673890724363091276e-01
-3.199443752588778667e-01
-5.193325409879716581e-01
-8.937346780679532587e-01
-9.955382370737094755e-01
-1.098350792705864887e+00
-1.089712344052992998e+00
-1.088989661971160094e+00
-1.410357744695885041e+00
-1.651550051341220016e+00
-1.520989888987720251e+00
-1.378764422264243006e+00
-1.322701873038297560e+00
-1.244435936942729803e+00
-1.282302981371924444e+00
-1.309302403150324201e+00
-1.317156793465914078e+00
-1.287628575096570360e+00
-1.363772062775073124e+00
-1.183521784386736497e+00
-7.734634926347150330e-01
-7.774296594296494778e-01
-6.269367837486103934e-01
-5.630838005689664527e-01
-6.059529868117260465e-01
-6.719753511300884385e-01
-8.369989171444113252e-01
-9.979697790418564640e-01
-1.292580661147301413e+00
2.385823062323443305e-03
1.113991304714303798e-01
1.040565910522938814e-01
4.071941388367992243e-01
6.813121965366589761e-01
5.927425917595084970e-01
5.281969432622931615e-01
5.295404887615671186e-01
3.899559815789166439e-01
1.134947149099830299e-01
-5.847558520392173720e-02
6.315253270570364563e-02
2.514969212139966936e-01
3.298851616679554510e-01
4.266272627904333925e-01
4.878363552699914729e-01
1.044371968391954120e+00
1.594084525499481764e+00
1.963020345012952195e+00
2.262877658805578118e+00
2.238110175817470182e+00
1.957066896189380456e+00
1.664051397959382506e+00
1.567806344413677166e+00
1.540792096373109210e+00
1.452229836640781091e+00
1.499204963077226838e+00
1.636091398988495982e+00
1.579861745023636965e+00
1.580772181527430043e+00
8.812986359499851152e-02
-3.206632995391211494e-01
-6.864617997536416327e-01
-7.703640459803823282e-01
-9.698972101392375755e-01
-1.069871290957232768e+00
-8.854924274129004624e-01
-6.780053216353533196e-01
-6.159046086402301112e-01
-6.821422863084055654e-01
-7.589568883067144833e-01
-7.694240256217517171e-01
-9.077115657333287846e-01
-8.605111933777901401e-01
-6.741559270521377822e-01
-6.676885645140827608e-01
-5.357866280168117612e-01
-5.331233770527964433e-01
-6.806370410098375734e-01
-8.367660641295810997e-01
-1.091602013363083934e+00
-1.402660089038160640e+00
-1.426668934517737908e+00
-1.608011043713801103e+00
-1.572314369233238640e+00
-1.272616129750860692e+00
-1.405086311252068176e+00
-1.537671579544047873e+00
-1.628118714050670546e+00
-1.731739938129338130e+00
3.128893641130379155e-01
4.925644680511512830e-01
8.317081029307957785e-01
8.765838402850097966e-01
1.050200998048742784e+00
1.109141100599872143e+00
1.096743468187677095e+00
1.149523082863803225e+00
1.015461926564143136e+00
1.067842222570698052e+00
1.006522810074257146e+00
8.181943808606978452e-01
7.961284418909770899e-01
5.870394435949761736e-01
6.698376730649606703e-01
6.021294914107435670e-01
6.033618323126521688e-01
7.737364676016617038e-01
8.648000061458270826e-01
9.656954427366476468e-01
9.277995317617258042e-01
9.717333249250457161e-01
1.336882735911154363e+00
1.240573844158781025e+00
1.095310346807512492e+00
1.007440411211962594e+00
9.960643477849531191e-01
1.034653506449581428e+00
1.228619025571151990e+00
1.329211507510158707e+00
3.362688906788469795e-02
6.265025298312496688e-03
6.785587131725982768e-02
8.486450230946875062e-02
-1.276823802931990048e-01
-1.946939864685651167e-01
-3.079880120188409620e-01
-4.797056023788625612e-01
-5.004132258581136528e-01
-5.429751258821752247e-01
-6.954251382489817779e-01
-1.034252713835337456e+00
-1.203787293043650841e+00
-1.184959972264977290e+00
-1.358071467274230670e+00
-1.406107930737578116e+00
-1.481504362423215149e+00
-1.616451794490093352e+00
-1.427294193982192372e+00
-1.518086327170595551e+00
-1.754820629452660929e+00
-1.680998679563409315e+00
-1.585006683162205610e+00
-1.401787674454176180e+00
-1.207440936745259652e+00
-1.053733509808015167e+00
-8.455191739023784070e-01
-7.700174710672518241e-01
-6.444518748407950248e-01
-6.109022290928811660e-01
-1.700855600918682597e-01
-3.843717178648927701e-01
-5.804523448748432068e-01
-7.251017456743935607e-01
-7.359209805781792291e-01
-7.623983750614602428e-01
-7.045589440801955927e-01
-7.623393405649955268e-01
-9.247336068405451748e-01
-7.322319933739591669e-01
-6.281817199325968604e-01
-6.665241991121754195e-01
-6.306076134242165621e-01
-4.000040679048136316e-01
-4.132814639508737287e-01
-6.600506337929382683e-01
-6.817223506061615979e-01
-7.066808621592246542e-01
-8.773921666084900650e-01
-7.992294404102335825e-01
-7.458428689222887931e-01
-5.234000877494193738e-01
-2.737546956712133550e-01
4.137363942251776061e-02
2.921569514778403209e-01
3.263963331690382663e-01
2.627988509554921026e-01
3.698527379951194183e-01
8.958661186559936374e-01
1.485030281180833356e+00
3.034954515753976283e-03
-2.470266677961387991e-01
-4.387067825079140060e-01
-7.682189603861477867e-01
-9.764535817171899890e-01
-1.246480067341748432e+00
-1.652951700818161562e+00
-1.716871644048008294e+00
-1.395028492655254082e+00
-1.609863446729375092e+00
-1.993366271481039620e+00
-2.244466468003118997e+00
-2.476578459108701225e+00
-2.527911146169142587e+00
-2.438285383568904230e+00
-2.346533515683181470e+00
-2.275727272852796190e+00
-2.221401226014749319e+00
-2.063783460220570465e+00
-2.065361756646533209e+00
-2.173443622801871644e+00
-2.188295482369937872e+00
-2.381361153055186808e+00
-2.363760565181590501e+00
-2.365183915850631813e+00
-2.454267505277527572e+00
-2.563293245957984912e+00
-2.868803192812565683e+00
-2.942294852367513425e+00
-2.958444695191190466e+00
-9.470404131991852492e-02
-6.022887760399353585e-02
-3.805757726875147462e-02
-3.080101526639140164e-01
-2.779901379936822736e-01
-1.227079389701969114e-01
-9.933236282931023897e-02
-8.031345240887846626e-02
-1.802685552197403340e-01
-7.079814399839651218e-02
4.676901143865733190e-02
2.663410171330792275e-01
3.575092486443672835e-01
8.778684278721154977e-02
1.771865183965198876e-01
2.445153880633823551e-01
1.690345724951747564e-01
1.992155904721175097e-01
1.538352383616266861e-01
2.698131326681872388e-01
2.001426050399366663e-01
2.945159464404609739e-01
4.179416374006077461e-01
3.962658359196132296e-01
5.682581895667948579e-01
6.398178534456890887e-01
3.957564784533989521e-01
1.633820858644679797e-01
-2.222305936255994374e-02
-2.720683357585766959e-01
-2.776628911055255555e-01
-5.723770385640636338e-01
-5.051633132202596466e-01
-1.081540282375344497e-01
5.114674645253103336e-01
1.404780439332609987e+00
1.918385851845726631e+00
1.923646533462143093e+00
1.872978749289530009e+00
1.741118627989181711e+00
1.584615311924259196e+00
1.455229111502933659e+00
1.449437254164520184e+00
1.371946141230762084e+00
1.335071231812558823e+00
1.474368997148920002e+00
1.077555049057414394e+00
7.245620419055087691e-01
5.893781214121572853e-01
5.069867630284073945e-01
6.931884815185653803e-01
7.206591212551334280e-01
8.912935163323671972e-01
9.636455008560794733e-01
8.431923308442345055e-01
7.732256805302840652e-01
5.854929836344092697e-01
1.926033392714359138e-01
-1.854201113238141407e-01
-3.875227476767592050e-01
1.350269428114178327e-01
5.065986581463259864e-01
5.471192630393164613e-01
3.712566102918408717e-01
3.253119417673855374e-01
-4.346403853995201017e-02
-1.078764360508745607e-01
-7.615310236137962097e-02
5.575719994832029069e-02
2.638162815587774546e-01
4.518111612674198252e-01
6.963489077472539979e-01
7.126780896376008201e-01
4.352559045410404059e-01
7.501745995366421171e-02
-5.674925560048043049e-01
-5.711747324841257578e-01
-2.186219612224498676e-01
-5.421066912233615809e-02
2.117132134157430345e-01
4.119860683721564554e-01
5.982223495854751549e-01
5.648390749250929987e-01
5.035012501570360621e-01
3.361861146699707814e-01
-1.294070507663425129e-02
-1.681024007937140519e-01
-1.280635529187419963e-01
-8.845684475776678657e-02
2.772789741226094895e-02
-2.489364308785092447e-02
7.014452564904209708e-02
1.110799202730515522e-01
-3.255940693625489213e-03
6.527639302086465922e-02
9.245134389902902317e-02
3.758970757854913913e-02
1.095066318649328824e-01
4.478183430081721095e-02
-8.891710983823865322e-02
-1.269090997932029730e-01
-1.170874145789913279e-01
-1.081939921994418546e-01
1.944839038267904829e-01
3.614670913655865236e-01
5.439104335946363111e-01
7.416833195276986146e-01
7.948097762012353851e-01
8.843782825840331707e-01
7.939693478333653687e-01
6.079816148712655632e-01
6.914411952450122412e-01
6.991684591472331345e-01
7.127811973451577687e-01
7.258470903035042499e-01
6.727303768935615214e-01
5.049178931661471026e-01
4.404754254218546938e-01
2.623513152705742035e-01
2.044391812623440052e-01
-4.393663635780062360e-02
-4.404945862297626746e-01
-5.631829050049125263e-01
-2.215269077988279989e-01
-1.141770200745493707e-01
-1.640685881632151510e-01
-1.518122291794489764e-01
-1.781070200070564158e-01
-2.392355186978412096e-01
-1.373719092139879250e-01
1.448533319706682421e-02
1.394913815586457384e-01
3.257346935107070518e-01
8.057958964165219395e-01
1.075824687451871320e+00
1.114513950731551351e+00
1.008136187570749298e+00
7.965667909958398241e-01
6.869263468291150199e-01
6.329804921497548253e-01
5.341515709857038718e-01
5.491553411995204748e-01
4.626935857417336373e-01
3.509721854900687554e-01
2.697166011626565552e-01
1.417536669422795326e-01
2.226853035401968328e-02
3.601864411800148602e-02
1.841650595150613745e-02
1.164087478180209217e-01
3.727014422732864429e-01
5.485870855390237999e-01
5.750734291899649575e-01
5.487769804848318111e-01
3.530626016604674344e-01
5.031452947166770162e-02
-5.845158936858582677e-02
-1.428448453817218466e-01
-9.778376021139437158e-02
-7.453473228371350345e-02
1.251335604636084065e-01
2.975056595875589238e-01
4.902105302363762296e-01
4.824483203580622881e-01
4.059702709380497709e-01
3.632275954163399767e-01
2.681326253014114647e-01
2.558036932061790170e-01
2.793744491426052301e-01
2.243178502006421826e-01
2.095332259284833631e-01
1.759761312564160907e-01
8.385077161481868657e-02
7.418481038327359722e-02
2.018255877680745769e-01
2.353223717540188220e-01
3.298803783915960075e-01
4.359324148369541074e-01
3.989650794100566000e-01
4.944022461176219574e-01
-4.869412668916938552e-02
-1.311318489710632251e-01
-2.184016572328179029e-01
-2.174109021090968041e-01
-6.116962638159392784e-02
1.838026944805224716e-01
1.899093984790709844e-01
1.166099007640635371e-01
1.115714116801002354e-01
1.675549050460349021e-01
3.678352843412735496e-01
2.549981762193923585e-01
-2.130956938894906783e-02
2.252660150298080310e-02
-4.171597789938820411e-02
-3.197389983171945033e-02
-6.655022096716620150e-02
8.017426033746863356e-02
1.767094200963135742e-01
9.502461228420928940e-02
-1.300068391842228444e-01
-4.278069030656455052e-01
-6.456066547981236248e-01
-7.046558353560042898e-01
-6.864844475979882121e-01
-5.907237645168852413e-01
-4.184697492394384710e-01
-4.373255867623651594e-01
-4.496460145890462390e-01
-5.523961185048257283e-01
-3.734474010986003623e-01
-4.474598944636465347e-01
-3.775017337491615721e-01
-1.759651493598686500e-01
-4.326212388108560680e-02
3.691919326671402879e-02
3.183097627519290151e-01
2.833763994403821762e-01
2.084973182283837156e-01
1.547274627065035879e-01
1.163950723093944012e-01
3.539090018281477734e-01
6.610721355450992487e-01
1.009327025244067588e+00
1.289525304167905784e+00
1.539849459511181795e+00
1.409425619444191646e+00
1.102279168994268366e+00
9.046087072956255914e-01
6.221666436520914001e-01
6.064578424054061223e-01
7.980848835100050609e-01
8.530847681737390165e-01
7.732367123175201140e-01
7.544639487881121820e-01
9.243476462613534617e-01
8.365897937354495051e-01
7.523943412065683400e-01
7.407579677356432857e-01
6.784894673664062514e-01
1.010889266882815385e-01
1.799204136915020791e-01
2.888997346006803024e-01
4.156401763398409055e-01
4.854500263186442011e-01
6.249840744172223683e-01
7.555379667994016613e-01
7.425052506597611401e-01
8.169046409069464776e-01
7.490016111966143475e-01
7.119141614420941844e-01
8.655044292682153584e-01
1.124809592084450083e+00
1.539902544669978557e+00
1.870343819741695057e+00
1.811662069728669833e+00
1.623247969887585684e+00
1.273939062019561197e+00
9.376115291614774971e-01
6.921504079232545514e-01
6.741311642559878470e-01
8.039638836924243304e-01
1.068799065862489073e+00
1.453081614800432186e+00
1.996087110550063048e+00
2.663731180192083769e+00
2.950337215452497830e+00
3.039786995512987922e+00
3.085194632990498675e+00
2.910959452317728235e+00
-5.978541842281871743e-02
-5.031158918967078980e-02
2.560176930509897725e-02
2.809103845570036853e-02
-7.998972344156887737e-02
-1.522313755002886737e-01
-3.813139220367346982e-01
-6.014893517929253974e-01
-6.372266666436159355e-01
-6.170007788999656295e-01
-4.741582049931433174e-01
-4.047072859605707063e-01
-7.087901863032252114e-01
-1.096522285514794692e+00
-1.166892011679087515e+00
-1.264557344994967636e+00
-1.350662108179341958e+00
-1.158600574474981437e+00
-1.091002285364790492e+00
-9.539204759772488273e-01
-6.640037828605340753e-01
-7.565358766704862736e-01
-1.025156845894685365e+00
-1.282297198730762755e+00
-1.527424683003601791e+00
-1.509630294752723145e+00
-1.516292852514227851e+00
-1.450643429010179508e+00
-1.265681868395141851e+00
-1.229871490893598152e+00
5.370049783266354210e-02
1.099072086429293826e-01
1.418542845559167542e-01
1.807387597552530811e-01
3.241225290024579708e-01
2.944055139469343718e-01
2.280534041966386649e-01
1.364327135724476558e-01
-1.573036531634781354e-01
-1.564671234924364385e-01
-3.463591563112473071e-01
-5.220630359702086443e-01
-5.926405915681300929e-01
-6.865280967102379561e-01
-8.633903896821841784e-01
-9.424214150594216743e-01
-9.063320316708948221e-01
-1.011182529399799357e+00
-1.008708622828053958e+00
-1.094663604403779633e+00
-1.252515770888596780e+00
-1.263361694588284845e+00
-1.250886069640335663e+00
-1.184685020824895574e+00
-1.157814529644816348e+00
-1.103887366516704827e+00
-1.060908047434950818e+00
-1.224995965852739399e+00
-1.208669309102090361e+00
-1.060837397764486267e+00
-8.155217659484419179e-02
-8.631629331886517265e-02
-1.800156855748050178e-02
-5.444240488220457308e-02
-1.116174169486501000e-01
-1.631003792059932955e-01
-2.281258270400703114e-01
-3.551602941729447571e-01
-5.124194130884239806e-01
-5.716842312250965952e-01
-7.023355099277133196e-01
-6.486542654953696418e-01
-5.627822409712625040e-01
-6.857810430291556569e-01
-5.804059431538957092e-01
-2.242696347268909873e-01
-6.237130318685257802e-02
1.855574024562012814e-01
2.468747378083874511e-01
4.314988905728323054e-02
-2.499574398044394075e-01
-2.827743957830695098e-01
-3.014397156266346300e-01
-2.354670645671644302e-01
-1.270459477006034565e-01
4.042127674406889581e-02
1.668077197869997363e-01
2.442397146074098968e-01
2.553870548217762604e-01
3.688413364164436214e-02
-1.117705866186586849e-01
-1.155555711422115023e-01
-1.331370501565496411e-01
-1.000761465511347259e-01
-1.683940615040286914e-01
-3.077397132939515556e-01
-4.420346163407660178e-01
-6.645672827289011986e-01
-9.147275246800754545e-01
-1.290268581226559297e+00
-1.591578352352870374e+00
-1.573317916511063785e+00
-1.254338284043003293e+00
-8.316239489654120298e-01
-7.169024750305859062e-01
-6.544165498370924094e-01
-7.658478127618557618e-01
-1.107911528014709823e+00
-1.241897789472206082e+00
-1.262598973775187261e+00
-1.160430502620502180e+00
-9.496044925417365112e-01
-6.096085486863950242e-01
-3.448856926169527326e-01
-3.733518608797383176e-01
-4.421743395112658348e-01
-4.676731539902762580e-01
-5.047294224017927489e-01
-7.472193685105124050e-01
-8.412973874415649034e-01
-1.967362260463815724e-02
-1.292865438634672459e-01
-1.986305208096719732e-01
-3.667439125543194844e-01
-6.184702017111216588e-01
-7.266232621656123492e-01
-6.564559264656063542e-01
-6.838118107670311252e-01
-9.357558206989068372e-01
-9.502487552801123227e-01
-9.501402154504273723e-01
-1.018705482754347358e+00
-9.591061330569520260e-01
-9.015123381968292993e-01
-9.204020413350183505e-01
-8.928670703724921331e-01
-8.900050419879833585e-01
-8.533522327175189215e-01
-8.127109393593470177e-01
-7.940333457439661125e-01
-5.187732754073171026e-01
-1.693755822540887745e-01
1.163812816822330509e-01
2.388938445937872634e-01
3.690863606122763985e-01
2.616896052882013990e-01
1.852446411669307902e-01
1.619097574667235639e-01
7.834975686015432927e-03
-1.643265032417955684e-01
-1.146198543151155241e-01
-2.318395230264518325e-01
-1.969896323667282845e-01
-1.410554547960792271e-01
-1.962513250471716042e-01
-1.382423350075826507e-01
-1.428346996436672400e-01
-2.897917274700553270e-01
-2.719597131114525057e-01
-2.449589098864587422e-01
-2.184899806138111134e-01
1.852384436965004433e-04
1.224284975009266724e-01
1.470014138477852284e-01
2.362689059222046195e-01
2.201777429812180609e-01
1.758610652640472671e-01
1.996388898297070391e-01
2.286964913551490786e-01
2.598678500971632332e-01
3.232872529359940850e-01
3.739980867850354884e-01
3.826879100972763181e-01
3.074663519346381713e-01
2.855479810936955021e-01
3.604669081075887460e-01
3.273649649930015504e-01
2.133781235099503626e-01
1.839954195626996303e-01
9.991579234551196953e-02
-2.416122251795256581e-02
-8.604503290670225193e-03
-5.729169740159634205e-02
-2.378573265212491350e-01
-5.872647170028091335e-01
-8.436332405709894289e-01
-7.521899676098877663e-01
-6.531706247830209033e-01
-7.203090050657394716e-01
-6.928681016467067577e-01
-6.226088796163051775e-01
-5.929597583519301551e-01
-5.055430020961277915e-01
-5.614998345436359450e-01
-6.333402246064774310e-01
-6.224673048771135475e-01
-5.472105929372600430e-01
-4.643648388177028519e-01
-3.742801823214188528e-01
-3.391388249833739987e-01
-2.161004844656413959e-01
-8.597288712933545685e-02
-1.130482554865776257e-01
-3.289752248505006804e-01
-6.998562023216381434e-01
-8.095419260981121523e-01
-5.602680020547623485e-01
-3.558042316871096178e-01
-1.204097712437138534e-01
1.935515520205580431e-01
9.483593906229333126e-02
4.232797958551246659e-02
-2.746638640807326781e-01
-2.839478735959643507e-01
-2.897724143618434778e-01
-3.965558481448438477e-01
-2.227406095764614402e-01
-1.002617686202206398e-01
-2.050177519994741959e-02
-4.150529038882259242e-02
-2.743805262084348939e-01
-2.366765632356446214e-01
-1.328091118821984051e-01
-1.542482398461217374e-01
-1.822856131445740324e-01
-2.252085229259922217e-01
-3.980951580958919100e-01
-6.236755137236459356e-01
-8.262972142769551276e-01
-9.417873707412454110e-01
-9.560857922685984667e-01
-8.305887467518365819e-01
-6.957992780381934139e-01
-7.015590049110307369e-01
-6.108062026326518401e-01
-5.150139776455037177e-01
-7.082860326785146432e-01
-8.112710499138502396e-01
-7.897762084965003204e-01
-8.003192263342652213e-01
9.485926993647521288e-02
2.613471381060700760e-01
2.382343538807195626e-01
2.314146757880841676e-01
1.987938805583580326e-01
2.516905967241714892e-01
3.378035657071061237e-01
3.938445075553960173e-01
3.696772708133783669e-01
-9.793736959030391320e-02
-3.088177222790460252e-01
1.003928598095481517e-01
9.061838017955138602e-02
8.628460010401269031e-02
1.457448377760786062e-01
1.531727094909640652e-01
1.400952559501386918e-01
9.826484529306865612e-02
-1.406961473914925542e-01
-4.038778816126448734e-01
-5.714832358601837914e-01
-7.482397859941419815e-01
-7.644409387053038296e-01
-5.846203369760709645e-01
-5.129206341511843847e-01
-3.293618272879812459e-01
-2.179297604553493695e-01
-2.773303849190038584e-01
-3.292262512663355900e-01
-5.112975543772541043e-01
-7.669477063399014749e-02
1.086823435906471430e-01
4.337314555427677076e-01
4.947675108541149114e-01
6.100707032849304046e-01
7.694717838916235175e-01
7.791584108434279621e-01
7.738272392479867978e-01
8.631927440159105069e-01
8.315170270074095926e-01
8.487407176928228880e-01
8.324965243635517043e-01
7.175035228894475203e-01
7.930175871900783102e-01
8.258292479981910184e-01
8.509938045539355844e-01
9.350729378288473725e-01
9.116288255084614711e-01
8.482434698682931318e-01
4.324447623045935551e-01
-4.578932629034582202e-03
-1.248859374048976040e-01
-1.443510061147208201e-01
-1.350458533283946383e-01
1.108650281967336337e-01
2.954176627856792137e-01
3.185618745965972942e-01
1.551065994823288829e-01
-2.595435510614688690e-01
-3.308607271438731012e-01
5.628091825414317101e-02
1.210770505749106940e-01
3.646954596538731219e-01
4.635429406101948535e-01
7.627355529423170966e-01
9.287214507884277159e-01
9.868004061181844255e-01
8.954485709186755793e-01
8.824833265596929710e-01
9.176943385059794789e-01
7.225961849461863817e-01
6.959272535171256990e-01
3.644183393890796929e-01
4.142416768796842730e-01
9.339146319563791376e-01
1.180546705619652359e+00
1.212239601996595306e+00
9.480224411935060935e-01
9.375166235244943858e-01
7.966369279026447314e-01
6.405675861174385810e-01
4.215594896735619379e-01
1.465809153149044142e-01
2.484710600510400824e-02
-3.116551845529540454e-01
-6.967726253547013027e-01
-1.149072770798163834e+00
-1.445637456449126557e+00
-1.475165410316268355e+00
-1.464332140536437343e+00
1.500445038865522718e-01
1.569501246983679987e-01
1.799527782053063907e-01
1.939512650209045952e-01
2.434135755902919473e-01
3.952689453743821746e-01
6.134943869422451179e-01
8.925945794909286857e-01
1.184716361286394015e+00
1.480399580832510331e+00
1.478757627936614805e+00
1.461850798069656676e+00
1.437146778819762272e+00
1.263761304341611380e+00
1.147992331853442627e+00
1.248272791593455056e+00
1.357257194539629008e+00
1.474034222046497256e+00
1.543425723541113515e+00
1.516310778292839556e+00
1.514033172276964434e+00
1.376581161836056388e+00
1.102625832250041293e+00
9.008843334033284078e-01
4.959425164594965518e-01
1.762184079359610522e-01
1.150640329544211915e-01
1.624706899517356640e-01
1.268620634003606584e-01
1.887486739981148742e-01
1.820792216118680973e-01
2.902789808077096967e-01
3.547366396505127750e-01
3.095882075141700440e-01
3.711480955830067097e-01
4.554655730154161808e-01
3.631314847934321022e-01
5.973101347858182919e-01
9.275271568406420197e-01
1.036600035750699478e+00
1.049573785863097575e+00
9.674739685483705331e-01
9.166785045180644298e-01
9.165887860527470732e-01
9.497577788363334994e-01
9.776623330416941426e-01
1.077697346362429309e+00
1.248427644373587775e+00
1.420914153396032997e+00
1.477333439523649039e+00
1.611239980133877925e+00
1.711595154592945089e+00
1.721323451394477511e+00
1.704323206349406039e+00
1.496535500681292374e+00
1.201083312969704497e+00
9.420056507498506537e-01
6.870587763303839246e-01
6.306581478662847129e-01
8.340030117914964958e-01
1.069353712333829254e-01
1.290816532867011257e-01
1.246565208185417134e-01
-1.909056592197614366e-01
-3.852884875835047573e-01
-5.196961752874762475e-01
-6.615963163334326325e-01
-6.488669251939291893e-01
-6.086785090003912213e-01
-4.997617384416432884e-01
-3.432201901307996295e-01
-2.183430489383371698e-01
-2.047669960836120961e-02
1.574168266326517185e-01
3.003824325191375433e-01
2.386344060438593817e-01
2.505740002572358627e-01
2.978411658530482065e-01
2.465063128096964262e-01
3.298106331529888635e-01
4.095503460035790910e-01
4.469906491893851919e-01
4.356036070588336639e-01
4.017345903243043637e-01
2.952097862005188533e-01
2.312765613015230204e-01
2.009543820951901483e-01
7.673603156567965211e-02
-2.841436312561684829e-02
-1.889311118411228230e-01
-1.369520667968441852e-01
-1.510644906161676126e-01
-2.373664547312050455e-01
-1.832313272429497986e-01
-1.613843801224880969e-01
-8.262673824501741426e-02
8.581472130389526665e-02
1.317247296340929297e-01
1.316900934026523085e-01
1.383234607252599724e-01
6.717852831802105518e-02
-5.167828710026939332e-03
-1.240573190613159377e-01
-2.327365208396519614e-01
-2.559664415956894867e-01
-1.965763427693185961e-01
-7.312495942393092141e-02
3.898974740995432564e-02
1.753628792793905378e-01
2.550272076686204703e-01
3.481441997534931998e-01
3.696037542002119647e-01
3.651236985840883298e-01
3.325945404121034565e-01
2.962643822534422045e-01
1.531032090038140225e-01
-9.756146029326345781e-02
-2.221157692900487812e-01
-3.819401129907747938e-01
-5.994456540182881987e-01
-1.012591282813331793e-02
9.312640891859773340e-02
1.117754585984806343e-01
9.373829168227174047e-02
1.295643259606966691e-01
1.911038309906093746e-01
2.054679607588138779e-01
1.856054662835173175e-01
1.582626592932570575e-01
7.139947643709078362e-02
5.413904848382188745e-02
1.701007110137950085e-01
2.743252466420596503e-01
2.685427071919800346e-01
2.212138541842384454e-01
3.058077790601916313e-01
3.282871043617365814e-01
4.528822535602273769e-01
4.597777402489320875e-01
4.688268230247767954e-01
5.690298247113296792e-01
7.287556255008533768e-01
8.227332243245789600e-01
7.670906836279235419e-01
7.471907868812329712e-01
7.204131478030492142e-01
7.345918092961069013e-01
6.184688960586131046e-01
6.089835178339647603e-01
7.185817649766020887e-01
-3.091275487335783459e-02
-7.585271369370732986e-02
-1.527978470316227466e-01
-2.404307069695960086e-01
-2.993453258386837845e-01
-5.675236957503710933e-01
-8.038082055215596267e-01
-5.255195957001546070e-01
-8.554537565956199519e-02
-8.932074051537439163e-02
3.837382056417509846e-03
-5.029118361828882611e-02
-2.987519632329137531e-01
-3.651351536976591428e-01
-5.597444907877284770e-01
-6.187500889184873731e-01
-4.703565650211454785e-01
-2.751820139040150881e-01
-7.037805282044062860e-03
1.253766490126850541e-01
1.713516341543355193e-01
1.692802041377862998e-01
1.388244729307538394e-01
1.614103010633915758e-01
2.040337052002485496e-01
9.152585046867209306e-02
6.385732883776303048e-02
8.033070713622189607e-02
-4.402954702178342450e-02
-1.488313425075285523e-02
-3.678017724134165917e-02
-3.680721087585691054e-01
-5.413298848895442550e-01
-6.140152385310948535e-01
-7.285851732846999607e-01
-7.533074740288105975e-01
-7.075788048579516598e-01
-6.670982227611430559e-01
-6.657891043584420743e-01
-5.298625007481869709e-01
-5.651045916387638091e-01
-5.360672754161303066e-01
-5.279193366033716472e-01
-5.589354871563999572e-01
-6.183708090806807611e-01
-6.303763586428018373e-01
-6.332864684780821207e-01
-5.467570041088483102e-01
-3.715292177412825581e-01
-3.312046784994298609e-01
-2.430774788972667189e-01
-2.070768212978052747e-01
-1.470761358752673831e-01
4.115304724020113492e-02
1.022349636400182726e-01
2.607596333911358366e-01
1.931248896407942173e-01
9.339021423453001958e-02
7.338760789653733796e-02
4.464467634850458055e-02
9.225987021617639006e-02
9.833235586412995832e-02
6.678252625020601740e-02
-1.900647033890419391e-02
-8.260500287983640888e-02
-1.762004794806614760e-01
-3.551113134414505823e-01
-3.451200981278311763e-01
-3.450708801737363829e-01
-4.115552868902692119e-01
-3.610496590895532765e-01
-5.535962342368230260e-01
-8.705747072928937680e-01
-9.296016756697039751e-01
-9.598994561813588566e-01
-1.008577020022619175e+00
-8.984907318614367977e-01
-7.401800185327502835e-01
-6.215114313350633690e-01
-5.475147097948243058e-01
-5.106614786049696875e-01
-4.807524286484319287e-01
-3.957108342206328566e-01
-3.414175702098652954e-01
-3.431557557484656296e-01
-4.562925141238963755e-01
-4.889762474663591485e-01
-5.510994984186746715e-01
-6.197121296733761886e-01
-5.904789940427325190e-01
-5.975778506870800533e-02
-1.501660953132971377e-01
-2.688140310300579094e-01
-3.482082420845969972e-01
-4.550102385207559497e-01
-4.413998465788256387e-01
-3.841633648004875723e-01
-4.739539553593501431e-01
-8.551188971544638751e-01
-1.074821673946685374e+00
-1.449091174973319296e+00
-1.963664848945250174e+00
-2.300761331153564182e+00
-2.311049894840345509e+00
-2.143086186293397866e+00
-1.963202504934683068e+00
-1.631069240934469144e+00
-1.296325473625737690e+00
-9.235125632260066109e-01
-7.104435006377670669e-01
-6.108850608768878754e-01
-6.704317379542552580e-01
-6.451297950539752746e-01
-5.825982757988125149e-01
-4.035294832833660750e-01
1.102351040407559268e-01
6.994502327659715135e-01
1.041016176819445471e+00
1.332607694321207292e+00
1.385462236397942970e+00
-7.075560315581493065e-02
-3.150626484446646391e-01
-5.774388803421871552e-01
-8.414427249252198759e-01
-1.063744837906177576e+00
-1.141972317810284965e+00
-1.343656079404807802e+00
-1.619476466595053399e+00
-1.697215987576644158e+00
-1.674972649048735329e+00
-1.753605376958084605e+00
-1.698514427660000603e+00
-1.688537241218836416e+00
-1.766419715256675405e+00
-1.819660967050413802e+00
-1.917203618512529184e+00
-1.909352911559770716e+00
-1.884185656493830630e+00
-1.679494445700195682e+00
-1.413289352457920200e+00
-1.299980836505863158e+00
-1.182822237827880540e+00
-1.217476115748353571e+00
-1.356975341441492677e+00
-1.309821442294798244e+00
-1.183233663763989307e+00
-1.168926763573916006e+00
-1.061120455739373858e+00
-6.161001625896584954e-01
-8.406383396834959942e-02
3.629837521781864584e-01
7.226280723229421277e-01
1.086225824158934206e+00
1.127416235734302496e+00
1.073505298239307626e+00
1.015264659856513152e+00
7.218039218295576598e-01
3.589347788307656328e-01
7.668223246851496588e-02
-2.598661126707738078e-01
-4.550699940898138562e-01
-5.452353883090806930e-01
-6.183016386457732549e-01
-5.312799054361877493e-01
-2.506108407827447038e-01
2.184182741696261143e-02
1.626505402566603697e-01
1.679384286312357588e-01
-8.593027507831657585e-02
-3.589210971726046751e-01
-4.465133901029293417e-01
-4.653531601719880229e-01
-3.743290089305103541e-01
-1.548858102084250676e-01
-5.964274018129654686e-02
1.330338000331136861e-02
1.924320867014146091e-02
-3.773862257608709414e-02
-1.453994221146633417e-02
2.060625307752960989e-01
5.662198872787470583e-01
9.715989414761119214e-01
1.310723091002985896e+00
1.480383068935644530e+00
1.504532709228190157e+00
1.527084979042955926e+00
1.510202227923232554e+00
1.455012216103338307e+00
1.333252323232726244e+00
1.335520742981619824e+00
1.154479734514938460e+00
1.039887205240809243e+00
9.184981874866153806e-01
7.052309818562774169e-01
4.340763782798415793e-01
4.750893487865017750e-01
7.711056417177600819e-01
8.860321897118159651e-01
9.242597688239255760e-01
9.344836047813600555e-01
6.682394495855950023e-01
5.311343643710724205e-01
4.393985586766798734e-01
2.586133966023678177e-01
2.456517252811005747e-01
3.616331275808956636e-01
5.605404048776112536e-01
7.289955449088054706e-01
8.808380378807131317e-01
9.732884768006878629e-01
1.212515169807447668e-01
1.330431066046455779e-01
-8.937511017832860949e-02
-2.476939843814000841e-01
-2.649330448385406878e-01
-2.897142333804396674e-01
-3.984406074940551323e-01
-3.691219787893084137e-01
-3.971697300997281133e-01
-5.238835728574354755e-01
-6.274917257813041882e-01
-7.940936749060170108e-01
-9.157923554229761010e-01
-9.439689597519007602e-01
-9.171699567764606265e-01
-8.753726959554299913e-01
-8.418520071602433319e-01
-8.478112992264418279e-01
-9.125106621631794424e-01
-1.368511770442825126e+00
-1.774074712305241386e+00
-1.793765112028925746e+00
-1.746685470126950968e+00
-1.695930266561136213e+00
-1.465719382682693084e+00
-1.212862088010045580e+00
-1.022849023954113701e+00
-8.229573277662577402e-01
-9.039299100048832081e-01
-9.329511786840224419e-01
3.251115680523415652e-02
7.498787297137290975e-02
1.661330756602529268e-01
1.820518824603785391e-01
2.462726328928751263e-01
2.705046969660425127e-01
1.093457200748657598e-01
-2.096231292231844345e-01
-4.645383692372193063e-01
-4.260833326085406436e-01
-2.247583261287071921e-01
-1.852246383209604219e-01
-2.534858436464912379e-01
-3.375320362039438415e-01
-3.252851348434140366e-01
-3.100718531045287829e-01
-3.446407096344848986e-01
-5.324054441994857667e-01
-6.103243610824360399e-01
-5.929034296923767489e-01
-6.286540270118435858e-01
-7.716533234108575723e-01
-7.925465223694563299e-01
-8.687679636351848256e-01
-8.169711505756909187e-01
-8.285208889359502171e-01
-8.538376006611322344e-01
-9.583548219419621983e-01
-1.000994693218742349e+00
-9.939055433727115307e-01
8.069736031830579415e-02
1.684046666414611704e-01
1.262228927137301338e-01
-3.636813460704135803e-02
-1.544757550069652818e-01
-2.558156239609147287e-01
-3.289674515059157200e-01
-3.730984275979819520e-01
-3.255900085445360137e-01
-3.131785795695742336e-01
-2.939266644219171720e-01
-2.132354494245761456e-01
-2.389668728430526801e-01
-2.493974288065787803e-01
-2.470463311728044176e-01
-2.248341716607654417e-01
-8.639772889263530598e-02
1.225296661567405743e-01
2.783350374225227464e-01
3.835994607265462153e-01
6.386080001836007547e-01
6.678355160881248587e-01
6.959546397363203241e-01
6.860131428695549483e-01
4.867381307644977340e-01
5.895122614199805877e-01
6.673061748837482154e-01
6.331172500376766044e-01
6.807889417222849904e-01
6.795760852130423579e-01
-7.089516308336828165e-02
-1.667355519409060571e-01
-2.478676859166379920e-01
-4.810820587411352989e-01
-4.687426861394559108e-01
-5.294948414198713538e-01
-7.466544944360196112e-01
-7.870807572595497348e-01
-8.357708704956414714e-01
-8.744031012711821482e-01
-6.788641703187603405e-01
-5.827168626528566042e-01
-6.314741135998882537e-01
-6.448106886923791192e-01
-7.000905386452342949e-01
-7.853915271435667478e-01
-7.969293120166270894e-01
-6.772074050037175663e-01
-5.433527899531012118e-01
-5.231976570256444692e-01
-4.826856729887063491e-01
-3.729503887913654392e-01
-3.853392342341623866e-01
-4.087829081046276958e-01
-4.863051617194998344e-01
-6.092361038463123268e-01
-5.588799921442637597e-01
-4.635669930127789828e-01
-4.626465568555920838e-01
-4.029573945227925003e-01
9.248457550085684153e-02
3.097178101857415156e-01
3.298788105692692096e-01
2.300141658435319036e-01
9.738113881878257549e-02
-1.257627399863028017e-01
-3.438643113803907525e-01
-4.626301063984062378e-01
-3.638486676654175689e-01
-3.444101543594872417e-01
-3.221243700743489646e-01
-1.506137830968624636e-01
-1.918385642238331912e-01
-2.540478457214321306e-01
-4.314381333993834167e-01
-5.165900379060631709e-01
-5.370917356137574483e-01
-5.134915145425713590e-01
-4.865484548305524792e-01
-4.274104522857828381e-01
-1.742992991280386539e-01
-1.095738684210924990e-01
-7.179753580241866884e-02
-2.304620878133441936e-02
-2.695522386126431719e-02
-1.106393361123753916e-01
-1.436880615687744223e-01
-1.406320617235621573e-01
-1.916060838644319531e-01
-1.473903168950898568e-01
1.051272516640265470e-01
1.269950604912663816e-01
2.104729898541265465e-01
1.304252418520999712e-01
2.548334593818157856e-02
-6.449571856090924316e-02
-1.443177062419799261e-01
-2.594261728113711474e-01
-2.619644151844963686e-01
-2.223293244984929640e-01
-2.646367719484108427e-01
-3.030440056530909754e-01
-3.316604941879012780e-01
-3.366692645269988016e-01
-3.809168041149366690e-01
-4.614977971766925924e-01
-5.437669491203065419e-01
-4.502426965285049043e-01
-3.605927828506503285e-01
-3.555506815197030934e-01
-3.033934969506845158e-01
-2.768642244604440639e-01
-4.421105658902775848e-01
-6.549502436474288203e-01
-7.476128624766208430e-01
-8.392384769771981112e-01
-8.373001833582552900e-01
