-1.056668594551239071e+00
-1.600530872064064747e+00
-1.879245676394264208e+00
-2.552829073126370751e+00
-3.192987807844020587e+00
-3.463432496503925595e+00
-3.614338104455077971e+00
-3.876973978410930943e+00
-4.480188325525735316e+00
-4.707305086380298320e+00
-4.753153879847941354e+00
-4.817857413143380008e+00
-5.126794677696436153e+00
-5.450178028984189460e+00
-5.506215617552888908e+00
-5.423219559928420530e+00
-5.435468710325123354e+00
-5.738302500422054919e+00
-5.829599566769679164e+00
-5.855071666644679595e+00
-5.867199754813799295e+00
-5.848119123322327972e+00
-5.921258663434219471e+00
-5.948517682902644488e+00
-5.952492102711398836e+00
-5.859016629090681327e+00
-5.421749563112646442e+00
-5.299202100508882296e+00
-5.275369745466152338e+00
4.521444981630620696e-02
2.565068032858417446e-01
4.453663093866006006e-01
5.426829699406274798e-01
5.141926627191661936e-01
3.674020692641501995e-01
3.170907691032409659e-01
3.251394472892654708e-01
3.762776332461348350e-01
9.349657491252590935e-01
1.484167766676863121e+00
1.809999428201005900e+00
1.805899573537917302e+00
1.821602915667399847e+00
1.877231234649143543e+00
1.897850938416387745e+00
2.115891978495000547e+00
2.143479737413190644e+00
2.186798624955553993e+00
2.242845407575054129e+00
2.298269047181161540e+00
2.312364033314377121e+00
2.250647440854635750e+00
2.220700490558785933e+00
2.291413296918416886e+00
2.380357021941069906e+00
2.415501240437932129e+00
2.459313006686799419e+00
2.458051879534639550e+00
2.566478441334220317e+00
1.504025592899815023e-01
2.932362068784621911e-01
3.217354925824021383e-01
2.781318074353410497e-01
2.888379108340973778e-01
5.006010872839482539e-01
6.408064807085330772e-01
6.257960119126755316e-01
6.280330545911895213e-01
6.743718963595014548e-01
6.830193236883961294e-01
7.253431064244149074e-01
9.357684375336641214e-01
1.025758853159303818e+00
1.086062592571549024e+00
1.127054948107598653e+00
1.213992166036645726e+00
1.212612903666953734e+00
7.947549809934565390e-01
1.366977062675964749e-01
-3.012237346925630832e-01
-5.579845272063344019e-01
-6.254889188236099073e-01
-7.097220269666313364e-01
-7.181614072675546190e-01
-6.488015687001421616e-01
-7.954440370452480202e-01
-9.634411396508614223e-01
-9.477234651909124397e-01
-9.274635711032620522e-01
-9.606782071383870511e-03
-2.685163675671699973e-02
-1.262133410000474132e-01
-2.216268990733052391e-01
-2.432578322500097701e-01
-2.613647742634527815e-01
-1.562784279067065962e-01
-1.200233235970731976e-01
-2.618110230121856175e-01
-3.147509811856601392e-01
-3.434710789994329661e-01
-3.409526678857541793e-01
-3.918734627616078936e-01
-6.220167191517629313e-01
-6.749676761460745578e-01
-7.331776731076596887e-01
-7.557129350867910489e-01
-7.632194187732430635e-01
-7.513914108191257490e-01
-7.468103881769020402e-01
-7.001480436912232985e-01
-6.737921334527101624e-01
-6.908720917340589462e-01
-7.581753013047765055e-01
-9.233782261857736984e-01
-1.104736102654046315e+00
-1.195004427692705207e+00
-1.062429105729879808e+00
-9.081250621305552162e-01
-7.651489336238466166e-01
1.629301187787185815e-02
4.403720014782280812e-02
4.221675071867865836e-01
4.772389332192272793e-01
5.565904310303759761e-01
5.688428712605704263e-01
5.586386783491493757e-01
5.514231383413046306e-01
5.733437888729026044e-01
5.542753257766169783e-01
5.100152219119573616e-01
3.681047012586909917e-01
3.132891296846876950e-01
3.065464146444895621e-01
5.774063542958662865e-01
7.188949787215710430e-01
7.768237329652587508e-01
7.530868138222321928e-01
7.231928491159332895e-01
9.454724154019987781e-01
1.167956469487903437e+00
1.056326751571406319e+00
1.006722463806272616e+00
9.642106597322056549e-01
9.723448547231796635e-01
1.119060655543419935e+00
1.642321351276486485e+00
1.651148832922235243e+00
1.529091018021979886e+00
1.453727908228112708e+00
-4.166331412184799687e-02
4.444122214772402990e-02
1.458845388562568235e-01
3.662034179040718485e-01
2.991121656089965608e-01
2.293918106133204793e-01
2.114989198358218914e-01
2.021533654986407968e-01
1.912475160878185365e-01
2.066881584732161714e-01
2.106486923019524893e-01
2.410634040799994049e-01
2.913067676942498463e-01
3.590698509718583953e-01
3.476338468329860376e-01
2.709178151398428103e-01
2.214168121473458206e-01
1.577653870828664706e-01
1.661781949644758338e-01
1.798249864373344387e-01
1.293951425920296106e-01
5.711741507584433553e-02
3.962644609137813689e-02
-2.582954692914399275e-02
-1.554384277244593993e-01
-2.581437274959134109e-01
-1.733701751066279440e-01
-8.145731226707872419e-02
2.261278950410944288e-02
1.307862981145774262e-01
9.121785455126323050e-02
2.415605337897910876e-02
-6.884051958874033705e-02
-1.512960205859715246e-01
-1.763263157434548645e-01
-1.629395907662093967e-01
-1.218636269378990111e-01
-1.624891218332581433e-01
-5.723480030388183870e-01
-5.660982857330095763e-01
-4.664658443920590147e-01
-3.634272263030668970e-01
-2.566001931618083765e-01
-3.730232083268563148e-01
-4.319704416277501124e-01
-4.127072428280049721e-01
-3.799827739946072813e-01
-6.771991353483779452e-01
-8.999573252272666801e-01
-9.530140031770863995e-01
-1.000678312683329629e+00
-9.978165685986636335e-01
-9.667069476556704455e-01
-1.230632815160181304e+00
-1.588478627593648884e+00
-1.660666479764787207e+00
-1.648467223078158739e+00
-1.628540367084490015e+00
-1.611560700794953060e+00
-1.663681527860887410e+00
-1.848854037081966439e-01
-2.873529715361352044e-01
-3.115523376779120723e-01
-3.218628945725732771e-01
-3.439297951469704739e-01
-4.363523023416840951e-01
-5.608512316668178288e-01
-6.075692630653334314e-01
-6.326536513972240705e-01
-5.645815322792115953e-01
-4.926731629256956291e-01
-4.965907337874809202e-01
-5.155415960432094824e-01
-4.943148174906080161e-01
-4.053491103385704619e-01
-3.614994213809060164e-01
-4.022106494665494969e-01
-4.486396992322700394e-01
-4.815589810746455646e-01
-5.226476918199021160e-01
-2.661213744056339925e-02
2.899024942106930292e-01
2.352339716066178255e-01
1.381248192256266938e-01
1.653754484145687487e-01
2.157868291669026994e-01
1.927273954886923879e-01
2.287947650423677315e-01
3.158953919577828229e-01
3.123470591181900513e-01
-1.921354197444425163e-02
-7.483264635568873460e-03
-1.567086782882127008e-02
2.384638715403347362e-02
6.096132967363411259e-01
9.892632330222967951e-01
1.283432452585677730e+00
1.313050134580439288e+00
1.334204692222982658e+00
1.334992383027655771e+00
1.298451961484992312e+00
1.331291324167698020e+00
1.332210811685067497e+00
1.318268661835133582e+00
1.372245560740126935e+00
1.443566031342208733e+00
1.457026947832999131e+00
1.399174972900045777e+00
1.380397535905371065e+00
1.382038518866974153e+00
1.396081516242146048e+00
1.409879564066694568e+00
1.424165803897646798e+00
1.418923543703590529e+00
1.384051011129485032e+00
1.383348822740830819e+00
1.408141389101977392e+00
1.397043009492540788e+00
1.358328735229470841e+00
1.346746924520869415e+00
-3.600941538675743198e-03
-9.049688612687709771e-03
4.284231686394895933e-02
1.012668766481017724e-01
1.658287165874666180e-01
1.304095790427168278e-01
8.547157801771004815e-02
6.620295766241213187e-02
1.318992314512780206e-01
9.839121007701320809e-02
7.155504248412906942e-02
6.642215339705924426e-02
-3.044858643196818315e-01
-3.566803848909464447e-01
-3.758434941398235418e-01
-4.146098878066650784e-01
-4.754052331434344136e-01
-5.122546149992626141e-01
-5.495774302008872292e-01
-5.585170686275836571e-01
-5.412272402849501729e-01
-4.066600021205426518e-01
-3.432020775167100024e-01
-3.514584204262216627e-01
-5.519606882678859128e-01
-9.150751779047501255e-01
-1.010332943994598498e+00
-1.002012828368732844e+00
-9.928312820493603308e-01
-9.613777547444876115e-01
-2.405604427982055427e-02
-4.635175302196019309e-02
-7.059347426435433337e-02
-6.047204505422365539e-02
-1.404380358619750080e-01
-2.206287665394838782e-01
-2.745133767733821673e-01
-3.008498763790241060e-01
-3.032980955828973868e-01
-2.648778029953779978e-01
-1.876310044668716981e-01
-1.282226977526132461e-01
-1.831103206803605943e-01
-2.162104330582241829e-01
-1.353874903938558361e-01
-1.117070709858610927e-01
-1.546029781796054714e-01
-2.644775349463495129e-01
-4.731554963429253080e-01
-8.312259742054921574e-01
-8.646369955216710590e-01
-8.813563888568957116e-01
-9.369915563845073736e-01
-1.024957907534597812e+00
-1.192376310496201963e+00
-1.337601129962641577e+00
-1.362958659832030905e+00
-1.368079432669384365e+00
-1.339519085017580213e+00
-1.295164195631584692e+00
1.673132944682196102e-02
1.166855237548869266e-02
4.022861416166428200e-02
7.262893320838707811e-02
5.379698368843803535e-02
4.411738965120064193e-02
6.828499497638088056e-02
8.965912664620362404e-02
1.073413252577199439e-01
2.162580166510290891e-01
2.645130406092706665e-01
1.668061193264434583e-01
5.938434692094562983e-02
-2.908864881294621896e-02
-1.249666741325809877e-01
-1.220801347898763795e-01
-5.837706417200240472e-02
8.749679432654354494e-02
2.354086338991622784e-01
3.501625727720769632e-01
4.788248230495826263e-01
9.536042436327127891e-01
1.435257520516274976e+00
1.334305172648962090e+00
1.241183031542208104e+00
1.159980616467692460e+00
1.106015637302211863e+00
1.027608277876219223e+00
1.091862629125572193e+00
1.383274599614756406e+00
3.766438207853364112e-02
3.777983483619466731e-02
5.485658677508843672e-02
8.838050301970232225e-02
1.819256039080683895e-01
2.852717559833213845e-01
3.532300302826154592e-01
5.243591841244523710e-01
4.632398254405371008e-01
4.835025280157644323e-01
5.309168932777119654e-01
6.178450501015674279e-01
9.281564392047190193e-01
9.708517262310633056e-01
9.809467705729529863e-01
1.024341763462803367e+00
1.058437674317777244e+00
1.268299934388466665e+00
1.301380319142535491e+00
1.282079338658078438e+00
1.280681658122892808e+00
1.412641960713204137e+00
1.478939608387444871e+00
1.496936433379926878e+00
1.463746035469521312e+00
1.398186652631089100e+00
1.406490775667432080e+00
1.452599147754894071e+00
1.514302287652068424e+00
1.632677290475939236e+00
6.088962629505254714e-02
1.159871397017604028e-01
1.837373392576715780e-01
2.695976040473002655e-01
2.110438413274572100e-01
1.311790154928150764e-01
5.918677022303724111e-02
3.613977873988553219e-02
4.989051439285227540e-02
1.337281684640776458e-01
2.211543565441869141e-01
2.677321228691659782e-01
2.679355559864043945e-01
2.649277680605457430e-01
3.125781224922065116e-01
3.554976318711022820e-01
3.459995130123344476e-01
1.621973160058784169e-01
1.684379142452571143e-01
1.578743493742652826e-01
1.319924798902593066e-01
8.734709686795330552e-02
2.617141006963389499e-02
-9.239015262111421878e-02
-5.482211924909669021e-01
-6.391819152052486963e-01
-6.697029706896869827e-01
-6.632777075977860370e-01
-1.007901385523197746e+00
-1.164942904968973014e+00
-1.748707962934089102e-02
2.742452583787204426e-02
1.356079963702354063e-01
1.374340875715517607e-01
-3.644632616185785601e-01
-5.845557929994178448e-01
-5.788853432865248561e-01
-5.859657653228180774e-01
-6.355506789997096284e-01
-6.853324922852574996e-01
-8.712323238730280694e-01
-9.960563015983054935e-01
-1.033936081411875652e+00
-1.061458110200360627e+00
-9.982652546885910638e-01
-9.196745611134486964e-01
-9.108544015614967737e-01
-9.168796137593935303e-01
-9.188049074687681950e-01
-9.197307832256088611e-01
-9.062576883660620197e-01
-9.320528550169099313e-01
-9.967774173601731125e-01
-1.018351307265169536e+00
-1.024665430428042256e+00
-1.021695398284724110e+00
-1.037399083635806463e+00
-1.113784762715626986e+00
-1.127626619128166530e+00
-5.386719013782417242e-01
3.671834740972170219e-01
4.768962919134430711e-01
5.708045633241112249e-01
6.587029891471237741e-01
6.308447997296043885e-01
5.734480836140072313e-01
6.699479404775392499e-01
6.925639301313993856e-01
6.904391714972375471e-01
6.744517958123226187e-01
6.295666602013737512e-01
6.323263198335511426e-01
6.598036890081243611e-01
6.645569224652956297e-01
7.796778900387510980e-01
1.346287335830100407e+00
1.523701226016158872e+00
1.475522808268801889e+00
1.536122663986095427e+00
1.652802415515023382e+00
1.633517488735057643e+00
1.518553713704634323e+00
1.402747506619431705e+00
1.308453106696503276e+00
1.274391411606610180e+00
1.311348340499869813e+00
1.397102776502067378e+00
1.426580956692558022e+00
1.435104752769296832e+00
1.504815258912211906e+00
9.308962213041767353e-02
1.031393320402220343e-01
7.854429373919552537e-02
6.534140392903037275e-02
4.583068053743023090e-02
4.057817778083523674e-02
1.012415099578470035e-01
1.528266491431003460e-01
1.148470530068805839e-01
1.066327217980150843e-02
4.149713481868870513e-02
1.676192666203685788e-01
3.021981005094848682e-01
4.236732095607046444e-01
4.474023709876784327e-01
4.399179767821061460e-01
4.510029888953261956e-01
4.737221896286163969e-01
3.808415832138192236e-01
1.561151202700615526e-01
3.402862235362781596e-02
-9.674820939082327820e-02
-1.368836748542336390e-01
-1.100367859680905502e-01
-5.194581948411342021e-02
-1.054097739332421624e-01
-7.612185234349804208e-01
-8.239171200617608770e-01
-7.309928078281648922e-01
-6.682607403731856133e-01
-2.525709440901581851e-03
-6.167889980747433276e-02
-4.537195178899831594e-01
-5.827375484751167178e-01
-5.993628163831438149e-01
-6.837321688581105006e-01
-8.028520078903929047e-01
-9.835543799655571684e-01
-1.109639672515010389e+00
-1.189431298410799531e+00
-1.030576217796097538e+00
-8.096386615523245567e-01
-7.578988912273458833e-01
-8.675815008824532271e-01
-9.526232722601741809e-01
-9.746453270313706341e-01
-1.024205772529630742e+00
-1.027908494199218481e+00
-1.032154407613227187e+00
-1.050206254417352270e+00
-1.077172198025178274e+00
-1.178090922912770955e+00
-1.318016753270071728e+00
-1.421732202342967710e+00
-1.574214754852970133e+00
-1.676553921980639572e+00
-1.627962186439345427e+00
-1.183180096281193805e+00
-1.001452464985754132e+00
-1.073711436205242897e+00
-1.308786327677483041e-01
-1.399966404332200764e-01
-7.267331879082385149e-02
-7.876641531103845129e-03
1.015398392353148230e-02
-9.492739040989361249e-03
-1.347410622315928230e-01
-1.386126252097178158e-01
-1.492096880471821263e-01
-1.348222534482302615e-01
-2.010631710338272593e-01
-3.543830402549415504e-01
-1.400988652018712588e-01
1.431511819636991922e-01
2.567703218664193487e-01
5.404886713184116065e-01
6.636705483485337842e-01
1.022833405910904769e+00
1.211925738345331238e+00
1.254769127501032866e+00
1.214918156760417034e+00
1.241335819520262840e+00
1.301316061553924541e+00
1.660912156994802213e+00
1.674414696003353908e+00
1.711861981571726421e+00
1.743865082701926195e+00
1.772985731681584465e+00
1.759684770869366810e+00
1.761575046454316285e+00
1.061313004157516532e-02
1.179887828343783307e-01
2.377471100676807336e-01
2.998884583100138723e-01
2.307496403089556725e-01
2.144805835547152761e-01
2.896314140770626100e-01
3.798057543453067786e-01
3.828323147929677539e-01
4.112893017986252175e-01
4.782371329124594506e-01
5.032786810702928326e-01
5.377223331851046506e-01
5.169322380061460720e-01
4.821141819450200372e-01
4.368039803644074848e-01
4.488071059895589188e-01
4.349571073694415979e-01
4.873254370019667880e-01
5.205487567234060586e-01
5.668182202958479410e-01
5.419994679006024940e-01
4.997863288623689004e-01
5.315476951906837888e-01
5.967323025299718919e-01
5.910098046056425636e-01
5.944263492455764686e-01
5.526634819303484214e-01
5.514493756578812134e-01
5.544875424222093230e-01
4.729065895296041822e-02
5.128806694698287427e-02
-2.518218294718667372e-02
-1.107479192006673163e-01
-1.808812494879954991e-01
-1.798435620017573566e-01
-1.810284270717621158e-01
-4.743672270122936130e-01
-5.104706925177366905e-01
-5.188180263704110784e-01
-5.173680160063683919e-01
-7.009846988529547795e-01
-7.184757785727077239e-01
-7.994137708742952153e-01
-8.734043286388418759e-01
-1.007915883340952279e+00
-1.255558305526872198e+00
-1.291417760575637397e+00
-1.315949220353081373e+00
-1.458678007364800688e+00
-1.851596160646924671e+00
-1.894681781481470484e+00
-1.816693424076317065e+00
-1.777010533947488868e+00
-1.935671195415891166e+00
-2.141951058837705091e+00
-2.173748754898010560e+00
-2.160053904235291977e+00
-2.076005959945590007e+00
-2.095994957625528787e+00
-6.582424180075176212e-02
-1.452167024702535891e-01
-1.487658054094763427e-01
-1.221871951648259708e-01
-1.630666085046939273e-01
-2.519762369707826410e-01
-3.820695532643987868e-01
-5.976337120378574230e-01
-5.832490773345911927e-01
-4.536163462051709949e-01
-3.272117693945851835e-01
-3.566316843807625370e-01
-4.102860225919523485e-01
-3.739844514257807950e-01
-3.112909523511460663e-01
-2.693836762528063478e-01
-2.728291589089382740e-01
-3.091960984489717235e-01
-2.702380961278942895e-01
-1.624198297348718734e-01
-1.416036828142311355e-01
1.407627471564811272e-01
4.914788404698405277e-01
4.161894976439774463e-01
3.609216688898900238e-01
4.007261708065304462e-01
5.600325225011929531e-01
7.137938946189552603e-01
6.841466617594688104e-01
6.295022046356391066e-01
6.389568422354097166e-02
4.311803756879048488e-01
1.098915764693817687e+00
1.356576016606820367e+00
1.369214978544592176e+00
1.358406048658053811e+00
1.336820617232606034e+00
1.357909901488046689e+00
1.430595667379277902e+00
1.417434603472072396e+00
1.346785933435503679e+00
1.349171461237394398e+00
1.366771104063636555e+00
1.485337514879396137e+00
1.628982952712092036e+00
1.595308404873760910e+00
1.557896047205081569e+00
1.681362598198276270e+00
1.933048124299648451e+00
2.043305688350216087e+00
2.073019095290996372e+00
2.083835632370671487e+00
2.034070249503216132e+00
2.024623897480956725e+00
2.077344951514828786e+00
2.024505631352111035e+00
1.973280768089272552e+00
1.885149654262372243e+00
1.896647160356047968e+00
1.954627854714156454e+00
8.469705422772705328e-02
1.157505875910725818e-01
-7.558732047171085044e-04
-9.759786011159284069e-02
-7.123612866834594382e-02
4.490615619887729226e-02
1.375330833517091067e-01
1.649394117453348851e-01
1.400098749742517690e-01
3.770049167083860953e-02
1.087621765775780014e-02
-1.670501333036408798e-03
-2.086927769688994710e-02
-1.203759949484115577e-01
-2.014392231841284908e-01
-2.524959384131580942e-01
-2.239890347210623522e-01
-7.618331530781075056e-02
-1.546625917601722466e-02
-3.579210909865809809e-02
-4.037735254117762879e-02
-1.994090701759718837e-02
3.102160676203405409e-03
8.786110333445559112e-03
-3.624368376501918565e-01
-8.981141931204579265e-01
-1.156919137071493520e+00
-1.182105573115422636e+00
-1.185560333132034128e+00
-1.467161932383415301e+00
-4.619554648525144858e-01
-7.065320713323242074e-01
-8.540032169519333749e-01
-8.809326239260393265e-01
-7.966494412217075549e-01
-8.390781661724386886e-01
-8.749104800167287754e-01
-9.004970940828123105e-01
-8.637201309144266759e-01
-8.335124831655542632e-01
-9.100284326496568266e-01
-9.332127610961332698e-01
-9.112488503625808534e-01
-8.244505849878304149e-01
-8.335288960150444293e-01
-8.760444538388270086e-01
-9.583270607989284873e-01
-1.076259171190868003e+00
-1.183928390063417657e+00
-1.212806458437525547e+00
-1.077821026283075190e+00
-1.036949622485329403e+00
-1.109246865286822592e+00
-1.195919400679449129e+00
-1.125157582777575271e+00
-1.048637815494215308e+00
-1.079851490260969271e+00
-1.079134734368817350e+00
-1.125613509716827609e+00
-1.171067232448339546e+00
7.614217837780075382e-02
9.612710921961220567e-02
-2.243881536081840378e-02
-7.312195107358052115e-02
-1.875875769503290158e-01
-2.481647401448159318e-01
-1.967533750408212434e-02
1.783840127758564709e-01
2.468607565926040359e-01
1.968560064497467677e-01
1.853378676883177534e-01
2.221624750027955952e-01
2.939261022660087930e-01
4.018484882820855253e-01
9.983802393594123359e-01
1.204036765135623854e+00
1.143814629233687263e+00
1.131428622459903721e+00
1.147693812123137480e+00
1.157477481193990299e+00
1.141579369839727631e+00
1.103172623131052577e+00
1.131387718958917654e+00
1.718522706173399417e+00
1.913593445715590313e+00
1.917494817473468505e+00
1.839363734399241723e+00
1.801576611907910408e+00
1.912796772319686367e+00
2.090694763148617241e+00
5.111431561148902653e-02
7.729923172764614769e-02
6.811266466121725094e-02
6.431926994660389085e-02
6.866133148764397287e-02
9.355417910236782375e-02
8.831489118685369177e-02
6.731991372917643657e-02
9.506753337322629283e-02
1.315795553877429913e-01
1.912352911067838335e-01
2.994882270486713405e-01
3.015160935635156081e-01
2.277426061852571570e-01
1.954798042114971601e-01
2.936118441325782369e-01
4.187320671009913120e-01
4.708589313741485816e-01
4.193381750347081049e-01
4.202538257375183495e-01
4.194102596447744080e-01
4.065466040833546346e-01
4.389200453452536399e-01
4.239020777409828189e-01
3.351262795188113541e-01
2.389924598154629376e-01
1.890595108982231209e-01
2.051472430997400842e-01
2.408719906812339939e-02
-4.157108522403629158e-01
-1.704203383372113467e-01
-2.354043453951658871e-01
-2.679839270213552060e-01
-5.285427200967083294e-01
-5.608422991868159402e-01
-5.942789782570414570e-01
-8.788417902549825467e-01
-1.088637872507266957e+00
-1.105823782649447029e+00
-1.149598988316251846e+00
-1.214099679826108114e+00
-1.283373414436270510e+00
-1.498087702904750129e+00
-1.590951074376725227e+00
-1.552647924204974661e+00
-1.481585615647836862e+00
-1.363875889010136344e+00
-1.432225486915826185e+00
-1.500618199086521942e+00
-1.448084553116868456e+00
-1.425358660789044274e+00
-1.411097020798379731e+00
-1.424133852267028599e+00
-1.426221428921907508e+00
-1.439813585382588412e+00
-1.411991841359225397e+00
-1.405553786309818864e+00
-1.445457371825537907e+00
-1.532073473121196239e+00
-1.652898786765651273e+00
-9.850322696862934269e-02
-2.277795018350961542e-02
1.431063868299655151e-01
2.555013342885036343e-01
2.275667699152048307e-01
1.611371038566790370e-01
1.802436751954509531e-01
2.459619310036471052e-01
3.791315934659421072e-01
4.516565100444707159e-01
4.374260363848272437e-01
4.293538122294208725e-01
4.959088081745137710e-01
5.186352537325549239e-01
5.510585174925888285e-01
5.786400107665958803e-01
5.579874159643177789e-01
4.960786805949608524e-01
4.919308057442635662e-01
5.256271931863107927e-01
5.446958950173311775e-01
8.040345626152305414e-01
1.365403262916246696e+00
1.511184615959244804e+00
1.616958467444067349e+00
1.716378748415308131e+00
1.809803391540254935e+00
1.811112924461867113e+00
1.767874613202466971e+00
1.734982070141873445e+00
4.058282315785866068e-01
5.581012002917066228e-01
4.807292525090784419e-01
4.376507995782690230e-01
4.284122430806358572e-01
4.543317943367723988e-01
5.727179193348546082e-01
6.595387644074393041e-01
6.128408518300443308e-01
5.239312301677346850e-01
5.520250523429013345e-01
7.115818042890162953e-01
8.651850868875714529e-01
9.685063353599672187e-01
1.009961403178331274e+00
9.529604603694210585e-01
9.596289500888289803e-01
9.595404397178474154e-01
9.422769324533782909e-01
9.119604934064642343e-01
8.727324893280523632e-01
8.712540838604494464e-01
8.699967063708096138e-01
9.522251511260948487e-01
9.987801388381164491e-01
9.968055245977329726e-01
9.781538326006833373e-01
9.810337392984112004e-01
1.045233062353970954e+00
1.110903312172840440e+00
5.605964132827390145e-02
6.618447289746126616e-02
4.220961465629239490e-02
-7.793674032938402441e-03
4.187386664445697654e-02
8.158411056940620409e-02
2.993729982106729109e-02
-1.078611917019858257e-01
-1.864934614281702763e-01
-5.050190284451675504e-01
-4.788960227957177462e-01
-3.833708292653396077e-01
-3.574517034512021407e-01
-4.450643485158052859e-01
-4.733022614587639731e-01
-4.139396591965237571e-01
-3.883243570761970576e-01
-5.044551692943038956e-01
-6.774633669458519636e-01
-1.069998285581666986e+00
-1.058176300849473561e+00
-9.801113859192310818e-01
-9.279713832099173443e-01
-1.064221359185968829e+00
-1.123462672920327643e+00
-1.169826470397933971e+00
-1.268662400561881176e+00
-1.575121535736211609e+00
-1.754265312407283339e+00
-1.880610914283578738e+00
-1.968627359593330961e-01
-2.110294358805515635e-01
-1.762437899968350985e-01
-3.805591711096528162e-01
-3.751839941964362768e-01
-3.427652878209549447e-01
-3.288697096706877376e-01
-3.196323019655485376e-01
-3.128027732967063046e-01
-3.366370644866575335e-01
-4.543981980463175918e-01
-6.212877008722127448e-01
-7.150108554743077605e-01
-6.885291651258386159e-01
-5.482256344696863071e-01
-4.452158520202330605e-01
-4.946439237099827246e-01
-5.876169517732007241e-01
-6.210846260396820639e-01
-5.886368920249082093e-01
-5.300020097165112354e-01
-5.042114311811258798e-01
-5.178354555862196840e-01
-4.991045545533689953e-01
-4.830734481520209678e-01
-3.263904507119868015e-01
-3.281917775322938380e-01
-4.170249701334380887e-01
-5.402770171576530833e-01
-6.896976021932020862e-01
-4.775054210049807990e-04
7.590755281998441684e-02
3.788684207484874222e-01
8.189368284364524353e-01
8.067522231697484836e-01
8.264470327450124110e-01
9.248161734063731210e-01
1.037248895630469070e+00
1.071581089745093029e+00
1.048427332961042291e+00
1.035352872747932640e+00
1.013605522945363324e+00
1.016861626972295873e+00
1.002815015932410958e+00
9.865285962348221416e-01
8.903710976113231590e-01
8.560148049033787787e-01
8.938114700488892783e-01
1.032448473443172032e+00
1.287561763249823743e+00
1.840759346446552591e+00
2.130962104912930144e+00
2.386716321157745124e+00
2.662875491266437855e+00
2.819259330241234540e+00
2.791876420412071180e+00
2.765317173374111093e+00
2.748967277735231196e+00
2.778203140038658869e+00
2.806449791529459947e+00
4.157364190292021054e-03
-5.577365380696690245e-02
-1.209147808910623900e-01
-1.296035960443308599e-01
-4.247720258271495131e-02
1.223685557426949233e-01
2.750880792108869599e-01
2.724566125282069651e-01
2.719838605135431742e-01
3.433557578381085662e-01
4.286323695140377699e-01
4.683924222879685129e-01
4.848991825848448234e-01
4.603756530653924650e-01
4.117681090895341511e-01
4.203054991117904926e-01
4.099668565753316618e-01
3.822063256356118544e-01
2.371710307057350031e-01
1.362597217105496195e-01
-2.492907093192775481e-03
1.713707414576147448e-02
1.295635560815926457e-01
2.153640160947138393e-01
1.393213678786287268e-01
-2.243883154491968512e-02
-5.612193464527001074e-01
-6.769135045890846136e-01
-6.955524558620340692e-01
-7.366683599806664873e-01
-5.136203825762988839e-02
-3.357125516088747819e-02
1.059994194634667625e-01
1.575875002507583222e-01
5.907130811698242667e-02
-2.783549349073993762e-01
-9.209180004722395951e-01
-1.111536791898125820e+00
-1.176303538378048463e+00
-1.208436149476554533e+00
-1.184881157058097045e+00
-1.257222977925852359e+00
-1.303618804313641188e+00
-1.238542002846809265e+00
-1.120487133490616793e+00
-1.165765563860557297e+00
-1.162973102958973159e+00
-1.209994573287169306e+00
-1.204578430199912509e+00
-1.123241867738215216e+00
-1.102965645567552277e+00
-1.256408352790187699e+00
-1.396906487232921990e+00
-1.543810669722824214e+00
-1.639550022356569992e+00
-1.521822213538065016e+00
-1.453375656485774048e+00
-1.469272298729840553e+00
-1.522650330694862220e+00
-1.489010744161664679e+00
3.695266877197234817e-02
2.310353264539182633e-02
6.344075905162387119e-02
1.612827622109029857e-01
1.311180989284984333e-01
7.512672328656053167e-02
7.766201905469584388e-02
8.787795625965137691e-02
6.760850230997091093e-02
-3.784157302487520247e-02
-1.724999646005505594e-01
-1.869217036970702295e-01
-7.007992813518108821e-02
1.011504532253784533e-01
5.072953637108150726e-01
8.376537733188726964e-01
9.238316473031704668e-01
1.020578242175032901e+00
1.080103574053345561e+00
1.116876183283108448e+00
1.052310064056799721e+00
1.017260835209333081e+00
1.074926087326864899e+00
1.082628235831236463e+00
1.069479555171811036e+00
1.027085532236144960e+00
9.470391788118424081e-01
9.519279301911277580e-01
1.608844870713189046e+00
2.119630119772826227e+00
6.408975429213147057e-02
2.619009125513171304e-02
-1.289003821112893328e-02
9.061201929226611607e-02
1.754951635881351890e-01
2.957708652812052197e-01
3.273145274080606626e-01
3.392673652076993451e-01
3.469935899755537401e-01
3.853835418588142936e-01
4.398591562461759419e-01
4.788196353672521388e-01
4.686882393012359316e-01
4.399874772115947574e-01
3.999095099405248765e-01
3.717071627356293706e-01
4.255555472040349896e-01
4.746868495449862446e-01
4.739335962514661937e-01
4.538407743029367336e-01
4.923716134656189181e-01
5.806917726892540932e-01
6.951352947060837062e-01
7.162520772228136989e-01
6.964308640646345028e-01
7.154075389681123776e-01
7.086524996448073654e-01
6.724240999979343991e-01
5.947039354269323397e-01
5.190058130538659498e-01
-1.001295782537217488e-01
-1.662027354117054379e-01
-1.810602293269265584e-01
-1.268778784244501134e-01
-5.701155731149983030e-02
-7.557699976163982647e-02
-1.085143690172430120e-01
-4.742296366418232573e-02
8.456476478015263754e-03
6.632813674882760691e-02
1.235240197328118794e-01
1.332572681270715043e-01
1.510444534901440317e-01
1.412653386625521978e-01
6.410728134290177849e-02
-6.557314695748939215e-02
-2.555632090934732981e-01
-4.978747074368226055e-01
-5.961191286711328141e-01
-4.875444867213714617e-01
-2.911677030408433842e-01
-1.731804211099898239e-01
-1.585705375938632755e-01
-2.728315725481940124e-01
-1.917851238823420346e-01
-7.626269039302498165e-02
-1.371349752677326894e-02
-9.773724020134688661e-02
-2.912166931497357503e-01
-8.001574027746715112e-01
-1.221463431719843618e-01
-1.065408170244748348e-01
-1.728066927639504702e-01
-2.713753383638172756e-01
-3.500869698313414657e-01
-4.204766984883366310e-01
-5.669920168313993258e-01
-4.542993525138072641e-01
-3.463591692929632315e-01
-4.153615362263267663e-01
-4.680717423511150388e-01
-4.549033185066893581e-01
-4.893709980852001262e-01
-7.456126367146564959e-01
-1.288910359225150515e+00
-1.320303436811356868e+00
-1.222117051187152859e+00
-1.113481644035614559e+00
-1.110029104360086283e+00
-1.140313062760331952e+00
-1.234239642466385067e+00
-1.326057164055692184e+00
-1.353851803128677034e+00
-1.240798541403584920e+00
-1.155569213848552268e+00
-1.174422495311927994e+00
-1.346225618836512039e+00
-1.449925841058922860e+00
-1.363344629399575458e+00
-1.324226499964765269e+00
-3.165044699446097065e-02
-6.528605652350916166e-02
-2.934165495730053225e-02
6.240045390948769505e-02
8.491516623267877928e-02
-2.305093677987016254e-02
-4.783081284767440322e-02
-2.026161435345984196e-01
-3.002756275980614231e-01
-3.143367343609567155e-01
-2.113484535520180341e-01
-9.106215873976812591e-02
-2.056283768084778418e-01
-2.999232529316888662e-01
-3.016427060297062201e-01
2.659388754026066337e-01
6.079963084610309210e-01
6.488738343024377242e-01
6.510103740337535028e-01
6.371251511759409292e-01
6.223751548341864837e-01
6.218291976144377786e-01
6.083144583172799269e-01
5.845240096339219260e-01
5.118562096975097786e-01
4.519005114658224409e-01
4.527657708213202459e-01
5.250240586684539190e-01
5.824383296068855742e-01
4.892207535746996294e-01
-8.511195227134231434e-02
7.012262106546558738e-02
5.341649649890768403e-01
6.300985031781132228e-01
6.678897916348609520e-01
6.669689702311145663e-01
6.971059972956528128e-01
7.452543289634682155e-01
8.088304474082623763e-01
1.227236543977631822e+00
1.244436177370903396e+00
1.191981730897816671e+00
1.141579742294885680e+00
1.226713803803954894e+00
1.432531422017404577e+00
1.480755005403719959e+00
1.411079819790088674e+00
1.396978428389843874e+00
1.533972053549733872e+00
1.687624079943596866e+00
1.793019011564112475e+00
1.840655310081457552e+00
1.882342612352611022e+00
1.973633997366588622e+00
1.983271006500641143e+00
1.943976090357114384e+00
1.904852565273730702e+00
1.816742897529728396e+00
1.715155845000590595e+00
1.666520974752091266e+00
6.700775583691803705e-02
2.088176471327315153e-01
2.596815132102035517e-01
1.818174017056747582e-01
1.404457088860956437e-01
1.734038300608892469e-01
1.894477918887242651e-01
1.839863932648899414e-01
2.010260186776458846e-01
2.422275192019163470e-01
2.824152191198138762e-01
3.034350532601337025e-01
2.750556635432674368e-01
1.783152825432454125e-01
6.267097428389398206e-02
-1.002335985781379613e-01
-1.788410314366670750e-01
-1.803531664814502777e-01
-5.337723641494870330e-01
-5.263278440198844166e-01
-5.652306196654703907e-01
-5.824648640561023161e-01
-5.822001942006669317e-01
-7.807449130408068427e-01
-7.892609196629376545e-01
-7.922914016736557485e-01
-8.504270292200808434e-01
-9.709644826393224459e-01
-9.453948489843443381e-01
-9.597649062048159152e-01
-7.894946412236286681e-02
-1.348430399755474740e-01
-3.928711874096889045e-01
-8.271208537621904666e-01
-8.152354568888999786e-01
-7.208732169846813198e-01
-6.975707365053193110e-01
-7.111519814151771035e-01
-7.074450709026357531e-01
-6.514256089300169972e-01
-5.950087253258788955e-01
-7.008530815583337015e-01
-7.340217369149022453e-01
-7.578605728967366950e-01
-7.852106978881633337e-01
-7.920454592405087313e-01
-8.221713365587243194e-01
-9.239468071822224404e-01
-1.042651050896789888e+00
-1.120559968068078671e+00
-1.128059761373212844e+00
-8.459015635647133546e-01
-4.406447937728177333e-01
-5.421931948316616179e-01
-6.270310452940225376e-01
-6.231974247361042885e-01
-5.690946252312812925e-01
-5.205957762074739925e-01
-5.148290378785080890e-01
-5.847712025356894827e-01
-6.309553014090814316e-02
-1.134065654636844667e-01
-1.381444369021064822e-01
-1.595580176822088414e-01
-1.763582790438353309e-01
-2.935432705690828037e-01
-3.685144147223732292e-01
-2.746035965625786557e-01
-7.911548227574652370e-02
-2.121198033537537858e-02
-1.148530072373107336e-01
-2.327688868862216043e-01
-2.163419267692311965e-01
-1.363056916956790210e-01
-7.360448656159873648e-02
1.737887832497272966e-03
3.565865395571433255e-02
5.430789038443911698e-01
7.092255455729299385e-01
7.411751981325603866e-01
7.107162611666808516e-01
6.702039237772298153e-01
9.179329323889235948e-01
9.461761558547674422e-01
1.034588527772963618e+00
1.124717176154591547e+00
1.135482951166295829e+00
1.077246646438782873e+00
9.966218783587408314e-01
1.003340901107014460e+00
3.379774665207319062e-02
4.903316535317008007e-02
1.050926504326564481e-01
1.858264877406655136e-01
2.738443669763568900e-01
3.477909977225315807e-01
4.073647031782515748e-01
8.180527003696549393e-01
1.102874720470582881e+00
1.032529420445704949e+00
8.722026794647169678e-01
8.729242226427580409e-01
8.813799565485214149e-01
9.273900138241431002e-01
1.023231070595786552e+00
1.094212006552970795e+00
1.327662865655484525e+00
1.468313687061017836e+00
1.537863483009652033e+00
1.548987249697796331e+00
1.550999441223643416e+00
1.528468554624743403e+00
1.486142207655297920e+00
1.409352919141056537e+00
1.323501119622645605e+00
1.189812780094839484e+00
1.089572056783014498e+00
1.138976667433398759e+00
1.280869140809798079e+00
1.303592725465287705e+00
-5.281710585118997575e-02
-8.699541700005315736e-02
-9.572073461870536648e-02
-5.543440795879886474e-03
4.499862806647281221e-02
3.118294974952132148e-02
2.648201307345654162e-02
3.306962459945217425e-02
5.158724626752344417e-02
7.000460891284157605e-02
-4.609958561552592038e-02
-3.251975756776970816e-01
-5.172880345308409344e-01
-6.889625435892472449e-01
-5.427333871566076828e-01
-3.826783660763981576e-01
-2.775686904917478159e-01
-2.382725134221058694e-01
