-5.167382758075589333e-01
-8.197204001323556977e-01
-3.638943308000425203e-01
3.049500228176779126e-01
2.763748490402147540e-01
-6.017786564148783768e-01
-1.730044573216559467e+00
-2.547278551225393262e+00
-2.867347579090567145e+00
-2.674646578984260614e+00
-2.251097775477998386e+00
-2.317553940024520198e+00
-2.555691702006201105e+00
-2.817288017625728003e+00
-2.980940266302341879e+00
-3.022775043741466217e+00
-3.638221074439701663e+00
-4.629421306694966987e+00
-5.286497647289512436e+00
-5.401158828189824845e+00
-5.091605974200165363e+00
-4.767095220815643408e+00
-4.937748321893566938e+00
-5.035821917090352429e+00
-4.949923898292452051e+00
-4.559716885069949655e+00
-4.239490654132902492e+00
-4.078518506400227395e+00
-4.102995834037501233e+00
-1.121360722306857793e-01
2.519712270344814375e-01
8.565292579958264096e-02
-1.780094157588649195e-02
3.603893565810128985e-02
3.174722000555239010e-01
9.870768895152031153e-01
1.616475164649255003e+00
1.740717368707635382e+00
1.792745308418030259e+00
1.972374935466176815e+00
2.133653542385905766e+00
2.280595717545836898e+00
2.408331664228723135e+00
2.516009860432753875e+00
2.561955851555687502e+00
2.527308737058180377e+00
2.543577095161592805e+00
2.615593296814724411e+00
2.536553395421673684e+00
2.316844057783075783e+00
1.626317534404254417e+00
1.071733447933123973e+00
9.318555870151891130e-01
9.877887383790483478e-01
8.148473607209602010e-01
4.246327851373342677e-01
2.889102656728221308e-01
2.000756255383959736e-01
1.898993524267635069e-01
3.380192288944297574e-02
-8.635006854032470369e-03
-8.183933880557296703e-02
-1.006610990948046680e-01
-8.030938415040833611e-02
-9.861137907506620226e-02
-1.889676209887558578e-01
-1.590336811143404361e-01
-1.643417335778132871e-02
6.674523712852861723e-05
-3.924103419305582929e-02
3.833801759811353294e-02
6.434439973396439694e-01
1.460979847404228815e+00
1.985550034502130856e+00
1.947401039223521924e+00
1.896701500344757818e+00
2.119072745323273388e+00
2.217912740727155718e+00
2.264029038611659939e+00
2.440886957883033226e+00
2.856119108094560932e+00
2.889098641009014035e+00
2.543187494398505777e+00
2.437926200130461574e+00
2.651802402322918084e+00
2.675254857475743986e+00
2.714729608886676804e+00
2.698137171600510698e+00
2.550057315452205930e+00
-1.081870896992129516e-01
-2.767193536453123048e-01
-8.043849888568521678e-01
-9.649295600137226536e-01
-1.567203097438770509e+00
-2.589153540704227652e+00
-2.900626358158501450e+00
-2.670242090383893263e+00
-2.776275131240746319e+00
-2.935324526858827276e+00
-2.996377453128847623e+00
-2.960478367389918208e+00
-2.786277538722363722e+00
-2.700644451510526345e+00
-2.713063482965548889e+00
-2.712066188918102139e+00
-2.694739240566240923e+00
-2.695732101419858751e+00
-1.990329698905934475e+00
-1.277223236288871355e+00
-6.430086981975987603e-01
-3.317399113998549809e-01
-2.616247108319597059e-01
-9.056415547027735213e-02
1.745533750436351617e-01
2.768304801116231451e-01
3.551333906366315740e-01
4.386064518042212534e-01
4.528080367363186975e-01
4.243734889057394488e-01
-5.850101236274862088e-02
-9.136945624315459535e-02
-2.011433505268712119e-01
-1.003096161389265273e+00
-1.639543252941666029e+00
-1.898131106156501824e+00
-1.973250886245089486e+00
-2.158938045009382023e+00
-2.726938404146780570e+00
-2.994244187916384803e+00
-2.868369163075132899e+00
-2.468624660612554589e+00
-2.011329852160911535e+00
-2.084425994762861389e+00
-2.396209573416202776e+00
-2.330501899096759644e+00
-2.258776012740017158e+00
-2.589707376924065052e+00
-2.900179124105667139e+00
-2.905031060242689644e+00
-2.862239792475820721e+00
-2.758786304730427741e+00
-2.689566216626933404e+00
-1.876637675176359377e+00
-1.125301466246983795e+00
-5.973650170596184195e-01
-3.132913988742051514e-01
-2.199003113170044377e-01
-1.590632542127099480e-01
6.929735783100110513e-02
2.679750951428996331e-01
2.024554198911980851e-01
2.539487617879481740e-01
4.141939644830898160e-01
3.375987959100836822e-01
2.386403435833627795e-01
2.220608823160485912e-01
2.208398730606265237e-01
1.986919442245200229e-01
-6.177306621994278490e-01
-1.435200533476254758e+00
-1.981167324355936010e+00
-2.262037482043319336e+00
-2.483175580914124492e+00
-2.548250314023346785e+00
-2.513130970557021282e+00
-2.585231170851964855e+00
-2.675940472948763915e+00
-2.721782753470272986e+00
-2.792753750527932510e+00
-2.845244520104343700e+00
-2.747185508069109883e+00
-2.670786619424398101e+00
-2.587007609120978824e+00
-1.891390098943771747e+00
-1.260314262948705633e+00
-7.969709158741287158e-01
-6.004616016023729408e-01
-7.881147910418609959e-01
-6.655001495163685998e-01
2.075423904048759871e-01
2.463324160690815168e-01
3.239549555854313589e-01
4.601735241482137195e-01
5.268405188318653343e-01
5.248586002367409131e-01
5.786207784124126619e-01
5.577617913270619399e-01
5.088097336973376184e-01
4.936793194858658529e-01
6.866031443181418448e-01
8.001162402892473269e-01
7.672535467118816177e-01
7.356662473082089537e-01
7.098913306669004664e-01
1.297692990439199834e-01
-9.413942788481458601e-01
-1.643672381332665466e+00
-2.008557633766905326e+00
-2.345536862314621995e+00
-2.554939861597373074e+00
-2.557379368416581755e+00
-2.523303366216200327e+00
-2.517378343579225408e+00
-2.451450471543271892e+00
-2.396820839615687593e+00
-2.414059713220861880e+00
-2.473104703367118073e+00
-2.538307318226963094e+00
-2.616149713102301710e+00
6.899813856966920955e-01
1.315621330253062160e+00
1.694659688147414967e+00
1.942810729738231545e+00
2.156033682450625211e+00
2.325674939093024474e+00
2.523278291400706586e+00
2.659302755910514904e+00
2.830288589818406475e+00
3.024848921035066418e+00
2.953954785378776204e+00
2.759829883850839938e+00
2.709964743637487405e+00
2.787395357019971875e+00
2.804373572219196920e+00
2.773415136381673918e+00
2.663636487103766104e+00
2.393493070893696117e+00
1.584665383007523021e+00
9.630156429213834191e-01
4.531249763586332469e-01
2.166125772654267367e-01
6.391977501152251717e-02
-1.656271079736179597e-02
-4.264826688243401887e-02
-6.202305604682849943e-02
-1.057717780175635586e-02
3.966319137094573288e-02
6.516810753661075872e-02
4.512494501666196312e-02
1.719913209150764066e-02
9.013699261644814165e-02
1.507284715457515301e-01
2.615430882891160436e-01
1.193170721969806669e+00
1.772894859523445721e+00
2.140531385932381347e+00
2.416178319467200186e+00
2.729493389857090335e+00
2.918104564631236908e+00
3.072264571823350554e+00
3.128176478524957727e+00
3.210325084584345401e+00
3.347115344278732252e+00
3.491117516074337068e+00
3.531432477525512592e+00
3.579103637988970465e+00
3.564350403254922472e+00
3.514360108266045390e+00
3.466369343376322298e+00
3.426474616562007025e+00
3.085183273326154829e+00
2.989833129694535074e+00
2.957690843539534153e+00
2.680962176670974806e+00
1.913576525771402803e+00
1.479673877926419134e+00
1.202521084962862696e+00
9.380833759171400832e-01
7.227154790114405092e-01
-6.190413019598718647e-02
-9.070164858611109993e-02
-8.017859637842900122e-02
-8.922771755569980368e-02
-8.645221674785116828e-02
-1.432632452617940699e-01
-2.125760631189863026e-01
-2.398056407722806704e-01
-3.106712057192933529e-01
-4.151510221597758954e-01
-4.217453893821069277e-01
3.555704139266973041e-01
9.811805820494297059e-01
1.589417190372234501e+00
2.043376984247782691e+00
2.198402660422437815e+00
2.318193600495737083e+00
2.661296541168619356e+00
2.805301373983208446e+00
2.702657147367030888e+00
2.461904834051050095e+00
2.333768737039943364e+00
2.391426758758265159e+00
2.438153519142164605e+00
2.517324527702477610e+00
2.533708101716660277e+00
2.458856475101685035e+00
1.717204712366524166e+00
1.115484051919868769e+00
4.592550136327712140e-01
-5.610244722698267683e-01
-8.811675464391157675e-01
-1.121248182901587009e+00
-1.394633642971979004e+00
-1.573661276251012930e+00
-1.767622047216633963e+00
-2.013759380358303375e+00
-2.205202023072630801e+00
-2.202315728563858599e+00
-2.076677913682312582e+00
-1.985607789764714859e+00
-1.924800431382338806e+00
-1.772060831008219761e+00
-9.402395087684389807e-01
-3.141525971272981499e-01
1.296502488993281910e-01
3.774181087915522426e-01
4.584145422765187328e-01
5.709975492085445081e-01
1.006893924190318756e+00
1.291958665160005681e+00
1.399142881053303089e+00
1.551855850033770912e+00
1.627438103249052137e+00
1.699614330852770472e+00
1.729470191395654499e+00
1.768944681790849183e+00
1.783800944266810129e+00
1.821478628266464117e+00
1.865696472510383286e+00
-1.108413206776407145e-01
-4.563977097726688026e-01
-5.045344999771349537e-01
-5.688957958881127874e-01
-6.628647697567432440e-01
-9.702427161176221393e-01
-1.276024170003754898e+00
-1.373037860015503542e+00
-1.897672661757121126e+00
-2.711125802253443240e+00
-3.188684749176023736e+00
-3.379080058561759081e+00
-3.513227098289958938e+00
-3.591234847849073208e+00
-3.563153682905171760e+00
-3.580503789266708647e+00
-3.789925112141738328e+00
-3.994958510657089068e+00
-3.941514620907750732e+00
-3.882966594953250361e+00
-3.907662500181025678e+00
-3.319357499740534401e+00
-2.614504719745594841e+00
-2.144991570559522387e+00
-1.967282300747172696e+00
-1.734946444908534779e+00
-1.118676152588099271e+00
-8.954627495160170092e-01
-6.565569882165539495e-01
-4.154855499212321002e-01
2.474806399702354220e-01
4.201388912441241796e-01
1.473837325675836918e-01
-1.721195318849642608e-01
-1.312035398687451948e-01
-4.672426178341883285e-02
-7.678676996598833571e-03
-2.504146594209447421e-02
-8.632959640538827306e-02
-8.679563064949494811e-01
-1.511343836626068970e+00
-1.988392293028967917e+00
-2.453038962979677162e+00
-2.958954257113844744e+00
-3.378154087812501594e+00
-3.216647987664546182e+00
-2.719364602273192322e+00
-2.867507400145323793e+00
-3.136600876305068120e+00
-3.158907008944227268e+00
-2.968809752419056647e+00
-2.978974932194829339e+00
-3.040207525803010125e+00
-3.102714544442150224e+00
-3.109684030257622300e+00
-2.856356850181295481e+00
-2.256930839589549098e+00
-1.687646113718224594e+00
-1.331061875288890084e+00
-1.159716220934544850e+00
2.764085376524326176e-01
5.970755570831229875e-01
9.986285113281914150e-01
1.150974983751435587e+00
9.708250013838859438e-01
5.600673258634352170e-01
4.239561765450617914e-01
7.258528895401059611e-01
1.026079390276107617e+00
1.096969209875258366e+00
9.170079753519326804e-01
1.407636760003492249e-01
-7.836545665468036548e-01
-1.421466776153719636e+00
-1.852248140553689471e+00
-2.269845406024623813e+00
-2.442550202103548340e+00
-2.566782884041113544e+00
-2.612859816140780556e+00
-2.600998532587547984e+00
-2.465900079548915880e+00
-2.334725826366941703e+00
-2.228793489173223286e+00
-1.910416735910698494e+00
-8.493976000142120508e-01
-2.164049871072967202e-01
1.541686869466398213e-01
4.754245338711657887e-01
7.210788758542956423e-01
1.115870357287377823e+00
5.668021114189771836e-01
1.022751380652124009e+00
1.104301930392181941e+00
1.190436169979736558e+00
1.232810465075192097e+00
1.123801146990306421e+00
9.356420547643422569e-01
7.274073870757494786e-01
-8.405998487699040123e-02
-1.027009193866566417e+00
-1.922679411501947211e+00
-2.627857978919536208e+00
-3.076615135219680663e+00
-3.355401033110843478e+00
-3.376155099784714952e+00
-3.353568314317239452e+00
-3.306265723538025281e+00
-3.108340226587443578e+00
-3.025604759813600442e+00
-3.034223724971164327e+00
-2.132406826142379863e+00
-8.795218839491329987e-01
-1.520259104304657605e-01
1.244355358242325571e-01
5.728684550045323176e-01
6.636713772786179133e-01
6.562301548979275756e-01
1.056740944575278895e+00
1.574390335373479388e+00
1.603851604437771972e+00
-4.729667831241254894e-02
-8.145367387323110275e-02
-1.009459389324912193e+00
-2.592954567077105921e+00
-3.908708212670643167e+00
-4.851026353058840002e+00
-5.334759357724328410e+00
-5.386448539261955659e+00
-5.354249589120720465e+00
-5.069857740130931489e+00
-4.719705069042978707e+00
-4.712986279381436105e+00
-4.728391478629879074e+00
-4.719381068437130899e+00
-3.820411725148465720e+00
-2.687679138858540373e+00
-1.650264354640771813e+00
-1.164498626423039473e+00
-9.547579805701090772e-01
-7.362700845331145993e-01
-6.465815899677068712e-01
-6.527792061264807710e-01
-7.829267082053108506e-01
-9.431008914970046009e-01
-9.872831630631709876e-01
-1.572123575755040470e+00
-2.751574137997746305e+00
-3.934557825017655830e+00
-4.848807305869069495e+00
-5.530546328897680830e+00
-4.977766028311046420e-01
-6.974709047392460004e-01
-3.719332657672467235e-01
1.044848385869252549e-01
5.003309320542642658e-01
1.824781231532666137e+00
3.091269865829831875e+00
3.540470023955946566e+00
3.503865591711607497e+00
3.606912654095628668e+00
3.734034047518737687e+00
4.040899997658950582e+00
4.272073854600773934e+00
3.971747926045682053e+00
4.055831476320426177e+00
4.437113703165985967e+00
4.311316178875932437e+00
3.873229985638783290e+00
2.656704902140521352e+00
1.415108365842604909e+00
5.920150972252804511e-01
1.805764894670589538e-01
-2.044406472864493396e-02
-3.343126418695538393e-02
5.132494071517348933e-02
9.554054459054178716e-02
1.331503403884189141e-01
2.517129662558935665e-01
4.266335092150906894e-01
1.441760853696451683e+00
1.130628840726694007e+00
2.055699257831335114e+00
2.247068176986713794e+00
2.129341926204215252e+00
2.344307665916779193e+00
2.470588365406218401e+00
2.513729616442039738e+00
2.752881419978074007e+00
2.797837802746172997e+00
2.051096466069979751e+00
7.549514019288856570e-01
-4.160896376431666432e-01
-1.605027603821953752e+00
-2.593885666799338630e+00
-3.117849761653363139e+00
-3.016621806095411529e+00
-2.671630074738304828e+00
-2.313346521448957471e+00
-1.751441748927178299e+00
-5.144885632689901733e-01
6.410307006377446992e-01
1.271550055415529901e+00
1.551431810076455031e+00
1.753122464535201930e+00
1.940802708029683687e+00
1.990043144684123577e+00
1.986365266682644126e+00
1.895356689217767565e+00
1.745345293423426591e+00
1.740899938447961537e+00
-5.553207093858735129e-03
-1.375109996987778915e+00
-2.689835078414720471e+00
-3.361452670831198919e+00
-3.571873249482310442e+00
-3.649212767650171330e+00
-3.606782105132734007e+00
-3.590082450063144304e+00
-3.585871277322425499e+00
-3.598859237012666856e+00
-3.627721801355611397e+00
-3.632516559070328999e+00
-3.458332858187636027e+00
-2.239234803436041865e+00
-7.397853769034790083e-01
1.621080602482612987e-01
6.852682559612206514e-01
9.912023238642051481e-01
1.020587841619119418e+00
1.083149188489534565e+00
1.106688441170400106e+00
7.554145844613914251e-01
6.977321410472172580e-01
6.624402129617653623e-01
5.920645154600948645e-01
4.780570060055298609e-01
-5.655094277312215922e-01
-1.860398143338305665e+00
-2.887741908816646053e+00
-3.629063460044256395e+00
-6.288621722405021153e-01
-7.819316108842603308e-01
-3.953628928373068563e-01
-2.535693896143731418e-01
-2.741842214506806652e-01
-1.416801444185686043e-01
1.398156081113226257e-01
8.981772981990699956e-01
1.858007486154962251e+00
2.700731316375475366e+00
3.227544533227159285e+00
3.669569220571704093e+00
3.983271162086446271e+00
4.149299136953819023e+00
4.301079860693282519e+00
4.636263096721790156e+00
4.672272009198374931e+00
4.564560082038709332e+00
4.514633471650720153e+00
4.454251080864974455e+00
3.439731542852447532e+00
2.251809375799461499e+00
1.056877561038076951e+00
-9.338975400909754754e-02
-6.681419744164900365e-01
-6.259105265762435755e-01
-3.699917600382572336e-01
-3.309902414554515282e-01
1.348767954331433483e-01
1.138203133563957303e+00
1.004477272414107114e+00
1.827933497888822201e+00
2.225477876951059475e+00
2.171784422906771983e+00
2.228311532084889190e+00
2.281896946161846351e+00
2.238533742488596268e+00
2.237328450913093292e+00
2.433958662754544644e+00
2.552632156542733455e+00
2.663330727030662981e+00
2.838377875145458251e+00
2.676942083332117583e+00
1.380485382536564387e+00
2.274927450647299398e-01
-6.411514257521204740e-01
-1.196333202029121967e+00
-1.294791101436194136e+00
-1.212702771306213290e+00
-1.147518401552887424e+00
-1.096676105857660621e+00
-9.240305454418493714e-01
-6.250171919848998003e-01
7.065211724479861788e-01
1.674033198870524153e+00
2.423898449116921316e+00
3.044098297417667354e+00
3.165108407697414972e+00
3.502727483991944446e+00
3.642092256454771526e+00
-3.739514065195031489e-01
-5.913550972936556516e-01
-5.252617686931608798e-01
-1.202391309424577948e+00
-2.219208568853838326e+00
-2.965096322262820827e+00
-3.674908787566926183e+00
-4.801954881459659319e+00
-5.675147399008414695e+00
-5.712430676236506244e+00
-5.262163757777158501e+00
-4.904342804783497378e+00
-4.636409058735639910e+00
-4.466571017375282615e+00
-4.197431887670060924e+00
-3.624666794113587720e+00
-2.538950882033754297e+00
-1.879744468697058801e+00
-1.170146742404514217e+00
-1.059687124185736629e+00
-1.399109092301199730e+00
-1.202150416577072223e+00
-5.787070037198728256e-01
-6.739469635873869269e-01
-6.930732027561981035e-01
-2.849477133764333203e-01
-2.093092389095763950e-01
-4.180002557081271553e-01
-1.247840328938714993e+00
-2.677705493721217245e+00
-1.772846663956600732e+00
-2.625904457402473025e+00
-2.283251298576436383e+00
-1.955901424848119241e+00
-1.668779059103899121e+00
-1.501984469311580250e+00
-1.400810755904579930e+00
-1.319458093816816557e+00
-1.254225384276044908e+00
-1.508464143230007881e+00
-1.816007568744312461e+00
-1.687605007857028161e+00
-1.500057799605684750e+00
-8.105961532472043540e-01
7.899192939309651607e-01
1.342708084293994020e+00
1.094693723675358665e+00
1.120935150717554896e+00
1.356761859934564551e+00
1.460005589410867444e+00
1.686973746468461099e+00
1.965008539335339144e+00
1.961432602906769462e+00
1.978760043033196192e+00
1.975677330753685679e+00
1.944837385934775842e+00
1.211208410627369059e+00
3.940545913106637821e-01
-3.501452696407865162e-01
-6.819317963170501429e-01
-1.134239183513771898e-01
-1.026966608977974149e-01
-8.781444365830946841e-02
-8.120078143777001434e-02
-3.386074633839605275e-01
-4.999442176569998120e-01
-3.710055083885441807e-01
-2.355246571550780321e-01
-3.475163551997673128e-01
-3.269419858210912966e-01
-1.231645237774525725e-03
9.222752920557484302e-01
1.731070713335210343e+00
2.505599270503725329e+00
2.700206789135527252e+00
2.600607747414817261e+00
2.719563785309042636e+00
2.781314087682914327e+00
2.758007826192922174e+00
2.746160606703331730e+00
2.550575918893736915e+00
1.823885001839368858e+00
1.295218157730214870e+00
8.669541128292463927e-01
6.018374243813029434e-01
3.718160796662582923e-01
2.994173352673587529e-01
2.904886059041592028e-01
2.312621008802894507e-01
2.150387650634717207e-01
-1.058038943169653801e-01
-2.149752618887491584e-01
-2.508120610783901583e-01
-9.096069372168499867e-02
-6.684767140326239310e-02
-1.199206989424207448e-01
6.154046093493982239e-01
1.424707651109121453e+00
2.106747786751637541e+00
2.662522028942841956e+00
3.137497690416246598e+00
3.175306354383494956e+00
3.058542680043264017e+00
3.156925681841873388e+00
3.302116832039356797e+00
3.303922011612863141e+00
3.151929252882895049e+00
3.141393704617756022e+00
3.179899049406734513e+00
3.168531826631756587e+00
3.144677214461904846e+00
3.102686175887511943e+00
2.937696482600628212e+00
2.008552141004137148e+00
1.047395052433628404e+00
4.085700880429236070e-01
1.916767829404336654e-02
-8.593791664428108990e-02
-2.533689548065366087e-02
3.083831917364578123e-02
3.036605618092618961e-02
-6.649603661299795243e-02
-1.264902810741179717e-01
-1.246214418534894314e-01
-2.194284600672783414e-01
-2.064581156992910393e-01
7.912866527535756811e-01
1.655508941446787397e+00
2.159468908961688971e+00
2.324991602054302220e+00
2.639083130194749494e+00
2.884568189042585384e+00
2.970566035919325554e+00
3.001126785976560463e+00
3.007626535184758865e+00
2.953975889348123385e+00
2.899125771813522601e+00
2.787922594520052755e+00
2.615425658641612028e+00
1.705881054962847809e+00
7.739020269308435340e-01
1.517416554363031356e-01
-1.002868824890914001e-01
8.161803622481028642e-02
2.189421537465222334e-01
1.836093746978276764e-01
1.455113232141351520e-01
1.390027652347633202e-01
1.631206176020997267e-01
1.150335961068995327e-01
-9.749714487546811553e-03
2.683382817759605299e-01
1.020560146010379476e+00
1.452788672710554563e+00
1.877104367253669137e+00
1.963712184372230718e+00
1.915550756177619718e+00
1.605563135341948167e+00
1.561861675131552163e+00
1.782443532091357863e+00
1.910092282467508173e+00
2.032354242540780564e+00
2.354790298666824544e+00
2.377726553722900871e+00
1.325617322035560708e+00
3.625053716688999561e-01
-3.983346133537274403e-01
-9.248132021015914583e-01
-1.151707695361850359e+00
-1.000367259935621700e+00
-8.961492031866798991e-01
-5.358736093384708354e-01
-3.631998698963642136e-01
-5.403244779720577373e-01
-3.594929864189470026e-01
3.298319238522973151e-01
1.117931121176123810e+00
1.704831230312149781e+00
2.034964494470000940e+00
2.142164973001108308e+00
1.366044839158960522e-01
-1.364634687329554785e-01
-5.536464377108173407e-01
-5.851314976795866096e-01
-4.204476389087006272e-01
-3.161849034982526785e-01
-2.693633211406896155e-01
-2.344645046110410691e-02
-7.562142774498150644e-01
-1.610488260443745157e+00
-2.339312114575493595e+00
-2.709924009373749776e+00
-3.063815789816249247e+00
-3.358990653501891632e+00
-3.037995388189866475e+00
-2.543938243834384494e+00
-2.247071295309522654e+00
-1.668255519532543030e+00
-1.142135947907306992e+00
-9.061331439051265590e-01
-6.845569435618640286e-01
-5.148195949618895595e-01
-3.355562331710353341e-01
-2.018120714788297632e-01
-3.234007437602348656e-02
6.652799691048816300e-02
2.569491577326780130e-01
1.270265840146550529e-01
5.583066114539626812e-02
3.030089828990037773e-02
-4.093337026252681921e-01
-5.281092268398638323e-01
-2.679466401603690096e-01
-4.741986462087197096e-02
-8.843835247525062560e-01
-1.605469684536818820e+00
-2.098456317367773494e+00
-2.544233646371723445e+00
-2.856870963148322229e+00
-2.931444970760773039e+00
-2.639834986037857156e+00
-2.146362979958218009e+00
-1.470825872459819328e+00
-1.173512596529583174e+00
-1.800462383400321276e+00
-1.935979756063012314e+00
-2.364554833766591813e+00
-3.139096377932380388e+00
-3.421314075956579881e+00
-3.289185411661231573e+00
-3.188026848753453546e+00
-3.146439011545494768e+00
-2.831453191691527316e+00
-1.792578507339315230e+00
-1.010296066404590576e+00
-3.049565567356389284e-01
1.829696598306513322e-01
3.571104106081967045e-01
4.057441582955774728e-01
5.557817044235090487e-01
-1.445163418032372471e-01
-6.364642331805944186e-01
-9.053276017937608167e-01
-8.878849611616679294e-01
-1.018582282352095358e+00
-1.160858470036962631e+00
-1.026258069774310222e+00
-1.084349241582641898e+00
-2.180272828659664430e+00
-3.039933827084911666e+00
-3.428928171711521422e+00
-3.687411415123910796e+00
-3.667535339930865668e+00
-3.423370030703666078e+00
-3.469602995568848325e+00
-3.639475723122036932e+00
-3.593729103493992660e+00
-3.516828331345372760e+00
-3.770583634518161809e+00
-3.912769707212326864e+00
-3.878338751607633750e+00
-3.560288241978806223e+00
-2.711040334775072669e+00
-1.649949155778512200e+00
-1.016787690388868404e+00
-9.355245446402942200e-01
-8.708883767194226522e-01
-8.322144310469683504e-01
-8.239740316087663663e-01
-7.998536349494022035e-01
1.380483610185747889e-01
9.343541710826133717e-02
-1.012099042638956448e-01
-3.196028149376111127e-01
-1.264931802770584923e+00
-2.255606390333988465e+00
-3.179687689859511668e+00
-3.455712485102671039e+00
-3.071250442759744015e+00
-3.007673254189198619e+00
-2.977503926204484230e+00
-2.849569409987149360e+00
-2.798183158842052265e+00
-3.116915676728317930e+00
-3.120265009320067229e+00
-3.104213035982487323e+00
-3.062719600759821414e+00
-2.142821005427732128e+00
-1.161408477630339942e+00
-2.640538553547099321e-01
2.077039722703494240e-02
-6.185657704284260039e-02
-2.543425126896479982e-02
3.749745981562460639e-02
7.347141424461298143e-02
1.518558624448988481e-01
3.119363773464282619e-01
4.799931805506434390e-01
4.651925043078773414e-01
2.760092661415021187e-01
-5.037314998889351747e-01
-1.674339288413144278e+00
-2.528287721372778574e+00
-3.019754574640240552e+00
-3.159611552268131618e+00
-3.288079760891272851e+00
-3.119093726749778916e+00
-2.933747040664488548e+00
-3.018468007920775964e+00
-3.142444310361096171e+00
-3.168997445398727297e+00
-3.177196453112485663e+00
-3.168043516117728498e+00
-2.628945621116351106e+00
-1.640338238075860655e+00
-1.013715869898920152e+00
-5.866819056375118802e-01
-2.835859152934904204e-01
-1.639884946794724074e-01
-2.900115625736492952e-01
-2.964455129805071976e-01
-2.757985451768829033e-01
-2.840307143163821046e-01
-2.694405453723463517e-01
-3.489126670119388485e-02
-7.038247565422617313e-02
-2.358667099941882950e-01
-3.641140623443708257e-01
-9.105121583868870383e-01
-1.682695050087724020e+00
-6.990508219509916632e-01
-1.206155699116035152e+00
-1.381520927643886010e+00
-1.424734962010900885e+00
-1.408875698901616680e+00
-1.424221253537685028e+00
-1.513825495461396997e+00
-1.533381520903169815e+00
-1.449330139658237204e+00
-1.424490161471080985e+00
-9.089547397858388500e-01
1.110568657402100090e-02
8.558631360917617892e-01
1.187799428266798962e+00
1.196388693828882355e+00
1.268142650625746493e+00
1.256980462766033035e+00
1.104581291249844721e+00
1.103710842704680006e+00
1.131624223753205927e+00
1.163912353765693242e+00
1.208512085931162661e+00
1.148073579832413760e+00
2.759462830704892955e-01
-4.893187380055934455e-01
-1.019469948543361815e+00
-1.410669004925054315e+00
-1.520399146407478197e+00
-1.382785878691606740e+00
-1.345949973595764071e+00
-7.538963824080055498e-02
-1.296723594841869553e-01
-1.659412057946219043e-01
-1.945790564721492089e-01
2.718694849906277966e-01
1.203994541452274802e+00
2.026030421365099254e+00
2.470001434996182965e+00
2.612112730947621309e+00
2.768504955107156107e+00
2.811581678548107366e+00
2.817294472388541582e+00
2.799976332022392711e+00
2.795753575262229340e+00
2.831674788027807921e+00
3.097256921084358794e+00
3.119866981623180546e+00
3.111774308296419989e+00
2.359035684740302230e+00
1.491954484709048234e+00
7.690276713111444673e-01
3.373790011507787900e-01
1.853452244904696400e-02
-2.370147216559345682e-01
-2.711550344260506007e-01
-1.381499316642486597e-01
-5.194268380082760206e-02
4.710610633485903809e-02
1.088925498316065804e-01
-3.584540293027389801e-02
-3.943303570275542153e-02
-4.908619911490003790e-02
-3.121692883046237391e-02
1.030111305414906253e+00
2.049037572743759306e+00
2.778822232866002384e+00
2.843839721291753886e+00
2.831784510107146602e+00
2.847105876987563899e+00
2.929082957570074530e+00
2.922520522706844925e+00
2.871270867770566060e+00
2.882073031471258595e+00
2.870117158081555875e+00
2.858655155862690478e+00
2.858375552791354135e+00
2.851731025690474652e+00
2.029247627910741869e+00
1.134426244214162383e+00
6.111918297741506523e-01
2.373670268411786632e-01
-3.595698815688292416e-01
-7.275877917032066433e-01
-5.685310996319368204e-01
-2.822834035749773318e-01
-2.621120265306501329e-01
-2.460663095163859726e-01
-1.898311165122117117e-01
-1.856287723295106940e-01
5.087980312197792898e-01
8.150263507970236798e-01
1.302809583308693675e+00
1.537420422665445097e+00
1.606792198249954451e+00
1.626133374779373808e+00
1.656934403204755268e+00
1.828564671078965809e+00
1.754977159929314912e+00
1.648114493169657635e+00
1.886292137279356185e+00
2.142631813800301099e+00
2.161173725215774777e+00
2.148771133629155283e+00
2.101363613800975028e+00
1.228570133197561365e+00
3.461180477902512376e-01
-3.219181901188860051e-01
-8.088617080621214317e-01
-1.097232980266111824e+00
-9.839874701964167469e-01
-8.208601894170051150e-01
-8.292389922759619836e-01
-8.196904583847964831e-01
-7.953958760860718735e-01
-7.792033906904231033e-01
-7.513784898778703703e-01
-5.102763973637021166e-01
5.912588765630966137e-01
1.479427439795796939e+00
2.114125014288435800e+00
2.414363562987552891e-01
2.625769246382254063e-01
3.085892591270766316e-01
3.136706970597301636e-01
3.015106110189926247e-01
2.767809221562903543e-01
2.864128330606489081e-01
3.233922716054217772e-01
3.565873904497952052e-01
3.850739911712680041e-01
3.292137791093032728e-01
-5.003606120367237731e-01
-1.503878335485683948e+00
-2.420694402264583989e+00
-2.878059327498275533e+00
-2.904996902171858242e+00
-2.968033753677853603e+00
-2.964693932592872727e+00
-2.811968723203254417e+00
-2.824539981507188546e+00
-2.852735148852154179e+00
-2.857861643506230287e+00
-2.814304746348745390e+00
-2.640692450255006651e+00
-1.860990352348189880e+00
-9.639769309593704261e-01
-2.609044654533557717e-01
-1.522374874437381620e-01
-6.899000263623268625e-02
-5.413275607022131203e-02
-5.577794515097860006e-02
-3.078085280759071396e-02
-1.733019045318169582e-02
-1.678402683948510693e-02
-6.515757968515827059e-03
-1.090167553149607449e-01
-1.121423730796447416e+00
-1.906804112791538941e+00
-2.394636306833809236e+00
-2.776168691948528888e+00
-2.951266189340273627e+00
-2.960629176475283675e+00
-2.896107131824807723e+00
-2.883940141063687790e+00
-2.866057020254030530e+00
-2.397431540272007666e+00
-1.536491182219821949e+00
-7.439439915741705711e-01
-1.460580049208720643e-01
1.415818887201769627e-01
2.929457866551002931e-01
4.376628343744428662e-01
4.865575997486061288e-01
5.501971940554961638e-01
6.123345377367498399e-01
7.209125935455524825e-01
6.947713019768736453e-01
3.077411021996616092e-01
1.551804214106281277e-01
1.994062737983822720e-01
-7.262593130087090232e-02
-1.479910644802409081e-01
-9.630701227725457780e-01
-1.788862635203096740e+00
-2.427300926750742605e+00
-2.580546937070313351e+00
-2.760567608002461704e+00
-2.835845219941156792e+00
-2.749750490033342931e+00
-2.738792464211089239e+00
-2.773373427059798058e+00
-2.786568752355739420e+00
-2.798756055134708376e+00
-2.931480164820968515e+00
-3.018137389960262151e+00
-2.192849114744929384e+00
-1.247865588468846099e+00
-4.965720467599855636e-01
-7.789134745505021939e-02
-2.000318170481454882e-02
3.575307598874163939e-02
1.059680298937151072e-01
1.437741590960000537e-01
2.119614921722781653e-01
2.628995206137411111e-01
2.374410025993788365e-01
-3.441639472041208014e-01
-1.195975963044028090e+00
-1.905491357541045705e+00
-2.305823696917327137e+00
-2.008973092983578623e-01
-4.050999800492113279e-01
-5.497328933971797893e-01
-5.624160243804959824e-01
-4.458627499079148571e-01
-4.488839217749052701e-01
-5.674700143779541905e-01
-6.015994052045379181e-01
-5.817287686757481868e-01
-6.015861683891708944e-01
2.532489526003700586e-01
1.211988970436666646e+00
1.729829589037929383e+00
1.769708036452995570e+00
1.968504018236546527e+00
2.281902113084208317e+00
2.518098996888323171e+00
3.004688028759772589e+00
3.053279351375793205e+00
3.066690149900616724e+00
2.999941085255845685e+00
3.004324826906996648e+00
3.013765467214213345e+00
2.877971497713995408e+00
1.933998408694155513e+00
1.130500565453920192e+00
5.727829423566974665e-01
1.356438108180801350e-01
-6.977757630675590628e-02
-1.098233292507154873e-01
-1.069587617253438955e-01
-1.906312721586908843e-01
-2.054788200591442238e-01
-2.286235714269626018e-01
-3.103144399412882670e-01
-3.491406340219576632e-01
-3.224077848303418259e-01
-2.874169317041147531e-01
-2.593219428709442886e-01
-1.165330131946704650e-01
8.434431403277860007e-01
1.639854289386721620e+00
2.201953658198767982e+00
2.475331032439538337e+00
2.423148785849519982e+00
2.414929865848524759e+00
2.416685092764028209e+00
2.423678375379941574e+00
2.455982557618809459e+00
2.604978634570516149e+00
2.616638855682090092e+00
2.599328107603754212e+00
2.571308146201550127e+00
2.490376209986420619e+00
2.370918283147038785e+00
2.137257701883177319e+00
1.533291576378937204e+00
1.317140371786709174e-01
-8.627163614047468343e-01
-1.164796327942297260e+00
-1.118304113372994429e-01
-1.102655573842195036e-01
1.378910868397857648e-02
3.819465157628081087e-02
-1.053276192114108306e-01
-1.418273276547598050e-01
-1.808448510783112473e-01
-2.857790344944499128e-01
-3.551407138976083733e-01
-3.651954249627347160e-01
-1.478892449159594502e-01
1.036731308477374824e+00
1.990244037088110485e+00
2.687055868174268891e+00
3.072520722521255632e+00
3.147831623661393685e+00
3.173446820640057453e+00
3.147468569376548064e+00
3.193070621405248222e+00
3.255805869899351279e+00
3.296344031009514897e+00
3.287630668874116591e+00
3.220098637217633453e+00
3.219268064202657875e+00
3.229756216390328394e+00
3.277685548946725813e+00
3.200812692414207294e+00
2.455142920446497179e+00
1.393560767289915736e+00
6.383922178479897180e-01
-4.277560239650694540e-01
-6.388125203517158734e-01
-7.155864190841417782e-01
-7.232279494672739784e-01
-7.263936514491061702e-01
-7.209904118011765117e-01
-7.100448132149238534e-01
-6.127542876071153666e-01
-6.373995363215159138e-01
-6.862963006059572546e-01
-6.970246466270051400e-01
-7.025450170752588486e-01
-3.162600411897975583e-03
9.324303547048615748e-01
1.695822094445472272e+00
1.998985698381464671e+00
2.102174248524832034e+00
2.215824502567402821e+00
2.293274756461506581e+00
2.088136350523835283e+00
2.187356392958045959e+00
2.327167412565699145e+00
2.309632847564191849e+00
2.098865167473249915e+00
2.081850991921735172e+00
2.052557819147290630e+00
2.033276263110802784e+00
1.905521544838590930e+00
1.092018483598188094e+00
2.945098709380372659e-01
-5.926781428726444201e-01
-9.015657747673226918e-01
-1.076154988418717595e+00
-1.081976474781033648e+00
-1.077002694156668827e+00
-1.203548550614621959e+00
-1.382626796694451432e+00
-1.324997892795024335e+00
-1.233064822255101944e+00
-1.179057346102392101e+00
-1.014896370519520863e+00
-1.426447400102350827e-01
7.049180674894665044e-01
1.411554025821493141e+00
1.659428289694950820e+00
1.759624910853412549e+00
1.712108847274099066e+00
1.720413061582827474e+00
1.763278689550649370e+00
1.756268408433915740e+00
1.770190353008520345e+00
1.827447680777680494e+00
1.821651898980369833e+00
1.776958944543420404e+00
1.660779309753355859e+00
5.880573121277559157e-01
-3.429661434233335360e-01
-1.089942757866530609e+00
-1.357546572894528403e+00
-1.283516497014290048e+00
3.459636479486083438e-02
8.260835938157654046e-02
9.564941560047883484e-02
9.995751191131597990e-02
1.251423316090714555e-01
1.329414180898020326e-01
1.225208079852075915e-01
2.925864350375849687e-01
1.124201936288938608e+00
2.015518137497894102e+00
2.511711392753829042e+00
2.523551827129430603e+00
2.531319813265491714e+00
2.582614407673453627e+00
2.592143581704459354e+00
2.619011588302354365e+00
2.833051397021478124e+00
2.843054555877808642e+00
2.700903162434334703e+00
2.694911984863914256e+00
2.720149967563353588e+00
2.578785905688169677e+00
1.606042473778331203e+00
6.424191946311343937e-01
-1.122519906566481485e-01
-4.851763043050528190e-01
-3.771595605703091381e-01
-2.483416339031954412e-01
-2.681680173431744696e-01
-2.879717844457335696e-01
1.231951652138097873e-03
1.230835201826215248e-03
3.533188250029195565e-02
2.003974997205403702e-02
6.792838441915327596e-02
1.047315806015863271e-01
4.419801957854951335e-01
1.322637061046070484e+00
2.276019228440798514e+00
2.698320915563745537e+00
2.736434586366050414e+00
2.858256752364708664e+00
2.912449565302740240e+00
2.941994216217445501e+00
3.184426575549352378e+00
3.130435588403575498e+00
2.970912274536475550e+00
2.965387261735885627e+00
2.949664356162602807e+00
2.853969458230752654e+00
2.781788723566456234e+00
1.979638442759525052e+00
1.058045870054791227e+00
3.378034851182800669e-01
-2.092556471922735195e-01
-4.197768803017376538e-01
2.390955603673167174e-01
6.056157144913568713e-01
5.231423963834466173e-01
4.208506500385625904e-01
1.425888878468958565e-01
1.151255425709878377e-01
-3.085832426860616318e-01
-9.115897455690749607e-02
6.152815777448811252e-01
1.347820984991675797e+00
1.822159041633045540e+00
2.069355641837849369e+00
2.069168850524721659e+00
2.207282255444503516e+00
2.350395214453473880e+00
2.469430295014276133e+00
2.446705292510184204e+00
2.390193971343500312e+00
2.397101771337013520e+00
1.545711728208262858e+00
7.407146779599129705e-01
-1.077546343342840052e-01
-8.034527377378892776e-01
-1.119299018397779122e+00
-1.073003494876754393e+00
-1.044170857214026471e+00
-9.454121747435948464e-01
-9.055356443368870467e-01
-8.811893729278426068e-01
-8.042019799198549812e-01
-7.971607913101824705e-01
-7.870151081748935074e-01
-7.773678798766819886e-01
-6.926607849336680056e-01
1.066059371035055214e+00
2.055904884243120456e+00
