1.045229811080342408e+00
1.646136523774379246e+00
2.003883654950695092e+00
2.142263466878150169e+00
2.395818507145483167e+00
2.843569844129394841e+00
3.212125009198594228e+00
3.342614459193979481e+00
3.545960906992263073e+00
3.858929362680432629e+00
4.095002412970268679e+00
4.256944795278564619e+00
4.356007832784552392e+00
4.377282810253698031e+00
4.337054508307114808e+00
4.316836730763891516e+00
4.368649072942935696e+00
4.355014373852375442e+00
4.285888852197339283e+00
4.304631883833305750e+00
4.466804904209556781e+00
4.524998780074541926e+00
4.561368868109896724e+00
4.622649075202211577e+00
4.643002515977279643e+00
4.489616171734686745e+00
4.418218966126665315e+00
4.392827900347527681e+00
4.357940606794399763e+00
-4.902639051383602536e-03
1.615483265448263567e-02
1.512358568471448492e-02
-1.904235240774665439e-01
-1.879580317484466356e-01
-1.820440343237293701e-01
-2.756075956768483382e-01
-9.828155561842135679e-01
-1.004623254868811211e+00
-1.041078997778148274e+00
-9.626980148724249009e-01
-1.211818134105741462e+00
-1.467674337849167898e+00
-1.472721019460638603e+00
-1.390790648089086146e+00
-1.392275688645765230e+00
-1.389408474508112779e+00
-1.932455310355255751e+00
-2.195459558397847566e+00
-2.148513942225995343e+00
-2.063305946390470158e+00
-2.061764195153093393e+00
-2.139450297063281159e+00
-2.147943777040204338e+00
-2.310239409587301562e+00
-2.507116616269585485e+00
-2.401263050745344962e+00
-2.388936846068550945e+00
-2.446722165777230451e+00
-2.414318569001114856e+00
1.136961693087095715e-01
1.168254914807176359e-01
2.029995353175058637e-01
2.423807169137533468e-01
1.915878114676007327e-01
1.531726705276785228e-01
1.120181134018695401e-01
5.015086724244230409e-02
-4.760811312317196620e-02
-6.362914371796245250e-02
-4.614053187311516202e-02
-3.893079354204236758e-02
-3.722061193435152043e-02
3.472445235274860403e-02
4.929185370178314207e-02
1.489172611512365463e-01
2.957737790475671869e-01
1.093403911706485987e+00
1.589415214978656010e+00
1.767705521499729926e+00
1.735872271166237768e+00
1.649446985946198430e+00
1.583136121760199577e+00
1.564958611474172256e+00
1.546692629420390430e+00
1.442654354027592012e+00
1.492718729003503775e+00
1.496376970192004441e+00
1.680573566125073581e+00
1.833978173773148423e+00
-1.156241266176506743e-01
-1.891065438820360156e-01
-1.474478082188971362e-01
1.012655383721569324e-01
1.001652235631524113e-01
9.041614182134011246e-02
1.015911295700697714e-01
1.943119157561016552e-01
2.666980241315540234e-01
2.953858684010717273e-01
3.010650131807502405e-01
3.089158229962101210e-01
3.176419225465719753e-01
2.928334852208676065e-01
2.797164308457480431e-01
2.901583347762233256e-01
2.958988308196701111e-01
3.009400623808191066e-01
3.206104736826590473e-01
3.613868206926541538e-01
3.769778859808803340e-01
3.572621933364920621e-01
3.593354405587910194e-01
3.673825581008013375e-01
3.857247308268383912e-01
4.082618653942317599e-01
4.718007158746845842e-01
4.997428962310896949e-01
5.221180196276512531e-01
5.520319005212029895e-01
-7.154682973493460274e-01
-1.589224528343796905e+00
-2.010202412012477069e+00
-2.164222013656743826e+00
-2.168871686779902941e+00
-2.196157424036722983e+00
-2.213645967063253561e+00
-2.251631316198067001e+00
-2.560366162083709263e+00
-2.583407856541301673e+00
-2.597474113943345042e+00
-2.580567080185780959e+00
-2.542569439550500743e+00
-2.517955838713328287e+00
-2.493554900715781120e+00
-2.465634468937675461e+00
-2.453348522640280471e+00
-2.462206035169434593e+00
-2.475841574526286504e+00
-2.486237102327479853e+00
-2.550271041007464490e+00
-2.690738922677130773e+00
-2.959240391648770174e+00
-3.049258884177799445e+00
-2.807194371499246888e+00
-2.502543303341364211e+00
-2.295508624930439723e+00
-2.216665118832545911e+00
-2.181176076020565624e+00
-2.163890109956026819e+00
-1.007670626662349883e-02
2.634869267062743201e-03
4.283991172786942581e-02
4.942343982422767873e-02
3.576555233354830610e-02
1.609677682752227654e-02
-1.067042863417640500e-02
-5.008526451346788366e-02
-7.413065296285588357e-02
-1.013016429255177570e-01
-1.248884480343098874e-01
-1.366930123151663956e-01
-1.206282746464082956e-01
-1.262884261043824563e-01
-1.367332750939720676e-01
-1.428234013283733450e-01
-1.398703205107461323e-01
-1.248475436991063059e-01
-1.105368561223913360e-01
-9.758162662235259077e-02
-1.154576219537615245e-01
-1.326461249499262252e-01
-1.477230155910648490e-01
-2.238321934675969460e-01
5.262654278795305673e-01
1.241142714046957529e+00
1.690472961248228989e+00
1.918537978157074386e+00
1.955353251055692576e+00
1.965372184082583518e+00
-1.573515682844062592e-04
-3.799681186744998437e-03
2.711986818772257890e-01
3.628649003924251382e-01
4.501107045015652064e-01
4.888845827636180141e-01
4.943985272936103348e-01
4.811688966699061987e-01
4.787305745495418763e-01
4.621026486414404055e-01
4.406718227890171757e-01
4.255748831012866606e-01
4.080325922191914700e-01
3.966245141695050047e-01
3.940531891276041199e-01
4.936245516426942537e-01
5.288383260804819797e-01
5.250974914888648648e-01
5.050501874423779514e-01
5.013729478780688531e-01
5.715395818044131104e-01
6.051860951942397149e-01
6.497952123744483721e-01
6.656843481408263319e-01
6.866760575553565449e-01
7.062469784292799702e-01
6.922178658573856502e-01
-1.274597312516063674e-01
-6.592274309956528411e-01
-8.462356754913266110e-01
-2.942882615493744042e-03
5.796460785355695214e-03
-1.215910632233273836e-01
-6.028560774694203817e-01
-6.811567694900733105e-01
-7.340361999665863113e-01
-7.333209640453837164e-01
-8.203304779054165774e-01
-9.660277458697968944e-01
-9.209963074561103857e-01
-9.345113166208237621e-01
-9.496302215031265925e-01
-9.542980817042054920e-01
-9.671189712480224854e-01
-1.001468232690721827e+00
-1.032679510799489275e+00
-1.048338509136427010e+00
-1.069329988353953986e+00
-1.098402690139985483e+00
-1.095442519977578799e+00
-1.161362405585486313e+00
-1.663312591454785272e+00
-1.701866579720003880e+00
-1.617429589881876906e+00
-1.422274987774966082e+00
-1.135429787232024923e+00
-8.291112575637069604e-01
-6.874091140231550767e-01
-6.329275801281639691e-01
-6.089736970605806876e-01
9.822101515970689534e-04
-7.537093520077480999e-03
-1.235246321296491756e-02
-1.696025181588224628e-02
-6.112452324688648353e-02
-9.695431766796608342e-02
-9.940502342972644401e-02
-5.730221441301368290e-02
-4.556453898511270140e-02
-3.235548062588879115e-02
-1.565299493865425148e-02
1.586894265538334528e-02
5.423989088834717254e-02
5.603807089677690506e-02
5.715467350141927722e-02
4.860193874856395119e-02
3.616081414780895897e-02
3.230068597687231480e-02
2.412565068379992142e-02
8.195888585965992873e-03
-2.003669430571334079e-02
-4.041928340747566462e-02
-6.034097660806265334e-02
-8.920278510548071416e-02
-1.019636576133665928e-01
3.681115677688675536e-01
9.010664923518031388e-01
8.837628866602086353e-01
8.624443632467249099e-01
8.503284850660948191e-01
-3.880981540912671786e-03
1.132685229014215866e-02
-3.045498893389605999e-03
6.077075525259267863e-01
1.349947791470280212e+00
1.554701870765411220e+00
1.533368703756285756e+00
1.545003282374716624e+00
1.559103353937971947e+00
1.538423283118614870e+00
1.495618366150660128e+00
1.476489781319778816e+00
1.460757715466767248e+00
1.464113059734709843e+00
1.707209600395978466e+00
1.753930763038116680e+00
1.733980664555414331e+00
1.743152984614175782e+00
1.835172079980575965e+00
1.861856965919240547e+00
1.849966656601904180e+00
1.816979556479683788e+00
1.811607294792588752e+00
1.800915767917549815e+00
1.797390810145597762e+00
1.768255644860351916e+00
1.703861563603918494e+00
1.675194956175928285e+00
1.666517930503015332e+00
1.305341853312262046e+00
-2.225232898422410399e-01
-1.690255707612905167e-01
-1.645716274863636142e-01
-1.872498218780864199e-01
-2.005855508435392676e-01
-2.054215003926154470e-01
-1.586775407154182305e-01
-9.799447726307564110e-02
-3.229531915820008647e-01
-6.688455887716158177e-01
-6.616771156390374165e-01
-6.523009537091198906e-01
-6.510019652733494144e-01
-1.221644662534069115e+00
-1.593135977543850057e+00
-1.605223007642835320e+00
-1.586469146630298921e+00
-1.529934924619586356e+00
-1.490418896192468035e+00
-1.654959514966824807e+00
-1.900716788986572592e+00
-1.882904590764437502e+00
-1.876467212972585896e+00
-1.884377225725978100e+00
-1.890875228959823184e+00
-1.887303712537284239e+00
-1.875998683598111949e+00
-1.841706593524269131e+00
-1.808907025962409598e+00
-1.801337654690540191e+00
-1.205245094676284622e-02
-6.036660060195902198e-03
-4.974055058828469669e-03
-1.942689539920854774e-02
-6.895980580215205213e-02
-9.116465343993374049e-02
-1.121010449560482930e-01
-1.213443687092451290e-01
-1.303469666385001779e-01
-1.307766030917528188e-01
-1.355495964266165698e-01
-1.435200098997327367e-01
-1.597842220798380841e-01
-1.537306550583836529e-01
-1.411076963739362200e-01
-1.533779770824497679e-01
-1.735449705034072532e-01
-1.699994410659416422e-01
-1.641147335537518348e-01
-1.758359413115277436e-01
-2.002493322164422274e-01
-2.010768501628874272e-01
-1.937377810795996580e-01
2.563526418086117808e-02
5.603328509692312442e-02
6.696758058099346045e-02
7.267318346738287083e-02
8.832863791472227166e-02
1.209024995098568894e-01
1.442703403313914667e-01
-1.520249226599379617e-02
-3.173065752748045754e-02
-3.403993838452982340e-02
-5.739004750834691970e-02
-7.872963903561749910e-02
-7.498102435929808463e-02
-4.313463096008995912e-03
-5.723355537128063664e-03
2.839849272108090072e-02
7.523752772827136948e-01
1.142645853789494570e+00
1.149092411409955661e+00
1.070129344844570563e+00
1.026991729983411261e+00
1.151821234326570575e+00
1.829095271526890443e+00
2.151447750415346860e+00
2.160428933979139376e+00
2.141815593587745870e+00
2.123506589592805138e+00
2.142272456062185082e+00
2.273976049009307498e+00
2.415473580113714824e+00
2.442812565862727325e+00
2.508109493404726997e+00
2.500586202010523618e+00
2.491559170280309043e+00
2.494552408142334254e+00
2.496174101887925101e+00
2.455552647031119751e+00
-1.944438692393274729e-02
-2.493314704563208417e-02
-7.260280769389335087e-02
-7.455301915905025723e-02
-5.141448687688786323e-02
-3.446437017083486820e-02
-2.151823968662083808e-02
-9.069724451556568368e-02
-1.130566709997600228e-01
-1.165490064977790091e-01
-1.110230311796607805e-01
-8.838815204227067068e-02
-1.003609996508166846e-01
-1.364327924170672668e-01
-1.740270539463503741e-01
-1.898240547777884923e-01
-1.498465481341131889e-01
-1.435732111553950641e-01
-1.411599522130590756e-01
-5.573860240327750404e-01
-7.481524194878461653e-01
-7.566005504377268931e-01
-7.604455446181893619e-01
-7.565981572344838701e-01
-1.119190060486283000e+00
-1.758423080019096085e+00
-1.880644804184393726e+00
-1.839544879179822789e+00
-1.757174076572816990e+00
-1.864588537865806472e+00
-5.287866974476741477e-01
-7.470386351719842111e-01
-7.526908739717246277e-01
-7.470568717144678850e-01
-7.439264915911186771e-01
-7.503765794508827636e-01
-7.551261601105689891e-01
-7.511810840748180951e-01
-7.396943315687739551e-01
-7.210856474997580090e-01
-6.733784241749080079e-01
-6.475854678405780218e-01
-6.477837290097441247e-01
-6.750219468110116861e-01
-6.867237764284571666e-01
-8.556431144189837745e-01
-1.114127166227367960e+00
-1.063309372252013940e+00
-8.201357112478451228e-01
-4.903633394980287941e-01
-4.025932443187207332e-01
-3.637982935326719569e-01
-3.246307985978251764e-01
-3.238444849168997108e-01
-3.420188977698595534e-01
-3.625225027201561256e-01
-3.669854211063607874e-01
-3.620705260074226772e-01
-2.631750708909847969e-01
-2.270797073218673023e-01
-1.345028245574803570e-02
-4.010422833143791749e-02
-9.871504334950282483e-03
-9.347205841685208433e-04
-8.835112998744412693e-03
5.467649911417232778e-02
3.596748594752701700e-01
3.640562330051531070e-01
3.755378492690702452e-01
3.755397455931284156e-01
3.556994950712961678e-01
3.077967745859321869e-01
2.679092129083892604e-01
2.230268386961051785e-01
1.781189008728665535e-01
1.826246062632767564e-01
5.336502595781245084e-01
1.466561601161640915e+00
2.067447609377941475e+00
2.447899234527571188e+00
2.461678286018349038e+00
2.421514966300667648e+00
2.414782016408157705e+00
2.417877823449465780e+00
2.402948433262761530e+00
2.394563108815399133e+00
2.395139620027358252e+00
2.395140612046742223e+00
2.392397708236360554e+00
2.391990184767338157e+00
-6.254986071460372048e-03
1.283189584146960938e-01
2.005752913645393876e-01
2.400401977712800228e-01
2.599032828738429557e-01
2.727586449773606869e-01
2.646623196303974357e-01
2.452840078152134229e-01
2.313591846941513708e-01
2.332239222143930868e-01
2.302927696101242649e-01
2.093103110205062345e-01
2.092405600889364059e-01
2.191433968764175677e-01
2.203084043195804032e-01
2.276574445855341078e-01
2.296650106923235068e-01
2.203949459178707604e-01
1.928878652371771030e-01
1.427876465243698156e-01
1.387815146664247989e-01
1.315691231122943228e-01
8.799100185492528259e-03
-2.009809699035579045e-01
-2.660449086480160541e-01
-8.765333402100929927e-01
-1.526974687391788432e+00
-1.984472390549003595e+00
-2.353668831629961655e+00
-2.409974175285772624e+00
-1.152694043554269507e-02
-2.942637210425046862e-02
-8.026184755551127314e-02
-3.382284080311070973e-01
-3.863282292006932628e-01
-3.963438496025291080e-01
-4.151357377217219091e-01
-3.552867773692381936e-01
-2.555940721685266981e-01
-2.288562237472678840e-01
-2.170050086363290998e-01
-2.247953043518302330e-01
-2.218467030112536709e-01
-2.142919371071555501e-01
-1.989744495245978906e-01
-1.927315341267332727e-01
-1.886384106652630177e-01
-1.933684742677488355e-01
-1.920160686761764601e-01
-1.995597909105218948e-01
-2.345749623162324271e-01
-2.497702477852773439e-01
-1.406057828388597719e-01
-1.506619530390600759e-01
-1.456612247497859336e-01
-1.222404265221511549e-01
-1.101352170253468571e-01
-1.136962888507938169e-01
-1.118512047445667651e-01
-9.889401760109697848e-02
1.388861238024069814e-02
4.983782961185961313e-01
7.614558483781673770e-01
7.515615898762978420e-01
7.365902931072365600e-01
7.385277974031624337e-01
7.395146106278142062e-01
7.405187407659175047e-01
7.447616411012037974e-01
7.184185116742621835e-01
2.837712978041185274e-01
1.725162635901713315e-01
2.271780799422918051e-01
2.567410049331534383e-01
2.526374555343874340e-01
3.876194031987552635e-01
1.130235286114241511e+00
1.736944663158354496e+00
2.035491194880998833e+00
2.194680143041410236e+00
2.172508762431661467e+00
2.168426647043350197e+00
2.193585922725837634e+00
2.391292219791796736e+00
2.432613215634729098e+00
2.445721949767796222e+00
2.424734562743475319e+00
2.412552314735007641e+00
2.490383041957775934e+00
2.512532923757860193e+00
-5.901684509547033830e-03
-8.152927219405470272e-03
-9.795751256881065142e-04
6.781342223976132878e-03
3.525448593774870021e-02
5.877002317728423353e-02
7.758100350414812163e-02
8.771525800664209394e-02
1.015648390095986869e-01
1.032370677944328824e-01
2.059322010707205219e-01
1.254292073704980637e-01
-3.855672355422554154e-02
-1.184368403680270271e-01
-1.238359480800230727e-01
-7.816350359569033956e-02
-4.444211964852144703e-02
-4.574680536092191885e-02
-3.142650845404186544e-02
2.324507700686457429e-02
8.324975374650750437e-02
1.010906583233724815e-01
1.128368216301039173e-01
3.683397953747039044e-02
-8.063016180260342836e-01
-1.468916835880827776e+00
-1.857295673339467434e+00
-2.083139849036725000e+00
-2.162999090921451373e+00
-2.230476680604852380e+00
-3.489387938815261686e-02
-2.168138332869594398e-01
-5.058344784468523647e-01
-5.125440174002852123e-01
-5.197719001507985492e-01
-5.447798598356101696e-01
-5.591866789719784903e-01
-5.289818374873788143e-01
-4.953007331705333582e-01
-4.833050694881759757e-01
-4.767174108563068113e-01
-4.866452128844143132e-01
-4.992114175335887194e-01
-5.044353605196070234e-01
-5.777272825809997014e-01
-5.987809953778816530e-01
-6.144743530072056537e-01
-6.336848526490236333e-01
-6.241530826085240902e-01
-5.759516642501703032e-01
-4.892900484800096761e-01
-5.274665708325987357e-01
-5.883068393758313919e-01
-6.147701884784025905e-01
-4.851568747056627107e-01
-3.901808523863511957e-01
-3.908679717042397028e-01
-2.558651024034105936e-01
-2.581403970704648776e-01
-2.681884842990781004e-01
-7.623137737945343169e-03
-2.624548394455291159e-02
-4.676688379064827122e-02
-5.648312487034599927e-02
-6.867673466976094432e-02
-8.469791186751940426e-02
-7.500506517916631644e-02
-4.767405940806350439e-02
-5.983334891574434988e-02
-9.630650552594267888e-02
-1.200099210182586917e-01
-1.138547046256765671e-01
-5.896678190822383231e-02
6.215218519899069483e-01
1.233252625734163166e+00
1.676308261502041486e+00
1.723563933851328223e+00
1.728510418185602582e+00
1.707913393378074574e+00
2.075519875838922612e+00
2.275490122841633323e+00
2.276569501483706848e+00
2.278270730575330472e+00
2.344032206171426935e+00
2.397514187125071583e+00
2.419688026416424886e+00
2.438346650644872327e+00
2.450790292959428296e+00
2.465365703100315997e+00
2.530619148807367047e+00
7.792060307161383093e-02
9.027993989757453208e-02
9.506178930734926480e-02
6.212640593130552835e-02
6.336503161877533874e-02
6.551924184151414199e-02
6.475201957735879366e-02
6.079037374236979235e-02
5.184874653440854630e-02
4.204177390987565155e-02
4.295308669435409649e-02
1.187002517318994643e-01
1.200225807641100428e-01
1.168067342825916399e-01
1.100362994426292013e-01
1.064091296569158601e-01
1.012455829272898705e-01
9.935099314340151144e-02
7.107144428056208496e-02
4.357975046403247954e-02
3.221404990738468976e-02
2.355368873509495337e-02
-6.738945459948600392e-02
-9.037571591213282574e-01
-1.691218920243129809e+00
-2.203327015955566459e+00
-2.375780849814664641e+00
-2.391073530247952217e+00
-2.421272004377747145e+00
-2.654729167227051434e+00
-2.904177959934487255e-02
-4.027465194765297157e-02
-5.503333557220785321e-02
-6.281397321553248980e-02
-4.816779696024886537e-02
-4.633118958952951033e-02
-3.844178743951885691e-02
-3.088361922896731490e-02
-5.164257321506947329e-02
-6.538952500430184056e-02
-7.169377153459212393e-02
-1.004042771701647296e-01
-1.508434164036722980e-01
-1.819700312176508183e-01
-2.029075903107043499e-01
-2.147007596105425797e-01
-1.639415709758684780e-01
-4.137669085868612984e-02
-1.109578931380296313e-01
-2.178615790406993602e-01
-1.043266475871119647e-01
-6.269481376226279656e-02
-7.666000709248704803e-02
-6.675327701008045012e-02
-8.307575667399190456e-02
-7.252165848231756362e-02
-3.525823204296879565e-02
-6.515603007415913389e-03
5.552177319708018893e-03
-1.494268963421099480e-02
-3.884232769561127979e-02
-3.843305160245570617e-02
-4.311752225909933067e-02
2.248147256990964959e-02
9.340955344810533689e-02
8.557677688155093665e-02
5.029825363893926371e-02
2.082224969493321962e-02
2.133397817652452344e-01
9.109226975623787581e-01
1.576084178541847347e+00
1.977044526221918064e+00
2.141948279251342679e+00
2.162547379342761644e+00
2.187269470191146148e+00
2.179946841070131480e+00
2.298926222664344987e+00
2.305425810940961995e+00
2.310363964685988147e+00
2.333838198505147066e+00
2.381390085954738556e+00
2.476698079118982321e+00
2.556930246405137552e+00
2.567091467472505162e+00
2.598080609099734595e+00
2.629404512596873911e+00
2.649035845597600414e+00
2.657433871721865959e+00
2.671450032287018495e+00
2.704814970423945919e+00
5.715258730960810080e-03
-1.035083660720107282e-02
-1.185289894366169626e-02
-4.436824082223402368e-03
4.646134061570163579e-03
-1.257669135255445360e-02
-1.195630698864118685e-01
-5.642659892720615078e-01
-5.772203172631684698e-01
-5.210375006454818214e-01
-5.141691240566433896e-01
-5.027940290696838455e-01
-4.591162884838664304e-01
-3.337939274939725198e-01
-3.397787458145294925e-01
-4.010539288024469462e-01
-7.843521385398821710e-01
-1.537595703067833330e+00
-2.025322532165451328e+00
-2.178311074309004614e+00
-2.192494983872025127e+00
-2.189255587560235305e+00
-2.224421803474584625e+00
-2.503604644525542433e+00
-2.614070843398820898e+00
-2.642358132875636922e+00
-2.596648068349641125e+00
-2.608206206238807390e+00
-2.601654813167160629e+00
-2.604644362185848827e+00
1.658668084073073104e-02
3.890826535930810848e-02
7.142416554183148025e-02
5.512241700492556684e-02
-1.924392666883596725e-02
-5.027363468089990350e-02
-5.245273745975444213e-02
-6.626377719955113543e-02
-6.999547068618873491e-02
-1.143149638760007913e-01
-1.768623825291501528e-01
-2.296060337476504565e-01
-1.841006302242613468e-01
-1.003282269774471019e-01
-8.849469706005970437e-02
-1.491301042915040009e-01
-2.141553297673757517e-01
-2.193890040254279916e-01
-1.902712961450450935e-01
-1.494840726802636466e-01
-1.306165730768060751e-01
-1.259316605966689373e-01
-1.353374344084058434e-01
-1.473754507737449204e-01
-1.642865427818303581e-01
-1.583950341785530513e-01
-1.891517681188208400e-01
-2.122221699554130148e-01
-2.191321688708038340e-01
-1.123937922272584822e-01
5.830862233012729795e-02
4.409994447542305018e-02
6.395842409466145906e-02
6.421024842676260613e-01
1.112972182892952411e+00
1.256229300251479053e+00
1.313804839875897468e+00
1.384325502540761033e+00
1.412418304349165155e+00
1.433643676770958608e+00
1.385560149520420170e+00
1.336760154006644052e+00
1.352656041382127805e+00
1.352098130746098192e+00
1.347763696824988200e+00
1.351351821032171774e+00
1.539679704498681412e+00
1.790498402206516460e+00
2.330223138310961062e+00
2.362534353700409984e+00
2.259699034474700330e+00
2.249380686947399344e+00
2.332691866754614818e+00
2.734501255489632410e+00
2.844042993108135686e+00
2.862121501906973009e+00
2.901241066519230749e+00
2.933212219802745047e+00
2.959350929326292068e+00
2.947249459194996035e+00
-3.621258309977908735e-02
-7.985746394545298332e-02
-1.193332056584980871e-01
-6.163704249062825630e-02
2.796790170983260576e-02
6.214964866315540737e-02
4.722431185959615613e-02
4.966755690516959365e-02
5.199019959441517069e-02
4.102089271437890650e-02
5.530962010987001964e-02
3.665840128057040043e-02
-4.420335032174868561e-01
-4.827380901508083189e-01
-5.069825015839559690e-01
-5.305922163817439197e-01
-8.447161620676338911e-01
-1.551130215862980943e+00
-1.824999297980902657e+00
-1.858406549467451985e+00
-1.846993225095322932e+00
-1.785917379495036927e+00
-1.730301619813581659e+00
-2.163312726304946310e+00
-2.289368643204255260e+00
-2.277028761768523868e+00
-2.268041648290112899e+00
-2.255509181245175743e+00
-2.223556181591515912e+00
-2.242194608512753984e+00
-4.243368249634627692e-02
-8.111177047412092278e-02
-1.315087951656950804e-01
-2.175941403916716865e-01
-2.275398922005038294e-01
-2.832367567136796493e-01
-3.501428604224423591e-01
-2.396877770511674777e-01
-9.453843478716378312e-02
-9.278818172551261956e-02
-1.364063495666416881e-01
-1.831971061451755367e-01
-1.691230705494386755e-01
-1.503993794010348994e-01
-1.424895029193570528e-01
-1.504424206147551013e-01
-1.748135400187208477e-01
-2.204816149170663597e-01
-1.679691138013114649e-01
-1.578883655100890848e-01
-1.762692085496577188e-01
-1.947224772012343119e-01
-2.192550742169322164e-01
-2.273388854424033267e-01
-1.195320250257442124e-01
-2.918697171253981093e-02
-6.069990116744941600e-02
-1.048489212386270047e-01
-1.297649776943692601e-01
-1.018884555266842268e-01
1.703385785541867703e-01
8.569512676569213117e-01
1.451479000988922463e+00
1.888148218581893412e+00
1.943332822006649474e+00
1.920799023718559706e+00
1.874490404551400369e+00
1.852342138076241929e+00
2.033054788426550630e+00
2.399955020493631075e+00
2.443048731691369824e+00
2.520495910061223199e+00
2.572262723853103950e+00
2.518627241954960017e+00
2.426648556485928143e+00
2.399299429357419466e+00
2.391812733088257925e+00
2.503344835961118342e+00
2.599380610265562108e+00
2.608776675029079062e+00
2.601544753734279070e+00
2.597770515350375398e+00
2.665887026217264033e+00
2.664566431590327689e+00
2.659523392929079133e+00
2.646710522421704237e+00
2.641429573622375848e+00
2.626498694159534519e+00
2.784127643587268608e+00
2.857204432971486074e+00
-3.350355862718947669e-04
-2.996862967637212855e-02
-5.476969438947054680e-02
-1.222234395300856036e-01
-1.197103971481444373e-01
-9.446649812195248574e-02
-5.622344190438157557e-02
-6.353308304529410588e-02
-6.899520493742269944e-02
-7.408446823857987862e-02
-1.178436186502048316e-01
-1.643690853232755988e-01
-2.035663179903586528e-01
-4.926363569795803032e-01
-1.081166307783546721e+00
-1.170870651988835220e+00
-1.220777069386374647e+00
-1.707932772973009161e+00
-1.789596660721783472e+00
-1.820881176595836148e+00
-1.835781103826671146e+00
-1.838804663188602140e+00
-1.825893958260623062e+00
-2.281730431286669525e+00
-2.484531026087016592e+00
-2.495375828335272494e+00
-2.504403592250480148e+00
-2.527715195499509182e+00
-2.574923475122665728e+00
-2.669663392758428788e+00
-1.467924994876799727e-01
-1.792480504869576330e-01
-1.106830674654191715e-01
9.409093759752948372e-03
8.764088148814797030e-02
1.095030731605099727e-01
1.216313216879366527e-01
1.830631647337427614e-01
1.281650876712679965e-01
9.950793337177317455e-02
6.744029078976807035e-02
4.781766961087344225e-02
2.769058946833728718e-02
1.774004418266555971e-03
-9.348923437643786097e-03
-2.531750580991543736e-02
-5.337505308465895909e-02
-1.460714978237683814e-01
-1.781847362234253440e-01
-1.635755068215578589e-01
-8.621912103398297889e-02
-2.230245696172886150e-02
1.442959977834245427e-02
3.623804654872765652e-02
9.263107242081389248e-02
1.247891039782047379e-01
1.580539332005318487e-01
1.943323405830827133e-01
2.039143248098699290e-01
1.852204942310577418e-01
-2.586455510720539822e-02
-5.680700272005373419e-03
8.845940603106577926e-02
7.408685505676917415e-01
1.293114644984291406e+00
1.677912500028944542e+00
1.758328814650746086e+00
1.770281166689468444e+00
1.818061089070618142e+00
1.848928286262628840e+00
2.160099237693391405e+00
2.227741580778339614e+00
2.222938024447516092e+00
2.280258798365172535e+00
2.293549835774738366e+00
2.362396624993668759e+00
2.390352558817076645e+00
2.399112959162144953e+00
2.483801948964337036e+00
2.511839057948653586e+00
2.512359872082545742e+00
2.515421758971311039e+00
2.482644150805361161e+00
2.461019815235208963e+00
2.467317615085842242e+00
2.526037458463608498e+00
2.602688017525908393e+00
2.646071782977250209e+00
2.567918481822577537e+00
2.501614114132513222e+00
3.655813303794266944e-02
1.700425147309687357e-01
2.203124226804471231e-01
2.165463291888976849e-01
1.722733843067352499e-01
1.448095920784644441e-01
1.329880972670856865e-01
1.053063098154782412e-01
8.352506240407150950e-02
4.883529236210484847e-02
3.460271090521957471e-02
5.327084053766610594e-02
-1.762957047388774012e-01
-6.364953764352625498e-01
-5.974095268574833861e-01
-5.974402014689084162e-01
-6.664023600396589142e-01
-8.624085806581092140e-01
-1.240451851788038962e+00
-1.294867194301065005e+00
-1.312446551120146854e+00
-1.297993225018770680e+00
-1.301509440768977344e+00
-1.408316081842013956e+00
-1.980347734301255436e+00
-2.089944288925569271e+00
-2.069240283600770169e+00
-2.068750199430430925e+00
-2.079683191262438502e+00
-2.139502776282362184e+00
-2.459673503402997619e-01
-2.504507886391523219e-01
-2.290234216115927812e-01
-2.272119537045457216e-01
-2.299881247982885901e-01
-2.037412806532074572e-01
-1.626909402577412789e-01
-1.481997348158419769e-01
-1.313892341680810705e-01
-1.186817827664099212e-01
-1.171688259234792417e-01
-1.325683315381270266e-01
-1.363730734465984085e-01
-7.553923672643855780e-02
-8.327593566543833870e-02
-1.157182192801800152e-01
-1.419384524932297553e-01
-1.562177626079332693e-01
-1.589413536867442800e-01
-1.218479391094348802e-01
-9.890189157155784838e-02
-1.417587281669666355e-01
-1.475591518326291318e-01
-1.458658104893779950e-01
-1.430067844429601664e-01
-1.387060180455793601e-01
-1.402274024018152487e-01
-1.415494976877066935e-01
-1.471809199445680283e-01
-1.568922651184841421e-01
3.023448212116302547e-01
3.532167410656558149e-01
2.981492870309667698e-01
2.649875940204365343e-01
2.530994540252544112e-01
3.856616928455027793e-01
1.019783866081792389e+00
1.294108793548401914e+00
1.250956451046670637e+00
1.153998890779730724e+00
1.310707457490708494e+00
1.361072845742575588e+00
1.371789842132809412e+00
1.413939589686157294e+00
1.431974884719272367e+00
1.817217002225570255e+00
2.222919109073290489e+00
2.260422195086938757e+00
2.292343093675529797e+00
2.290375189405549960e+00
2.290207411481431699e+00
2.323213267425625617e+00
2.344567878686126594e+00
2.389331132643637723e+00
2.465168349179729823e+00
2.506234207778779144e+00
2.456232331140348446e+00
2.413480493555990147e+00
2.418493037884441588e+00
2.509795014882644892e+00
1.305144199742657718e-01
1.360869465008714974e-01
1.743733198225700110e-01
1.795961933987269832e-01
1.755692895279550581e-01
1.744205313621282616e-01
1.472460960955343512e-01
1.052141765027626574e-01
6.370407481491914548e-02
4.028698236253436954e-02
3.380688691275363089e-02
6.213690702264115795e-02
1.125221660267748253e-01
1.156048596390817640e-01
1.062368664239948524e-01
1.072353072974297078e-01
1.301519842673729555e-01
1.310288824327993928e-01
1.408558064505117668e-01
1.446711766299524360e-01
-1.413264470123505867e-01
-1.004997670524642617e+00
-1.550528154642821788e+00
-1.856004711684137387e+00
-1.963399878149397093e+00
-1.990198415480140648e+00
-2.021666939745005553e+00
-2.075727333563890831e+00
-2.371340418973358233e+00
-2.361868729027817526e+00
3.927737292348812415e-02
1.867364679016549067e-02
5.102377086100734135e-03
3.307447664544059529e-02
2.884637749114494013e-02
2.127211928678844274e-02
1.650904273766486130e-02
4.976983610277834272e-03
-2.914494728530246659e-02
-2.880747648880154638e-02
-3.449843722718114181e-02
-3.667240180740386629e-02
-4.518640107951965579e-02
-6.430121894344154043e-02
-1.110859002858718414e-01
-1.027569844354865036e-01
-3.887100028332285406e-02
-3.693523163434450640e-03
-8.428225971686497883e-03
-3.147353407348570803e-02
-2.587486187895969222e-02
5.111897032571151300e-02
7.943914212252042861e-02
9.148745090143399483e-02
7.082764113251309446e-02
4.752482442901383858e-02
2.801684333379479003e-02
-2.412601182384199044e-02
-4.985721775452084392e-02
-7.336882053323312558e-02
-3.299280880402648969e-02
-6.073090147157339524e-02
-6.131039266867470416e-02
2.346828622902115413e-02
4.432513474261853825e-02
5.554866411055277287e-02
8.613582830378996302e-03
-8.979617216487503772e-03
-2.181465716164237775e-02
1.602338678598774213e-01
8.093445066905493590e-01
1.241489854727258813e+00
1.525015639467788953e+00
1.782746375537582750e+00
1.981056687346536505e+00
2.052118196529773453e+00
2.099809249123255839e+00
2.093855023898351764e+00
2.079379786689422360e+00
2.111690539888433360e+00
2.173775734336085286e+00
2.208688589268336777e+00
2.151044785809198334e+00
2.104552932615638916e+00
2.112954468587249224e+00
2.168480111950658706e+00
2.238533589906739785e+00
2.272533373997045025e+00
2.292943499596451495e+00
2.302278791527888835e+00
2.161499845731600089e-02
2.404914307454348102e-02
9.990718683382136464e-03
-4.457393026466992259e-03
-1.953364720227193305e-02
-3.039819665755793404e-02
-3.096729590320488126e-02
1.045987773847317434e-02
7.612461676315021575e-02
8.602610277044356324e-02
3.465527455947852581e-02
2.879463597410893833e-02
3.021117507707809374e-02
2.758350218296495154e-02
3.660614138509842019e-02
4.644122494360122116e-02
4.584554028797739600e-02
1.242528222031979990e-02
3.045036622155118666e-02
3.659654830659474223e-02
-9.126177320256022296e-03
-6.940991614543821908e-02
-9.390840439687332675e-02
-1.268184172646829866e-01
-1.309737091055240277e-01
-1.035568527698428332e-01
-1.135842472967992511e-01
-1.277454273634163195e-01
-1.029172328424009242e-01
-3.361612663449382588e-01
-6.541649927712976931e-01
-1.172662482962282926e+00
-1.570422589254691026e+00
-1.785291253897203445e+00
-1.811226613227980620e+00
-1.831078742882773280e+00
-1.919750309534752564e+00
-2.241903401357796977e+00
-2.324013260393938740e+00
-2.324189569981879533e+00
-2.312199890275382419e+00
-2.276763002682124615e+00
-2.212548112764820551e+00
-2.227792489718248614e+00
-2.235541698883580786e+00
-2.212268562546242823e+00
-2.180105270095031411e+00
-2.180837767859367560e+00
-2.175916346208044416e+00
-2.171411749338306052e+00
-2.168408319662931572e+00
-2.172830693087210552e+00
-2.170978078199833572e+00
-2.158544292863649350e+00
-2.166696712561986704e+00
-2.245602812911246637e+00
-2.292940053798939726e+00
-2.293458579214542770e+00
-2.248294893433198549e+00
-2.231848527432787055e+00
-1.574041035930660859e-02
-3.506493381664030351e-02
-2.987996509359585467e-02
-4.172977338973368061e-03
2.765954200880840416e-02
3.187931550546752035e-02
2.348724201164391345e-02
2.124416203605521136e-02
2.443883002514468661e-02
2.527174564770588716e-02
2.685634221865892610e-02
2.832614794191265842e-02
1.028112222320892027e-03
-6.616745615370485389e-02
-9.194558434693719806e-02
1.693220723566887798e-02
3.139464728623818368e-02
3.993044440863527389e-02
7.445645298928646461e-02
8.857359391433380913e-02
1.183886349310084574e-01
1.286457183610568711e-01
1.485550451583658171e-01
1.341671509357923731e-01
1.084294481933869847e-01
1.058234940271083196e-01
9.946578651670243132e-02
6.915875411244815085e-02
5.669808268016988950e-02
1.115042622103327996e-01
4.817431492424210093e-01
9.296471158631500753e-01
1.095685169818309435e+00
1.111730067820010159e+00
1.100199616648639855e+00
1.079303031276730884e+00
1.126476557331347772e+00
1.722170648523159819e+00
1.982204065608632604e+00
2.003152745523816503e+00
2.005075313659344438e+00
2.003411197909718666e+00
2.008845903891414597e+00
2.015163416498856108e+00
1.999936860339656342e+00
1.967277504867478211e+00
1.959527543073584566e+00
1.951348139605232568e+00
1.945060030245971738e+00
2.198345760975977115e+00
2.357791889356716908e+00
2.299815831691339962e+00
2.244141653817214532e+00
2.261587947906822382e+00
2.298342444184560129e+00
2.319695103416503645e+00
2.366785230159764719e+00
2.398644941794636498e+00
2.398094360718610485e+00
2.385544211481864796e+00
-6.873355139990924845e-02
-1.011299584352247649e-01
-1.743745275553514884e-01
-2.001558061687606915e-01
-2.244188648223481297e-01
-2.123556920825084293e-01
-1.746087055390535547e-01
-1.252310116313141708e-01
-9.833082000329676498e-02
-1.040638059399028731e-01
-1.093626341400404794e-01
-1.021404881240824541e-01
-9.887491108956265873e-02
-6.352091318663786179e-01
-1.378839178864810444e+00
-1.830956070990260143e+00
-2.037523918818074264e+00
-2.049304256506284450e+00
-2.040373156421487533e+00
-2.032117177947756481e+00
-2.037416416940821762e+00
-2.076774377860886034e+00
-2.492845229188812350e+00
-2.722469023764245044e+00
-2.725129818657419989e+00
-2.675536927192813774e+00
-2.640100571585524580e+00
-2.650909934326104889e+00
-2.668644262722427385e+00
-2.661135444054624433e+00
4.573899912969591613e-03
9.337716854564234725e-03
7.547529201997979845e-03
-1.329124296808934305e-03
-2.164918869446794125e-02
-2.777585053191636982e-02
-1.633467821146759869e-02
-4.466965089613363429e-03
-2.041708135586503547e-02
-3.247913069747512815e-02
2.224001923485899312e-02
-6.851427909461259985e-03
5.739460424492538390e-03
3.878940464501021840e-02
4.011557598638087335e-02
-5.709123779523025966e-03
-1.183992319929133043e-02
4.445281379749765199e-04
1.790539106340134634e-02
2.854224488314106509e-02
3.912190938956049135e-02
3.052738472911548095e-02
6.981355825999801396e-03
1.016902072330479016e-02
8.112588169093274543e-03
-7.508165548857524685e-02
-1.491745149502458068e-01
-1.738736453730380382e-01
-2.078948684355300391e-01
-1.768129490138993787e-01
6.093781441108243879e-02
7.753788891958494911e-02
2.817576974757196595e-01
2.596940065611769710e-01
2.406434802335654932e-01
3.859906789238000124e-01
1.011486350184824801e+00
1.039758727264719740e+00
1.016727871555942908e+00
1.088619184698819353e+00
1.610006650079454316e+00
1.867548358156648769e+00
2.145744910097829194e+00
2.270290214454997901e+00
2.376960756069690817e+00
2.448767794897270811e+00
2.461837510938778895e+00
2.529150540836033301e+00
2.678126823644532806e+00
2.675937795168251920e+00
2.654126261126209307e+00
2.652616248922803788e+00
2.668760838345526132e+00
2.675186517829653443e+00
2.737824875887911347e+00
2.732661215158193269e+00
2.709154331444044939e+00
2.658820135846379440e+00
2.656956687460360289e+00
2.646122498828546998e+00
-2.189606104732053429e-02
-4.944002596940144656e-02
-9.953833137449569213e-02
-1.026621153573207268e-01
-6.391280920348557659e-02
4.272857721485828764e-02
7.130664515117723923e-02
3.976410878422248496e-02
2.372722513998135746e-02
4.067473044560886153e-02
4.818029326001004031e-02
5.596306818478265915e-02
-3.384924777191108958e-01
-9.607207516450830820e-01
-1.460973089535617664e+00
-1.743350297612884514e+00
-1.925485880947050976e+00
-2.050771839429997190e+00
-2.156534354910374152e+00
-2.236035958247220456e+00
-2.259287115061643814e+00
-2.241096094780141712e+00
-2.100807943100229558e+00
-2.005058299827941148e+00
-2.150556607957943456e+00
-2.232426667655067476e+00
-2.224918355259584146e+00
-2.188292473184580533e+00
-2.161012877951167699e+00
-2.118974456575962950e+00
5.446429751509536919e-03
-5.800424896667993879e-02
-8.705761460153854658e-02
-8.601978737541741971e-02
-1.948422623022384725e-02
-2.560265358428787108e-02
-3.430810840493110636e-02
-4.712636512682349954e-02
-6.382905194429383533e-02
-1.784731299092227885e-03
2.986658371089474101e-02
1.653320473986795436e-02
-2.775282711701683447e-02
-4.130685553826982104e-02
-4.500143066714540341e-02
-3.602943578259162893e-02
-1.640528713111451958e-02
-1.084304475686543451e-02
-9.347425593358105189e-03
-7.993188122011976940e-03
-6.552465985286037159e-03
-3.956387578183643769e-03
-8.635925345100435233e-03
-1.727872745668180415e-02
-4.778285873966296726e-02
-6.810452597147817477e-02
-5.007579895971320944e-02
2.925195009623202808e-02
1.743047842506063871e-02
-5.767937400032707718e-02
-4.271128242823406945e-02
-5.981120046959269299e-03
6.829729192197567245e-02
6.551161341852732023e-02
7.476597019449153503e-02
4.128709003745318490e-02
1.269268594333042288e-02
-3.707721186909620353e-03
-1.144138536905831699e-02
-2.586221220457393319e-02
-5.271788166386751073e-02
-8.388881738153206036e-02
-2.133495213401481183e-01
-3.345707057607667512e-01
-3.111021794967528953e-01
-3.422124936389845939e-01
-3.258987639585994023e-01
-2.187781729270940612e-01
-5.718689959361730746e-02
1.171715502114859253e-01
1.652746291470169604e-01
2.053228052599078979e-01
2.844067420538252122e-01
9.442488736289615936e-01
1.469397919280463150e+00
1.824682674888890688e+00
2.030804826841082100e+00
2.144129643627036064e+00
2.172846682184105038e+00
2.182377125839333853e+00
1.001253492027847636e-01
1.838074464634902039e-01
1.561224858894185719e-01
1.007148647995740748e-01
8.427245260804183680e-02
1.086887742628680625e-01
1.214697115381558196e-01
1.366872525323352405e-01
1.557227301396812980e-01
1.528698374835784912e-01
1.480246217797680786e-01
1.680164243394174084e-01
1.892318721223077704e-01
1.976477496445678550e-01
2.029162452774662395e-01
2.146706874284740052e-01
2.233972510695580449e-01
1.127497530833680428e-01
-6.244507488072287282e-02
-7.174085627850948499e-02
-1.213485319260374229e-01
-1.280161871131904328e-01
-2.730520931576491672e-01
-7.774256116028575025e-01
-8.400559415555657328e-01
-8.197699784598250217e-01
-8.206745122383779512e-01
-8.388761357090316340e-01
-1.144568145961317507e+00
-1.664964241222838925e+00
-1.220476610634971537e-01
-1.738766449504176026e-01
-2.564267080103469487e-01
-5.021226825199770483e-01
-5.412697717927087426e-01
-4.724345312361035720e-01
-4.176104471207067181e-01
-4.250119727644459111e-01
-4.152466368043812861e-01
-3.769227995138050846e-01
-3.967304675203899844e-01
-3.926800078255497928e-01
-3.948619545027345912e-01
-4.119339760798841898e-01
-4.481418024481472195e-01
-4.723986947480756649e-01
-4.896654959501335336e-01
-5.208654902256873998e-01
-5.728204657389889265e-01
-5.774142099871093503e-01
-5.881390131417210121e-01
-5.809610217390577258e-01
-5.227328397880200983e-01
-4.786259483433908946e-01
-4.761678706843559539e-01
-4.783924141221159165e-01
-4.479481006357498019e-01
-4.204479385364295330e-01
-3.856200420222832270e-01
-3.873848707218093268e-01
-2.026364301588588421e-02
-4.956028049132202296e-02
-3.407944899379705683e-04
-1.050930575224658537e-03
-3.161206786387763673e-02
-5.791306522669102674e-02
-8.467959951182055245e-02
-1.131159580716851604e-01
-9.324039190043204028e-02
-5.634712282549624029e-02
2.201623365014505063e-01
2.560016511354052393e-01
2.211717205963706911e-01
2.297258185779887663e-01
3.048461802045639990e-01
3.076949924005918380e-01
2.761361305312693970e-01
2.946173101973951214e-01
7.562449069693391035e-01
9.737059299288157721e-01
9.660588297412979752e-01
9.186839947406076901e-01
8.952515611952516217e-01
8.555343233717599416e-01
7.792550929120451997e-01
8.640535057754922255e-01
9.636806876683434719e-01
9.743345047486337007e-01
9.082848041949067586e-01
8.686018651540909907e-01
2.772708043641566866e-02
8.125041478594942357e-02
1.522134900552486458e-01
1.652703638219205351e-01
1.774724189455615109e-01
1.760288892257709514e-01
1.759690349580159963e-01
2.048068898930515969e-01
2.866169258316276780e-01
9.412634419083113491e-01
1.195018741508470761e+00
1.173205128924255547e+00
1.221208530763238764e+00
1.321720445101886243e+00
1.407173452150980442e+00
1.377150879459850596e+00
1.479057315947679863e+00
1.574650133080106595e+00
1.592429617834693723e+00
1.610015616008303896e+00
1.624505073497453767e+00
1.669968827891519902e+00
1.647373911525671808e+00
1.110260944753056034e+00
9.104007106639975255e-01
8.880283802831834272e-01
8.331615748817495781e-01
8.047342091589299029e-01
7.720109988217652708e-01
7.659341006148850939e-01
1.737404323979542878e-02
6.574624368090407900e-02
2.472408924862256469e-02
7.877947624919438840e-03
-1.448755801386604758e-01
-1.586341067774356406e-01
-1.559751712915277699e-01
-1.664889108741403612e-01
