2.301407940317899414e-01
2.981662885998199730e-01
1.605957519365991681e-01
-5.477678594138294388e-01
-9.576848230172649856e-01
-9.793805028710630411e-01
-8.758849881045812635e-01
-7.312509794900914351e-01
-7.571664131321640401e-01
-7.962926613125755892e-01
-7.987386770187835383e-01
-8.642666196608214113e-01
-1.055125479654438037e+00
-1.258571490662388159e+00
-1.912213013194667077e+00
-2.444666157468975864e+00
-2.549569941121486050e+00
-2.488986725829411384e+00
-2.313438461151477110e+00
-2.231491281714298225e+00
-2.263623976001779781e+00
-2.241429387709785281e+00
-2.256192258127820871e+00
-2.302529283416728134e+00
-2.442576050079607430e+00
-2.406675772809510061e+00
-2.399053004543707956e+00
-2.394567540199476152e+00
-2.388993492875625790e+00
-5.261387898545085567e-02
-1.048439150558988509e-01
-1.275508979239888541e-01
-1.723228051230316082e-01
-1.876542460786820021e-01
2.080910901483302988e-01
2.887675583852877814e-01
2.704735366692512799e-01
2.327199050808633207e-01
3.314792074050245674e-01
9.443407070388650792e-01
9.599114038432984275e-01
9.642630220231007687e-01
9.733364401115260911e-01
9.972962667033951067e-01
1.000105906035295034e+00
9.760904737141912202e-01
9.747696583065738052e-01
9.661440629369436595e-01
9.006412204770208874e-01
1.049346920686562434e+00
1.728892409416352915e+00
1.776128875981809907e+00
1.772040692947687068e+00
1.775288863228074110e+00
1.766990618027584725e+00
1.839016845502872144e+00
2.253735061885624891e+00
2.178354058777868474e+00
2.122748426033342017e+00
1.289680668500019743e-03
3.085833477272666853e-02
5.540655251974800632e-02
4.992048305037910527e-02
9.663742922964400905e-02
9.889179104323778113e-02
9.655946093812510511e-02
9.482556727587376777e-02
1.013872656699409125e-01
1.345584534932626197e-01
1.841378895607572452e-01
2.420514438901813781e-01
2.519880891059238515e-01
2.792377656904430072e-01
3.656541120377050369e-01
3.894971075119191273e-01
2.991091228957631909e-01
2.918547147680040088e-01
2.900429723624533551e-01
2.732486966061924982e-01
2.501637319217927535e-01
2.210286619779093242e-01
1.907950185200671944e-01
1.828180257647951390e-01
1.953248079979282847e-01
2.172297017526597096e-01
-6.660446239629813636e-02
-1.761542182411888202e-01
-2.266247522913548140e-01
-2.472231072383096195e-01
-4.361682123450673632e-01
-6.016108393862904524e-01
-6.182442487039255807e-01
-7.078174089614815978e-01
-1.162781305970646661e+00
-1.460170565431480494e+00
-1.582880765070830975e+00
-1.613144875393213162e+00
-1.666531522283488442e+00
-1.906374875461768204e+00
-2.043192081348513156e+00
-1.995194528766282005e+00
-2.002629398132092398e+00
-1.998293351171571253e+00
-1.984729464736642024e+00
-1.990587252560798603e+00
-2.015559807469936793e+00
-1.990757891261286217e+00
-1.873584165579172955e+00
-2.040644801402657915e+00
-2.079320021514121208e+00
-2.110564940374414444e+00
-2.116686950454103044e+00
-2.137251083771205540e+00
-2.145619079868947843e+00
-2.201782655448834891e+00
-2.239806116914700773e+00
-2.244003949946370202e+00
-2.264410495723387040e+00
-2.261816110290629567e+00
3.442974422515883426e-02
6.965412164252759997e-02
2.798432292937171884e-01
2.798569419327962549e-01
2.914690748542849708e-01
2.965445960742297271e-01
3.233781235929604203e-01
3.359562537715740094e-01
5.630422671662762557e-01
1.280932099625400333e+00
1.674114309355622110e+00
1.669610928594053689e+00
1.654548769336458447e+00
1.623617901266406705e+00
1.900198793333003788e+00
2.266088795423591762e+00
2.275879543257258941e+00
2.313344258262993058e+00
2.346416164847784369e+00
2.381169722211530448e+00
2.472560343497062885e+00
2.529784391238128372e+00
2.556410650053839273e+00
2.583177833428951686e+00
2.605640335105597227e+00
2.621037828594668717e+00
2.637172977151462039e+00
2.700895909803114670e+00
2.702580694442475284e+00
2.678683120598785106e+00
-2.878806973461171120e-02
-2.816536056821111050e-02
-2.734431925231953220e-02
4.237665394513656647e-02
1.092316481013932833e-01
9.519521120555737848e-02
1.007059348873571014e-01
1.380267933321157880e-01
1.280717847459549863e-01
1.079009639152919003e-01
1.084728750359544719e-01
9.133849935602364467e-02
7.779296804907270824e-02
8.107163628922754717e-02
7.165017564434275621e-02
-8.142999709781495454e-03
-5.175484012367694009e-02
-3.077217163861769023e-01
-8.046977553118433990e-01
-1.419775199925798148e+00
-1.772683012708700101e+00
-1.912533499141279236e+00
-1.923940555995036439e+00
-1.928336229804043844e+00
-1.934769397918460143e+00
-1.946594648305749686e+00
-1.956859875097437529e+00
-2.234394153520179671e+00
-2.547236412199616495e+00
-2.601888952911019182e+00
1.127568128063843357e-02
6.704896108250505034e-03
1.636965244428667532e-02
-2.728471495714335920e-02
-7.539986700001941045e-02
-1.438789837938823646e-01
-1.496972986440683606e-01
-1.319924868881887092e-01
-8.360207090000243424e-02
-8.835206626279595854e-02
-1.100687883504255504e-01
-7.505217268609296055e-03
1.661491206855074051e-02
5.098535779141222246e-02
6.153884038068216378e-02
6.428669715124495088e-02
6.065054795735450727e-02
5.897966377983116654e-02
6.763274577351266470e-02
7.425788978575097177e-02
5.991961597666828343e-02
1.697403678706093100e-01
4.332763641107145736e-01
3.872649662302244944e-01
4.078599215415623647e-01
4.565829794728128443e-01
6.301711637876046268e-01
1.151903222435135099e+00
1.352058992099737456e+00
1.533969191072990235e+00
6.794414508011388520e-02
1.885371971407960867e-01
6.731913498597157375e-01
6.807799943942449694e-01
6.463188448069251413e-01
6.662078572484548822e-01
6.806801679396089488e-01
7.428439886184455831e-01
7.350269174832916308e-01
7.406016453784942666e-01
7.517686966195649134e-01
7.838111732210780724e-01
8.579065299900165975e-01
9.211382770176652635e-01
8.737306451205146818e-01
8.695427579726779932e-01
8.654154932089355157e-01
8.435719545617150761e-01
8.218997774949605706e-01
8.882255133158678539e-01
9.757931032038522634e-01
9.767000078041196964e-01
9.850144801879059386e-01
1.013952013494837434e+00
1.039137809354218733e+00
9.947726759596493551e-01
9.853356932255752376e-01
1.060767246736046054e+00
1.057333696102792153e+00
1.035625523223288935e+00
2.696592360568702759e-02
1.004410139727980877e-01
3.799066225947612258e-02
4.001826199214840452e-02
5.849512091320181045e-02
3.632605485986036692e-02
1.967021709002232666e-02
4.210597771729164551e-02
-4.608398970305140063e-02
-6.432736541653184537e-01
-8.321047248808322028e-01
-8.728752454177380882e-01
-1.103190801806648302e+00
-1.527720835911939190e+00
-1.842560455406333508e+00
-2.071187235675623572e+00
-2.145259938125533949e+00
-2.140401110802327533e+00
-2.125710715388981598e+00
-2.215438111726941717e+00
-2.316735966975888239e+00
-2.406114321560332669e+00
-2.458091791252497771e+00
-2.570260772485880363e+00
-2.671051403920863265e+00
-2.644969628191476740e+00
-2.494810463590408034e+00
-2.474909848549868396e+00
-2.508634633774839529e+00
-2.533873230692597289e+00
4.483086187142574369e-02
2.694933258565632705e-01
1.581086343249893944e-01
1.582580955543704260e-01
1.716489798676179290e-01
1.411723572779862990e-01
1.702188592096391673e-01
2.657414055394005103e-01
2.663506173035191660e-01
2.360624507912772174e-01
2.774982418517405458e-01
3.594446161143131646e-01
4.475371229953761798e-01
1.147715859279197170e+00
1.783278412447084627e+00
1.927080091302243892e+00
1.866358424080778233e+00
1.867279026822063148e+00
1.871798296876926893e+00
1.802901665292156341e+00
1.796389480524285931e+00
1.776166885701355502e+00
1.754918592670830391e+00
1.769238803569780805e+00
1.899998370288711103e+00
2.442823500886002641e+00
2.460750636001349800e+00
2.460556946523926758e+00
2.511572021227160612e+00
2.525578000107836729e+00
1.643804437619126799e-02
2.493119202173666241e-02
3.744876773524911939e-02
4.581004211229380840e-03
-2.842093026987920629e-02
-2.493318336203332111e-02
-3.041202613003828048e-02
-8.601567403524004729e-02
-2.320317270407631915e-02
-3.319616951810218375e-03
4.708673798336802940e-03
7.228196561263387429e-03
4.402049250393910707e-02
8.303946726115335464e-02
7.979521765821416535e-02
6.794761091159137734e-02
5.220767730365238890e-02
4.673642047947983852e-02
5.335782849344666845e-02
1.035128589254835085e-01
9.523967698720731123e-02
6.108010640822755799e-02
7.702809637523419517e-02
7.371874924271118457e-02
6.203728729098034744e-02
3.785902530692571155e-02
1.651473980223985491e-02
-1.324148000105036804e-02
-8.956272808200072336e-03
2.527528918316846590e-02
-3.184417133265153837e-03
-1.612076635582018703e-03
7.896848732808139926e-02
1.297488937948119980e-01
8.870357031650848156e-02
4.081098354885430435e-02
3.646974698415225008e-02
4.410138868484692054e-02
4.132786542310610406e-02
1.619065712104643395e-02
3.737557225039846859e-03
1.580957568834290977e-02
3.890886150203912153e-02
6.379789871095443987e-02
3.873296033013277212e-02
3.717206695021754020e-02
1.802782646714727252e-02
-2.805466787591796574e-01
-5.684892903800649044e-01
-6.218793800744086830e-01
-6.394215390611623917e-01
-6.617168945350160314e-01
-6.855777797148185915e-01
-7.422578596966364906e-01
-8.978792776512299900e-01
-8.617037676063895590e-01
-8.366259815559223822e-01
-8.763609245395660441e-01
-9.090458392335103444e-01
-9.500580482663565363e-01
-5.504881549212472525e-01
-7.120474774363105830e-01
-7.094590654571114596e-01
-7.347214722803419029e-01
-7.573264542321552772e-01
-7.952275123265978296e-01
-8.624249829816701407e-01
-1.029262507513998948e+00
-1.272464168229672676e+00
-1.219302776557264822e+00
-1.192964967809474697e+00
-1.178515192819220125e+00
-1.164650454914530231e+00
-1.198888649354945768e+00
-1.341004487017661173e+00
-1.342215116611801706e+00
-1.350679725695252742e+00
-1.335130274965917074e+00
-1.339241570550935956e+00
-1.331932146131705741e+00
-7.114460206406213461e-01
-3.948903942605009876e-01
-4.165151824114679546e-01
-4.396322871441544211e-01
-4.464575419191640360e-01
-4.421927923224787116e-01
-4.333872116998504498e-01
-3.976090766603984084e-01
-3.602472535618166383e-01
-3.404675290968919854e-01
-4.945505788695079077e-03
3.063863210799659953e-01
3.202046821085269834e-01
3.474230878315027193e-01
8.227251501283053825e-01
1.402505819457976477e+00
1.516649661139780836e+00
1.471802925410768736e+00
1.466830772974825559e+00
1.505544647879714759e+00
1.515768810316700188e+00
1.516597382453843013e+00
1.501748340403194826e+00
1.505602023539579282e+00
1.514053229993733929e+00
1.524034052647417203e+00
1.557365375949850916e+00
1.595667427304333863e+00
1.608023082470162457e+00
1.609659005512452667e+00
1.619413548220049126e+00
1.620569047910040528e+00
1.630671168092489021e+00
1.678189412301829053e+00
1.666961454373933726e+00
1.642989667796107778e+00
1.656170632328946901e+00
1.688145416490467232e+00
1.668239325064000633e+00
1.580614401212616205e+00
-2.817985351061189428e-02
-4.339357855085829163e-02
-2.322490244377005755e-02
-1.498920486416102649e-04
7.454308696255079747e-02
1.145292127034382712e-01
1.281327981240250602e-01
4.239769510044832934e-02
-6.840701073730635073e-01
-1.001906794600405215e+00
-9.889224021566942469e-01
-9.944745231711271671e-01
-9.912027655109953983e-01
-1.199154754479174079e+00
-1.407854596191207230e+00
-1.576757614879698677e+00
-1.633291439688457691e+00
-1.667682433131218112e+00
-1.700693668778323397e+00
-1.742249936901795859e+00
-1.944664038518397975e+00
-2.242797524491492389e+00
-2.196326740124446175e+00
-2.195999070629836680e+00
-2.247634063442518482e+00
-2.317843235158156379e+00
-2.259928943282301095e+00
-2.190736654613068879e+00
-2.197475306488208435e+00
-2.186347929240427312e+00
3.513096161939772283e-02
4.184448666317616694e-02
4.166213002430754070e-02
5.118256914699367832e-02
5.970811617039749331e-02
1.787488856142298299e-01
8.638788604755661682e-01
8.627888229489415473e-01
8.597348459916481778e-01
8.773144149734973807e-01
9.926159582380001956e-01
1.008220549008573386e+00
9.650904722362856347e-01
9.748408717499312814e-01
1.055735488561286850e+00
1.090996672162337422e+00
1.118481805295101994e+00
1.714687628963051269e+00
2.125241093833807771e+00
2.398739533931922185e+00
2.373576772656643463e+00
2.367531315851660878e+00
2.361418976405484926e+00
2.368272829528184076e+00
2.360968722162666733e+00
2.352243859673778470e+00
2.347471170438543364e+00
2.378399519556680275e+00
2.411022624240810153e+00
2.407307300034646325e+00
1.128306397066630804e-03
7.931357640642974424e-03
3.605389982092864487e-02
5.221311132072437022e-02
-2.182184556949269827e-01
-2.284942637631696416e-01
-2.313177010044097648e-01
-2.533164887422595934e-01
-2.607490877582877564e-01
-2.747263809344282492e-01
-3.414023778774967210e-01
-3.548294711005574587e-01
-3.767085248001371123e-01
-3.659461796764396091e-01
-2.831338778207924678e-01
-1.656632740654014058e-01
-6.799366937782256315e-01
-1.291917026265845259e+00
-1.455031201566525656e+00
-1.447354875977711508e+00
-1.428411348888839694e+00
-1.434755493192527265e+00
-1.447117094391469294e+00
-1.488277255884297601e+00
-1.585531216588685011e+00
-2.144963898635073640e+00
-2.343524243942373797e+00
-2.362081865610767828e+00
-2.381916894558992581e+00
-2.409476888011560014e+00
9.410989409726655194e-03
6.836025931193624727e-02
1.673154379394937719e-01
1.204098038474556293e-01
8.226234627169466684e-02
5.198260977738738964e-02
-1.778771398043370311e-02
-4.580754494813535360e-02
-3.644771765616222625e-02
-4.034028577097334423e-02
-6.204245504374468478e-02
-2.485604141763091135e-02
-1.275700914871864475e-02
-1.459088428367927293e-02
-1.746478308561353471e-02
-4.438433890303696006e-02
-4.528227950063155871e-02
1.545763800313562086e-01
6.189651263564328598e-01
6.457178616173369079e-01
6.669515200401616717e-01
6.864402275423138189e-01
6.899258711327449500e-01
6.783131032148488337e-01
7.313495027603078569e-01
8.499461341615347498e-01
1.339780872664285916e+00
1.379679399830306741e+00
1.385230985770135925e+00
1.516955479195191359e+00
1.307299092063723134e-01
1.283090860056676774e-01
1.381675812470127829e-01
1.966416700900423531e-01
7.461737875875007475e-01
9.350437373313283951e-01
9.887615595597334384e-01
1.055842141798869260e+00
1.064547335697356711e+00
1.104001912870387514e+00
1.191094864376739171e+00
1.237696666446815641e+00
1.246900964933024714e+00
1.251731277285645705e+00
1.279684057283613008e+00
1.233098996551086790e+00
1.208569809598092570e+00
1.152024883000424493e+00
1.107983631118868439e+00
1.068186258751564477e+00
1.040648326212770147e+00
1.016372623045364909e+00
9.822663819489479975e-01
1.015383769431586813e+00
1.089201851784989517e+00
1.076066793330900939e+00
1.040232345573596451e+00
1.067587980085885180e+00
1.042005453837558937e+00
1.042881788822592970e+00
-9.229573696834119951e-04
-2.505048858732278165e-03
-4.699058347439079991e-03
-1.193215192293634909e-02
-2.236596554729222697e-01
-8.359701682410041190e-01
-9.057189652517735334e-01
-9.529827516103224205e-01
-1.033644177411181975e+00
-1.206058237520103438e+00
-1.424226823952646326e+00
-1.343005685520262782e+00
-1.288399683468887780e+00
-1.355689652442980009e+00
-1.752259529041294339e+00
-2.191470827506476482e+00
-2.251461361615405998e+00
-2.231707878194399086e+00
-2.262309988539373151e+00
-2.293877665127328491e+00
-2.441450795740540247e+00
-2.470773649126083438e+00
-2.497581543341892640e+00
-2.555333633624400580e+00
-2.610332644860462903e+00
-2.632818877969791416e+00
-2.691600230843482322e+00
-2.723719412029428355e+00
-2.636842464522832330e+00
-2.538866827912286350e+00
1.085602891922733161e-02
-3.796606862308971042e-02
-1.068235975093703716e-01
9.293262204182994868e-02
5.851554080365193311e-01
6.485594536609936567e-01
6.347708078257031650e-01
6.145752122961121167e-01
6.278145027962759306e-01
6.893271479240263844e-01
6.965347502490233378e-01
1.146663126358587359e+00
1.151912606310453668e+00
1.154803475055387940e+00
1.165196242788300918e+00
1.369609362257842688e+00
1.518328888002533850e+00
1.565220440825241033e+00
1.581885850454587628e+00
1.582315206612666225e+00
1.587241800431010263e+00
1.748681775553098117e+00
2.337643470289981984e+00
2.377896976007666918e+00
2.421911318981487593e+00
2.433307417747023305e+00
2.582011156896304449e+00
2.602589941437662091e+00
2.603816977674407340e+00
2.569268715119071178e+00
4.910874313645941869e-04
7.470233912453634953e-03
2.689902421382346642e-02
7.395253258366468740e-02
1.236786576924423786e-01
1.590099720250421900e-01
8.361947034583684657e-02
4.554022670938040473e-02
1.345741456346239429e-01
2.207151675784792544e-01
2.518396472214503579e-01
3.128180280552538273e-01
3.798862771095410373e-01
3.787679644163834958e-01
4.487449081050419730e-01
4.350842948200192573e-01
3.128089706359493682e-01
-3.941871599137721782e-01
-8.199996454361524467e-01
-8.716714563646530411e-01
-8.557275169810808491e-01
-8.041426936591379304e-01
-7.767061842652255299e-01
-8.034006669803375189e-01
-8.881960219881390728e-01
-9.247268835296608147e-01
-9.272585217371125399e-01
-9.069894819351177473e-01
-9.153715579843428873e-01
-9.161288173964943216e-01
3.611815813918084483e-02
6.756856568284141940e-02
-4.701978575767111757e-01
-9.313140624282433278e-01
-1.064363944389216110e+00
-1.086363313232380445e+00
-1.157718473340357379e+00
-1.282125143637172116e+00
-1.334763598406919716e+00
-1.352937282707921574e+00
-1.353523441617933809e+00
-1.302589760062984992e+00
-1.310802806120405117e+00
-1.316494860006500289e+00
-1.242464765939213844e+00
-1.149169983679324991e+00
-1.205993564721253186e+00
-1.607533286231944691e+00
-1.557745749807449842e+00
-1.368776989250787945e+00
-1.246965466995852978e+00
-1.283210142689300781e+00
-1.242396383689474693e+00
-1.244015613608383086e+00
-1.252286319218981481e+00
-1.237610747877853745e+00
-1.197457631512479193e+00
-9.505155141349648229e-01
-5.607051394937248023e-01
-5.310812644415691119e-01
4.508476917610712217e-03
5.247672169798788672e-02
1.808732470029751627e-01
6.483104941482814576e-01
1.130681232850173412e+00
1.335197444330637584e+00
1.282688595521057184e+00
1.268646771475161250e+00
1.264185319793720064e+00
1.390039276225880194e+00
1.706260070972628107e+00
1.658142453578279163e+00
1.593585379050808770e+00
1.604453590328092982e+00
1.637301635800038291e+00
1.728485133518096406e+00
1.842985190057322864e+00
1.804697851032721401e+00
1.811335273914022492e+00
1.810651857743557747e+00
1.868753701123985866e+00
1.879095978805428224e+00
1.722716238662374222e+00
1.637547255460108264e+00
1.712697734650616921e+00
1.744215932503350608e+00
1.669084194340631599e+00
1.645993636316036346e+00
1.682818059678779843e+00
1.677429905752340078e+00
-1.211850607399255451e-03
4.413905449353209415e-02
5.170002702295829061e-02
6.098977104660392723e-02
7.781862285186982864e-02
1.269903971141510268e-02
-3.501073291455107650e-02
-6.231212692867998948e-02
-4.988628238159950601e-02
-1.135156956107667148e-01
-7.164090148344836040e-01
-9.893988579359310753e-01
-9.897309557703872773e-01
-9.457985425075061681e-01
-9.314389951709077797e-01
-1.124759700473376256e+00
-1.362439871062015806e+00
-1.360786348814097213e+00
-1.379064401967065479e+00
-1.463755850950436255e+00
-1.993771299248647155e+00
-2.256042335535146659e+00
-2.258887435986492331e+00
-2.265189474372915512e+00
-2.295661575873219729e+00
-2.360498094006877157e+00
-2.439878595308143439e+00
-2.158009348967652841e+00
-2.042458430873788089e+00
-2.168506748074239709e+00
-6.196499619195371122e-02
2.770181730115185703e-02
-3.961150285416194239e-03
-1.133022806555011031e-01
-1.593546856758311092e-01
-3.158862389659448655e-01
-3.565564896539023532e-01
-3.011178664683101802e-01
1.180869783630824621e-01
1.435349267272724161e-01
2.283981867279318012e-01
2.394753377569084074e-01
2.436019503570411582e-01
2.556274178939587638e-01
3.256717692348344295e-01
3.295639161629764780e-01
3.396331695719996824e-01
4.904499258221358682e-01
1.080936205841598330e+00
1.085540161038640150e+00
1.088521502589209655e+00
1.089554055950720635e+00
1.417283863565575563e+00
1.605251521078932431e+00
1.578253214243437341e+00
1.541600903582724724e+00
1.600968036571525310e+00
1.862523633911349785e+00
2.290716556413736171e+00
2.273966297771719880e+00
3.772430411374425030e-02
6.485107081782470750e-02
1.163240734599039067e-01
1.314684789568957290e-01
1.905395685483277091e-01
2.024742983537980157e-01
2.657410451178877642e-01
2.665245853383275132e-01
2.230209053200762903e-01
1.679029155677333462e-01
1.663073945534698783e-01
1.431866706745771600e-01
6.566068964477614345e-02
1.261322330406943748e-01
1.980660660879258739e-01
1.684884530915969902e-01
1.500925398658477794e-01
1.576698062221389418e-01
2.036796272662144136e-01
2.271447394368273920e-01
2.514072825672168388e-01
1.898409756938343740e-01
1.269317510243836988e-01
8.115159223857287829e-02
7.812719274176439799e-02
8.038362147672918623e-02
6.601161060258327329e-02
5.194549875747561662e-02
4.736986138155389187e-02
-8.863021513824814734e-04
-2.145172825086246945e-02
-5.230335741587170961e-01
-9.185644131959738168e-01
-1.054912412210137651e+00
-1.102899075238352511e+00
-1.161968906891905240e+00
-1.473803837750257140e+00
-1.592562662631255010e+00
-1.669937058553745191e+00
-1.819446353673016992e+00
-2.008998630798291440e+00
-2.078042830101773042e+00
-2.099440826966469054e+00
-2.160853016812180893e+00
-2.205070311218133572e+00
-2.233329021875835707e+00
-2.307494810065108481e+00
-2.313220271451380761e+00
-2.261875137490893639e+00
-2.219793835169519891e+00
-2.280245570034886704e+00
-2.318805212174102515e+00
-2.302549020680732195e+00
-2.112114138842213329e+00
-2.049424280622270444e+00
-2.026276289748354387e+00
-2.035634947165289699e+00
-2.077481896596778288e+00
-2.096832444078278179e+00
-2.086026347660272506e+00
6.394353152712028109e-03
-1.526543229430703946e-02
-5.744267913708703266e-02
-4.867664199201034159e-02
8.190270892972963124e-02
7.523497074236661364e-01
1.263994669799075155e+00
1.321218254850329288e+00
1.309003045306364355e+00
1.306906257041287933e+00
1.337095644956339369e+00
1.373488027868544847e+00
1.754566538780546692e+00
2.321616110265551924e+00
2.416003419505043492e+00
2.407909279578747785e+00
2.403246050610735374e+00
2.376351577465619869e+00
2.305260031244541707e+00
2.170575549767179258e+00
2.181020629023746160e+00
2.200002445877836443e+00
2.221917739282039950e+00
2.297312984118413226e+00
2.332558030884191336e+00
2.334977729076159747e+00
2.322358000746317153e+00
2.393988782845767549e+00
2.419587337396449378e+00
2.437336186604133648e+00
2.533330856455387123e-02
4.847449403537675700e-02
5.669089541795020726e-02
5.148384978870431533e-02
3.460837722172842301e-02
-1.699369805932764849e-02
-4.336685452695779319e-02
-8.170223614540758628e-02
-9.953554121802742072e-02
-1.164036733803418405e-01
-4.952076005676787906e-02
4.176471361611179545e-02
2.609827033241384278e-02
2.062550868085993513e-02
6.782131377897726576e-02
-1.701413437089243086e-01
-4.023370879879479278e-01
-4.144944367639791238e-01
-7.353718222012610717e-01
-1.222052533140713493e+00
-1.365799889978838610e+00
-1.421681335950689018e+00
-1.589725419766152781e+00
-1.792313388480143210e+00
-1.860897223082350838e+00
-1.887606426657278735e+00
-1.858061661523640495e+00
-1.834491525272997414e+00
-1.829424326680336499e+00
-1.879024682039709626e+00
1.725350893688614492e-03
1.632760819776979400e-02
2.502208678972550268e-02
-2.053450616897898318e-01
-2.896388459763038492e-01
-3.138023003882302597e-01
-3.548065720287290059e-01
-3.673481732317734894e-01
-3.954902121440604934e-01
-4.283356043879663622e-01
-4.652395585118558330e-01
-4.981638315278527074e-01
-5.500787436171121758e-01
-4.977099964402866838e-01
-4.118922854736480899e-01
-3.692834427219661153e-01
-4.005066591983511559e-01
-4.378082960150696534e-01
-4.114967249647456526e-01
8.970672440135252224e-02
1.275606724441787632e-01
1.129306508036145573e-01
1.046269415936622038e-01
9.147266698466394175e-02
9.241726346389145252e-02
4.414920395565061217e-01
7.298055348075068727e-01
7.230650973901785461e-01
7.157452434543193354e-01
7.133039305602794089e-01
1.527780045965202588e-02
5.778204605927353410e-02
9.203074663592633597e-02
8.541012382056550889e-02
1.894620251197640659e-01
8.648746676543255241e-01
1.118716258200781910e+00
1.148306915228890057e+00
1.149275055114676647e+00
1.148965571566176402e+00
1.147438214367213272e+00
1.293820776406677586e+00
1.297565922381866299e+00
1.295229360444350331e+00
1.294177606383130952e+00
1.303811245417012543e+00
1.295657216221801411e+00
1.296973839881502499e+00
1.368897161978719135e+00
1.421512863608194399e+00
1.439334951686874309e+00
1.433865990768282694e+00
1.433834283818460120e+00
1.443230652346871423e+00
1.474134127352445311e+00
1.546689928128026414e+00
1.566220516929108797e+00
1.563946619333701937e+00
1.533623883224566997e+00
1.524536837671819356e+00
-9.673052250043605305e-03
-2.240855023559502196e-02
-4.580425842736932790e-02
-5.468507755226820199e-02
-6.101067266456710464e-02
-6.780911196100715410e-02
-5.043924512382302883e-02
3.242085248861728553e-03
2.515275565612536471e-02
5.428017396634536584e-02
9.932017415552850392e-02
1.049586639781289188e-01
8.019985925608379140e-02
7.600449864428965308e-02
8.895883363981900438e-02
8.621641090353129866e-02
7.719070486620155380e-02
8.010672676127385261e-02
6.457155611215562030e-02
-4.467179454402426808e-01
-1.033276548505853487e+00
-1.115276437760197581e+00
-1.128663878513805674e+00
-1.139240728998288876e+00
-1.147565669699128765e+00
-1.544718516373335238e+00
-1.781228055475454930e+00
-1.752250090321352038e+00
-1.734974471650940098e+00
-1.750182483410793299e+00
-1.604517622612516500e-02
4.210514813545421231e-02
-6.282849338362492264e-02
-6.185401638263150481e-01
-7.459243782436977277e-01
-7.689620372697447692e-01
-8.121107284773479984e-01
-8.723937347924739516e-01
-9.069546347114333384e-01
-1.048969674960152476e+00
-1.018871876919692498e+00
-9.687421332905676863e-01
-9.698060055274015934e-01
-9.820648529577102881e-01
-9.727036295942110833e-01
-9.558205865299833626e-01
-9.447729649225495852e-01
-9.285725002660913940e-01
-9.064554953665171499e-01
-8.763484785530213372e-01
-1.686233726452257553e-01
1.450264767023970447e-02
4.137185171535426309e-03
-2.588348831745643577e-02
-4.692212693230917581e-02
-6.837596852728625163e-02
-9.116565295430509308e-02
-9.099083281604609941e-02
-4.001025586572153764e-02
-2.482898085045546696e-02
2.719161856952666267e-02
6.671685127438510277e-01
1.416382643901838101e+00
1.616094573615110663e+00
1.645189467461760202e+00
1.676328412065043461e+00
1.688207173442644704e+00
1.815396784852487677e+00
1.902385683798344607e+00
1.893365533488167385e+00
1.863864399519687298e+00
1.855733613568450124e+00
1.852616376469834458e+00
1.843142586290794860e+00
1.866722748157896072e+00
1.938523727817588194e+00
1.980582162707057226e+00
2.018294272444106419e+00
2.011308300772117530e+00
2.004858169028239434e+00
2.008741536445044495e+00
2.054692380324148360e+00
2.052257751194966673e+00
2.026710829287072801e+00
1.999632906030440527e+00
2.001427357590876088e+00
1.996899898152840969e+00
1.998424813243607989e+00
1.993571945220309782e+00
1.958151548246217066e+00
-8.514546459572258294e-03
-1.121599779092779213e-02
3.164099034323273468e-04
5.460162555683481522e-02
5.261685966698260997e-02
3.555004230471454918e-03
1.592409352451184396e-02
3.218506971323342042e-02
5.436341092610096765e-02
-5.236582674176792906e-01
-9.766354581900094090e-01
-1.083235130140969504e+00
-1.109528064611944975e+00
-1.129278927666792498e+00
-1.153487213001374689e+00
-1.676324500787452543e+00
-1.975773034811346918e+00
-2.106308240204988191e+00
-2.118758634011103315e+00
-2.145739917792722107e+00
-2.130286758436320316e+00
-2.140616043182232975e+00
-2.341875939554532327e+00
-2.486457110731500553e+00
-2.443814454630796273e+00
-2.418071166918738246e+00
-2.333614855570913971e+00
-2.332617451810366838e+00
-2.321700122273584022e+00
-2.328974254933720012e+00
-6.512434404901042140e-02
-7.894205197437387245e-02
-9.374547766520884007e-02
-1.205198079787447862e-01
-1.351338439997545604e-01
3.436043597070740363e-01
3.545522109571502822e-01
3.542086940251074068e-01
3.582009574211593161e-01
3.610066622138332626e-01
3.614276054671621274e-01
3.776676059712884559e-01
4.041094026823272012e-01
4.229446355573442395e-01
4.436944167651120652e-01
8.266019725660682660e-01
1.404457039488065551e+00
1.629437244560146603e+00
1.626528104049844492e+00
1.613842122814669100e+00
1.620457316967462758e+00
2.119878718769693027e+00
2.359498940342827034e+00
2.300269248540978584e+00
2.359533945345686057e+00
2.423051939062811577e+00
2.393854084393803650e+00
2.339988924094393408e+00
2.364462209855693775e+00
2.423803383296632585e+00
4.184514086188231147e-02
6.034702200260157190e-02
8.318438312838198623e-02
7.874819615271078099e-02
7.059999866521367295e-02
2.978486854512130133e-02
3.168923078373023922e-02
2.314185513552102780e-02
1.139435220450970253e-02
8.453231923136305531e-03
5.560052910512579619e-03
6.884352005071434077e-02
9.615693602782544869e-02
1.200913674215614985e-01
1.065539572855821876e-01
2.943020714527760928e-02
-7.313288920247923430e-02
-6.358829324422141105e-02
-6.310120757576034856e-02
-6.227111183480971146e-02
-6.829657661917236389e-02
-7.916395051303358465e-02
-7.781974000698145544e-02
-7.804629459803562319e-02
-7.979868500723848179e-02
-8.561580371585869598e-02
-4.202130251035510744e-01
-7.552429477007771563e-01
-7.128917223113493407e-01
-6.700886154878856749e-01
-1.969922667131029578e-02
-2.364023454533535074e-01
-8.376617450522552133e-01
-1.075593166234986020e+00
-1.119130222568239796e+00
-1.247219336918349519e+00
-1.345226477662888609e+00
-1.422449185053917597e+00
-1.424185972784534959e+00
-1.464286640975591025e+00
-1.498600189531833493e+00
-1.549503856271944091e+00
-1.658668703869908834e+00
-1.672092133908636535e+00
-1.686981605292708242e+00
-1.655371221278939986e+00
-1.608453177024493863e+00
-1.695559775697809579e+00
-1.775129094900486093e+00
-1.800539887355241842e+00
-1.757727410007701385e+00
-1.782662651551144339e+00
-1.791770687297061349e+00
-1.801864073732437399e+00
-1.811808299613555384e+00
-1.778076934599262637e+00
-1.792526190823614973e+00
-1.870351531043183524e+00
-1.944394460016441117e+00
-1.930208853576031558e+00
5.837204743468320522e-01
1.162813926709504564e+00
1.236747547811324788e+00
1.323828220040672576e+00
1.370080260559348062e+00
1.412830572425064490e+00
1.472799760221634280e+00
1.748267968985282250e+00
2.404108719822787954e+00
2.628008845731251597e+00
2.636424198292797172e+00
2.653754483385244445e+00
2.671363197562370839e+00
2.686412594081805771e+00
2.636891770559320225e+00
2.714802328607976101e+00
2.721421807796010395e+00
2.738460455159007267e+00
2.776721840221016979e+00
2.786473748005342088e+00
2.811265034334923030e+00
2.813974030836036810e+00
2.796858764081227022e+00
2.811071652924764130e+00
2.853718142971001903e+00
2.817859699090428549e+00
2.802405887045744226e+00
2.803101079116143701e+00
2.801777466935838401e+00
2.773730778771735572e+00
-3.299772446125465858e-02
-6.925208873245883301e-02
-9.111590139841665992e-02
-1.139910601199538853e-01
-1.306389022216067064e-01
-1.607672588148535420e-01
-9.890228276165644039e-02
-2.549395768938512996e-02
-1.618075243087511300e-02
-7.546550014921818428e-02
-6.503076620538397745e-02
-5.556136320118235106e-02
-3.321532756303983147e-01
-6.995207806407179874e-01
-1.105743046849033684e+00
-1.288793721096169076e+00
-1.324123897740767219e+00
-1.250555906176705534e+00
-1.180551312738288949e+00
-1.203639145772728680e+00
-1.267904969858696385e+00
-1.295425749979598695e+00
-1.334325671032686511e+00
-1.294293778070391143e+00
-1.241852717456324307e+00
-1.249000556306560483e+00
-1.516833878554837645e+00
-1.639703485782158632e+00
-1.616471442302866324e+00
-1.617719515830537080e+00
4.080763179735224372e-03
-3.620797313605800261e-02
-1.211856482476574848e-01
-2.066093860663990867e-01
-3.199406875421778040e-01
-3.072801674303491382e-01
-3.020939570204523306e-01
-3.661214722944807765e-01
-5.355134191071804217e-01
-5.708036192999774716e-01
-5.772043354437734752e-01
-6.420662266222285641e-01
-4.709564146497068338e-01
-5.534904805655216364e-02
3.379235733372781825e-01
2.292043652807818632e-01
3.400668530953467883e-01
6.668236222323736806e-01
6.822739911980650884e-01
7.353202795460509478e-01
7.289554932289246114e-01
7.119972078047015485e-01
5.420651980799633396e-01
4.239833632938079244e-01
1.032375170090373828e+00
1.696226861792733853e+00
1.480428233720669118e+00
1.221780720601411740e+00
1.268172109917855117e+00
1.553692012887549767e+00
3.882276063933351451e-01
9.589372227752235300e-01
1.207487929557671258e+00
1.366402989265170786e+00
1.533336434028294892e+00
1.237271445154175975e+00
8.905144475229265222e-01
4.219607446799739647e-01
-5.366595829344850133e-02
-3.504809588130565201e-01
-2.944946255952750613e-01
-1.995335858618575431e-01
-2.004404461118162728e-01
-1.577256013442920601e-01
-2.574153726554623267e-01
-5.668254825153251630e-01
-5.467097791265560502e-01
-3.123347748820173853e-01
-1.764276147625941649e-01
7.604682532252737825e-02
1.812651669341005800e-01
3.309529100661043888e-01
-3.298803533560545898e-03
-9.952853609005918312e-01
-1.716304989267800396e+00
-1.926111832659180845e+00
-3.351108509217704423e+00
-4.673632543174568887e+00
-5.151934728707141531e+00
-5.632940425269120865e+00
-3.071060945381970386e-01
-4.620239848593626908e-01
-7.649037133819223122e-01
-9.581597343862303662e-01
-1.013941250825743268e+00
-1.177626428270688752e+00
-1.456077356410960810e+00
-1.624735056632784502e+00
-1.719531560184850205e+00
-1.783320063182582071e+00
-1.923139882349558460e+00
-2.141035049447052696e+00
-2.361776396619530427e+00
-2.611973537024007808e+00
-2.680747179184950202e+00
-2.769659138366904916e+00
-2.827556571809738184e+00
-2.825503934549432827e+00
-2.844107205681444928e+00
-2.662342571061244278e+00
-2.381092793679201236e+00
-1.779139424084947851e+00
-1.665459254553830037e+00
-1.272786695295378800e+00
-1.337237113010561806e+00
-1.709199995431464947e+00
-1.674901035378559389e+00
-1.430569404401531131e+00
-1.380351309622297240e+00
-1.291241738455277455e+00
2.191681241461070351e-01
6.713729345855294905e-01
1.586296336939672535e+00
1.977356759440473066e+00
2.130459112103002095e+00
2.316634040990728227e+00
2.627339085751603243e+00
2.926993565920266605e+00
3.033455611871094693e+00
3.112529432046478473e+00
3.104688243230685707e+00
3.089659232042798021e+00
3.229862632586898652e+00
3.247812873301117342e+00
3.169058252435655199e+00
3.226219098035242983e+00
3.243698506946426363e+00
3.274262695793016764e+00
3.505705033826262085e+00
3.625455430115712030e+00
3.611063554274766663e+00
3.534228458527784333e+00
3.559528327361924038e+00
3.675745387689313137e+00
3.750942236147087883e+00
3.738707830549608868e+00
3.785623441448886961e+00
3.851387964145176923e+00
3.906613935736569232e+00
3.919776709528295822e+00
-1.764754942681169211e-02
-6.035160289748120466e-02
-1.436833735174899984e-01
-2.228853343592752667e-01
-2.815297830515610666e-01
-3.121413585006925229e-01
-3.686570351849740024e-01
-1.039841219651863602e+00
-1.600358350780386907e+00
-1.836211681604150270e+00
-1.874660038556315911e+00
-1.935707072041286558e+00
-1.967904189226638456e+00
-2.317094986332073780e+00
-2.569166565934177804e+00
-2.573716575870540257e+00
-2.585324830082593728e+00
-2.597518803709632618e+00
-2.565570243776253090e+00
-2.602668827284747799e+00
-2.612151603326497096e+00
-2.726595412222072135e+00
-2.898439759889894329e+00
-3.066037301450615704e+00
-3.100514559328599873e+00
-3.059148278347813665e+00
-2.966015050155884403e+00
-3.002720936187365464e+00
-3.012917375771670070e+00
-2.886585390240617777e+00
9.360054164377176744e-02
1.735392541251521981e-01
2.200033037912872413e-01
3.205909671506633196e-01
3.187968118748075175e-01
3.389287268955230026e-01
3.617981046158911806e-01
5.886555301752091074e-01
4.869987628655725875e-01
4.363251354831423345e-01
3.823417541233661843e-01
3.627343017782562740e-01
