2.743359184057553857e-01
4.443949966050319000e-01
5.221430183758010157e-01
4.922135447720545343e-01
2.786419430039341893e-01
7.688725848631194904e-02
-1.393147360080738972e-02
-2.120176659630662944e-02
3.314112019871716386e-03
1.222935408158942472e-01
1.593269457594740923e-01
2.225130054275792635e-01
2.500555857662877246e-01
2.544612941098777226e-01
2.317763837761392387e-01
1.575045332827362810e-01
1.188886225268635244e-01
8.816592401648176702e-02
5.965758331442787277e-02
7.912469029536423060e-02
1.072821533717037423e-02
-3.257567010314363354e-01
-3.921979217592074796e-01
1.784077182434877229e-01
5.783890574204086921e-01
6.355077364857757427e-01
7.080950102420253689e-01
8.144791969749711757e-01
9.407318188290120231e-01
1.374564495071466663e-01
4.337806804070521993e-01
4.171899021801877550e-01
3.243913283754364385e-01
2.012091681296086787e-01
8.155364680290350110e-02
1.031346740535082768e-01
3.307801425347957625e-01
5.267333589085435586e-01
5.444225161782390021e-01
5.924378452982372867e-01
7.343736826785486338e-01
8.400147033265200625e-01
8.974899335053061478e-01
9.902152170188421865e-01
9.974235822358770154e-01
1.007004110109420481e+00
1.014042375595356926e+00
1.012541803636873849e+00
1.004099235704927429e+00
8.839412363261242023e-01
7.605358212061570367e-01
6.858932747518433626e-01
7.452982174190037057e-01
8.462378702377653106e-01
9.233823646702647991e-01
9.400727819175195288e-01
9.608702230044434689e-01
9.707338256330871884e-01
4.679797653413801939e-01
-4.358571880060677639e-01
-4.395443541444296054e-01
-4.389362971149039505e-01
-4.390150724009908023e-01
-4.276031528093412470e-01
-4.363415117049735947e-01
-5.527447243928803600e-01
-6.889558693520105859e-01
-7.583903342218872856e-01
-8.205949579988967013e-01
-8.201890906350313148e-01
-1.258111804900829966e+00
-1.734241182362242117e+00
-1.998131489425081675e+00
-1.989712270881559553e+00
-1.878960503988025055e+00
-1.716234354321636513e+00
-1.673078260405647999e+00
-1.663632688642762814e+00
-1.666447143656836438e+00
-1.654727236795332290e+00
-1.650132183535889530e+00
-1.642209172788440918e+00
-1.720061190950715080e+00
-1.961198164794242915e+00
-2.063414492498416575e+00
-2.121992755471081793e+00
-1.955032073535854842e+00
-1.553685688807574738e+00
-1.417811274151953072e+00
-5.043302461542154003e-02
-1.094181554829928571e-01
-8.041221595636438568e-02
1.161454944061500461e-02
6.625175021052054358e-02
7.425120400180842961e-02
8.343746912001064053e-02
8.178065009729122703e-02
8.965143595668843834e-02
9.116281347454172068e-02
8.220278161930731631e-02
-3.826991845947351478e-02
-1.601022779458895484e-01
-1.563409035025816740e-01
-8.116343248551596834e-02
6.191232993328438239e-03
6.549171693934038863e-02
-2.540298509258416548e-02
-6.099395103603653251e-02
-1.407292264167857992e-02
1.156539327014370622e-01
2.358952824776497370e-01
2.984871066957573982e-01
3.650184597214292115e-01
3.852092191565666957e-01
4.071022099841204445e-01
3.786502624638498071e-01
3.259525215337762405e-01
2.726545980163727623e-01
1.488151860759338030e-01
-3.453550659396106143e-02
-4.387631642606418941e-02
4.067680392629648839e-02
1.359822284344746057e-01
5.188438494682905411e-01
5.236168368086955294e-01
4.952772193386211774e-01
5.574145875610834189e-01
6.313305506476188933e-01
6.472850942901311466e-01
6.644286932023257819e-01
6.563167800376288330e-01
6.474612011575335835e-01
1.053377716949507770e+00
1.110473409204756123e+00
1.041796160241787783e+00
8.792894207179550170e-01
8.567810273271420085e-01
8.483487829935039137e-01
1.037458207746344119e+00
1.111555944645116645e+00
1.100380305628994915e+00
1.086655784117945833e+00
1.115045074885048448e+00
1.569186123532730015e+00
1.636954466898012273e+00
1.645972950211842534e+00
1.666542461668533592e+00
1.706376399019742696e+00
1.776963094369916396e+00
5.015774538358547252e-01
5.271632380656319228e-01
4.273776251749331068e-01
4.024075252537981373e-01
3.850643354183152511e-01
3.815387971278864643e-01
3.700939129250710447e-01
4.254037223000176060e-01
4.806973454834988502e-01
5.950612788893263616e-01
5.816918296077652206e-01
5.948094244117624330e-01
6.245720292685981168e-01
6.547125598123225698e-01
7.084031688641012625e-01
7.199387422507507184e-01
7.256215968293924234e-01
7.311803060341850458e-01
7.269788950878819378e-01
7.091570310645126662e-01
6.487790938522026707e-01
4.778891251853397137e-01
4.377336130675332226e-01
4.097519549378131343e-01
5.244390374819057898e-01
6.164501154392397764e-01
5.971177121743302951e-01
5.829094502410085976e-01
6.364211245746452805e-01
7.516270295921804179e-01
1.980817712101253306e-02
5.121158390905254654e-02
4.459111910113400939e-02
2.033791375656367195e-02
5.834834455391641611e-03
-3.035804031508391662e-02
-4.182423140567916031e-02
-7.966474859992972446e-02
-1.828868994792735569e-01
-2.265043668563934132e-01
-2.376713308117139878e-01
-5.216179422220708073e-01
-5.869650649516846563e-01
-5.578672032895848343e-01
-5.942113173203990018e-01
-6.115574507127655712e-01
-5.793291926478306708e-01
-4.436824874539843089e-01
-4.412768592964280701e-01
-4.504829673904266474e-01
-4.692213276060612226e-01
-4.952901249618641977e-01
-4.975504352638183692e-01
-4.967649713659776922e-01
-8.225475730399622876e-01
-1.574880694092766431e+00
-1.969669093705987528e+00
-1.980195437152083349e+00
-1.885796830155227921e+00
-1.802319431612976031e+00
3.133746343837585935e-02
2.283716523119177361e-02
7.710530671653805651e-03
1.701864959825391543e-02
3.281878009434886778e-02
4.176362727743425374e-02
3.677577766140181781e-02
-2.615775593376083452e-01
-2.957595427063535176e-01
-3.081155816830196126e-01
-3.313790387036719132e-01
-3.719521791474102446e-01
-4.903525609419153164e-01
-5.331725974261993795e-01
-5.713165010371019648e-01
-5.473590796033983574e-01
-5.012582671971194115e-01
-7.259526060042470474e-01
-7.700490555417597305e-01
-7.734816178498207240e-01
-7.553200411480864851e-01
-7.302159736490678732e-01
-7.274641498198103351e-01
-7.377526890826271444e-01
-7.585392840513183188e-01
-7.756362882450458240e-01
-8.047908084099786308e-01
-8.270354751552778660e-01
-9.386634065512358127e-01
-1.039628167757525201e+00
-4.138938130646217795e-02
-6.902170372544777499e-02
-7.564384133251632336e-02
-3.699928779427458930e-02
8.837870681323432842e-03
3.289272745862135278e-02
4.604759512354314466e-02
2.124560315017752499e-01
2.522311631044911184e-01
2.618130739388688788e-01
2.639843532341562549e-01
2.541991672433180360e-01
2.391114403822104106e-01
2.253885989241791454e-01
2.128406034700717486e-01
1.893981240121308252e-01
1.317631602805355018e-01
1.722116508499782483e-01
2.323018230673053186e-01
3.686256107960655393e-01
5.326204977412061226e-01
5.465222677199786938e-01
5.073779543329857145e-01
3.675390287177286996e-01
7.280480038656467201e-01
9.009765997447842789e-01
8.804461451997253052e-01
8.814648626522151309e-01
9.058525261453322930e-01
9.181140634067473938e-01
6.712358962218506475e-02
4.192163557142508101e-01
3.723400437650526418e-01
2.783864916334354844e-01
2.083993791683233232e-01
2.138173566273780246e-01
3.784228585315051463e-01
5.273887393483530639e-01
5.219012238577165341e-01
7.031921592139255273e-01
1.145281241692649665e+00
1.179708174215796657e+00
1.200188993732212772e+00
1.211550721090110416e+00
1.272873181155682376e+00
1.306677660724783863e+00
1.330885878502007236e+00
1.335574659399027864e+00
1.309046472734809230e+00
1.224638707970207685e+00
1.149044125014514917e+00
1.299154461956913309e+00
1.432301194576099723e+00
1.548304112927437970e+00
1.614989231958736449e+00
1.614917993926249906e+00
1.618241259260891018e+00
1.720866876161115888e+00
1.776391019203366950e+00
1.813294069284933530e+00
1.293014506655032758e-01
1.307812642523138447e-01
1.254171197195671772e-01
8.370036131322565465e-02
7.580788111416189579e-02
2.373272956296888780e-02
-9.131109555386482390e-02
-1.256973003882707052e-01
-1.402270405804656450e-01
-6.531086336245583990e-02
1.351340501004007211e-02
1.313307209432108547e-01
1.224994043237739860e-01
6.182480162954553937e-02
9.662669729057583867e-03
2.707088252515859814e-02
4.017215531640239840e-02
5.037111963006959958e-02
5.555070855459176560e-02
4.927190966774441794e-02
4.139611888417182861e-02
-4.084442691957189397e-02
-1.547765922676082317e-01
-2.324379566947520903e-01
-2.710958043814211127e-01
-2.708336379600109756e-01
-7.679361016061639900e-01
-1.102293218843594325e+00
-9.731622954298264627e-01
-9.393003784899280895e-01
-6.193634911828571621e-02
-8.075350253881120877e-02
-7.090574459560078369e-02
-4.523726581616527992e-02
4.533431528784145209e-02
6.642920160265808338e-02
1.828591700258010710e-01
1.610517004997354118e-01
1.778878040390906579e-01
1.837013140795608068e-01
-4.433554605342959754e-02
-3.087676384603154633e-01
-3.326472864114832229e-01
-3.587912808829775702e-01
-3.051595222468934665e-01
-1.594033904234060106e-01
-2.108593501651114532e-01
-3.889745442870683467e-01
-4.463348316647385849e-01
-4.802540293481019629e-01
-4.757189359093218495e-01
-4.466015251525231600e-01
-4.344850461443118261e-01
-7.033159859261816083e-01
-8.374713180268674728e-01
-8.317926351838219601e-01
-8.389136081935941736e-01
-8.852758713605313190e-01
-9.523789205527213308e-01
-1.007382490674198383e+00
-4.648637464024100996e-02
-1.015079211895285188e-01
-9.160399892771262098e-02
2.338301771214294777e-02
5.041271211025912663e-02
-7.396136450930221318e-03
-6.898853935849530439e-02
4.945761884777988282e-02
9.012890603804397938e-02
1.204820913759607898e-01
1.122398559442562005e-01
9.333159686777092734e-02
1.025965091634011006e-01
1.104441427432305556e-01
9.142731127590676687e-02
4.418178585267386327e-02
9.886150575720911715e-04
-1.621342487835293264e-02
-3.602273436785811966e-02
-5.944768180757316334e-02
-3.144500940555999824e-02
6.482380339308847772e-02
6.420818265027408711e-02
1.365185834094423400e-03
-5.556233695456700566e-02
-4.550107104991049645e-02
8.703248898216442431e-02
2.827201478871094742e-01
3.257075387346203832e-01
4.299800278660004249e-01
6.420741643971748791e-02
4.726313296112794049e-02
2.704683155936269956e-01
2.547723523560950221e-01
1.384137848247265490e-01
7.497767710397129637e-02
4.684186029058784451e-02
1.513210280189912493e-01
2.327496127294242656e-01
3.183382017009967480e-01
4.017757794105165647e-01
6.685606045304480771e-01
7.178130682395336137e-01
7.855448335454622288e-01
8.538762645018559416e-01
9.162858051007742866e-01
9.317363945400717329e-01
9.652671281200096987e-01
1.351262787514859509e+00
1.558628122818288997e+00
1.482792088899189009e+00
1.411974943633895307e+00
1.321124569278496974e+00
1.296427890510323255e+00
1.310350766127485356e+00
1.413954139820928324e+00
1.475630806981562460e+00
1.466756422849119001e+00
1.441153820534943009e+00
1.457098851498857206e+00
4.633321461507188682e-02
1.074698958379985692e-01
1.239450547808595565e-01
1.335809350987873512e-01
1.451012840731012721e-01
1.448319442124972878e-01
1.524437401249444934e-01
5.174522593888344346e-01
4.992670678139736196e-01
4.084357916565067304e-01
3.414210645192853888e-01
3.162126708777562856e-01
4.274301980251516975e-01
6.482961691806971016e-01
6.522658961978299308e-01
6.046494067204839507e-01
5.744648063970103635e-01
5.894524030246615087e-01
6.699221739147417365e-01
6.740269797048764611e-01
6.932838344725710256e-01
6.622667993135357145e-01
6.127808606001683422e-01
5.716699658631260172e-01
5.347993276453085754e-01
4.724769798796536469e-01
3.967488621294549267e-01
3.432829379026510197e-01
3.289531059147025038e-01
3.868021612139853627e-01
1.090372267466236805e-01
2.150265244709378964e-01
1.775297288026141673e-01
1.276065511642278105e-01
1.527915257047067765e-01
2.560341234537383270e-01
3.899326875606803355e-01
2.879016536969984386e-01
2.693621257429884008e-01
2.417551563137524118e-01
2.334182673206551262e-01
2.514371218896589433e-01
2.175742053691581690e-01
6.685400459793550132e-02
-4.784552157036038866e-01
-9.693478908127139970e-01
-9.918274033819984847e-01
-8.288123852249158485e-01
-7.183017025921054621e-01
-7.233778419984183694e-01
-7.454767317829152917e-01
-7.504929870231161759e-01
-7.222717865968762974e-01
-8.072997809907045408e-01
-1.224931116042269341e+00
-1.308463790197878396e+00
-1.311909939287123406e+00
-1.319023739586474342e+00
-1.373450043522729924e+00
-1.603151480129507256e+00
-1.929077637942993861e-01
-2.434617130945357921e-01
-2.880473547011026536e-01
-3.140488833383884293e-01
-2.777353451783646787e-01
-1.812774604747710572e-01
-1.212436122277277123e-01
-1.268435042699158355e-01
-1.228969188617874825e-01
-8.626268722217533824e-02
-4.041243177280375715e-02
-1.400284969346364886e-02
1.883037493083435446e-02
8.872151437821616804e-02
1.171267162845071458e-01
8.472367619101883740e-02
-1.709142260421028792e-03
-1.174187918870008701e-01
-2.249759780145356713e-01
-3.150785308889996195e-01
-3.277611086674451779e-01
-2.277814509130150489e-01
-5.581336020251737029e-02
1.464417184530700244e-02
-6.785874152606491405e-02
-1.211506516099535857e-01
-1.309714475432199043e-01
-1.279222927840076574e-01
-9.263409440643742554e-02
-2.399273037274496367e-02
1.033339362395892108e-01
2.260764348382579281e-01
2.560253179121930178e-01
2.210735955759222937e-01
1.019935194117113503e-01
-4.877663647333556340e-02
-1.744710077321512398e-01
-2.739852799630997371e-01
-3.185028500018149966e-02
7.932274389957559846e-01
1.132947553999888557e+00
1.111961773688269428e+00
1.076754980493303426e+00
1.107472234999188565e+00
1.150039420039920657e+00
1.180342210442332451e+00
1.208888221662260953e+00
1.268441935400863141e+00
1.275406802521127370e+00
1.497490485861985965e+00
1.694625040551611672e+00
1.632618707463925345e+00
1.776358832557897394e+00
1.766765795646012105e+00
1.786066970784530916e+00
1.871158220703339703e+00
1.919346257063716310e+00
1.906014583154286957e+00
1.859000443650050682e+00
2.010999501051404792e+00
1.197204780474725588e-01
2.343103676705087235e-01
2.375001036665383702e-01
2.454389173599593466e-01
2.638304293767056996e-01
2.465759365106429679e-01
2.473471385927724919e-01
1.628250488080032476e-01
1.772014411247863075e-02
-9.596949607927389436e-02
-1.780682533777173115e-01
-1.462962168829807785e-01
-1.099837779857679165e-02
3.429709708973827098e-02
7.676023988447924773e-03
-5.324556266466077756e-03
4.820323875632020333e-02
1.426343752193334480e-01
2.265232226734964494e-01
2.513283253657984107e-01
2.600980172578418737e-01
2.119423117397952749e-01
1.940835514514393789e-01
1.504245210225946816e-01
-4.473187818152604689e-01
-1.035898483338607567e+00
-1.204469351422643886e+00
-1.223034627504534955e+00
-1.228891742200127091e+00
-1.112703716768717932e+00
1.039745079117861265e-01
9.414802222687213007e-02
3.467867161968793410e-02
9.525171668245555057e-02
2.221731808553946141e-01
2.791955547247731428e-01
3.152028431649936402e-01
3.240129136464215964e-01
2.262290388147325526e-01
-1.792353910419415275e-01
-2.521328585268217681e-01
-2.963469915411466316e-01
-3.882204679045678786e-01
-8.779831134544551219e-01
-1.079455377844675379e+00
-1.068317471717616263e+00
-9.553399008692891048e-01
-8.413321718837073471e-01
-8.286935519749110135e-01
-9.120731851600751838e-01
-8.587871067031856986e-01
-8.262232449710233961e-01
-8.079374900882264621e-01
-7.870364388501561725e-01
-7.954222966713410115e-01
-8.309425514857893269e-01
-8.474811414686591604e-01
-8.502063286783694274e-01
-8.805961598930525103e-01
-9.882328270529552317e-01
-1.987153260654057341e-01
-3.501633148382731209e-01
-4.322710910154130559e-01
-3.767450160259934733e-01
-2.778910162508027581e-01
-2.199797285871530894e-01
-2.157973390891194665e-01
-1.686761576700482601e-01
-6.575162994625821655e-03
2.072909026385627226e-02
9.814739205791246646e-02
1.358658401658681125e-01
1.942425414277176576e-01
1.433008029018459639e-01
-3.006601532030886426e-02
-7.847058446221620576e-02
-1.191100920743510816e-01
-2.103032420119685386e-01
-2.996921309693236224e-01
-2.730697348899467358e-01
-1.464850371373528914e-01
5.539116557416906561e-02
1.615500960208398618e-01
1.253218181403262244e-01
6.181302312162859081e-02
1.158793750888502394e-01
3.166442242366775961e-01
3.424080848377692998e-01
3.745359160875228466e-01
3.840229704686479728e-01
9.970471587227639626e-03
5.041893413663776392e-03
1.646062242776598072e-01
1.740647896291440677e-01
1.049799344156035208e-01
7.819823048418550471e-02
8.050361653385215699e-02
1.643525853723684649e-01
3.263719382767323873e-01
4.980496907790721295e-01
6.388220128855741642e-01
5.898803962963532488e-01
5.812134367121739587e-01
5.973827325463223481e-01
6.207603948726434506e-01
6.300136190933441904e-01
6.209489028497721108e-01
6.177139472070252157e-01
7.265953337311176208e-01
7.629336410825940940e-01
7.366787308333063722e-01
6.296977939832666404e-01
5.685598667709551579e-01
4.700253882822501006e-01
4.711968830112689410e-01
6.494254729444799423e-01
1.358897929408426242e+00
1.765044299210944523e+00
1.716145604773473332e+00
1.680998997794879823e+00
8.358755468812963108e-03
2.163099401047588466e-02
6.369171481672367130e-02
1.127733611007062514e-01
9.912527696073218653e-02
8.594368663371806938e-02
7.646762710490290216e-02
5.473248063846086753e-02
1.540490819280911777e-02
-4.158862087449492762e-02
-2.255541757197788710e-01
-2.732334149914815713e-01
-2.647413770874302852e-01
-1.120391004561886727e-01
-7.489210934494949790e-02
-9.060061225258650430e-02
-1.246503531304921641e-01
-9.975087358290017636e-02
-5.680919414244936516e-03
1.509097461027598674e-01
3.325761229525776574e-01
3.072380591039348685e-01
2.391456904021913576e-01
2.205325861238268403e-01
1.685138151014086150e-01
1.451563383075050451e-01
1.107340721315652476e-01
7.367726119495382475e-02
5.055924694409602571e-02
6.844095402528253824e-02
8.501106994393092808e-02
2.381817858085468753e-01
2.632398328751247019e-01
3.285512038592447448e-01
3.825341857177657068e-01
3.183020656326355780e-01
3.317685340119548854e-01
3.608085461409100136e-01
3.988441474652772434e-01
4.240162087266681201e-01
4.627658042318597009e-01
4.895630196822088886e-01
3.704434512988955541e-01
3.657463632531510744e-01
2.121755062736836728e-01
1.263334404022651292e-01
7.738537821893884394e-02
1.425626532682971181e-01
1.707053494938889360e-01
-3.390406470534731431e-01
-5.998620174278063155e-01
-6.160612290678439962e-01
-6.126632204744782983e-01
-6.136360565222146457e-01
-6.052396203553055409e-01
-5.933198765465922397e-01
-5.568926917719775327e-01
-8.592981536976425083e-01
-1.045127620328835327e+00
-1.152686592122791787e+00
-6.331214168280742405e-02
-9.416097129832287638e-02
-1.557541810894214618e-01
-6.088379412488994502e-01
-9.124808429980233448e-01
-7.493309300208004231e-01
-6.082215739584189151e-01
-6.292412956467096086e-01
-7.259862549448515834e-01
-8.008714390880802281e-01
-7.444539347940104523e-01
-7.241600629599848071e-01
-7.001706259448056135e-01
-6.887341394319034249e-01
-6.673668009886433161e-01
-6.985207676844447100e-01
-7.793911589906991066e-01
-8.802292135364880865e-01
-9.970184614460904093e-01
-1.103169643594797300e+00
-1.164134235382661808e+00
-1.277342901893050442e+00
-1.188178813379037857e+00
-1.082448261442167992e+00
-1.151218540918934163e+00
-1.202314970291110674e+00
-1.227621010411688030e+00
-1.217875433283978293e+00
-1.214604409765068338e+00
-1.215546170530878989e+00
-1.742517581430924958e-02
-8.683008525881530035e-03
9.651962327450404333e-02
3.016385926189186217e-01
3.480590208453060441e-01
1.665453955992681756e-01
-8.259975016734943942e-02
-2.348611378200105848e-01
-3.459360098366510705e-01
-2.418563099082564338e-01
-1.070548445112847746e-01
-1.073864897487955550e-01
-1.774635165945083470e-01
-1.548426389763059574e-01
-9.311890869349712108e-02
2.618096330733504784e-02
1.218293513346425938e-01
1.465582809202850278e-01
8.484253138313166409e-02
4.359223236644013677e-02
1.295871036733217130e-01
3.897979462013710372e-01
2.863271254047421444e-01
1.779779422582510873e-01
1.004571665915146295e-01
7.407164667674601133e-02
2.203951120156429078e-01
3.453288982264733353e-01
4.789883862358587652e-01
4.484726752866506905e-01
-9.463061090887028848e-03
5.848907129445550176e-03
8.801793617950189053e-02
3.555677067990732909e-01
5.051666547009234787e-01
5.031806435295531621e-01
4.673059004136874139e-01
4.222044671309247987e-01
3.729399676397542884e-01
2.779430052873109736e-01
7.127921630326466973e-02
-6.172397532163309553e-02
-5.478613179702019470e-02
2.849660025504697353e-02
1.145377103134132268e-01
2.017727349453548036e-01
1.794116064622904294e-01
1.569214514152780515e-01
1.951013424371234595e-01
3.073163154487822402e-01
5.189212629136744637e-01
9.111797751418720948e-01
9.155646551738462202e-01
9.317388862181205100e-01
9.559157836505451922e-01
9.389272803075933149e-01
8.339297421170610569e-01
1.152480071325964417e+00
1.197213729764094570e+00
1.151788148343186657e+00
2.506766331378973769e-02
1.478728091420613289e-01
2.962205746886660274e-01
3.210369096023538149e-01
3.336160970970457051e-01
3.787070406295507397e-01
3.809571027436211565e-01
3.464961120403750594e-01
3.380461364935183899e-01
4.131654106644726543e-01
5.109584319302140631e-01
5.251738874381465250e-01
4.997813922389422459e-01
4.921495551411154690e-01
3.964162817518587234e-01
2.598455152954443070e-01
1.868182659893047326e-01
3.365635307021495048e-01
5.134321024884451745e-01
5.796866770672458591e-01
5.878996314848004001e-01
5.808425124955137742e-01
5.672930295786468013e-01
5.612730270153268863e-01
5.506401134501448524e-01
5.417376361812166197e-01
5.276097794833876087e-01
5.706761477329240773e-01
5.725456189228892434e-01
5.546443520092900759e-01
-3.769939827765663581e-02
-1.072639915620912376e-01
-1.812426485181293512e-01
-2.377007417879196949e-01
-2.035707325423228298e-01
-5.164076234956266331e-02
-1.954477912932705425e-02
-4.580617172324345787e-02
-1.597707472693337127e-01
-7.233678171680617275e-02
-1.609347797062676833e-02
-2.146834284999806983e-02
-1.088200325496427832e-02
1.388433584944044098e-02
-1.182167219281150955e-01
-1.717705193469666880e-01
-1.760595034508939949e-01
-2.178996931794995595e-01
-2.895150172335455574e-01
-4.045617359201250651e-01
-4.672458440428397530e-01
-4.426664502500720078e-01
-3.795005121761821920e-01
-3.799987286473581749e-01
-4.322195573817307901e-01
-4.693956033258672722e-01
-5.497061197583250625e-01
-5.646556037936435457e-01
-5.007702974286488695e-01
-4.254316465481847165e-01
1.600308336767682360e-01
-9.234677992827577953e-02
-2.116921999300045432e-01
-3.312721299897768423e-01
-4.625985062783862234e-01
-5.533166760006904550e-01
-6.944688452872651574e-01
-1.118399213283145732e+00
-1.127401103388843140e+00
-1.104034783573934808e+00
-1.143761411344037082e+00
-1.293997106112847240e+00
-1.743572856976065344e+00
-1.799350861871299667e+00
-1.815337273281754316e+00
-1.878790484390328031e+00
-1.956822561126519977e+00
-1.982558981581998836e+00
-2.096435647584522943e+00
-2.130059723867319121e+00
-2.208877119896118124e+00
-2.361021692113719261e+00
-2.490767708298175620e+00
-2.599530823127647938e+00
-2.622034163517208860e+00
-2.592071998047960957e+00
-2.561683231615486278e+00
-2.598237887214845721e+00
-2.613024036504687064e+00
-2.575941233408036268e+00
3.704810916254380748e-02
6.159331123257842655e-02
1.234165202262902383e-01
2.856467124686745684e-01
2.846782649834108114e-01
2.890648654831283748e-01
2.975325353204069656e-01
2.835094782375996436e-01
2.419709734168981607e-01
1.984354299751196760e-01
1.289526485749539486e-01
9.978039155252906023e-02
1.959265212022738845e-01
2.598159306016809555e-01
2.310755008135992605e-01
1.957719122753087126e-01
2.015091434861372433e-01
2.557906823461148504e-01
2.984832875018925136e-01
2.702071939246588617e-01
3.360413541006029292e-01
4.031037593558259857e-01
4.072431056317621367e-01
3.847293892541303606e-01
3.330689997782667056e-01
2.556325692605403432e-01
6.660804987441284464e-01
8.492301754959957760e-01
9.613139060897677446e-01
1.269738355413230657e+00
5.735420903947744753e-04
-1.602321180004579945e-02
2.141947893599302141e-02
7.345372822659471113e-04
-6.001885991564803041e-02
-2.717564608038800650e-02
-4.762462723140725024e-02
-3.870044070454366214e-02
-2.074442212359783183e-02
-6.210083793109670569e-02
-1.474013014850859560e-01
2.651846546071905397e-01
5.128675806734175335e-01
4.702562716818454169e-01
5.085148222544165764e-01
6.260524158858313815e-01
1.082922273480461550e+00
1.309705504931325093e+00
1.286616838469285762e+00
1.308241896094159307e+00
1.355026973908019627e+00
1.389995221105489120e+00
1.432625420987514442e+00
1.422367650760583579e+00
1.408544912818387562e+00
1.403945435801428054e+00
1.409961722032544218e+00
1.364841633468390603e+00
1.268433685699871916e+00
1.190689239679807665e+00
1.139315791007556866e-01
1.690138793433760556e-01
3.246568719906727241e-01
3.213277363118403618e-01
2.808198022346627964e-01
2.363341992132598490e-01
3.182507989944691196e-01
4.133138272759514509e-01
4.409657984527635688e-01
5.486952714254238472e-01
1.011968986943531990e+00
8.923020578565610261e-01
2.307201640538466547e-01
-1.406479419808862596e-01
2.348781066313193611e-02
1.000289240745657476e-01
3.124956649274149290e-02
3.718115530970362431e-02
2.822212398816351109e-01
5.044534997289700229e-01
5.332925288218584026e-01
5.638980765689498575e-01
5.547882113658653136e-01
6.100229550944962220e-01
6.425481838951155877e-01
7.372366718177958411e-01
7.669452226582614829e-01
7.579610427613864276e-01
6.561326264873506009e-01
5.139620026518076923e-01
-1.419709623745286364e-01
-2.681731915723710724e-01
-2.918820795363012421e-01
-2.634396788460839356e-01
-5.596369562972571821e-01
-4.921066327198605483e-01
-4.674137215498183617e-01
-5.104958211097597731e-01
-5.929188869062371747e-01
-5.616877020677902843e-01
-4.722985971685520479e-01
-3.832430131066033585e-01
-3.830438364062866974e-01
-3.787429979171025307e-01
-3.748876798690700118e-01
-3.776762717443863937e-01
-4.062856603469586769e-01
-6.346545799580511904e-01
-6.513582965811476333e-01
-6.612272829562846344e-01
-7.506115850882036922e-01
-9.164909637541600596e-01
-1.180480700778341108e+00
-1.093660043207389965e+00
-1.134191810490740693e+00
-1.202103699717032903e+00
-1.233348046213698757e+00
-1.256477960348645562e+00
-1.618348563849855593e+00
-1.858194732817985972e+00
-7.089389167435626582e-02
-1.191027247052721671e-01
-1.798209224441162379e-01
-2.032267666446008758e-01
-2.523627758837528323e-01
-2.949159342372850712e-01
-3.277035603020449495e-01
-3.407530796333205214e-01
-3.552071068121801511e-01
-2.747681778357297100e-01
-1.397757394723242175e-01
-1.651369958239631286e-01
-2.175946376059372245e-01
-1.853886122331611930e-01
-1.433101250916160030e-01
-1.036413627393055203e-01
-1.006768191268856555e-01
-7.810743787689944373e-02
-6.751470077610072229e-02
-4.565450991796555363e-02
-7.523875120385759008e-02
-1.507065007231606635e-01
-2.316778370377156615e-01
-3.585527733902771352e-01
-4.562474667213942126e-01
-4.997710114007447024e-01
-3.922521240276679033e-01
-2.217409275661919033e-01
-3.553654643155898518e-01
-4.947752704372587740e-01
8.984136567197638021e-03
7.247230730400809617e-02
9.734301132830795733e-02
1.248897564059338883e-01
1.401106909167466330e-01
2.025036460279964756e-01
2.038475258465685946e-01
1.931258703453893888e-01
1.361563931093464908e-01
1.458445313502162999e-02
-1.257382513151891201e-01
-2.252069249654440886e-01
-2.043637289716634386e-01
-6.999110056087134990e-02
3.864117219085809463e-02
1.139068127355982035e-02
-1.938187054014842842e-02
-3.072761210818867467e-02
2.638696003048486560e-02
7.618424225857370335e-02
1.161113697180493065e-01
3.595326954404323705e-01
3.884151234596360802e-01
3.860907785238378298e-01
3.571372834615792469e-01
3.412628983592784770e-01
2.459373483285307860e-01
1.823559080085714879e-01
1.413922030855067069e-01
1.699175156997763947e-01
1.269544748844641802e-01
1.664538223218594570e-01
1.516172325217558792e-01
1.170992309151974442e-01
3.355917300165561779e-01
6.524417700804279185e-01
7.438741786316709348e-01
8.142841253849859573e-01
7.965492034577478231e-01
7.256820632184780573e-01
7.414889478314228288e-01
9.276163184576433629e-01
9.028387817355244538e-01
8.060520127112290600e-01
7.359956970952058475e-01
7.571862838782726923e-01
8.193047532931825305e-01
9.897485901065963265e-01
1.021046249188030997e+00
9.259291266790938835e-01
8.650275346945610622e-01
1.148050931788586970e+00
1.186276657181721816e+00
1.194824670387486520e+00
1.220086780554371586e+00
1.227604658578862695e+00
1.218706621233944132e+00
1.288735289577845666e+00
1.784107493180654203e+00
1.865013283455806192e+00
-1.012718821237333644e-01
-2.225496378329920033e-01
-2.609370926363241416e-01
-2.955711030308181830e-01
-2.364867413523436546e-01
-1.554248759496114074e-01
-1.293311065131062532e-01
-1.252129067906194992e-01
-1.088005885613386736e-01
-5.377942092604359042e-02
-8.673703529558408898e-03
5.673260293114324587e-02
7.005215020181679297e-02
6.772427598207421406e-02
4.817991762432247138e-02
-3.021007650196760874e-02
-9.842930576863462289e-02
-1.259762424106389000e-01
-1.950623798182029023e-01
-2.365234252683177107e-01
-2.717000255242650320e-01
-1.336768165343517056e-01
3.222351639658210809e-02
-3.462657915357021665e-02
-1.469953711621801995e-01
-1.430279217464658914e-01
-1.085734083409592987e-01
-6.997471739445794425e-02
-3.662006102559107329e-02
9.221871786672386495e-03
4.681184994762348228e-02
8.350093442717092251e-02
7.670394276042240278e-02
2.913574869277938545e-02
-8.340308684099592695e-02
-1.740893084699536852e-01
-2.528856318625862798e-01
-5.957291575900053315e-01
-1.058068949193826214e+00
-1.038230101617601875e+00
-1.088469205304850362e+00
-1.150386049174723757e+00
-1.121178121137085704e+00
-1.027155890909914104e+00
-9.352475229755046193e-01
-9.195331738488945472e-01
-9.234854646213194185e-01
-9.114051428875817873e-01
-9.512741816547194418e-01
-9.879973654163788366e-01
-1.077530504607485007e+00
-1.566691619809907454e+00
-1.680581654204917452e+00
-1.736701821167539794e+00
-1.681802462666747378e+00
-1.606237484462911258e+00
-1.580423221570731673e+00
-1.845972988596921605e+00
-2.104265044893318670e+00
-2.061255764690626879e+00
7.503323031778040553e-02
1.014440914017073897e-01
5.465715438641582241e-02
-4.553640145139251777e-02
-2.041130801985891474e-01
-2.586733198281008228e-01
-3.303240153305951887e-01
-4.321117117426847010e-01
-5.619116480754527965e-01
-7.102779927779785396e-01
-7.338876735429807896e-01
-6.771328198405642818e-01
-5.087652074090673882e-01
-4.663088230393134248e-01
-5.081607800820042709e-01
-5.309186320288192817e-01
-4.678257136472549482e-01
-3.605635375510516938e-01
-3.338928101128056380e-01
-3.401498842016528190e-01
-4.083046668698083193e-01
-4.252817257023301933e-01
-4.288246785386463644e-01
-4.397634398766860353e-01
-5.125936793584044970e-01
-6.299533336463457589e-01
-7.177447456693534233e-01
-6.927382884354562620e-01
-6.042394923911296178e-01
-5.161645155645918637e-01
1.560366431362541217e-01
1.398760794847697664e-01
1.438637899578869006e-01
1.975102971501858096e-01
2.884461839567574737e-01
2.789967875775847816e-01
2.678585229003832002e-01
2.637584754129735365e-01
2.606637777389833044e-01
1.770577081134242503e-01
1.095972201015285030e-01
-1.906924208674465326e-02
-1.638218488109058901e-01
-2.046106001752079906e-01
-1.604864529139011509e-01
2.813955520833302248e-01
4.497789370923594432e-01
4.535901264634372154e-01
4.568755760363217844e-01
5.377794861680309513e-01
9.309483732194132610e-01
1.243995817183528363e+00
1.244860799143803209e+00
1.248722245622848614e+00
1.228032462266743341e+00
1.198008794985664149e+00
1.169700686311841986e+00
1.140457394242553102e+00
1.100506426200830834e+00
9.880714485829862337e-01
-8.860440129126212136e-03
9.432048815019229704e-02
2.977145125183903729e-01
7.176218314805540288e-01
7.264608068688461762e-01
7.079267180122930103e-01
7.842742321515054904e-01
8.894541467601597695e-01
8.909661295797658420e-01
8.986292554343690009e-01
8.963227433381749654e-01
8.597656732106162547e-01
9.757547495371560187e-01
1.482614056263183322e+00
1.499277672521841076e+00
1.424166774839130012e+00
1.395536587614423230e+00
1.383677852558672816e+00
1.509876923251391778e+00
1.683989605126312350e+00
1.671796748503609376e+00
1.591732031005892001e+00
1.562524830924226560e+00
1.558850463292329458e+00
1.594479522437615593e+00
1.617315450270381927e+00
1.627962809838327862e+00
1.617961067370449868e+00
1.609136732824755667e+00
1.600886259121920174e+00
3.763752864134266947e-04
-2.588743276310008154e-02
-1.024558425152418267e-01
-1.055061273094804186e-01
-9.422872253161390654e-02
5.122173107965502514e-02
2.095460090312028789e-01
1.555450442344444850e-01
5.131581092062889593e-02
3.440098606069283416e-02
1.532849959997494571e-01
2.047034075698530853e-01
2.059818426311855466e-01
1.900627881242505646e-01
1.556561705769040627e-01
1.536829808651925533e-01
1.406868343817354594e-01
1.242595771111760228e-01
4.111432324175923192e-02
-6.572630725142425412e-02
-1.135964314418623500e-01
-1.240421786427279155e-01
-9.283135032124148478e-02
-1.037094784331409614e-01
-1.390402089779717576e-01
-1.626148512088783915e-01
-1.287891493456382874e-01
-9.153144266521794081e-02
-8.590677849140546107e-02
-6.798142349489318115e-02
-1.869639615461726398e-02
-8.010870422955203296e-02
-5.413480739069915781e-01
-6.289220267258616159e-01
-7.215496321125338675e-01
-8.391647913376918400e-01
-9.009450249107833208e-01
-9.341109883521373503e-01
-8.975780602774565686e-01
-9.148015507041805661e-01
-8.926789020069285652e-01
-9.747785880565307259e-01
-1.115994375429873342e+00
-1.078344438351849899e+00
-1.027785783820634569e+00
-9.991983459985530613e-01
-9.521188991841876836e-01
-1.016225132264770181e+00
-1.223749562863335028e+00
-1.187503331571716947e+00
-1.188757702227835278e+00
-1.271422921246537996e+00
-1.631810141497434419e+00
