2.236956465634082625e-01
3.399230045247016996e-01
3.729847881613659877e-01
-7.701208934186459798e-02
-5.893408629894008044e-01
-9.686793993464282160e-01
-9.072298692758287153e-01
-7.710367771976398554e-01
-9.458812457611831537e-01
-6.928027731678056966e-01
-6.265181936267751883e-01
-8.086255259456672784e-01
-9.056630542125755357e-01
-8.573004871158593776e-01
-8.107531904303333370e-01
-8.057636890483442782e-01
-7.199895297214985446e-01
-3.352712974803506718e-01
-2.164906221426721178e-02
3.917040168965392199e-01
7.607272386415170340e-01
8.197373684438581387e-01
1.085904657714079846e+00
1.182214436483535192e+00
1.005828944252070700e+00
1.808469571484672578e+00
1.934222658268136108e+00
1.942732359356887928e+00
2.124274648754565842e+00
-1.095678794154082286e-01
8.670278549148248415e-02
3.781291174041975234e-01
8.227395524219538459e-02
-1.729186158977265575e-01
-1.820810565364864853e-01
-6.892711663599362937e-02
7.284733248822500284e-01
1.399000310310169137e+00
1.713169724967586127e+00
2.401361542612035826e+00
2.749451353214448446e+00
2.578296334398470169e+00
2.632065249945975349e+00
2.657441760271410658e+00
2.719080665702028554e+00
3.260801967310047011e+00
3.740382420865843827e+00
3.972242356221045601e+00
4.332770252339104289e+00
4.294976060478073343e+00
4.016027073501255096e+00
4.020092150471750614e+00
3.976860801755378816e+00
3.937527291403780438e+00
4.010006099234264099e+00
4.024112150774593388e+00
4.164673621901055611e+00
4.347255194637575926e+00
4.210135239058311107e+00
-2.921903518929112875e-02
-6.831537804864003943e-03
-2.227019875171268315e-01
-7.924107549607577461e-01
-1.652928442920146068e+00
-2.243439844194052846e+00
-2.489925865245983250e+00
-2.543583164614011238e+00
-2.590904529477173757e+00
-2.613206451864209967e+00
-2.656846388112934054e+00
-2.639441006139860768e+00
-2.724006806989056617e+00
-2.717283257927050055e+00
-2.719345273990278589e+00
-2.718494325204709572e+00
-2.716808481408682585e+00
-2.732108865484506044e+00
-2.713752431322822289e+00
-2.630286492049876745e+00
-2.601099019130050483e+00
-2.690423420017844514e+00
-2.703309753494802514e+00
-2.649854709241697304e+00
-2.672628649552549529e+00
-2.766036200227555142e+00
-2.774139160600044285e+00
-2.782012107010471524e+00
-2.802253224611998661e+00
-2.592464126721222950e+00
1.656377265564947798e-01
1.374988228149887082e-01
4.791130461144232910e-02
2.201535878278010339e-04
-1.005053631809322418e-02
-8.359621330323304539e-03
-1.189734518904589193e-02
8.413669584109580504e-03
1.122075806808850856e-01
1.569605322623042476e-01
1.668289719935410198e-01
7.400332254552448585e-01
1.477936392470960758e+00
2.091869620511988437e+00
2.234251528161613543e+00
2.207165431231713271e+00
2.392699682353075730e+00
2.699756952412289301e+00
3.096947537006641493e+00
3.094561188263333040e+00
3.079512517214079814e+00
3.244778875610625946e+00
3.294533580404351625e+00
3.332453283982383052e+00
3.403703445808015093e+00
3.446090271101852842e+00
3.453702641914523586e+00
3.477022901910599373e+00
3.503990299227373928e+00
3.393372456133649351e+00
-9.406479427760426615e-02
-4.798124720943090782e-02
2.100356044708674708e-02
8.344600602014273782e-02
1.784204387150695736e-01
2.334137722460664088e-01
2.662915307198030490e-01
2.954362330996256336e-01
3.745896645112868351e-01
3.428662516795724091e-01
2.989440975595953898e-01
-3.628835627395223806e-01
-1.041649480149347218e+00
-1.648372033418460836e+00
-2.024509631156846456e+00
-2.174449437655867623e+00
-2.185115680404189131e+00
-2.236758453974499794e+00
-2.296884757082266137e+00
-2.417019675507411147e+00
-2.454938542440269433e+00
-2.398528227422287440e+00
-2.398325912129052107e+00
-2.434474848229344790e+00
-2.436894267926849267e+00
-2.442501800768259734e+00
-2.460748070676674004e+00
-2.351280677197400415e+00
-2.229231420403418262e+00
-2.305794330134878223e+00
-3.181691489808736312e-02
-3.843731771072002312e-02
-8.950480304934846365e-02
-1.324724638653768938e-01
-1.443175710802265532e-01
-1.644659359789060749e-01
-2.765173587986707870e-01
-2.354010653621666505e-01
-1.829832206652445836e-01
-1.793018359872825540e-01
-1.664217602557260811e-01
-1.483479503133268151e-01
-1.578455845959186310e-01
-1.510186471857948298e-01
7.204451201470444266e-01
1.480877998562638798e+00
2.000088796263623792e+00
2.159173246575719851e+00
2.294836121900625248e+00
2.363755707037475506e+00
2.417681739809585117e+00
2.390783916187886327e+00
2.357702179965199374e+00
2.345733902024151885e+00
2.451311303690755672e+00
2.613506198511464707e+00
2.634951298464844882e+00
2.637812590931208678e+00
2.607506145807236386e+00
2.604535685460090289e+00
3.290884095327584885e-02
6.062036086810970725e-02
4.996615604213761747e-02
4.621019173047211104e-02
4.330199490819484215e-02
4.011924231421259979e-02
3.089080031252233738e-02
-5.843082739152757887e-02
-1.739946566034224484e-01
-1.727485515294471530e-01
-3.485902507218138768e-02
-1.205271820017023154e-02
4.684408719471189197e-02
-5.855013168173270888e-01
-1.321909677395064930e+00
-1.784783760313992662e+00
-2.154242917623661047e+00
-2.175866776084922627e+00
-2.338101438362111040e+00
-2.348605890456721745e+00
-2.254986014517893711e+00
-2.265066374928040638e+00
-1.932415198929043898e+00
-1.573840503027287507e+00
-1.515079705278908007e+00
-1.546665114438748212e+00
-1.481584595050746023e+00
-1.446634621623086536e+00
-1.418411076038512908e+00
-1.269939166136303976e+00
9.131536081367425117e-02
8.810566427254371002e-02
1.072005932668236433e-01
1.349355865063412152e-01
1.285714499961373158e-01
1.616256678455821327e-01
2.619625023143122844e-01
2.202488597877562682e-01
2.020205563888457234e-01
2.920155620294675458e-01
3.023074848047050955e-01
2.695046266861357842e-01
2.721097306154603990e-01
2.710001985056404439e-01
2.677136343923695594e-01
3.645690149306914929e-01
4.214230580984448804e-01
4.038738825877831728e-01
3.687381363606935247e-01
1.255287250593352111e+00
1.997678080597342642e+00
2.541037025942742389e+00
2.876332127540098149e+00
2.926945226425165192e+00
2.892905502942594520e+00
2.953386424349992545e+00
3.075137960846637597e+00
3.099162354928419294e+00
3.087006010861197414e+00
3.077988953125941674e+00
-6.370585455631544436e-02
-9.944912772502415010e-02
2.029229432163374980e-02
9.146860940956348662e-02
5.424822764507798711e-02
3.312128669139000059e-02
9.686912809212484127e-03
-1.670168729573192345e-01
-1.604909831039587620e-01
-1.176237584012936876e-01
-1.243465407766529834e-01
-1.395411717255638506e-01
-1.269187141703745636e-01
-1.526904963971498497e-01
-1.777193256096733232e-01
-2.057135556939466148e-01
-2.538680489046177269e-01
-2.978990414568343237e-01
-3.176786509151271476e-01
-9.841799509724152850e-01
-1.676502798102922576e+00
-2.152744313356337091e+00
-2.418213463471073688e+00
-2.560281134842041784e+00
-2.601443936761066666e+00
-2.670871499254070969e+00
-2.775380702790808396e+00
-2.942143499642415616e+00
-2.949935888234928250e+00
-2.974499972810329851e+00
1.616305569282167412e-02
4.721881217235260331e-02
3.925795580522983830e-02
3.514672330488340796e-02
4.190001192166469685e-02
4.007272569810422375e-02
6.108068309020606851e-02
1.267285501356744948e-01
5.379645300409841013e-02
3.702397479175731365e-02
8.197394649988506976e-02
8.221514356934045420e-02
7.517600934842473548e-02
8.338853268365514770e-02
9.093845776708860129e-02
7.112743439684648949e-02
6.756369885960240851e-02
9.963886207990060861e-02
6.091653096072482398e-01
1.490937453413058167e+00
2.066712450552683933e+00
1.998010744048109855e+00
1.971710463054690665e+00
2.108460292117220636e+00
2.216219484667093287e+00
2.717595513205864677e+00
3.107020895205225397e+00
3.204796601090154962e+00
3.184098600600040907e+00
3.140628451087526418e+00
-7.384302754936390711e-02
-2.424390661015045634e-01
-2.194555107075554512e-01
-1.486537043703047845e-01
-1.165900361590299916e-01
3.152355859663361071e-02
1.927688641121533542e-01
2.060680833906786691e-01
2.062537097571692513e-01
1.748820729746024816e-01
1.485726647300479042e-01
1.435259037278193706e-01
1.023655573106540539e-01
1.003687387589804053e-01
1.670871887744824202e-01
2.677575068482414000e-01
3.542751309172801899e-01
4.119890463653233525e-01
4.124500769603394734e-01
-1.227031342488805188e-01
-9.949375762654668609e-01
-1.624489755288911041e+00
-1.956560525804269535e+00
-2.087163080097617751e+00
-2.162554805476217368e+00
-2.196405220503871103e+00
-2.230715119625858112e+00
-2.278783432074484860e+00
-2.392089686147788719e+00
-2.500964527553294126e+00
-6.863246110665016664e-02
-9.020944365762059713e-02
-1.040090177388177106e-01
-1.362419352060935396e-01
-1.483220249135523139e-01
-1.565862272125664034e-01
-1.686018683696757225e-01
-1.731710098280624388e-01
-1.771969489515492213e-01
-1.972891656647703662e-01
-2.005463059705076267e-01
-1.694785702558070373e-01
-1.768333889331515085e-01
-1.876337101358698800e-01
-1.773788810442742392e-01
-1.737933940492404905e-01
-1.942787242845246398e-01
-2.362993439627568415e-01
-2.597476401655233746e-01
-2.784811438123810934e-01
-2.935454066795920580e-01
-2.301481328970753637e-01
7.439947415026453292e-01
1.457109819014308139e+00
1.956795395551243377e+00
2.329929827989193125e+00
2.283135476134340980e+00
2.150664644966152839e+00
2.243388904581372412e+00
2.396936474535307227e+00
7.331282069540047408e-02
5.561200973160764643e-02
6.416782297487691467e-02
6.924911437172918960e-02
6.425616636087577715e-02
6.081737581861756947e-02
6.405256723465102553e-02
5.991617137994129788e-02
1.087479728491213132e-01
2.762297739573303379e-01
3.075256817814995824e-01
3.382360633061486377e-01
3.554922242309830893e-01
2.081614451073890149e-01
9.979593174210711626e-02
1.383916083178527989e-01
1.333513335425777768e-01
1.568811234403176547e-02
-2.468226307420112731e-02
-2.722953808870612682e-02
-3.928539731022816228e-02
-3.084289693656005471e-01
-8.700027154118379347e-01
-1.349804551602739489e+00
-1.554914053736784263e+00
-1.578936840160460653e+00
-1.528515612277591140e+00
-1.458322353234535518e+00
-1.370151421122697943e+00
-1.417682196333928779e+00
-1.400289329185795961e-01
-1.866692468360212354e-01
-1.688265150611215903e-01
-1.180892454434069455e-01
-6.978668610048713306e-02
4.947885059592690982e-03
4.659380559191979992e-02
2.645922626795316895e-02
-3.782914915718100374e-02
-3.687779726251762952e-02
-1.911242571140088845e-02
-3.891649776120262999e-02
-1.335435799637358645e-01
-1.484229278861166068e-01
-1.263087801603774707e-01
-6.852396466794884178e-02
-4.449714417308441028e-02
-2.576410606917626384e-02
-1.228730049590230633e-02
-2.346473268898523201e-03
1.869235476209677171e-01
2.113836006439815396e-01
2.266466701100916248e-01
2.690381492515149797e-01
2.845908335581822102e-01
5.785660296414602000e-01
1.426396505509147428e+00
2.156827252576049236e+00
2.481392783031680871e+00
2.509291757320794236e+00
-1.795451015906406739e-02
-1.883383740832430750e-02
4.287013767226913186e-04
1.257612533383381803e-01
1.828179189746925171e-01
1.500662794647466269e-01
7.785975245786891374e-02
5.040501716699537227e-02
1.290249721994386478e-01
2.177301273686174099e-01
2.521461967839525586e-01
3.025149848788886708e-01
3.161938077296939098e-01
2.921418247576980098e-01
2.570616622889432823e-01
2.467653783151275426e-01
1.656034781128249700e-01
8.739764454229111135e-02
1.491152467106163226e-02
-2.425566055506404861e-02
-1.948927609790858731e-02
1.397434385589553518e-01
1.579447149478529211e-01
1.929257393981159141e-01
1.735700730784522916e-01
9.497027257152071411e-02
8.936044267633787286e-02
9.237385150402717404e-02
1.057256408986366331e-01
1.372128866225178490e-01
-4.477950648485282820e-02
-8.570499780219982267e-01
-1.535294786229743913e+00
-2.084735215874931935e+00
-2.409493040373770434e+00
-2.502357469344641316e+00
-2.494909147246485936e+00
-2.529912121544386494e+00
-2.563300034406936323e+00
-2.434204856027008201e+00
-2.396772455832532067e+00
-2.449879275954516267e+00
-2.530487515361182105e+00
-2.547638461961686307e+00
-2.555877016613686603e+00
-2.595479294734253983e+00
-2.530055410438825536e+00
-2.519933719548768547e+00
-2.524686223473455282e+00
-2.545011797025272138e+00
-2.532990675604741782e+00
-2.513967581418821595e+00
-2.560768256543628940e+00
-2.587079737459318629e+00
-2.592657168848291782e+00
-2.594702693045135344e+00
-2.506508010022920008e+00
-2.304806762108999152e+00
-2.287735049167564316e+00
-2.341727975964267294e+00
-1.885446442347990179e-02
-2.915670501873040762e-02
-6.481593413115359359e-02
-5.605848528957141363e-02
3.588251786539695121e-02
3.550362755035574303e-02
8.561634827486426236e-01
1.771628215333132861e+00
2.371587907314928412e+00
2.592779751004473443e+00
2.492611722675761143e+00
2.459968198622931812e+00
2.486179919238442615e+00
2.613494448826580108e+00
2.639175676718981567e+00
2.714642185628223015e+00
2.742977153264609225e+00
2.770986014658688656e+00
2.809003870219867416e+00
2.878420400838195281e+00
2.890432320943241429e+00
2.881997401078639776e+00
2.900224580861808121e+00
2.965329649770895415e+00
3.062400417382284523e+00
3.210133470159796776e+00
3.252574158555351147e+00
3.291339939002023041e+00
3.313189568996579126e+00
3.318515880652558980e+00
-7.154402928275435669e-02
-1.308903291063537866e-01
-1.618739618779924949e-01
-1.930287469315541127e-01
-2.246113747663675275e-01
-2.448681325479945825e-01
-2.535611159278901572e-01
-2.586114350406850670e-01
-2.646065487044119147e-01
-2.722221569299566046e-01
-2.779396488861939352e-01
-2.847885897007017553e-01
-3.029535403207834765e-01
-3.309208703408640928e-01
-4.242911839537078511e-01
-1.200630874979794704e+00
-1.915616691926090187e+00
-2.474298014681329150e+00
-2.860794899424072391e+00
-2.918026198441731722e+00
-2.855253672960213152e+00
-2.894931556900785186e+00
-2.978648805434238156e+00
-2.992543514048710218e+00
-2.994173184483279293e+00
-2.997044412655577084e+00
-2.990203330220134958e+00
-2.979991452287382714e+00
-2.982662836097699000e+00
-2.987104325904876845e+00
-5.240287881612040906e-03
-1.914336874194752167e-02
-8.345419679985209560e-02
-1.109008701478083198e-01
-1.501227649357997351e-01
-1.546567279145110996e-01
-1.416897255468763106e-02
9.164462879362907100e-02
8.686957868028068186e-02
-1.538587659577479727e-02
-3.732147481083827878e-02
-4.589544985376357855e-02
-2.395537200257120622e-02
1.977205984771872593e-01
1.894018149526812411e-01
1.564012789302962059e-01
1.324924347575017480e-01
1.116294892668976690e-01
5.534343325220270060e-02
-1.872592375625380112e-02
5.404662589226330027e-01
1.342344915268585126e+00
2.079646651824983206e+00
2.772838334273514782e+00
3.098738187199192140e+00
3.060310757698162298e+00
2.993846320865414246e+00
2.961563884793028123e+00
2.961131103139143406e+00
2.947721450503073548e+00
-6.875403270908507850e-03
-6.963428862688064887e-03
-1.187266131576008264e-02
2.819007463476728981e-02
4.059179227744684482e-02
-1.211381745058684456e-02
-4.397479384862705565e-02
-5.937171584697399640e-02
-6.262700575721259766e-02
-6.120119189601076065e-02
-3.963966379410271273e-02
1.497270454885241825e-02
5.679179692669323459e-02
6.351986611976492836e-02
5.613922263333387397e-02
6.001163823533169073e-02
2.042783183716639916e-01
3.186095893589071526e-01
3.174623122407037590e-01
3.163782254518329173e-01
3.066168212643362589e-01
3.012353948535544945e-01
2.799677209651325605e-01
2.279874571598436428e-01
1.014596297442805217e-01
8.130610330833787369e-03
-7.596360854926713646e-01
-1.434789522920537852e+00
-1.981810609698276604e+00
-2.308140037298303859e+00
-1.005587824742532332e-01
-1.051461836801033112e-01
-8.469382166875812079e-02
-7.918236341832532443e-02
-7.669916115115010813e-02
-7.805361903408886137e-02
-8.739482804673549821e-02
-9.287462383610368966e-02
-9.846031126363989638e-02
-1.033423859590706650e-01
-1.145979811922159530e-01
-1.528884831997547322e-01
-1.795387057842754985e-01
-2.171561716562644406e-01
-2.417658979754830906e-01
-1.794918880213466628e-01
-1.154914449521337733e-01
-1.600652083587605357e-01
-2.065575615597820547e-01
-1.463953172749577480e-01
-1.045857327114511071e-01
-1.121560913974669199e-01
-6.197997540363684582e-02
-2.543867559350767443e-02
-1.954532650977811037e-02
-8.621088632657326889e-02
-1.076749088090026701e-01
-1.109939060345558476e-01
-1.191119886267736627e-01
9.715747474424821228e-02
7.894466501352673804e-01
1.481218615039746389e+00
2.080320780860551722e+00
2.372858630223008358e+00
2.355968147805865165e+00
2.294565638300341437e+00
2.303020797733561942e+00
2.331059670098164283e+00
2.344814201842628343e+00
2.354465684659999614e+00
2.384281987535218583e+00
2.380825624276645680e+00
2.379172157351419514e+00
2.391868650247952921e+00
2.395547185046235317e+00
2.375633834067392591e+00
2.359540467298847588e+00
2.343872536247861849e+00
2.331362433945328050e+00
2.398891583362352531e+00
2.430651498885253670e+00
2.445458916759538859e+00
2.426721994418000961e+00
2.427966252107861767e+00
2.410001638182326822e+00
1.698042509756427343e+00
1.007932681102114536e+00
4.232092750209938137e-01
3.236730294870321378e-02
-9.089648194684703253e-02
2.310632709575289462e-02
2.358328664170090613e-02
9.088629205450150794e-04
-2.531775221395394376e-02
-1.160039012572926242e-01
-1.437555759897808372e-01
-1.264234116720804046e-01
-3.562674671095270029e-02
3.340123850400722461e-02
4.322188379164679933e-02
3.773292369835071214e-02
3.847156046144108166e-02
6.831823737886429104e-02
1.049207568067836438e-01
1.206661827762363914e-01
6.090863128784659158e-02
3.712186277714285554e-02
6.719664471714417719e-02
6.634926909102369097e-02
6.427583803587849642e-02
4.272769584641798735e-02
-2.429352172472754035e-01
-4.635435836376701202e-01
-4.011139488039649481e-01
-9.755386433476731511e-02
1.955996052247583328e-01
9.052126104864455236e-01
1.390669926562862813e+00
1.839155201891321090e+00
2.260996550124885207e+00
1.024212795981124247e-01
9.896194157004795100e-02
1.469768490039733144e-01
1.623914045191606759e-01
1.659875965060432224e-01
2.221641252073290884e-01
2.452092138818912914e-01
1.367672491219725228e-01
1.255421154583731824e-01
1.863480592614714937e-01
1.972992240508610329e-01
2.248513714460043111e-01
3.108856725690196665e-01
3.353060337024876270e-01
3.291866238634041375e-01
3.283287721945543081e-01
3.639465393308037866e-01
4.187469691949420314e-01
5.603367820853317749e-01
6.265376084806233425e-01
5.834664048655724411e-01
5.392030520011087402e-01
5.186297780819617564e-01
4.788446817274182865e-01
4.275313445226107678e-01
3.593044919368062473e-01
4.009331566449788053e-01
4.954469484472999175e-01
4.336601605384833857e-01
3.458410469272268917e-01
-2.060991569217433123e-02
-9.320972262460472391e-02
-1.069437061344266082e-01
-5.066786681341438336e-02
-2.405335451117221121e-02
-7.034294663654583335e-02
-6.040073116747444321e-02
-9.722612873256569754e-03
1.003163295865290225e-02
1.698867490310496803e-02
2.219243355115536886e-02
5.393678033306897879e-03
-3.702546477103707545e-02
-4.364542638007597175e-02
-4.764391425714615408e-02
-3.756697135153425071e-02
2.039925915789077976e-02
1.201103235091558197e-01
4.444821378199916018e-02
6.533626648417466265e-03
2.074565861648045018e-03
-1.659528305162364086e-03
-1.583127117712814641e-02
-1.790308452274489565e-03
1.508360706775239979e-02
2.230872764828704599e-02
1.333390226236342291e-01
7.872841045808114391e-01
1.396430713957249381e+00
1.808988155487325056e+00
3.224747175580848224e-01
5.022323117629599043e-01
5.148473353145797127e-01
5.702109603287572881e-01
5.829990032705204550e-01
5.411243915679718741e-01
6.444334147938778345e-01
7.297717380536301590e-01
8.061102133071644804e-01
8.826891211870178111e-01
8.935545894348795315e-01
8.696041458508950717e-01
8.633202519258148522e-01
8.519929376899091356e-01
8.383539397781443192e-01
8.205865495606897708e-01
8.043502705978728962e-01
7.782362259898290002e-01
7.962368426316958070e-01
8.306507544617612870e-01
9.162078433871193583e-01
9.685659147128038438e-01
8.695681206565054611e-01
6.986363589081925340e-01
6.016846543141860515e-01
6.264655039728926900e-01
7.104358830726406060e-01
7.399592481553937118e-01
7.260478480082008801e-01
-5.009361300268844186e-02
-5.607425884347910783e-01
-9.731848691473526936e-01
-1.251653183325601937e+00
-1.442981071234784363e+00
-1.553712129227612149e+00
-1.601326159619105738e+00
-1.643787649011917651e+00
-1.601042616788338702e+00
-1.589550304484491194e+00
-1.599082683330848909e+00
-1.703807116298642566e+00
-1.766776041262474672e+00
-1.797634680426400511e+00
-1.790370100813167387e+00
-1.762496969492947541e+00
-1.730294237126073220e+00
-1.677651350452211032e+00
-1.658850130205822948e+00
-1.638981404510873041e+00
-1.644855434251377480e+00
-1.675862599647720330e+00
-1.726323621561028254e+00
-1.746498969291488956e+00
-1.740953196404460890e+00
-1.708086020591352616e+00
-1.630360843677612470e+00
-1.583694934347812389e+00
-1.553910173589035937e+00
-1.501046009536416426e+00
-1.448745259153590315e+00
4.852778559529608016e-01
1.194487142841849980e+00
1.785426861806489907e+00
2.171627381440333959e+00
2.194340569970304244e+00
2.195242977556385977e+00
2.165957449271204371e+00
2.136881049324141912e+00
2.242355239933220723e+00
2.279326052594538243e+00
2.271816119429190373e+00
2.277816985021189566e+00
2.275425770562146344e+00
2.275428167106714472e+00
2.282827186146056064e+00
2.300704171659175845e+00
2.388328177257696971e+00
2.412062624471076777e+00
2.424112187580967692e+00
2.430290227754252186e+00
2.435836860093847367e+00
2.444633621690445402e+00
2.452347993379253577e+00
2.457827975317651070e+00
2.419732273327865890e+00
2.392324154502051048e+00
2.371385565193401490e+00
2.336176791141002962e+00
2.347928487792620533e+00
2.163839348716180222e+00
-2.643458709226348957e-01
-3.444726426988901080e-01
-3.641289718191883518e-01
-8.912646833292877657e-01
-1.382433893128578450e+00
-1.713357510280553608e+00
-1.989970681958254328e+00
-2.157756353852930076e+00
-2.178485263137888595e+00
-2.203480018844270916e+00
-2.261940225088566958e+00
-2.299429430675310915e+00
-2.331799727280286394e+00
-2.342643879465336365e+00
-2.378604631689633209e+00
-2.448850730779721374e+00
-2.446430241367254510e+00
-2.360953975592634091e+00
-2.358403217714025057e+00
-2.268930331815995238e+00
-2.139577141629574797e+00
-2.108663348313253305e+00
-2.128974528044798920e+00
-2.119838937374003862e+00
-2.106783850769205380e+00
-2.145137222504866603e+00
-2.059302393472517423e+00
-2.066475904878935843e+00
-2.190174016085582487e+00
-2.210367174307436233e+00
9.268592078291974443e-03
-3.606581464451058539e-02
-2.723290075288030063e-02
1.128735284007224698e-01
9.436402417595088354e-02
1.388388320141320242e-01
1.112440850012930138e+00
1.912363293416059040e+00
2.462613047574334857e+00
2.654813552684581968e+00
2.564431916318876237e+00
2.469667062371117439e+00
2.484607164335692620e+00
2.539809815564530560e+00
2.548009641956246796e+00
2.566688228725085175e+00
2.590464601459846250e+00
2.631590401395535572e+00
2.714422679608412547e+00
2.760441471739507602e+00
2.769911027766012612e+00
2.766444054791408647e+00
2.731276233554293498e+00
2.726825614229860140e+00
2.752604997149076027e+00
2.886861425538926884e+00
3.018652872927313879e+00
3.024671321949720770e+00
2.607502617798318045e+00
1.747102966306100846e+00
-5.614551127455780222e-01
-9.774456805215534505e-01
-1.227282680934508097e+00
-1.375136477884443043e+00
-1.366433934003751682e+00
-1.331834245360267177e+00
-1.335157624022605738e+00
-1.303313399095142433e+00
-1.298560104483264421e+00
-1.428172027846125403e+00
-1.530132964420754860e+00
-1.504132089988775123e+00
-1.478879074961043205e+00
-1.453876892052850200e+00
-1.342919703111157936e+00
-1.348113319479676164e+00
-1.454264390880102731e+00
-1.472939224568623917e+00
-1.567672073615336448e+00
-1.687433236271167036e+00
-1.723090358827499724e+00
-1.727607794831059973e+00
-1.754645040710814730e+00
-1.663188177875568385e+00
-1.559032186341660076e+00
-1.695901361106222804e+00
-1.739301506405136477e+00
-1.735334391775247287e+00
-1.718631906406725030e+00
-1.623235629903112986e+00
1.952954853533371282e-01
2.611107129129416893e-01
2.474587962882761616e-01
4.190128376554976275e-01
3.753256119666906199e-01
3.548444176504341185e-01
3.097221067371168646e-01
1.879577094390085801e-01
3.935185536138135487e-01
1.174743094967946710e+00
1.925583023582491116e+00
2.499304226388490147e+00
2.668874780429838722e+00
2.610410779269261017e+00
2.614641792984290003e+00
2.690838480220203888e+00
2.970451025952911550e+00
3.039104855469071165e+00
3.113496149258215606e+00
3.272566520886145192e+00
3.412530769535691011e+00
3.727898243787434396e+00
3.773124642023555797e+00
3.732452496277252507e+00
3.563309241789354154e+00
3.633957673826333057e+00
3.581299570631946594e+00
3.534671636962724239e+00
3.528127568048875951e+00
3.565660601304389221e+00
7.124115008122038073e-03
-1.178270522108354201e-01
-1.724049425308596117e-01
-1.929798520282725582e-01
-3.337938678276103355e-01
-1.157749651347377728e+00
-1.626213754867245509e+00
-2.160022817528781669e+00
-2.378251399046844572e+00
-2.589322806392567067e+00
-2.658653556206356683e+00
-2.731261706338431683e+00
-2.793480408141673976e+00
-2.690150420807969844e+00
-2.282122623764464286e+00
-2.007470217443989124e+00
-2.078407706915474940e+00
-2.142814560502819266e+00
-2.256705586046853451e+00
-2.297724395186940605e+00
-2.210238785249369009e+00
-2.393326184301211690e+00
-2.302831654363604486e+00
-2.236659335609929578e+00
-2.317433760171906609e+00
-2.261833682266344958e+00
-2.255377162775272559e+00
-2.245321878317634745e+00
-2.282284732632721358e+00
-2.283535931533712482e+00
-1.221189970555280543e-02
3.859810959271417485e-04
-1.110200249520234932e-02
-1.743249527837525958e-02
-2.156569049045951522e-02
-6.727632359267706613e-03
2.402182573176717822e-02
2.620864396667772420e-02
3.548737684044867002e-02
2.432296843903946904e-01
5.021485722201545210e-01
8.812608630289677780e-01
1.205088594746067221e+00
1.225689268712350621e+00
1.175764021932717007e+00
1.153276606188226916e+00
1.161941628323702513e+00
1.246959043678603551e+00
1.391601311253737094e+00
1.397159823431544545e+00
1.359863144533651758e+00
1.305705848931419943e+00
1.324680859311762493e+00
1.319617126445159050e+00
1.299713295283018599e+00
1.185545827201492042e+00
1.125526115447793574e+00
1.293148039785234626e+00
1.379168837563877092e+00
1.330457422671140311e+00
7.057770005336065459e-03
3.430677439666243115e-03
-2.472438961060446222e-02
-2.255058427209196206e-02
3.797903362264921923e-02
-1.902968759414467859e-01
-8.590712660788750732e-01
-1.510854505407124293e+00
-1.921157432932505849e+00
-2.190936537580665533e+00
-2.376267391265417750e+00
-2.506546603249661942e+00
-2.529551894429686865e+00
-2.497538714495195045e+00
-2.475890901150856749e+00
-2.451125080633041797e+00
-2.519403474357509332e+00
-2.602470956612769282e+00
-2.651485170353671705e+00
-2.675651255722003796e+00
-2.604145197720979521e+00
-2.514194838605984028e+00
-2.557385073191002611e+00
-2.681794463920789795e+00
-2.654122139973571493e+00
-2.548792769823847060e+00
-2.533789688842915222e+00
-2.515875229616102882e+00
-2.471903644931673139e+00
-2.531012643666703088e+00
-2.250307438632932755e-02
2.059459609338615271e-02
5.060910028818849105e-02
2.515333634442533037e-02
-3.439340065922853046e-03
-1.403498519864462314e-02
-2.972370340741289918e-02
9.814867500978194381e-02
2.547660529895402481e-01
2.299972086367702839e-01
1.749714619790424808e-01
1.653911027033769798e-01
2.061782538651835972e-01
1.006512895823343801e+00
1.700966628755818721e+00
2.170613090845536775e+00
2.533390021080236920e+00
2.584149155174360946e+00
2.668994873363103704e+00
2.756251008732774732e+00
2.733241379695610540e+00
2.712540210641006144e+00
2.698348324416978805e+00
2.668394520301716977e+00
2.781062988162372740e+00
2.789202365629334768e+00
2.777778774900172110e+00
2.748542230723847624e+00
2.738768166445796570e+00
2.751854174437807998e+00
1.608440814329660795e-01
2.991301008473130629e-01
2.905527881241334320e-01
2.782878060954708799e-01
2.796985003865246622e-01
2.785827880158943115e-01
2.619727626568715273e-01
2.247074612020782958e-01
2.058698426999017450e-01
1.693771548350443967e-01
1.545737004115795288e-01
1.571524471135196388e-01
1.569060309525384111e-01
1.561712643815557633e-01
-4.408515606355494776e-01
-1.175386025539824297e+00
-1.641331274286250697e+00
-1.946462727235720003e+00
-2.117015662891955863e+00
-2.154032082586242236e+00
-2.183370645419870471e+00
-2.283077526566314130e+00
-2.295779962063499102e+00
-2.304556917516323189e+00
-2.439888634940210022e+00
-2.590948608988640878e+00
-2.593962236553720491e+00
-2.622614197677028969e+00
-2.659035340856187535e+00
-2.609296658740629216e+00
4.485497974745141642e-02
5.668419307391815709e-02
5.209144594621340635e-02
8.377683999566466755e-02
8.588351972030527914e-02
1.263662152125815397e-01
1.608930058469084379e-01
1.555479382431258495e-01
1.005991527667254859e-01
1.016286555416913429e-01
9.626287834827680634e-02
1.638765579411524120e-01
9.489617119272560908e-01
1.526423370233883192e+00
1.607169853238991974e+00
1.611672209605368611e+00
1.668516513590885930e+00
1.691628354936355993e+00
1.736120741360807740e+00
2.299497219061929609e+00
2.521335529459354241e+00
2.535078858178491323e+00
2.571900091219051721e+00
2.630089097863310243e+00
2.648684817909152667e+00
2.661615783559015291e+00
2.678875160904292230e+00
2.682544143631552913e+00
2.650909003937650166e+00
2.551581697729250475e+00
-4.199004139205922415e-02
-5.454775498276222961e-02
-6.452833641449662316e-02
3.395161658719038356e-02
1.752728787671938293e-01
1.432938855193152672e-01
4.885694433648959945e-02
1.056782591579089742e-02
4.808605806239853869e-02
8.799741191700959086e-02
1.127617174013922086e-01
1.374327071340377682e-01
