-1.381801515288568621e-02
-1.459070746241881156e-01
-2.296671023027385405e-01
-2.826383825927419879e-01
-2.821915323316783186e-01
-2.534890900442987594e-01
-3.160485852723052269e-01
-4.175526108286783389e-01
-6.051601687010574881e-01
-7.723365518646579941e-01
-9.839503438931644919e-01
-1.152982304660665980e+00
-1.196811118208054525e+00
-1.314104975879995196e+00
-1.508930557900156622e+00
-1.639860941905470604e+00
-1.873830385579999591e+00
-2.133252064454712382e+00
-2.372392931881054601e+00
-2.472902886410026202e+00
-2.431806637952174999e+00
-2.281589058147545312e+00
-2.154725644799928119e+00
-2.092358747588312085e+00
-2.096245957007070171e+00
-2.070323487092334602e+00
-2.086018040234251636e+00
-2.073240887403298149e+00
-2.038056958236766025e+00
9.386267073635638780e-02
2.173129011260926946e-01
3.233447013883890553e-01
4.224154024735583546e-01
4.930260965925467587e-01
5.383854277758944873e-01
5.897506145830118118e-01
6.658967446877774865e-01
7.579489349161709910e-01
9.763105279365494882e-01
1.168482319961027249e+00
1.276112622013165776e+00
1.411739408942358276e+00
1.568036002926622485e+00
1.631211753285167099e+00
1.845017698621987057e+00
2.026425152387683060e+00
2.404517398883346146e+00
2.765979941916662632e+00
2.890688248232297752e+00
2.948039418460270067e+00
3.087832794996724584e+00
3.279552759024551012e+00
3.380691282818934162e+00
3.640916471297736212e+00
3.988812967748092131e+00
4.191272865946420900e+00
4.424764241236002427e+00
4.602202779575884861e+00
4.692694615299533467e+00
1.043156904167993060e-01
1.097939758609674243e-01
1.318241416023197554e-01
1.600026914537238387e-01
1.845222403247460674e-01
1.850883370010575069e-01
1.374943055733754138e-01
2.168234243725191690e-01
2.883243773218140404e-01
2.794907466844627209e-01
1.959853936763088500e-01
1.193862769598942192e-01
9.034148977849765227e-04
-1.387506361900262275e-01
-3.463976326170471465e-01
-4.772850157453364384e-01
-5.682449313823317860e-01
-6.177065140295991963e-01
-7.059970580459528078e-01
-7.019147314611390298e-01
-7.240719717550422319e-01
-7.345010667200134735e-01
-7.749590294161188275e-01
-7.697956983295366484e-01
-8.334867551390846563e-01
-7.849210997074076435e-01
-7.002357978113512571e-01
-6.409536385460994357e-01
-5.459162733744329365e-01
-4.139441728909441509e-01
1.906765620764549474e-01
4.530324404704453856e-01
6.686913367279389009e-01
6.759992376095396160e-01
6.532357863525115604e-01
6.600902668438225485e-01
6.748059700109368952e-01
7.245717617830211843e-01
8.217510323840210296e-01
9.465768625898784983e-01
1.054488566069267774e+00
1.103449290182841214e+00
1.150857825284383962e+00
1.238450604603205329e+00
1.326149411481243545e+00
1.393801920912785652e+00
1.457677259823447757e+00
1.601344211089584135e+00
1.799779467200804506e+00
1.867732059519848553e+00
1.828315451083158516e+00
1.791758449137656140e+00
1.827794246065933326e+00
2.009902358805387035e+00
2.106529605503730362e+00
2.223410980274745263e+00
2.319395675247069910e+00
2.467737980388096553e+00
2.738296144997135695e+00
2.886585254382504129e+00
-1.412176103109374047e-02
2.230828365670233654e-02
5.257824649924291993e-02
3.026247869558562620e-02
-4.625130753928977101e-02
-1.173153202848143672e-01
-1.852432236139324728e-01
-2.978607207518120803e-01
-4.023565030702025425e-01
-6.365634383824601006e-01
-8.038302843079900839e-01
-8.353335919193407566e-01
-9.378921965992638166e-01
-1.143447176870820758e+00
-1.378795925622463558e+00
-1.570303217564283926e+00
-1.742708150482278562e+00
-1.852201077481234748e+00
-1.894735587220374828e+00
-1.927399825810625966e+00
-1.931404275831296147e+00
-1.976134609285954413e+00
-2.182144081342718867e+00
-2.374042434943814062e+00
-2.587805166434181903e+00
-2.713133214774011925e+00
-2.742560398353901974e+00
-2.602773368297123469e+00
-2.365869583269717413e+00
-2.198486015452458364e+00
9.761841202403387374e-02
2.053767293522956450e-01
3.538979566825032341e-01
3.691542376068641662e-01
2.864553782980520102e-01
2.211346063783281024e-01
1.630606817635610051e-01
2.178307683694029329e-01
3.479032450656358577e-01
5.300046307464540973e-01
6.494642036168201127e-01
7.661134994029838996e-01
8.390518440057840310e-01
8.439433749615657954e-01
8.573103691964363282e-01
8.709017877028238930e-01
9.166408839920943130e-01
9.522656789101564545e-01
9.683325364890877918e-01
1.050409904286556007e+00
1.126821194845780472e+00
1.177770906660195571e+00
1.122000247351108149e+00
1.077523344514833781e+00
9.511341020129654433e-01
8.985314582716977805e-01
1.041591242396296080e+00
1.267852933389970849e+00
1.373383687856899238e+00
1.404772363866059193e+00
-2.954157723997322474e-02
-1.904741753010746191e-02
5.886969603443294174e-03
-2.973435752134968163e-02
-5.768545748332506995e-02
-6.796860184299180485e-02
-7.492466958111773656e-02
-1.554881836612008739e-01
-2.210291361203195470e-01
-3.609524921398336583e-01
-4.404190642066628802e-01
-5.084629300005946151e-01
-5.353804271680916438e-01
-4.740821851268371967e-01
-4.880789271253629380e-01
-6.040397969053672433e-01
-7.226000904393943269e-01
-7.988266600289797292e-01
-9.293842761793151830e-01
-1.133108223994268471e+00
-1.392799468031639343e+00
-1.559695106057936043e+00
-1.680498402051196383e+00
-1.677663607048922589e+00
-1.637895398710669914e+00
-1.470158466086353366e+00
-1.437497502267611305e+00
-1.539176838099389100e+00
-1.652600744061826887e+00
-1.717725042309799166e+00
-1.249033487933387254e-01
-2.410008419352388243e-01
-2.872792155225424304e-01
-1.892832198916686304e-01
-4.912199361945324139e-02
-3.211177470195665518e-02
-7.970725105571246916e-02
-5.224872562680088484e-04
1.806142668587415456e-01
3.163965130682395710e-01
4.722570562808243722e-01
6.282007373778041304e-01
7.188785853793940861e-01
7.347340906351098599e-01
7.522592500917586467e-01
7.953381917991333427e-01
8.956209243785027141e-01
1.003359382667619482e+00
1.218260698252982444e+00
1.350094672532202278e+00
1.352661254409352143e+00
1.363924243565403760e+00
1.402904990236168992e+00
1.571321873915929590e+00
1.655159425007251883e+00
1.695100295184196248e+00
1.622928471771488912e+00
1.546783745857859271e+00
1.522709361723601162e+00
1.553407918595304471e+00
4.618058909971248238e-02
3.438035943479467171e-02
7.931574326988191648e-02
1.712860195429396493e-01
2.226585157634428658e-01
2.929707736889646807e-01
2.993971958725985538e-01
3.102617228442861030e-01
2.471304692224270960e-01
1.896267653135415565e-01
2.310109317627222214e-01
2.063612576651176755e-01
9.738912288730913747e-02
-6.608352518983021118e-03
-7.065595996761883657e-02
-1.100015412251128533e-01
-1.224865604995209051e-01
-1.947316984945399176e-01
-2.618610333021386682e-01
-3.566628409716031123e-01
-5.589355988010499265e-01
-6.609886322892915000e-01
-6.603570645737294464e-01
-6.778686671590404833e-01
-6.663905043556652696e-01
-6.640437520793536219e-01
-5.071784749893467614e-01
-3.957971219485418302e-01
-4.312609913791801697e-01
-5.446360235675400396e-01
-6.099275532050078136e-02
-1.431408156619993211e-01
-2.646189416290010143e-01
-3.653210005566123186e-01
-4.420843377817937347e-01
-5.759670602087201274e-01
-7.681613636165450787e-01
-7.935847748862835394e-01
-6.232504887209597833e-01
-4.923190036190892016e-01
-4.380979861979327206e-01
-4.687438304177080073e-01
-5.949495156311241928e-01
-6.894461564367957429e-01
-6.985165464236211541e-01
-6.119892498449678309e-01
-4.824091231813807390e-01
-4.313205304606166912e-01
-3.429022387783454140e-01
-9.704381923944982447e-02
8.666562849199802021e-02
9.376857489195319917e-02
1.968485426019355167e-01
4.950919338450284757e-01
7.977734583617434039e-01
9.861684806488681954e-01
1.020580766984163557e+00
9.921252622549012745e-01
8.945017792499980747e-01
7.104706990942816214e-01
8.789707896221460315e-02
4.113582904905863091e-01
6.650162850378706914e-01
6.930768267801573623e-01
7.330280444344480228e-01
7.628273902027847830e-01
6.527745434040135297e-01
4.591863057094156542e-01
3.724938740569502249e-01
4.927603413696431955e-01
6.661295202509223135e-01
8.150502509527322026e-01
1.032327336396743345e+00
1.280601064875349415e+00
1.532163775249826276e+00
1.612764634518016216e+00
1.661224514169518773e+00
1.739046049406403949e+00
1.820135687908676747e+00
1.865059314911284183e+00
1.848890160913245762e+00
1.817492721541998257e+00
1.797239612500484807e+00
1.885506213315114143e+00
2.043404141990972978e+00
2.193941509482578489e+00
2.180827691368651067e+00
2.137066202914870150e+00
1.980287748237344214e+00
1.868017262136933754e+00
-1.563229690042751419e-01
-3.752999080786150743e-01
-6.592092389280287401e-01
-8.185337098728228122e-01
-9.136170837488384322e-01
-9.919843293453665112e-01
-1.075577714997557388e+00
-1.188811228551190702e+00
-1.217100378210663303e+00
-1.263437387426650904e+00
-1.248011078240478078e+00
-1.275748958288217549e+00
-1.218993974312595707e+00
-1.141168281567352283e+00
-1.086831767022737205e+00
-1.066527277419627273e+00
-1.012324749254146949e+00
-9.486830449753295147e-01
-9.525237047111030364e-01
-9.015344845702599752e-01
-8.819499196000996077e-01
-8.343379607809985332e-01
-8.027988992608511287e-01
-7.566305579483347810e-01
-6.788983282684223353e-01
-6.648980689755316087e-01
-6.955729751897898883e-01
-6.558989534628357765e-01
-5.794273141513892611e-01
-4.779068243447663900e-01
-2.968625487174416169e-02
-1.301270772896743685e-02
1.022353401060861339e-01
2.905004336399231168e-01
4.264128521296924879e-01
5.840482121051511211e-01
6.826337634580236235e-01
7.355898378079599453e-01
6.802380327814684380e-01
6.369735105485127002e-01
5.846158122100020282e-01
5.047555739136841968e-01
3.600522649181132628e-01
4.117310481013307100e-01
5.537691113846286983e-01
6.384665769545071479e-01
6.282892939564391765e-01
6.229514017902325618e-01
5.962771823241160840e-01
4.444404086736762904e-01
2.405698822106193679e-01
1.355755054263511061e-01
1.339006005612703720e-01
5.552982335648291856e-02
-1.655886051031617290e-02
8.938840669840010522e-02
2.151652793658725971e-01
2.098194550223027310e-01
2.108883454952330816e-01
2.705665603856880486e-01
3.436925055540464985e-02
-4.201646844607887649e-02
-1.689523456202654816e-01
-2.596511435014611235e-01
-4.328338555489348871e-01
-6.555052052352184910e-01
-8.227922783985466282e-01
-6.760604962909213533e-01
-4.917527536563462975e-01
-5.140129978260524757e-01
-6.276622264966735809e-01
-6.905738688293945327e-01
-7.748989140828340672e-01
-9.304052062381070742e-01
-1.127240486142171649e+00
-1.330988738937734839e+00
-1.442732653922291108e+00
-1.331508924683129758e+00
-1.250797657903521820e+00
-1.288636833184337860e+00
-1.289532856050388698e+00
-1.343991003866181533e+00
-1.363798250116463828e+00
-1.379768779227334097e+00
-1.424313763951364553e+00
-1.420280347212705907e+00
-1.451478600967968768e+00
-1.500251741794494276e+00
-1.456789350550969253e+00
-1.253373671728424510e+00
2.046609873843901750e-01
3.485841493174591244e-01
3.991560948278723986e-01
5.067398017303709201e-01
5.504407791686555251e-01
5.820223970848491524e-01
5.388616339341888439e-01
5.423625311579151065e-01
5.619554747347311752e-01
5.443190820937024998e-01
5.453251275083196292e-01
6.523996806554896999e-01
8.311055121462310735e-01
9.039673661856991727e-01
1.033980936975021248e+00
1.158716021617903769e+00
1.237858749059643326e+00
1.306906426262794296e+00
1.300781218261808148e+00
1.231112709558793705e+00
1.213964598800996386e+00
1.188926280395827817e+00
1.143558170859345413e+00
1.164617740431219461e+00
1.215407828043561844e+00
1.296106752023456155e+00
1.337914260221827911e+00
1.312688346753299262e+00
1.150070699297346399e+00
8.946494054429525722e-01
-2.496157868983864825e-01
-3.992803158929088547e-01
-4.562332962452782525e-01
-4.371712800127054988e-01
-4.184118462757321355e-01
-5.038278978996918456e-01
-6.378733917412420240e-01
-7.443944514762860232e-01
-8.702712615354346593e-01
-1.075269177187078817e+00
-1.238151030728107838e+00
-1.354037422760366427e+00
-1.445131452993490440e+00
-1.583230784405288416e+00
-1.719898752973489264e+00
-1.868011908867277526e+00
-1.963792236613085773e+00
-2.152660307541721441e+00
-2.286624425829972385e+00
-2.299531639223044710e+00
-2.145624494744005517e+00
-1.911685218007223908e+00
-1.540520140185681175e+00
-1.383606729071064745e+00
-1.464936809763056180e+00
-1.542544981983675179e+00
-1.571812147826538553e+00
-1.558360241969355409e+00
-1.461919719793548067e+00
-1.251150397276843185e+00
1.306492458448566263e-01
2.131039560807271860e-01
4.144486170090130317e-01
5.484745978283609436e-01
5.185193352090957664e-01
4.913527609667389107e-01
5.863082274271341765e-01
6.199377323528452166e-01
6.216665775936990324e-01
6.858288647884388523e-01
8.560615234009011365e-01
9.068648061918612724e-01
8.688982333863026764e-01
9.795424977813993461e-01
1.266059056903962476e+00
1.468277770931246451e+00
1.518153700303422893e+00
1.573396043875034511e+00
1.612810794225855604e+00
1.599869024951508178e+00
1.519986874365526486e+00
1.418400282104069987e+00
1.280999008929275096e+00
1.253730429269466207e+00
1.459485121827205134e+00
1.716467363233169507e+00
1.792345776676047997e+00
1.796069700093271271e+00
1.751174958545808513e+00
1.623617943103791816e+00
-1.136132575866379835e-01
-2.439286658468128866e-01
-3.840778533360525993e-01
-5.550642410884311095e-01
-7.885866764144672247e-01
-1.081218415420067025e+00
-1.326859984525120550e+00
-1.438536956106091669e+00
-1.488406120687732148e+00
-1.558166600499194754e+00
-1.627072814933565148e+00
-1.793669452670806130e+00
-1.916654347481518972e+00
-2.067190596220129351e+00
-2.151230423514644663e+00
-2.288243002997409903e+00
-2.452036244386333053e+00
-2.467973739788201559e+00
-2.441122416476099399e+00
-2.419699854744517875e+00
-2.479419905890140718e+00
-2.551812137795678836e+00
-2.681977807472019748e+00
-2.708502419730714816e+00
-2.712129448558082245e+00
-2.554588260442596237e+00
-2.421878959839078416e+00
-2.260309816543813355e+00
-2.099469786608339383e+00
-1.926215267974133560e+00
1.966468106389179238e-01
2.951213202978643646e-01
3.230962428857191981e-01
4.149361129159592210e-01
5.496937703316312485e-01
6.212961821686056041e-01
7.764761534381335872e-01
9.623056356100269104e-01
1.180527626915290451e+00
1.276750740576982013e+00
1.247177537500620437e+00
1.333759810313039251e+00
1.622216625267666412e+00
1.797363718710968339e+00
1.864586004897279103e+00
2.003420868677086020e+00
2.033070236251471652e+00
1.915332554349121530e+00
1.478629024353704136e+00
9.269570361617666121e-01
5.429289088090881732e-01
3.222494475358239630e-01
1.886365030267805054e-01
2.109909662013654819e-01
2.587550842541903040e-01
1.337456215199805676e-01
-4.229098371167397397e-02
-1.178172152840170628e-01
-1.222412549373076418e-01
-2.480024492303309347e-02
2.207673180231805588e-01
4.243600294665930139e-01
6.450878046847781100e-01
7.297248366298677569e-01
6.103188574755350482e-01
3.154043455823424824e-01
7.811956065816785810e-02
-2.332741880068485429e-01
-6.837257333943232984e-01
-1.008649301316416391e+00
-1.097400339757970800e+00
-1.090024933708732657e+00
-1.157046019177161877e+00
-1.278726097519064187e+00
-1.290387001077356821e+00
-1.400378249285568533e+00
-1.676498215445500817e+00
-1.987407776621112454e+00
-2.181764847399844331e+00
-2.377842584292343187e+00
-2.491126029395030361e+00
-2.390634327749856958e+00
-2.048097285878616169e+00
-1.903368753204627506e+00
-1.923012544804753032e+00
-2.034795425413142400e+00
-2.082669576306872550e+00
-2.082341010331171471e+00
-2.112153353109973875e+00
-2.172118970279039107e+00
2.766828186208723089e-02
8.851683618002814669e-02
2.357453895459414583e-01
4.459332371082002089e-01
7.449458371509133370e-01
1.102441491244111837e+00
1.449693556414775708e+00
1.791222021680401788e+00
2.045070057544439379e+00
2.263000683309912553e+00
2.290906759523275049e+00
2.274042999995067760e+00
2.216576916873808312e+00
2.247129856257439329e+00
2.270924792659862135e+00
2.246276651517798317e+00
2.219111090702280631e+00
2.294188558103437803e+00
2.452825780571490810e+00
2.515633896032239303e+00
2.527564279822579696e+00
2.619390963373145365e+00
2.750332455782481311e+00
2.713379072107392265e+00
2.704297451010365005e+00
2.763160497802126248e+00
2.781831714223520269e+00
2.751672148992919453e+00
2.803486146313571847e+00
2.859054874759420883e+00
6.814000633991618150e-02
1.053673591079425653e-01
4.918093078438213334e-02
1.597523087271367215e-02
4.935091316313145599e-02
-1.167997911861231447e-02
-1.146940010906717378e-01
-9.514560478797014220e-02
4.002021008065663465e-02
1.259248623464784278e-01
1.305296261040937988e-01
2.401556170770757781e-04
-2.840541215881017822e-01
-6.389772378395670582e-01
-9.631272614810197918e-01
-1.164353290486056736e+00
-1.209116397643374308e+00
-1.212485293571128997e+00
-1.357493244314906811e+00
-1.547071722165774821e+00
-1.477831148577803733e+00
-1.320171948330616241e+00
-1.234064637196566894e+00
-1.280284041229768244e+00
-1.232319578283454620e+00
-1.199742104626804418e+00
-1.211029583716379143e+00
-1.350077589567450831e+00
-1.397753846786109699e+00
-1.404984475238417740e+00
-1.169153597035268999e-01
-1.527735816126391810e-01
6.396799935095626166e-02
4.430102700798185800e-01
7.349515144623255392e-01
7.989629599593357501e-01
6.904392222784119237e-01
4.195211259038046370e-01
1.546487233227030189e-01
2.322014574457337277e-02
-7.708388397935335423e-02
-8.337145107849347481e-02
4.808026128944695166e-03
2.945530252422267070e-01
7.389595074085902882e-01
1.045229181709440791e+00
1.101124571034661548e+00
1.115683601458846042e+00
1.151705130823160506e+00
1.109409131717990160e+00
1.004372449617290997e+00
9.405849304858298066e-01
8.999310798233726150e-01
9.050924440368862678e-01
9.192883472674375778e-01
9.719422097993828391e-01
1.075254087146113813e+00
1.205802813634914150e+00
1.251135401629381638e+00
1.256833037770751726e+00
-9.945002184557087677e-02
-2.187611125961511638e-01
-4.130147688579635101e-01
-6.325581001576890960e-01
-7.974661983567634671e-01
-8.965699530811408469e-01
-1.058315181931439364e+00
-1.095846495930735687e+00
-1.056792014679959202e+00
-1.053539443314368329e+00
-1.057534510848913589e+00
-1.072270810618952019e+00
-1.078601232548889177e+00
-1.134260551748648371e+00
-1.194840765098718283e+00
-1.291924594423779604e+00
-1.375293105837917196e+00
-1.447385973069725829e+00
-1.599718202892186802e+00
-1.652194904188126978e+00
-1.683656763238328136e+00
-1.747199455801507373e+00
-1.875201016002617349e+00
-2.001019724659501176e+00
-2.146714013607309735e+00
-2.256948435704096756e+00
-2.377578643658956992e+00
-2.459187544820111704e+00
-2.474999720413793458e+00
-2.463115265860659875e+00
3.626516425716272418e-02
-1.123241016925036750e-01
-2.640550838514892362e-01
-2.969284915934177205e-01
-3.178209330392545162e-01
-3.532363591251558854e-01
-2.498917385670848534e-01
-1.004390326672335854e-01
2.985704089963570063e-03
-1.775899495927350108e-02
-1.731873480063234605e-01
-2.730733869288889948e-01
-3.647427282907470536e-01
-3.554630026180564673e-01
-2.433536675503514823e-01
2.788306462489104076e-02
2.503488525858728053e-01
3.465543609857522633e-01
4.069826975138798875e-01
4.358391776001443452e-01
4.077625348653446946e-01
3.491071338939943924e-01
3.972539797742213885e-01
6.845639712905542407e-01
7.773348065267762230e-01
4.645520896681177292e-01
5.521170981535648004e-01
6.352677594885494106e-01
5.005347201973064930e-01
2.601491926909033636e-01
-2.896348394161957218e-01
-5.862302643360698395e-01
-8.425308789948363630e-01
-1.214094196151122906e+00
-1.242452347956814807e+00
-1.311465775652631782e+00
-1.545692464925437104e+00
-1.495857099580023775e+00
-1.308668571852741547e+00
-1.069217962833693303e+00
-9.760146222565955210e-01
-1.047967134289941704e+00
-1.124040078136385734e+00
-1.153410495279834747e+00
-1.194414770519426572e+00
-1.380100754843932798e+00
-1.486737356417125122e+00
-1.605833229747959168e+00
-1.628998317897145443e+00
-1.673063276342016348e+00
-1.789420897773614350e+00
-1.862488655600266663e+00
-1.839398445847409969e+00
-1.829645064021232947e+00
-1.848808177286761723e+00
-1.849505009894349294e+00
-1.908385671721119392e+00
-2.034679825794228236e+00
-2.195867308890969039e+00
-2.340884373793329143e+00
-6.619335682644655883e-02
-1.602343215102151885e-01
-2.113131042108183644e-01
-2.276378237064569654e-01
-1.945207162983941529e-01
-1.816680671673890357e-01
-2.207898726588682081e-01
-3.299864374726653171e-01
-4.347467368315517389e-01
-5.464702818484463709e-01
-5.841187758904342608e-01
-5.969378656896097146e-01
-5.486565221864423414e-01
-4.917403749956857362e-01
-3.032256594835268659e-01
4.465206781589248219e-02
1.373738993751883741e-01
-1.122908226682422794e-01
-2.683689506505907429e-01
-2.135052049664428742e-01
-3.017865318601281599e-02
1.669817619812596632e-01
3.870618839395564281e-01
5.567759226914780202e-01
7.491148995575098724e-01
9.427387855383561055e-01
1.327827303271383652e+00
1.698705120143219949e+00
1.950325055953232134e+00
2.113559031199873317e+00
2.772906421152825374e-01
6.489220482458895045e-01
9.051946483206327887e-01
1.106449122512514371e+00
1.467760757805007366e+00
1.884937106737866852e+00
2.125039811608712359e+00
1.998416139059459695e+00
1.741263449595950696e+00
1.689574678710805467e+00
1.735559076695537994e+00
1.749410459202240586e+00
1.678780968416465402e+00
1.855171299590288703e+00
2.114418019649413338e+00
2.180895886204667455e+00
2.180526608701082836e+00
2.227697857762539257e+00
2.261915556737185806e+00
2.119188368634878916e+00
1.810722435168724331e+00
1.553925013629811280e+00
1.408136296571360191e+00
1.265040093558964962e+00
1.146198082197338541e+00
1.199100411538626343e+00
1.410016694532432835e+00
1.534082917174439675e+00
1.606564821231069695e+00
1.586377079559539105e+00
-1.151195289802091626e-01
-2.353770343224011463e-01
-3.147945619232795922e-01
-3.695703682508434951e-01
-5.337730872235544322e-01
-6.924122475826144374e-01
-7.187567369379492810e-01
-7.508343060004193381e-01
-8.940068797783535803e-01
-9.573119881856025915e-01
-1.018768690302133573e+00
-1.093190983878035372e+00
-1.142912718218348278e+00
-1.219882621618856078e+00
-1.279073643207476296e+00
-1.369140067973630970e+00
-1.425096066108358706e+00
-1.485848234452228134e+00
-1.467632677419498988e+00
-1.470253172040566048e+00
-1.438188161090643735e+00
-1.478667807611400598e+00
-1.523488205471760670e+00
-1.511755312131084716e+00
-1.461267149237802210e+00
-1.440887655495464159e+00
-1.417217260519209932e+00
-1.260687808425173584e+00
-1.093367408465780732e+00
-1.036599498416105547e+00
1.154757103353688807e-01
1.972885479796248065e-01
2.288459064402117160e-01
2.363155704431735837e-01
4.174309485698593503e-01
5.751775422853994124e-01
6.088548010098617791e-01
5.661312424826685508e-01
5.368859539860354468e-01
4.950147365618025597e-01
3.548677345387351023e-01
2.427918637983994543e-01
1.905896026112710029e-01
2.176219101837090775e-01
2.853063302569424642e-01
2.961185239072080533e-01
2.264409205531985880e-01
1.581343882719685179e-01
4.161987580834666800e-02
-6.811637814114310241e-02
-1.371643521645462271e-01
-1.308055069345599453e-01
-2.032625875015213468e-02
-2.592082958158851633e-02
-2.885983329009456089e-01
-5.120437362109920842e-01
-5.816180965047147433e-01
-6.082652640532297816e-01
-5.532531767094053254e-01
-5.222893023433253790e-01
-8.476419735040337244e-02
-2.852583161168089076e-01
-5.879454069011129658e-01
-8.015925299384943914e-01
-1.045748224103891566e+00
-1.302450258436111508e+00
-1.386972350017806610e+00
-1.381217947149374403e+00
-1.241271720152846925e+00
-1.117272255391457136e+00
-1.107510828457120011e+00
-1.132200753055912390e+00
-1.228719585659939995e+00
-1.458816166286660554e+00
-1.735557388746233887e+00
-1.831310118499156037e+00
-1.826329340801861489e+00
-1.801686497677703169e+00
-1.772478391520597496e+00
-1.616625765513186819e+00
-1.404718829738362151e+00
-1.311172070364282405e+00
-1.215329167991484383e+00
-1.179914041988869400e+00
-1.292242715327430513e+00
-1.418706420821002734e+00
-1.500921826065979792e+00
-1.537470278166290782e+00
-1.680818698550282875e+00
-1.822305294270532228e+00
3.990016981490053516e-02
3.361156298759119254e-01
6.806662068036574142e-01
1.023169992741621126e+00
1.310245913490621694e+00
1.535596982407291256e+00
1.617421258321950939e+00
1.673929218041875666e+00
1.663497334273364769e+00
1.656651396395250275e+00
1.631573518345510454e+00
1.813798480273251856e+00
2.066246700213940191e+00
2.248802165996706570e+00
2.536976711127600481e+00
2.841054569895938187e+00
3.162834710585007869e+00
3.277517921863785766e+00
3.287104760972023865e+00
3.234391492000607826e+00
3.189380837691944581e+00
3.184947055816159889e+00
3.131306590775968957e+00
3.191786164116943159e+00
3.249936599205917709e+00
3.211948209337263993e+00
3.195484065530597828e+00
3.206532728453803216e+00
3.192189175955000291e+00
3.212052715737815145e+00
8.941408078473771226e-02
2.864034787635765245e-01
4.089406970363763105e-01
4.062155353340765607e-01
3.897665425700997388e-01
2.603263740102282897e-01
1.945369575330473944e-01
1.408585328048607976e-01
7.605043946734482696e-02
-5.012334252579692118e-02
-2.373464092000697745e-01
-4.387666792559257178e-01
-6.158917033163386900e-01
-8.383642558809114576e-01
-9.875588813474358574e-01
-1.082264241616420097e+00
-1.143772336585957561e+00
-1.172753779808389574e+00
-1.151060736697643749e+00
-1.290908685757855778e+00
-1.523707284572720644e+00
-1.794449018979662691e+00
-1.973786194082292500e+00
-2.140693342576025948e+00
-2.194801062476654074e+00
-2.129849706534331144e+00
-2.087583673207524804e+00
-2.104759445404397411e+00
-2.072762240806497847e+00
-1.969404325226875141e+00
-1.031523800642124844e-01
-2.013545487071414786e-01
-2.651450261469346925e-01
-3.385542293164434668e-01
-4.813695830658444308e-01
-5.912993137207089855e-01
-5.145133685856396744e-01
-4.513324503653290964e-01
-3.951421398800246121e-01
-3.074135636754753431e-01
-1.349426779184795255e-01
1.269620713216157437e-02
1.678297098098316953e-01
2.790360446589479348e-01
3.474880927542713938e-01
3.762851355677879206e-01
4.199759398745490646e-01
4.917867665750633166e-01
5.639544227617975247e-01
6.382471491470860236e-01
8.941915681720318254e-01
1.198507017352474335e+00
1.320588436538208787e+00
1.396431881954269594e+00
1.525566114231841297e+00
1.621294233401833873e+00
1.624908016852185222e+00
1.635892851432427131e+00
1.650287524200523048e+00
1.687241415477332751e+00
-6.065449055613948703e-02
-1.680764262237471329e-01
-3.834739333069944189e-01
-4.804873126815591977e-01
-4.629020755859986624e-01
-3.126692698021560357e-01
-1.741964615199968203e-01
-1.331702969008499438e-01
-9.313738051568054566e-02
-2.737283368151044449e-02
4.415617746340244620e-02
1.373368595117008817e-01
1.011320335718019492e-01
6.836713725775524220e-02
-3.362725129663216017e-02
-2.576751188298708750e-01
-4.044677655936779748e-01
-4.068285667773275383e-01
-4.319053996848903898e-01
-4.472070534771345196e-01
-4.332725806967384630e-01
-4.446021375007999099e-01
-5.065305059691419531e-01
-6.434066624062836359e-01
-8.584973415813730302e-01
-1.157419928496442596e+00
-1.327504337178402549e+00
-1.337784005016225297e+00
-1.263414557791451065e+00
-1.197626102393273939e+00
1.607739558211555841e-01
3.321539556135292837e-01
2.975102326379304718e-01
2.140308423627924617e-01
2.447049102986398050e-01
3.114392829312103705e-01
2.792391364881910976e-01
2.316251951433603296e-01
2.698638765330451661e-01
3.044046663787982610e-01
2.757592291862903111e-01
3.236058213188250376e-01
4.629306411920020015e-01
5.545408278702624871e-01
5.012492345777990188e-01
4.863608047925342404e-01
4.857623308240308080e-01
5.319090727621148540e-01
5.108634123699311580e-01
5.646291882882491509e-01
7.905669905946135501e-01
9.262534615983516462e-01
1.010352830698445947e+00
1.099044942811884695e+00
1.248867274972147445e+00
1.358829902851049987e+00
1.434952728123898513e+00
1.522663459453683865e+00
1.737750364679748083e+00
1.986951474950221286e+00
3.749599281299364345e-02
1.928051138803664466e-01
4.995174155684934947e-01
7.666665878973765169e-01
7.378056555339627121e-01
7.325650415845869068e-01
6.833324601150935207e-01
7.651449840968302940e-01
8.359667864032204188e-01
8.260797459346933547e-01
7.864807922189689382e-01
7.291069473265699985e-01
6.153860637122953170e-01
5.333042019045124427e-01
4.395593719784186004e-01
3.600547530224713078e-01
3.330628840645146194e-01
2.903235318689613709e-01
2.472371332699677959e-01
1.681533612191844218e-01
6.563380864238359258e-02
-5.887443781945535248e-02
-2.256804664024634755e-01
-2.064674659639319787e-01
-5.256778362898179013e-02
-5.748607155481619269e-02
-7.184752599895935510e-02
-1.063884166702280254e-01
-1.494159166008919015e-01
-2.317686213884165292e-01
-9.528215451892591004e-02
-1.912755025884395610e-01
-2.994602279761966468e-01
-4.454307166289142583e-01
-6.303827399846690938e-01
-6.351109238663866785e-01
-5.908047297838285861e-01
-6.193347296094674492e-01
-6.581450338251383370e-01
-7.269929179931667873e-01
-7.194517167233143162e-01
-7.670024959940398013e-01
-9.383815149551705259e-01
-1.050669007704304159e+00
-1.081684781247009841e+00
-1.107929958360487799e+00
-1.238432916559638830e+00
-1.237108352404379996e+00
-1.266077287793822226e+00
-1.302077290583462998e+00
-1.317877460602022266e+00
-1.296720247153671401e+00
-1.309626191339880785e+00
-1.380221313134199601e+00
-1.442705218996131800e+00
-1.459189369522960744e+00
-1.404665417756594037e+00
-1.311763869253435244e+00
-1.096606194765012976e+00
-8.258739970160207111e-01
2.811647209967692573e-01
4.837104721336132895e-01
6.669460319437634510e-01
8.148602560870683575e-01
1.024974932941641770e+00
1.296263204835108152e+00
1.582498053987063225e+00
1.775292041006481414e+00
2.009272741929991835e+00
2.254823413845901126e+00
2.368813934990459114e+00
2.413078290184006658e+00
2.515234122551136764e+00
2.668444128756343403e+00
2.793176326140376808e+00
2.794598288415708343e+00
2.904458808036606499e+00
3.040617334675502548e+00
3.029886167220634086e+00
2.882312558415823123e+00
2.649598406678876028e+00
2.514526118643884978e+00
2.464664569468056232e+00
2.404520770820967712e+00
2.440468849239200821e+00
2.608448388673309193e+00
2.799939011641212616e+00
2.927923293391081483e+00
2.930936964761447605e+00
2.720332348719778359e+00
-5.497185523141596697e-01
-1.136424982120215255e+00
-1.563576590885004558e+00
-1.693639044198230081e+00
-1.669275184475986329e+00
-1.622448078939073612e+00
-1.487619090700944779e+00
-1.366251902965450737e+00
-1.465219607993857087e+00
-1.635195954964707710e+00
-1.866165162969224856e+00
-2.077087484293441477e+00
-2.344215362744488829e+00
-2.514252401619239130e+00
-2.614075395986884320e+00
-2.623349807908177844e+00
-2.694940227084020812e+00
-2.786534133603675745e+00
-2.842870614536096685e+00
-2.884158781535928640e+00
-2.912322468221706373e+00
-2.988099328628950779e+00
-3.077362611045580731e+00
-3.152981075400436151e+00
-3.236745931357693173e+00
-3.340123303548584666e+00
-3.280142553522271243e+00
-2.952240139133801566e+00
-2.535824328355265500e+00
-2.478131168350554248e+00
-3.144859782330972631e-01
-5.777296099552032826e-01
-8.306378058374010998e-01
-9.527945587944295358e-01
-1.095295793604056378e+00
-1.367040961963797319e+00
-1.632456559175213595e+00
-1.617016729256341323e+00
-1.351029432809805364e+00
-1.027088893080248866e+00
-6.719155897540243227e-01
-3.260895354085227571e-01
-5.799076206267111955e-02
1.374355581972437623e-02
2.788220977959048399e-02
4.891656015111613826e-02
1.192588452617830141e-01
1.325513915443622681e-01
1.771438954997296145e-01
3.770904440676970948e-01
6.296017870731756005e-01
8.082867134306442880e-01
9.282321825501873569e-01
8.763087851360078506e-01
7.096534432428084349e-01
7.089717205549246337e-01
7.507920987647809241e-01
9.132074403439118804e-01
1.176456394942480888e+00
1.335897961991475258e+00
7.580530454800943341e-02
1.877787714667268903e-01
2.210469224871837446e-01
-3.807826268956629456e-02
-6.748504157610096810e-01
-1.198475399501069294e+00
-1.550267552717148112e+00
-1.581123392752927570e+00
-1.442811899726815561e+00
-9.986449897815096177e-01
-4.983172570454896810e-01
-1.113294449799718255e-01
5.005446026725010600e-02
1.965005759295037485e-02
-1.844255883384796901e-01
-6.535445252838515406e-01
-1.099674017523570413e+00
-1.432349355926204160e+00
-1.626537671108208905e+00
-1.575333621606093804e+00
-1.473380080970366102e+00
-1.479921047341927753e+00
-1.573729700778759399e+00
-1.665521528082527958e+00
-1.769139034356274731e+00
-1.967553250713718116e+00
-2.180035880462869891e+00
-2.450295442266407164e+00
-2.656902887514050793e+00
-2.798201325252888338e+00
-1.286055227318592675e-01
-1.895051848145953843e-01
-2.332201541097886910e-01
-2.227929500790624961e-01
-2.079924565014955595e-01
-1.098974491718209129e-01
-5.130660406496562187e-02
-6.811447453488406190e-02
-1.157413359612335935e-01
-2.493755861676480723e-01
-4.958368335913367342e-01
-6.726522997817457883e-01
-9.328883764946351853e-01
-1.055902359832263215e+00
-1.104621100703125691e+00
-1.015726145569789907e+00
-7.249561748720541043e-01
-3.754992788397903958e-01
-9.875791095249053519e-02
1.272253046677170873e-01
2.960683027975991588e-01
3.181652966553551454e-01
3.891451418911167082e-01
4.789341074033325318e-01
5.748851527866496447e-01
6.254267293751556434e-01
6.227717731962535419e-01
6.600729317847398026e-01
8.466950564850259653e-01
1.055992208447678049e+00
1.505405269569870530e-01
1.980823128635980646e-01
2.642956841669600321e-01
2.935862314837646148e-01
2.940318584492331300e-01
2.841082174773112978e-01
3.290052864277101530e-01
4.647331755780603202e-01
5.706254965428515513e-01
6.416202174035374739e-01
8.085839187832862818e-01
9.713272234937009308e-01
9.336503507994826645e-01
8.441370274184295530e-01
7.542910235074774539e-01
6.221956002824864385e-01
5.503240099310007238e-01
5.438810349799508836e-01
6.634389657996657697e-01
6.808862129277545305e-01
6.937968882335324716e-01
7.109710351488348623e-01
7.071227535603754610e-01
5.837177800731316868e-01
4.430536409510510421e-01
3.180374843812814323e-01
2.744214190543743381e-01
2.299072937760038848e-01
1.442584493619868402e-01
4.531512151409816669e-03
-2.599955946747088964e-01
-4.333664805571540435e-01
-4.521136485478911560e-01
-4.783225765768353566e-01
-5.989692995744214654e-01
-6.496087646003610994e-01
-6.642416360010163778e-01
-7.433764673915886911e-01
-9.175285886444355388e-01
-1.017720874335178216e+00
-1.082287300409950248e+00
-1.262039519960211909e+00
-1.515070476719795556e+00
-1.585165243524042644e+00
-1.584229491796641298e+00
-1.606237965471631668e+00
-1.604030909858706222e+00
