1.881606331103571617e-01
3.243824432218425091e-01
4.270357741168018806e-01
4.346168848178674771e-01
3.630929364004590876e-01
2.509482932968712943e-01
1.598324232252687493e-01
8.130690736160459120e-02
3.523124919654974097e-02
-7.791705769336206011e-02
-1.579038799429003659e-01
-2.462413244542274726e-01
-3.302238404891049695e-01
-4.417412905752408636e-01
-7.122940544562474940e-01
-1.010879768778735865e+00
-1.329693644800974628e+00
-1.600826444869525966e+00
-1.806888566766611692e+00
-1.974306574010960658e+00
-2.059543253168985455e+00
-2.051814975943241137e+00
-1.993704031346258843e+00
-1.965780707469271471e+00
-1.912863312752990153e+00
-1.849265642942923948e+00
-1.813890475366235044e+00
-1.851755132391982084e+00
-1.743000061941669010e+00
3.635975278843565084e-01
6.868116741656976609e-01
6.153275706495048292e-01
4.673420445906566467e-01
3.846533041275317366e-01
6.506425326406143350e-01
8.834417571552715120e-01
9.411408062959081278e-01
8.204784845573867003e-01
7.721600127446479611e-01
6.822652096070955796e-01
5.764180399100954366e-01
5.352687245911830205e-01
7.431781768983650727e-01
1.129077329156429554e+00
1.451708744479193625e+00
1.776161566059681451e+00
2.080147004827411550e+00
2.328367295765671141e+00
2.485438283026569550e+00
2.610481283519273443e+00
2.651209209237769482e+00
2.558250949873170921e+00
2.416562773145888077e+00
2.290921942696863667e+00
2.114406806249150339e+00
1.905920984235891291e+00
1.556396693838633993e+00
9.835876470044905284e-01
2.420259241718680787e-01
-2.714033062563312448e-01
-1.895451572204867596e-01
-4.368037029076532463e-02
-6.588616945976569217e-02
-1.785763631144265673e-01
-2.825677891728132773e-01
-1.128353684786311539e-01
-1.357033751344579597e-01
-1.671856167463862120e-01
-1.552569764362184135e-01
-1.073586736091930449e-01
5.791733248228125852e-02
9.891529309820826232e-02
6.176843079699255445e-02
-3.604586362772056740e-02
-5.222111695633502998e-02
9.712908383377291677e-02
4.023595877265502274e-01
6.998852376057165259e-01
9.633544066967772990e-01
1.255621392373086787e+00
1.596301689870358365e+00
1.959897481039485800e+00
2.232573468304818842e+00
2.438088717243629855e+00
2.587905467841963514e+00
2.633647319847024715e+00
2.619923326059361735e+00
2.622008548645990089e+00
2.715923180654582492e+00
3.241028266370784422e-02
9.122955842536500937e-02
1.527172607796763726e-01
1.570728760045029260e-01
1.284979825527515773e-02
-2.211234228993921302e-01
-3.912048713336256922e-01
-4.362551846884445972e-01
-4.909096767129355054e-01
-7.468255163846226896e-01
-1.187269381882388952e+00
-1.659776666547549517e+00
-1.899634150548846323e+00
-1.818284321474460619e+00
-1.451013582798729828e+00
-1.188785534012387402e+00
-1.464644301600323661e+00
-1.808680907523400716e+00
-1.865391925816691776e+00
-1.864552399691399298e+00
-1.821952209499807740e+00
-1.717102586109116702e+00
-1.596369717829129176e+00
-1.283174637788687455e+00
-8.225260970951320250e-01
-4.872983707027426781e-01
-4.207046120084209084e-01
-4.767416547063636489e-01
-4.639664063046470277e-01
-3.636561424217135130e-01
1.604735151200634702e-01
2.200695577116536794e-01
2.639685559269709381e-01
3.381456835469023314e-01
5.014418039669071847e-01
7.555051721851222535e-01
9.906660785831608029e-01
1.075410541291422994e+00
1.063287085784924590e+00
9.858819242107561553e-01
9.590771371701417580e-01
8.495290496598905117e-01
7.562683384611333937e-01
7.481736515473325078e-01
7.500919368915838215e-01
6.181158766274910121e-01
5.613188646049847019e-01
5.412949784804461650e-01
5.114802075367195222e-01
4.142225352468028032e-01
3.905885343237862073e-01
3.745180073394469566e-01
3.055867690953231741e-01
1.373393969271665405e-01
-5.840012164407915041e-02
-3.889519331709297423e-01
-7.896983916499054068e-01
-9.809459838526402020e-01
-1.094033911009215432e+00
-1.090421345804088782e+00
-1.556433347602674822e-01
-1.938737439234869131e-01
-1.777739543196385497e-01
-1.160079337711565212e-01
2.571104745105311229e-02
3.190492615684982769e-01
4.980908087302540199e-01
5.075997836804782004e-01
5.729006561492453464e-01
7.336702526728270390e-01
7.451466793108447728e-01
7.055513406994677883e-01
7.153879696935326882e-01
8.128581696530354783e-01
9.422858537382348132e-01
1.076893035108831054e+00
1.374529663931418622e+00
1.788062860401988363e+00
2.140722402522780676e+00
2.485231843312011968e+00
2.711557451438766364e+00
2.744100174039677320e+00
2.648227474542125037e+00
2.548201214570697815e+00
2.383815089449567104e+00
2.228244677227111836e+00
2.127209598920451583e+00
2.171300148610618042e+00
2.293671544730488954e+00
2.448558670095438039e+00
1.936015283943461618e-01
2.383238577591793028e-01
2.506786645986951445e-01
3.009127344847316032e-01
2.794384018121152113e-01
2.048967523937196833e-01
3.301621006537441838e-03
-2.462338098391529395e-01
-4.948912832318197452e-01
-7.468770238511827086e-01
-1.047473123741449186e+00
-1.363112348549678110e+00
-1.623242063284331405e+00
-1.922383416259814348e+00
-2.320327336619257608e+00
-2.682895621125270136e+00
-3.075682967776099286e+00
-3.348861792284146155e+00
-3.487546405260492310e+00
-3.555602375397258985e+00
-3.437053643128055391e+00
-3.253658090120382429e+00
-3.131552980936882946e+00
-3.012228028649236666e+00
-2.853834953621042114e+00
-2.662989419995456686e+00
-2.647765137981748396e+00
-2.784045464477624687e+00
-2.983514006959391729e+00
-3.100340053638018123e+00
-4.838709275987108233e-03
1.361256238508783967e-01
4.788145234361668168e-01
9.559247956660905654e-01
1.477241232165653395e+00
1.878343563463414245e+00
2.134639112896036917e+00
2.243889920778048719e+00
2.206564029850216269e+00
2.094734902374082886e+00
1.950907491968205232e+00
1.764889357242154455e+00
1.586377948984596165e+00
1.390767742935364870e+00
1.278677722882074930e+00
1.398216846932049728e+00
1.640282258273878968e+00
1.905045961188922554e+00
1.979429422596137966e+00
1.951858338918455837e+00
1.844398930541312431e+00
1.685169753230886247e+00
1.497045361873099889e+00
1.202782885972869309e+00
8.044285348393495072e-01
5.036050247619027198e-01
4.378930408356582205e-01
4.415360942871289218e-01
3.636427119002567099e-01
2.622948899923864818e-01
9.101006311120398568e-03
1.490762585528740587e-02
6.480733626747928189e-02
4.969080350022998527e-01
1.197853729710034898e+00
1.609916523087542295e+00
1.511424045877926448e+00
1.291287111881458616e+00
1.200999784056834940e+00
1.165617639364237679e+00
1.203741399675471113e+00
1.243255276136550069e+00
1.304930309006809175e+00
1.586523325765058612e+00
2.264845871170210856e+00
2.858746727808030297e+00
3.057453575647523625e+00
3.004385051154650377e+00
2.964120515380062937e+00
3.060499597813484129e+00
3.226820592868852700e+00
3.390468212203369802e+00
3.393808816016360641e+00
3.500431417344096463e+00
4.167917070764195486e+00
5.166158247062901943e+00
5.694330742289448466e+00
5.562905350116862380e+00
5.416186465809342820e+00
5.195959253362131491e+00
-1.303101859194439327e-01
-1.096885924759283260e-01
-1.395688595534643750e-01
-2.163969955322923577e-01
-1.539399794609434269e-01
-2.547051522053611627e-02
-6.686092529755843783e-02
-1.818828356474833652e-01
-3.005019118046209359e-01
-4.798219910422290013e-01
-8.094872865990586641e-01
-1.189293032265724470e+00
-1.537352445106856758e+00
-1.914417571453028266e+00
-2.341449421910549056e+00
-2.588878816774578873e+00
-2.535436914321294033e+00
-2.444888138152161439e+00
-2.394305546392072603e+00
-2.415649304972401268e+00
-2.443666821598086791e+00
-2.533117219779898122e+00
-2.694290566178172863e+00
-2.814467675843806749e+00
-2.858993864746773195e+00
-2.898834574971775879e+00
-2.957885261967192481e+00
-2.948682756528404170e+00
-2.949118601418507790e+00
-2.980124129499063024e+00
-7.312849148202309538e-03
1.130431750112428496e-01
3.162088212493459061e-01
4.033339953046460868e-01
4.703002000154901108e-01
6.192149823968006173e-01
8.298432975789329369e-01
1.030320240662259579e+00
1.210099443968343902e+00
1.519184122593967068e+00
1.947088844278963338e+00
2.372676222598867568e+00
2.627943562886368323e+00
2.662264703708445257e+00
2.521883806066310019e+00
2.452444529951079755e+00
2.482797539342991300e+00
2.590481861188901114e+00
2.780760994521226603e+00
3.046200256855104982e+00
3.217175517933869688e+00
3.136691249486922572e+00
3.056400804205219757e+00
3.006589252410253099e+00
2.879163933511368789e+00
2.673218473167033871e+00
2.460740316817430440e+00
2.345956127840349126e+00
2.207759072730596905e+00
1.934249060600931269e+00
-2.686529370539525452e-01
-4.941475569790488853e-01
-1.069272684214226832e+00
-2.021825664460100036e+00
-2.658134543382685955e+00
-2.658988980036717020e+00
-2.215664774853248087e+00
-1.755459649219037965e+00
-1.560892378465835284e+00
-1.551912281884352485e+00
-1.715626506918194849e+00
-1.860476837613017409e+00
-1.856014892530658100e+00
-1.946075154971026011e+00
-2.089236271796044875e+00
-2.021945323220248891e+00
-1.853907653235362885e+00
-1.740092676494744639e+00
-1.656256258996294140e+00
-1.770734126141340736e+00
-1.902388796658422310e+00
-2.033720028295431970e+00
-1.980587310779462484e+00
-1.856366700997112096e+00
-1.657535350185584289e+00
-1.478062039773170300e+00
-1.224257352412002398e+00
-9.204336696996407996e-01
-5.793333924392993772e-01
-2.982775430607259581e-01
2.757458786438877207e-01
5.238667701197000648e-01
7.240085888824836502e-01
8.208509811476388807e-01
4.193996362730177951e-01
-1.941726345855498970e-01
-5.125468508794712719e-01
-4.556955266648450853e-01
-4.075831335553218304e-01
-3.515647989516822447e-01
-1.627481819481924885e-01
1.972956333258307771e-03
2.110940470192096061e-02
-1.955504664225658773e-01
-4.500638801617662388e-01
-5.932071784030048534e-01
-6.481429067872119809e-01
-7.020798852918959110e-01
-6.999311892119717271e-01
-7.416714974925442405e-01
-9.032848899238490326e-01
-1.253259427596504549e+00
-1.639674509668315183e+00
-1.740918160403106318e+00
-1.694871059080060416e+00
-1.682513179892934474e+00
-1.695131771904107243e+00
-1.661045904010971963e+00
-1.516948969140226922e+00
-1.461947512522858927e+00
-1.530664764477788209e-01
-3.455016765106684318e-01
-3.887834434304239251e-01
-4.068631920444828465e-01
-3.911019237377856284e-01
-4.271268328357403776e-01
-4.055031356595644176e-01
-3.474951401300394038e-01
-2.901261775067596194e-01
-2.580346687073770684e-01
-2.456026878435622618e-01
-1.578008575142211822e-01
3.194605955112486684e-02
2.358739925259380477e-01
4.914587511299248757e-01
8.134251517551622790e-01
1.012430992242314698e+00
1.144455257019758809e+00
1.408371761381594256e+00
1.975237307553448396e+00
2.740418294020566137e+00
3.352567202379283628e+00
3.531294623100918795e+00
3.586299759197378201e+00
3.632492361949072546e+00
3.608193448022395167e+00
3.494114103323199938e+00
3.280150127071951971e+00
3.056092447380853283e+00
2.982789920077359547e+00
-3.993800587142871950e-02
-3.478625625919945508e-02
-8.358487194178393365e-02
-7.058945032167417144e-02
-3.542825698524104672e-02
-3.223916651710528880e-02
-1.819979742265429024e-01
-4.504153777075766696e-01
-8.986585530795169197e-01
-1.304833876908501500e+00
-1.651583993662312233e+00
-1.839374422221276673e+00
-1.922360386294682977e+00
-1.864152821746126287e+00
-1.799148343654603410e+00
-1.913994013668688821e+00
-2.095870171826080153e+00
-2.225825993262705360e+00
-2.268214336574391421e+00
-2.294955007798611835e+00
-2.262610512267760221e+00
-2.320278190745266311e+00
-2.330874434555838981e+00
-2.337554922598350071e+00
-2.301544074904666726e+00
-2.285132568374338646e+00
-2.273569706523998146e+00
-2.151688567068215541e+00
-1.922823441427288671e+00
-1.661634952958166433e+00
2.322270591953009833e-01
3.941334572289778571e-01
3.341878013778115664e-01
2.095523848572569958e-01
5.079484318060531467e-02
2.345265234407867272e-03
6.669178609921283529e-02
2.049138693506270537e-01
4.271190699542058988e-01
6.289022330355944490e-01
9.135621658009246415e-01
1.072731321077472488e+00
1.007360764012156018e+00
9.178394636842280851e-01
9.232070554084702563e-01
1.008484618287659895e+00
1.060617516355950141e+00
1.032689629738212878e+00
9.096549677814773638e-01
7.763297654744086840e-01
5.624418883407047431e-01
3.303255204134124545e-01
1.961166519811683440e-01
7.732157785698680341e-02
-3.219463388694406014e-02
1.116116754876939066e-02
5.981857727147357751e-02
-1.898376433269102492e-01
-5.025446287362521636e-01
-7.613567687909543746e-01
-1.305109234611344926e-01
-2.219877367402450230e-01
-2.366766686641821049e-01
-2.088786753868119850e-01
-2.868355886638596086e-01
-3.989458974915319756e-01
-4.040100862381582614e-01
-1.991296524017236169e-01
1.334441432511572490e-01
4.308093915350722503e-01
4.767947513522081127e-01
3.313421580597635252e-01
1.277276188084802699e-01
4.591857044686860345e-02
8.770719476825156180e-02
2.065364274699190150e-01
4.551593000818598966e-01
9.592650413898323736e-01
1.463304409010548257e+00
1.826427683656117962e+00
2.025591082807010057e+00
2.270957782154769067e+00
2.651137039407950535e+00
2.898396356418353026e+00
3.029577859860872913e+00
3.117599348852304608e+00
3.224170280009775347e+00
3.219942506118448566e+00
3.183231901533735364e+00
3.267937046148969849e+00
4.559255124595497366e-02
1.299186401033047833e-01
1.661687006457849836e-01
2.387612728796477679e-01
3.703312785342982583e-02
-7.882496072233217965e-02
-2.294443261095928110e-01
-3.433887993182708209e-01
-4.774566795270127617e-01
-6.537250627123056823e-01
-8.234912994491057070e-01
-1.080380741165125613e+00
-1.436714796328794064e+00
-1.926013461469581411e+00
-2.403435533192620266e+00
-2.864995014627896186e+00
-3.213595567114944984e+00
-3.218387443771933754e+00
-3.042518974650932684e+00
-2.928498465133228201e+00
-2.832566337207940599e+00
-2.746823457154110582e+00
-2.701684042931080221e+00
-2.712877505990762383e+00
-2.799394569032823910e+00
-2.936232874866345099e+00
-2.963591826594017764e+00
-2.943043527008636140e+00
-2.925347199199099357e+00
-2.804167540001232251e+00
1.396268217293474001e-01
1.408470399925340621e-01
1.170765571577042224e-01
2.697131861383922913e-01
4.877609029925547568e-01
6.683801820144321670e-01
7.867939627151696591e-01
1.003283235641028615e+00
1.328679077122613794e+00
1.680688538141660304e+00
2.225060525844004822e+00
2.736552224016040924e+00
2.753302998957683378e+00
2.401830514518340731e+00
2.242388702616313179e+00
2.258335264615154880e+00
2.220330326487707673e+00
2.024943569443240943e+00
1.856724807227432272e+00
1.938960242630274333e+00
2.038722627379272456e+00
2.193663956095504908e+00
2.291739812003276811e+00
2.381455650476688835e+00
2.456892529305632955e+00
2.596936416713931273e+00
2.503087662544135839e+00
2.198168512805191543e+00
1.982595597784557739e+00
1.928896995791195446e+00
-1.569220549544881466e-02
-7.401950046373703684e-02
9.563428324658607149e-02
2.245948394528436143e-01
2.195615182708787472e-01
3.915334630140937522e-02
-1.618225467363536008e-01
-3.202578742264229339e-01
-5.086918109293725454e-01
-6.893628566396026169e-01
-8.464762503213221212e-01
-9.749411588005240104e-01
-1.031491868599142991e+00
-1.097716091684256323e+00
-1.150787012509812524e+00
-1.152114112010154123e+00
-1.078617579862333420e+00
-9.623937596331236799e-01
-8.418587873796553600e-01
-8.153358771960624862e-01
-8.280639437252622637e-01
-8.277334447208641866e-01
-8.338249585099059003e-01
-8.851288917616012553e-01
-9.353384396223722863e-01
-9.091413030990600497e-01
-7.725113689059177613e-01
-5.971449220780363776e-01
-4.253385969052488891e-01
-2.412134631795764539e-01
2.601768090288359425e-01
5.841450917460062620e-01
8.620499120412111749e-01
9.446576780043974830e-01
8.949151642127012307e-01
8.812804043060883386e-01
9.278394193200174556e-01
9.017403987451976244e-01
8.539959355623303328e-01
7.583513029892919866e-01
7.370974935758223268e-01
6.512170551713858391e-01
2.566962972885984406e-01
-1.288063883295944012e-01
-2.346096843441567992e-01
-1.709696010551340906e-01
-3.035667720236090439e-02
1.756793841416805224e-01
2.507653372338881637e-01
2.215126581474507750e-01
1.938240908915864757e-01
1.561958659498201285e-01
9.734365429174390849e-02
6.379688140946374042e-02
-5.786520049976361102e-02
-8.780478309828312899e-02
-1.374350525345040264e-01
-2.066095211313633273e-01
-2.727310666344141543e-01
-3.754079919867663317e-01
-7.600542523710863974e-02
-9.930959951422974052e-02
-2.029532213754268177e-01
-2.774217275452094400e-01
-3.197989265601670628e-01
-3.581932127743751582e-01
-4.362888094431983665e-01
-5.562430641318517610e-01
-6.912386316440368716e-01
-7.877097853508182590e-01
-8.283234565522528126e-01
-7.502846814502093231e-01
-7.084171964526427834e-01
-6.369971852623780295e-01
-5.699936427037770592e-01
-7.484951296177934088e-01
-9.938441798713658626e-01
-1.037140428693628547e+00
-9.660211717451494540e-01
-9.395336329611408965e-01
-9.418047292002600379e-01
-9.456507041669007796e-01
-8.821452677320994473e-01
-7.612108460368830487e-01
-6.219174235759037384e-01
-4.288538222478402995e-01
-1.665046554142150526e-01
1.915376000276766133e-01
4.249894762108619162e-01
4.887818166187384850e-01
7.392951916553107752e-03
-8.324266246998865415e-02
-2.689071856675179784e-01
-4.914098245063195369e-01
-5.114106512854499353e-01
-4.254932549289131560e-01
-1.807142260384558830e-01
1.141107595884816028e-03
8.136076987109773506e-02
1.234867647975729094e-01
2.356600188994201206e-01
2.309255516871852321e-01
1.612012073686897029e-01
9.823626456972581189e-02
-1.217995575065312919e-02
-3.470084887228478548e-02
-8.415318716524092246e-02
-1.168788958868525463e-01
-2.260692582323670097e-01
-4.230295951193625559e-01
-6.381764665516411750e-01
-8.331061443327169025e-01
-1.018336336148045307e+00
-1.259245677406413355e+00
-1.439582013350842793e+00
-1.552980961935001236e+00
-1.655609691425686369e+00
-1.719800431353881498e+00
-1.727342730572408502e+00
-1.708407047709747495e+00
2.425717729467973330e-02
2.273298128475344931e-02
7.988374377078841584e-03
5.871911971792639212e-02
1.989735351550139114e-02
-2.502709106055318183e-02
-3.227349573592071946e-02
-9.296472400269800707e-02
-1.424906855849918663e-01
-1.963846059341968209e-01
-1.175793176111128435e-01
4.349853669955938695e-02
1.460098292192775205e-01
2.778175053201233924e-01
4.915305973643202542e-01
7.751788888848032411e-01
8.924707770760856862e-01
8.683979035131533797e-01
8.987126640933106314e-01
1.004637203787651201e+00
1.148482546457314291e+00
1.324868967899133443e+00
1.530679446104541874e+00
1.771533610117134394e+00
2.055635840432589845e+00
2.306723449997749142e+00
2.489043013010823202e+00
2.671315346737187291e+00
2.687154066802565300e+00
2.618451437748507526e+00
-5.264542915363849829e-02
-2.667949496260518111e-02
-1.813315872245732652e-02
-9.245715583729076370e-02
-1.938916199716476108e-01
-1.964111272089047178e-01
-1.924084015613858334e-01
-1.754834409954997010e-01
-2.298490611335403666e-01
-4.017535820618497455e-01
-7.371435183482000220e-01
-1.238486754020139635e+00
-1.672579312855096756e+00
-1.978518586071110752e+00
-2.158342890783760293e+00
-2.269946659803736999e+00
-2.301414122273141682e+00
-2.202823510327474477e+00
-2.113282669687134963e+00
-2.188065492484115637e+00
-2.319568728302578542e+00
-2.266066137291434135e+00
-2.317796292943557823e+00
-2.464406896415944015e+00
-2.582638883881342107e+00
-2.605207095576016485e+00
-2.612448654924749203e+00
-2.711294778806368821e+00
-2.713705634744720374e+00
-2.550560570037631258e+00
1.604376846437600146e-01
2.548671147955794414e-01
3.024855378080248403e-01
3.483040441040205493e-01
3.893694038210250286e-01
3.251773234878095886e-01
4.615540613780770851e-01
9.002375831880152779e-01
1.392767271989158617e+00
1.722093335842517003e+00
1.871884245966831006e+00
2.111673308527141746e+00
2.542606959998004790e+00
2.890610930155714353e+00
3.041638532928440775e+00
3.084563684686541407e+00
3.101974801862185771e+00
3.124107282105431871e+00
3.108463799248169845e+00
2.990722141262245781e+00
2.911754126714074520e+00
2.871957216118213640e+00
2.890755877797402729e+00
2.966971610652441527e+00
3.005278548218088375e+00
2.977911559785646922e+00
2.781592222344103860e+00
2.624471462750854744e+00
2.563603819651370852e+00
2.498132249005264871e+00
-1.742096205539672427e-01
-2.555875618249156545e-01
-2.018963475995209644e-01
-1.820771608186564638e-01
-3.444610226601252378e-01
-6.033641804818952181e-01
-7.409019041746716105e-01
-7.882506021430466525e-01
-8.790188294226644050e-01
-9.668753214329210977e-01
-1.035471945714208752e+00
-1.151153186002548567e+00
-1.211142518938767232e+00
-1.339477827258846787e+00
-1.378859972238364540e+00
-1.373625621919425832e+00
-1.342499840191579086e+00
-1.251195922174394903e+00
-9.572183276403143370e-01
-4.344698482940210216e-01
-2.683488096177517601e-01
-7.808604241674848012e-01
-1.400294391441986530e+00
-1.485232422839305677e+00
-1.408683433069159996e+00
-1.391011088785111705e+00
-1.441885827456621749e+00
-1.487945578501561839e+00
-1.575442160509287204e+00
-1.498767756742094948e+00
1.278545245935477914e-01
2.975236112310338799e-01
4.363680143677370893e-01
6.750077237423410814e-01
9.861707631462477419e-01
1.578105268080706391e+00
2.175226200556542810e+00
2.633937503486927678e+00
2.782720199149839591e+00
2.818514041603403797e+00
2.826137190802531229e+00
2.822841474321447830e+00
2.697470194342873384e+00
2.407535664390113794e+00
2.163929879599073125e+00
2.097337009327061352e+00
2.153126810553239068e+00
2.260283866856376278e+00
2.395449753418202210e+00
2.380004488334736212e+00
2.287956407962607130e+00
2.186867613963474177e+00
1.849399421672897725e+00
1.462301421455591388e+00
1.412516812491748874e+00
1.425531237062678258e+00
1.415406162312680349e+00
1.361681964286052482e+00
1.420541999879245232e+00
1.443243639546263335e+00
-9.309086317156713142e-02
-3.238364455117956342e-01
-4.934608815082602296e-01
-6.513721330755166683e-01
-8.813212795273722699e-01
-1.157664287815610704e+00
-1.398174061517289068e+00
-1.523613539831052410e+00
-1.669040051786112588e+00
-1.753046349245114710e+00
-1.878449608387058545e+00
-1.901027170044054859e+00
-1.883101101862501459e+00
-1.852113873430171198e+00
-1.883625452044584314e+00
-1.843931957297685109e+00
-1.946627224040149651e+00
-2.095358880624811793e+00
-2.212297650417685002e+00
-2.298365412372773697e+00
-2.507773254443245392e+00
-2.545841534549632801e+00
-2.568181079209918671e+00
-2.475225617549149604e+00
-2.448213981256321503e+00
-2.321733528820257408e+00
-2.276070103174824499e+00
-2.062241817918907483e+00
-1.912731565235830100e+00
-1.792678658634567546e+00
1.624170620783427221e-01
4.518358049313344615e-01
6.879509637958509671e-01
8.460163465006700356e-01
8.591459798194996944e-01
1.040215800873318885e+00
1.192044035059062645e+00
1.398114416538528193e+00
1.523186040442300548e+00
1.708477121085055339e+00
1.825517416410793015e+00
1.861156677870308140e+00
1.878794981049591195e+00
2.002520791541555489e+00
2.008724189070294930e+00
2.009643268480323375e+00
1.886858708270465534e+00
1.796405971775846488e+00
1.717118045174218732e+00
1.629075973141639322e+00
1.562525026440426679e+00
1.520685565941288120e+00
1.508186650398515738e+00
1.397402377223708081e+00
1.361778028481351654e+00
1.352482733864947217e+00
1.451394165267148040e+00
1.409171896709709992e+00
1.352668137063846920e+00
1.155470261591490022e+00
-1.866304314000404863e-01
-4.723277281411718542e-01
-7.385169586995787849e-01
-1.050278340016035816e+00
-1.216784922344253062e+00
-1.353294289875264678e+00
-1.241942119022293234e+00
-1.154111772478094933e+00
-1.196060932855663062e+00
-1.358325379755266571e+00
-1.518809150641762473e+00
-1.612750295141352153e+00
-1.711839506898612528e+00
-1.898170297055439271e+00
-1.968534178163969806e+00
-2.038731653115694264e+00
-2.011303240681051818e+00
-1.987203921027542730e+00
-1.926002449309681230e+00
-1.856906778608109487e+00
-1.815144751146907653e+00
-1.799717597498003085e+00
-1.845400354546989474e+00
-1.915766938729336788e+00
-2.008371842765101167e+00
-1.890627891419036422e+00
-1.627559963282509514e+00
-1.366374124740390883e+00
-1.163931346564251346e+00
-9.333672164710227204e-01
1.262288677044506591e-01
3.220166106136291839e-01
4.745958697955450223e-01
7.348546929849764098e-01
9.055655353719690437e-01
1.041867037984506528e+00
1.224044343105277655e+00
1.390935383396364244e+00
1.475433477385215131e+00
1.484971433953871989e+00
1.492305422160270290e+00
1.383151584874392936e+00
1.249748800254660841e+00
1.203291497342170446e+00
1.338737132080972225e+00
1.472059021385330402e+00
1.514117614923143451e+00
1.463018466743795098e+00
1.336692590312553053e+00
1.149064670858034765e+00
1.104013276754305606e+00
1.034481696850602095e+00
1.011447486760938874e+00
1.008891729837487095e+00
1.049766938953274220e+00
1.127486433807153521e+00
1.128050143069079692e+00
1.027513480689365988e+00
8.459404924189073416e-01
6.594196244660971429e-01
-2.334810760372506566e-01
-4.945250660879996207e-01
-7.668787574281192843e-01
-8.402776922489352263e-01
-6.778478288071031477e-01
-4.801179525452317076e-01
-4.965825793549711875e-01
-7.603437446365841623e-01
-1.130587153356195529e+00
-1.402205023959213204e+00
-1.456702343355386953e+00
-1.377610193365780944e+00
-1.177948112100647204e+00
-1.148142576458818898e+00
-1.293581953647973570e+00
-1.541544418554689377e+00
-1.627573497298796301e+00
-1.568186346216159377e+00
-1.537330268976689451e+00
-1.527709480305463829e+00
-1.425611987717916085e+00
-1.298066102091081753e+00
-1.228348091675107723e+00
-1.181695126308038857e+00
-1.171110453918655869e+00
-1.152726333696600269e+00
-1.064212896383732954e+00
-8.321178730365271781e-01
-5.545220337978074010e-01
-2.758386734522436656e-01
2.136311970399019378e-01
3.266513207615161507e-01
3.089708810751665147e-01
2.816099589006606507e-01
3.460395438953446923e-01
3.732118259814407590e-01
4.272681709853852761e-01
5.278968810248977350e-01
9.232295115477844316e-01
1.282022513614583525e+00
1.304203094237631921e+00
1.118605195180849998e+00
1.015463299387797225e+00
1.063449899952259248e+00
1.101672034107331388e+00
1.057842226369798855e+00
1.057723355664748954e+00
1.133936773492081551e+00
1.266488072612035554e+00
1.260465984923936578e+00
1.208834551249099221e+00
1.094364171356865700e+00
9.779894194164008292e-01
9.161214245725231020e-01
7.644381255686378829e-01
5.696050660477575134e-01
3.112896777614838628e-01
8.294336550250469564e-03
-1.598559405217320761e-01
-1.634004980702948584e-01
1.055206392364496926e-01
1.756325051680215910e-01
1.394150646016810158e-01
9.608191079823720504e-02
4.042766844416734867e-02
-1.152929866034610729e-01
-2.508392652400194267e-01
-3.240497585271063796e-01
-6.801355541929540172e-01
-1.109448366145835863e+00
-1.413151212259790901e+00
-1.398470155651111435e+00
-1.252143462678517061e+00
-1.094574536274965038e+00
-1.016315745478270083e+00
-1.015372724814967320e+00
-1.022181133498774264e+00
-9.092308386164337231e-01
-6.516396935963947312e-01
-3.740957145562145425e-01
-4.764504945911141043e-02
2.637934478659644810e-01
5.919867783789370952e-01
8.829556114387832055e-01
1.126194507706986148e+00
1.167930519246792587e+00
1.147730529912010189e+00
1.085644792251637236e+00
1.154300779817303724e+00
1.220725729562686990e+00
7.537489168986835457e-03
7.777571876713064436e-02
2.152617690489554425e-01
3.401259248868849783e-01
3.303962851218594787e-01
3.046184380004762771e-01
3.552139476290848141e-01
2.861770873178925978e-01
1.001562234304306520e-01
-1.256120502199574718e-01
-2.035891381215964580e-01
-2.096120162396844788e-01
-1.285311492967709524e-01
-5.585276369783637174e-02
1.506558514869889287e-02
2.407571154121095763e-02
-7.375144356188803596e-02
-4.447900881887026925e-01
-1.101460316351922764e+00
-1.690131330867186810e+00
-2.107336248545689017e+00
-2.144423708106724114e+00
-2.174583320740679060e+00
-2.178905557701091844e+00
-2.351727882681855952e+00
-2.462958224558111642e+00
-2.655567749588934934e+00
-3.097518025319099699e+00
-3.455337193082895997e+00
-3.446474725060362232e+00
3.496900696206010628e-01
6.564052185035114118e-01
8.192014709344297430e-01
8.369641975246375765e-01
8.458731846239819774e-01
8.139049347179468930e-01
8.245566454055557326e-01
8.244213820370275281e-01
9.080382904969426239e-01
1.019351547171807981e+00
1.094187559607413318e+00
1.213498213172951923e+00
1.355745668080142963e+00
1.306225665472309228e+00
1.226562032488849541e+00
1.269387293563532415e+00
1.501751095088119659e+00
1.625171033060266446e+00
1.627757975850465666e+00
1.680644906372720015e+00
1.826854352201058074e+00
1.870659360646217406e+00
1.889608367107380893e+00
1.761817328730590715e+00
1.828364721331452669e+00
2.076893743793227554e+00
2.322810579725492541e+00
2.360451169416359019e+00
2.369863916174661966e+00
2.344114539639434724e+00
-7.966036707658370741e-02
-1.731309345923003340e-01
-1.437193066872300973e-01
-1.095798827510039153e-01
-1.000701380488083075e-01
-8.477331433772036795e-02
-2.254283033517164858e-01
-4.000983711462943182e-01
-7.514031291245872879e-01
-1.071701386016820967e+00
-1.260203559277944363e+00
-1.225957060270177923e+00
-1.102292055148022643e+00
-9.963132341885817533e-01
-1.088959751252392971e+00
-1.172086381466753480e+00
-1.250508240362846912e+00
-1.156031843143748850e+00
-1.005372073067440475e+00
-1.088514314786574788e+00
-1.180106037815110920e+00
-1.286998956056968568e+00
-1.436030289000728821e+00
-1.594589183579151026e+00
-1.687147097914743599e+00
-1.765658957422483466e+00
-1.742209131993020188e+00
-1.721579836171851063e+00
-1.752387716921339988e+00
-1.896032398639479366e+00
-1.494824704875482024e-01
-3.982567514759238203e-01
-5.605507542203176374e-01
-6.404004823782499800e-01
-5.898990992689912005e-01
-3.817134629920545530e-01
-1.086741364911843477e-01
7.715312267554530479e-02
2.383674077460742058e-01
3.523852834816287305e-01
4.331276533194541312e-01
4.521061997747910510e-01
5.080188790004526167e-01
6.045123072982653278e-01
7.984217666493507171e-01
1.120430773888719145e+00
1.388523779854788254e+00
1.780300051654222226e+00
2.171417275789901069e+00
2.574979090285835603e+00
2.662945125959579773e+00
2.520600095623222181e+00
2.338586621852992931e+00
2.490917990058590270e+00
2.689097047423418818e+00
2.824298275448428708e+00
2.892314504728318969e+00
3.123545955789560402e+00
3.316221405909026920e+00
3.376732098355220479e+00
-1.056188687603515919e-01
-2.032340759331436875e-01
-3.487139636199836912e-01
-4.373297386537997600e-01
-4.992509576355416145e-01
-4.631188913593690670e-01
-3.955492876154121373e-01
-3.844676459387829093e-01
-4.908897340886326788e-01
-6.505591440153078997e-01
-9.174167107003173838e-01
-1.293644821928571886e+00
-1.682032383054644420e+00
-2.053192481005904568e+00
-2.235970344539695009e+00
-2.320632402005634809e+00
-2.383822794573627224e+00
-2.497880092979237521e+00
-2.644239280952837223e+00
-2.641762717284432682e+00
-2.656420100873937873e+00
-2.700307786011586941e+00
-2.708356744435819863e+00
-2.667677883766482516e+00
-2.369474475292990601e+00
-1.854210614280963787e+00
-1.133583068438553720e+00
-5.245276624309023195e-01
-1.278523362582143497e-01
-1.076173401810212038e-01
-1.069663955149107587e-01
-2.374754896335992682e-02
4.210007087763762978e-01
8.518078141619707111e-01
9.626413729960086041e-01
9.153233009589123448e-01
9.391171674045597495e-01
1.143403514082647954e+00
1.248783772804415548e+00
1.200384924335629711e+00
1.227021059966685979e+00
1.384179659485873071e+00
1.779102824326908028e+00
2.244632553684878573e+00
2.394817489117052389e+00
2.316095309509186517e+00
2.339461232373560851e+00
2.473689019908174913e+00
2.527062212171302669e+00
2.549387397167773628e+00
2.620339418268153864e+00
2.684752650632769466e+00
2.615111679710221182e+00
2.427325199169190650e+00
2.351050008159468518e+00
2.397862925933006206e+00
2.421627278297383334e+00
2.456864822291622286e+00
2.548705539442252643e+00
2.626137564398239643e+00
1.157185948159023328e-02
-1.188694797397593372e-01
-2.882328190846841776e-01
-5.779287553396812438e-01
-8.256754833839459184e-01
-9.964020997662544898e-01
-9.782434339543438773e-01
-9.273197648177879948e-01
-9.989948528455174781e-01
-1.188828524698319011e+00
-1.252467660303919983e+00
-1.258077761191356725e+00
-1.341181201848730131e+00
-1.521340314064810961e+00
-1.660897688166935282e+00
-1.739088313423967191e+00
-1.838631570526487957e+00
-1.949193457104280602e+00
-1.988420883729195676e+00
-2.060886481607902887e+00
-2.133199295574930154e+00
-2.154227945825734736e+00
-2.153988885464112268e+00
-2.160933969981999159e+00
-2.087945271544053405e+00
-1.781247470828356549e+00
-1.133575279531241264e+00
-5.001682140258337794e-01
-8.680994638697314691e-03
1.103018722851774741e-01
-9.869247673201686499e-02
-3.568548693463614585e-01
-7.133598434261770871e-01
-8.896750324475208860e-01
-9.111992308599351498e-01
-8.408066331003606342e-01
-5.492799821999408971e-01
-1.658751823316943486e-01
2.505154222332490743e-01
6.769706727123723233e-01
8.979224770713136738e-01
9.950440785684318001e-01
6.105232643409544968e-01
1.229369350636467240e-01
-2.562088956157337893e-03
2.671890722966849818e-01
6.659529862209803142e-01
9.042650101017638553e-01
1.042290667814014471e+00
1.099689846090983414e+00
8.169744110861402175e-01
1.615634209166926238e-01
-2.813245735818886151e-01
-2.858617049623427553e-01
-1.523033719248613471e-01
-6.278873980623905782e-03
1.049379538257446953e-01
2.213334967647377360e-01
2.005043068955782992e-01
-1.555655164310645877e-01
-5.978716097479365166e-01
-8.687412444423558977e-01
-8.011512020071251960e-01
-7.134178285579622081e-01
-8.268431311334007994e-01
-1.058025756408791374e+00
-1.340887409318878287e+00
-1.663256012949653861e+00
-2.016866078142705909e+00
-2.325893816221445753e+00
-2.741154582597653544e+00
-3.194366143255983115e+00
-3.560044328146619197e+00
-3.620502133164445357e+00
-3.571875614269181654e+00
-3.402561344671246157e+00
-3.328439774571435361e+00
-3.261656652480360297e+00
-3.288041529855134648e+00
-3.340181154991618495e+00
-3.382041934385328741e+00
-3.417940308543757855e+00
-3.436556433219513984e+00
-3.395149145241563637e+00
-3.320688788918500389e+00
-3.091717071049306043e+00
-2.981893062827011054e+00
-3.001254880084855525e+00
-3.017232801894734529e+00
-2.896715083135211977e+00
1.556855652413321744e-01
1.346545197438879515e-01
2.024869868485154600e-01
5.356708618657088916e-01
1.066877998742596478e+00
1.449182913099941405e+00
1.790785770384732301e+00
1.961398724551750572e+00
2.084708548319002652e+00
2.181187414411331016e+00
2.403303955561358674e+00
2.553589873148367939e+00
2.807299275243906322e+00
2.997224372318270103e+00
3.048338535965287921e+00
2.829774483825857612e+00
2.450197987755837303e+00
2.298955480216203995e+00
2.319537390541053234e+00
2.426704841484553121e+00
2.428489539452254320e+00
2.544169071680109973e+00
2.606080966917465602e+00
2.626819511292716847e+00
2.460443923398137223e+00
2.238261028734915836e+00
1.897144392514369393e+00
1.806093306751162419e+00
1.801861758701424732e+00
1.867092438496501527e+00
4.031650399236043347e-02
-1.407848109524227620e-02
-6.702511841852129559e-02
-2.826782265235107672e-01
-5.396764687365813717e-01
-8.355076821108513574e-01
-1.118405402975288787e+00
-1.249594854758129259e+00
-1.454910051658028447e+00
-1.672586461503141830e+00
-1.990842742698185841e+00
-2.206898336505815905e+00
-2.484949228182129488e+00
-2.739431538758073437e+00
-2.798988823209720422e+00
-2.848367719105934004e+00
-2.916537925435892298e+00
-2.901475130665234214e+00
-2.837554305658736897e+00
-2.804967968646923104e+00
-2.873329726039989929e+00
-3.088508415762752257e+00
-3.232042089071963886e+00
-3.320545289641334108e+00
-3.470928004363162511e+00
-3.591347058788207924e+00
-3.623473117821237377e+00
-3.471141386239559257e+00
-3.258145785283800056e+00
-2.952850275720012796e+00
2.634030876153888867e-01
4.914158233124947817e-01
7.364498746479074542e-01
