4.544351920945313358e-03
3.492332138564776395e-02
6.039743831587270073e-02
6.332696634664623792e-02
6.227972599337616016e-02
5.432545024892215801e-02
-4.092702378386547934e-04
-5.631360482142223206e-02
-9.489214334032770870e-02
-1.093875691556979862e-01
-9.302680139742212917e-02
-7.110438787413103645e-02
-1.997956447905553656e-02
3.221862630051939430e-02
9.015359989899900117e-02
1.280313734574484441e-01
1.184554576063414633e-01
1.134595366795069921e-01
1.051050964937272347e-01
1.401585350615749126e-01
1.889463534033474224e-01
2.347055003273846863e-01
2.173705337890531886e-01
2.150361727228011222e-01
2.105132826440433425e-01
2.038784945187831765e-01
1.846585986655028266e-01
1.903192647145392769e-01
2.205009844928532969e-01
6.382621343276027870e-02
1.290387372949526323e-01
2.215943612283562680e-01
2.503990058559720788e-01
2.685358897946710233e-01
2.784833259386538806e-01
3.013222889802595894e-01
3.044635228712506136e-01
3.065644060267857518e-01
3.128810480519622628e-01
3.354102562906919882e-01
3.703860128526276219e-01
3.912884015521314041e-01
4.058226994028517609e-01
4.126576757807788876e-01
4.588162912185174691e-01
4.930430228882375920e-01
5.460889014608059089e-01
5.341133102881245875e-01
4.893037264019184374e-01
4.628793702109243458e-01
4.524973878083675127e-01
4.211226009149882654e-01
4.041517234905805389e-01
4.167916340945962417e-01
4.546641143134258489e-01
4.877304002091063517e-01
5.277110670660236647e-01
5.449166391650916985e-01
5.553525931897976831e-01
-1.874064877252910530e-02
-7.531663901044659271e-02
-1.059186309319063990e-01
-1.375527073620216867e-01
-1.502860819097277534e-01
-1.513336300735398654e-01
-1.372672057875376772e-01
-1.088618398335226556e-01
-6.329339922744098290e-02
-3.317957731231685470e-02
-5.146848314758194209e-02
-6.161716099982885581e-02
-5.620568474427753425e-02
-2.443307600828257403e-02
-2.585446005489732899e-02
-5.520436009620209583e-02
-8.852746948074145805e-02
-1.184532110818043438e-01
-1.430932916872320049e-01
-1.545887804172577651e-01
-1.780037407974379149e-01
-1.768860089020729276e-01
-1.742192995686424883e-01
-1.206616895901351516e-01
-9.181777759942451322e-02
-5.198573826668373421e-02
-4.153020495091182263e-02
-6.722678746892227220e-02
-1.309088662339018549e-01
-1.877259247752073312e-01
-5.358993216327970904e-02
-9.951532943220742222e-02
-1.151612469880102380e-01
-1.255415804608869812e-01
-8.912053461628821616e-02
-3.833031641259795896e-03
5.570483608267891990e-02
4.950143424454031549e-02
1.993364785758077948e-02
1.211169353883890902e-02
3.193500381254085058e-02
5.274684488770899765e-02
9.558371438255983121e-02
4.190904205811667171e-02
1.035378412976626500e-02
-2.123242268495966617e-02
-2.724992198357679973e-02
-3.432447029356272550e-02
-3.726204123177202093e-02
-1.393105542003950786e-02
4.022315216853854236e-02
1.125557327071995961e-01
1.662246613980436216e-01
1.847245624002678555e-01
1.692617154642054311e-01
1.214139515207109388e-01
8.145138516871064382e-02
6.093496241505352851e-02
4.386452521608634469e-02
4.311206788206523033e-02
-6.936408407235829937e-03
-5.213638024218054251e-03
2.424265746397321480e-02
1.398928017513734190e-01
1.482168320393784655e-01
8.486034926112322185e-02
8.826665845943193478e-02
1.492529720791001546e-01
1.967378229047458404e-01
2.214414274355806511e-01
2.127236169028111357e-01
1.958370554557989918e-01
1.798798021829882410e-01
1.827912456709403499e-01
1.897570365642818890e-01
2.407610045509036845e-01
2.747951981284399992e-01
2.973924353709536117e-01
3.372292440068213604e-01
3.632628118854488997e-01
3.608453600839353625e-01
3.928616186167138702e-01
3.616435840059873397e-01
3.094742901008649683e-01
2.963416114299628479e-01
2.773326719604070068e-01
2.772142200635690501e-01
2.646603369516370430e-01
2.434740278123315171e-01
2.298710745453729221e-01
9.632742994443438747e-03
9.957442354835341347e-02
1.291136897737418798e-01
1.733144534328377451e-01
1.777707569796843634e-01
1.855305989194786787e-01
2.087894884637341297e-01
2.683663809839796910e-01
2.752078523439786539e-01
2.690456385029150743e-01
2.557907938137919390e-01
1.781797310514945387e-01
7.678257277851321949e-02
5.041248845727527850e-03
-2.415448435143477401e-02
-1.690644626803588374e-02
7.606635032528258344e-02
1.640649150374126064e-01
2.296620134425308435e-01
2.571410604031058589e-01
2.088395670528878367e-01
1.369847114655594611e-01
3.327955279569534686e-02
4.394209723713196625e-03
2.744604561272286428e-02
6.169623396289519723e-02
7.523704218500831820e-02
9.498820070858238207e-02
1.336607895550050162e-01
1.748735734690377852e-01
3.803122973406384416e-02
4.590730807088726911e-02
3.084010280358932821e-02
-4.845911677333947232e-03
-1.839547369674913307e-02
1.403220014845701219e-03
-3.905191838408726690e-02
-9.457565809233356435e-02
-1.318919159076283321e-01
-1.605085579884668046e-01
-1.853147796394578606e-01
-1.837981793620451221e-01
-1.668150975853504026e-01
-1.466293919650027977e-01
-1.186879482151997345e-01
-9.670061451594244573e-02
-7.834458524423051906e-02
-9.724720936683861616e-02
-1.145279920856065586e-01
-1.442959043272341868e-01
-1.914246548871763043e-01
-1.965465179504820581e-01
-1.984296306711943181e-01
-1.725605896935209493e-01
-1.310973829818383174e-01
-5.861196845665603283e-02
-5.268281174629051156e-02
-7.817391611552404473e-02
-1.159344386267853744e-01
-1.548440057888924026e-01
1.135744913639282969e-02
1.702410690111149510e-02
3.212181547231086898e-02
1.846313394227247495e-02
1.849138592579192136e-02
2.474327531288584778e-02
-3.839679009018867606e-04
-2.617878553364016980e-02
-4.609311531119578143e-02
-5.852540484618141969e-02
-5.279037679765660740e-02
-2.243440632062342760e-02
1.302156869723698068e-02
2.154945948883424389e-02
-1.351381338874885901e-02
-5.277137542914873275e-02
-8.176067650108270746e-02
-1.146525091555215814e-01
-1.527287985771888512e-01
-1.884495115787065411e-01
-1.793119002518446248e-01
-1.586668549130750838e-01
-1.279079957209614260e-01
-9.108399468658934239e-02
-8.248286054172070114e-02
-9.255488372048199797e-02
-1.555668804831834284e-01
-1.960118267527732883e-01
-2.119503943040986771e-01
-2.024724975653536263e-01
6.428783680426599159e-03
2.233626062296918680e-02
2.167432184072819526e-02
2.896520096728575147e-02
2.886696003540984573e-02
1.241867039816349841e-02
-3.929733682341675360e-02
-4.814886049380234095e-02
-2.971899602242704733e-02
3.059225048012332443e-03
4.058099318364347119e-02
5.498803810079437582e-02
3.845151938566257477e-02
-4.840557068463424706e-03
-2.804452360665016936e-02
-4.423713061590524298e-02
-5.913471868500523587e-02
-7.787053779865668601e-02
-8.428106193566925475e-02
-7.307485883533820781e-02
-5.356292405001614187e-02
-5.028176491931310443e-02
-4.715482883207682691e-02
-4.334736671870743213e-02
-2.171764787421125859e-02
-4.473153744438970042e-02
-4.576345624398610312e-02
-2.400214516455145830e-02
9.655013764146035127e-03
4.366461145284108308e-02
-8.183341679247075479e-04
-1.713342625101955952e-02
-3.388717552156245844e-02
-5.078353590764151521e-02
-7.712628487558273460e-02
-1.029598666023799347e-01
-1.090144260453142916e-01
-9.584184548531236858e-02
-6.685612602439056085e-02
-4.037972926976461652e-02
-1.608077968168545799e-02
-2.248264151987304504e-02
-3.523457437520523261e-02
-4.853209581630876096e-02
-5.661097570687956965e-02
-7.147534963254882634e-02
-8.456358588927606612e-02
-9.998354828520192306e-02
-8.528804711016818585e-02
-8.911818333763184274e-02
-8.628009262352850928e-02
-1.012858845595556029e-01
-9.001254175349078512e-02
-7.725575011906288259e-02
-1.103360121073023586e-01
-1.568982487484512356e-01
-1.582156249203417187e-01
-1.377250996687400808e-01
-1.141634940600546044e-01
-1.221558087300981948e-01
-1.103178486302809486e-01
-2.720524079901474601e-01
-3.699840633431944470e-01
-3.906201327286238367e-01
-3.484810196003769733e-01
-2.505672656006179833e-01
-1.412172274830175989e-01
-2.565187461055384865e-02
5.024598526152337929e-02
7.651523079040860320e-02
3.768394798433607334e-02
4.085446106341886208e-03
-2.310654536643192217e-02
-5.081547436745492002e-02
-6.977320417909507744e-02
-1.395555917658193867e-01
-1.940486088297881662e-01
-2.505689668725173402e-01
-2.596896060199925249e-01
-2.423796606820523003e-01
-2.407982876414174467e-01
-2.564118103128648074e-01
-2.565973667347993814e-01
-2.583359886841734565e-01
-2.279063939616718937e-01
-1.915832856079141555e-01
-1.788789674764307280e-01
-1.822211234139941571e-01
-1.845586111178540156e-01
-2.051339487729333666e-01
-1.526692035624708371e-02
-2.048974286298110847e-02
2.112555652200691358e-03
4.651621738882662921e-02
1.166319408497491494e-01
1.623254563698734720e-01
2.032693150584136410e-01
1.976935128398373820e-01
1.691043775439049768e-01
1.160661695862575116e-01
7.806637337013686007e-02
4.179134914924623884e-02
4.074797124793332059e-02
9.017164951007183848e-02
2.052192944797258944e-01
3.499998790912038360e-01
4.231617227110567869e-01
4.025864004856610778e-01
3.260579540505476048e-01
2.624321507242138862e-01
2.785639973892014565e-01
2.852022834433831089e-01
3.103415074506604143e-01
2.922467097290204485e-01
2.873901382342686217e-01
2.650587371981635298e-01
2.186488931221927667e-01
1.633471613691641344e-01
1.429468480623767579e-01
1.577572071466730730e-01
4.003998428744556803e-02
1.075434508005776169e-01
1.451940769516288365e-01
1.462245821278810864e-01
1.057572696997018669e-01
2.000907357400283360e-02
-2.321520377941823504e-02
-4.877518275309535717e-02
-6.765035122769587350e-02
-6.287948529139346376e-02
-4.692497011439199228e-02
-2.913742627690674158e-03
2.680705490872200766e-02
9.729180139781758163e-02
1.148502400351910785e-01
6.356178394091606398e-02
1.599827574236516864e-02
-5.111638638736794304e-03
2.487484624323789417e-02
4.306848611698931711e-02
7.328044906868844133e-02
7.704566055626919929e-02
8.109652666649350139e-02
7.055971624067131076e-02
5.750863455412796865e-02
5.453458627779445012e-02
8.612114965993485083e-02
1.234401748025910905e-01
1.368825902935825456e-01
1.581721926341153328e-01
1.560675503305218592e-02
1.826157412545210273e-02
1.078482756459427788e-02
-2.384010920691218352e-03
-1.037505711113149466e-02
-4.465599515743875342e-02
-4.115018871686972751e-02
-6.712084878611553063e-02
-5.973972070424105746e-02
-6.016582798742858146e-02
-4.806647615086775266e-02
-3.772205182935810253e-02
-1.054258921168985119e-02
-2.663476507902353893e-02
-7.621930123948755798e-02
-8.745969562752910209e-02
-1.046228790722858459e-03
1.090238713406956050e-01
1.149662588647953620e-01
8.896126780586730010e-02
4.911328251195633959e-02
2.618615021046676039e-03
-1.468751230366915350e-01
-2.553170585363259137e-01
-2.892558644408483870e-01
-2.147371613367037857e-01
-1.251676438377637701e-01
-2.484913565845299488e-02
4.654074650404269042e-02
7.535387747141611414e-02
-1.491403376861538503e-02
-7.333007167507168966e-02
-8.562301360466949285e-02
-1.290540000852574143e-01
-1.581280669927361271e-01
-1.869117680388023561e-01
-2.035754721088909036e-01
-2.365650135071513394e-01
-2.168583272184983202e-01
-1.827809275641699982e-01
-1.155607083464186696e-01
-8.939569203178433787e-02
-9.161371721546290869e-02
-1.228161192056591439e-01
-1.023354056445436172e-01
-7.213495058155484918e-02
-5.778054106001945245e-02
-4.789602250744207090e-02
-5.312067350311876213e-02
-5.347912044923392588e-02
-8.350792117267502590e-02
-1.073379577757994224e-01
-1.723351632566841596e-01
-1.958186304758951224e-01
-2.257731547877208644e-01
-1.880565305607697080e-01
-1.663498431202012906e-01
-1.183218465059622526e-01
-1.125197526827834971e-01
-1.192512745129169494e-01
-3.420596891606573348e-02
-5.781361686082092666e-02
-9.839359092151991892e-02
-1.148465288808109969e-01
-9.858692150673958876e-02
-7.996045350451244649e-02
-5.241660363456686345e-02
-3.095012922575617054e-02
-9.485772108025801452e-02
-1.314348821482565488e-01
-1.079801134035434929e-01
-7.532290133520541664e-02
-6.249832904289084889e-02
-5.204344243842642243e-02
-3.561530730986144089e-02
-4.182139379220053965e-02
-9.811464707952478881e-02
-1.350885279325447497e-01
-1.746635291583587546e-01
-1.956280596583854781e-01
-2.174451520888029954e-01
-1.855871542457179224e-01
-1.412031083195135761e-01
-1.092386137871412949e-01
-1.025370485871245907e-01
-1.146382807360111777e-01
-1.419536804787837059e-01
-1.935413841401006918e-01
-2.216135943154296517e-01
-2.333792062781059329e-01
-8.622136558198116932e-03
-4.179546647826513049e-03
7.259901083294574391e-03
4.263456887839096182e-02
6.638762748075711928e-02
6.258403482595516210e-02
2.540641892611703728e-02
-1.090190305506594931e-02
-2.287507298752004120e-02
1.352422543361860019e-02
2.911752809875878256e-02
5.134305601316285078e-02
6.901775564013512554e-02
1.041787872643690493e-01
9.804111243028121314e-02
8.215611545231431279e-02
5.403374778677082213e-02
6.525222737595219591e-02
9.711128191706017154e-02
1.590106288390515377e-01
1.936749337682124039e-01
2.208162395701260550e-01
1.970022282501017186e-01
1.756560540187426800e-01
1.119049649697387572e-01
8.078030895688040336e-02
8.026195312876632793e-02
1.023183399914661257e-01
1.307870404715688606e-01
1.348652498586537796e-01
3.105283986322623230e-02
4.636904388045357678e-02
6.784998002074069112e-02
9.164308301823489988e-02
9.025913611241609402e-02
6.378199766525871617e-02
3.706855571625387868e-03
7.153440389279889199e-03
2.456976940807098150e-02
5.232318803187179651e-02
3.662896572231783693e-02
2.181325660802600069e-02
-2.186266958147272538e-03
-9.464807639187325025e-03
-2.324904843977428082e-02
-3.710947765666113701e-02
-4.269257564463059540e-02
-4.005462494258528461e-02
6.633738815989755067e-03
6.410109548649475797e-02
1.154508319076542333e-01
1.465535531037219785e-01
1.396568743501681864e-01
9.881310915912273896e-02
7.917294739554757432e-02
7.023383024194995716e-02
6.829383372417799358e-02
6.233229595973611287e-02
5.405050698662253877e-02
9.110801403783461150e-02
2.237050529822319500e-02
9.571969925301383741e-02
1.329475628608939586e-01
1.717805722536091539e-01
1.571816462926897695e-01
1.306517194449045849e-01
1.460858633529040218e-01
1.498448881036519853e-01
1.559078986017972679e-01
8.241561543496753184e-02
3.054007918694163354e-02
2.122512443073717656e-02
4.393239802893333240e-02
5.394174275143356900e-02
6.844511414465956345e-02
9.595694012231231751e-02
1.095929289528790873e-01
1.334338013653459942e-01
1.854529580225035834e-01
2.231432286426232314e-01
2.089204622181338178e-01
1.736446180374948967e-01
9.327525109469246567e-02
4.176026636316251123e-02
-7.654069726557688469e-03
-1.681081363250592868e-03
1.303665592866740802e-02
6.468519670328340410e-02
1.165076111841540363e-01
1.663765951995008208e-01
-5.527795157131368958e-03
-2.943021486411399185e-02
-5.897253210822878816e-02
-8.627199792362086339e-02
-6.760272537398463732e-02
-5.407385176488638256e-02
-2.690128002463282667e-02
-3.254252300015805788e-02
-3.013057438018033884e-02
-3.715606396926023069e-02
-3.681493948356042573e-02
-2.546675474670218042e-02
-1.394578053637694944e-02
1.763764726610080394e-03
4.190703471621771287e-02
9.135436404657973353e-02
9.339314244270302545e-02
5.523792223125412182e-02
7.686285140292015150e-03
-5.388790252228848471e-02
-6.634802571487520562e-02
-7.474017228062417029e-02
-9.145930181784786561e-02
-7.322199708635888926e-02
-2.782116347348502494e-02
1.694085189274358721e-02
7.216503043673068440e-02
1.188665847955401589e-01
1.302424028364947417e-01
9.840631961551137008e-02
-3.405148845021248316e-02
-1.680447393576477155e-02
3.033263388049581982e-02
7.868971971788885078e-02
9.235967254187478492e-02
7.797876881834928109e-02
5.172605835795917456e-02
4.421474429411587082e-02
4.574268278710984237e-03
-8.784894295165854988e-03
-1.100648474833219002e-02
-1.712546047557960555e-02
-6.789456832589071608e-03
1.398339259609178951e-02
4.802458358068605049e-02
4.218317163491987903e-02
4.597053227042602330e-02
1.358412161209907737e-02
-1.648668318416896678e-02
-3.388131055600908381e-02
-6.351351269208475869e-02
-8.340092169574167547e-02
-1.001605668988943820e-01
-8.228805689631596421e-02
-8.894662570543954150e-02
-9.027272269439561014e-02
-8.629489243672862353e-02
-7.500068506431922799e-02
-9.025082753167323890e-02
-8.641087024215349244e-02
4.634611469397673794e-02
1.191887051478553172e-01
1.583317636793439565e-01
1.839130482610528139e-01
1.494652332397207462e-01
1.004557048474510189e-01
3.314192979471584921e-02
-9.159500215670084156e-02
-1.501232551764546397e-01
-1.494732073321230759e-01
-9.439509675957596935e-02
-2.011971813421793709e-02
6.617872877468174153e-02
1.641518227965184651e-01
1.782721333317395518e-01
1.638839799353512261e-01
1.020554973717939518e-01
1.589349991084874902e-02
-3.353576101027527095e-02
-6.590925709402531418e-02
-4.796418919346503995e-02
-8.270785876650990631e-03
3.139100100610873328e-02
6.791278555966445696e-02
5.865070082858286904e-02
5.123246965710096662e-02
6.042236686059204720e-02
8.323165574418074641e-02
9.500123262743606634e-02
8.636240294289602992e-02
-5.768439281051869483e-02
-1.314901189854054131e-01
-1.824151482286542614e-01
-2.458470439875546365e-01
-3.200078012307422948e-01
-3.194044953737572023e-01
-2.601921557280882369e-01
-1.818925745971792518e-01
-1.332293395272304004e-01
-1.227959771650804915e-01
-1.038967519162520697e-01
-1.060383054671413666e-01
-1.560453452495457749e-01
-2.265868509973427980e-01
-2.352836756679543007e-01
-2.288687213661775299e-01
-1.717914496659906642e-01
-1.353563101241340161e-01
-1.495924040438726954e-01
-1.862887416028141396e-01
-2.096599674293345428e-01
-1.919518768013813159e-01
-1.267785950299485098e-01
-5.132717937387053231e-02
-1.783602891092286175e-02
1.277728725813942479e-04
-1.966885404636053991e-02
-8.039620590158072511e-02
-1.119701150252097599e-01
-1.376941442922602898e-01
5.014167759083210801e-02
1.202206359332930186e-01
1.898860841656779264e-01
2.078351103162007774e-01
2.094630064202468722e-01
2.048583020607409599e-01
1.956317965586423235e-01
1.526107097527923395e-01
1.389012781283674169e-01
1.419351898830681635e-01
1.525075312855163345e-01
1.601725735981607279e-01
2.194242774162868115e-01
2.455471221336852916e-01
2.339847390509551817e-01
1.738342453014860567e-01
1.021544308353761477e-01
1.257330242462585401e-01
1.415369440387224398e-01
1.685462923114442457e-01
1.307577692491376786e-01
1.092837744584528037e-01
9.555072199472804118e-02
8.977743896376891297e-02
8.284313210315899512e-02
7.870435277755066794e-02
8.697561892011672346e-02
1.020319404163938654e-01
1.182274911710733956e-01
1.548877467820427567e-01
3.832985105402979958e-02
6.632471810605691798e-02
6.691209169560184689e-02
2.655729408276331222e-02
-1.449012525910808868e-02
-5.994849719741104921e-02
-7.369716403020461215e-02
-6.383589697327703150e-02
-1.855122126013522554e-02
1.264421774046533414e-02
7.421725080374552697e-02
6.998909602981347178e-02
4.007065772123588610e-02
-4.252420815277782595e-03
-2.768976869782691433e-02
-2.074108484799169413e-02
-4.225645720144777240e-05
4.728621822743026178e-03
1.859974242434278904e-02
3.502128848550158102e-02
7.995102927591961339e-02
1.515147067111252688e-01
1.920028233569009701e-01
1.845494190316501748e-01
1.885744059877388079e-01
2.093746222654634948e-01
2.344588962990677428e-01
2.597043589864305169e-01
2.577121643294854603e-01
2.649137376431767721e-01
-1.308664815346847164e-02
-5.140319413038425822e-02
-8.911451534216310866e-02
-9.609222554440548236e-02
-8.281972504498291698e-02
-8.866404239183132974e-02
-8.369990827983860016e-02
-6.170651059823496765e-02
1.068994730991354447e-02
6.503338919488847736e-02
1.091044016426835628e-01
1.539658227260058965e-01
1.783611392648268290e-01
1.924231747927917513e-01
1.685652008528845114e-01
1.213002508190337558e-01
1.055460170000719761e-01
1.071344822617385367e-01
1.211862489724927633e-01
1.409471591678297941e-01
1.698189259289901720e-01
2.060857807536049802e-01
2.406342721692140696e-01
2.857280971008491210e-01
2.864951200500547857e-01
2.953474237540843483e-01
3.263544531363208878e-01
3.669740909989830380e-01
3.855026605339601509e-01
3.881931788199498579e-01
1.271628538925529198e-02
3.647816681945284523e-02
7.544615175498825543e-02
7.117252157496486986e-02
3.051944273344595754e-02
-1.162991234341248514e-02
2.760170089914757222e-03
3.497786464130415995e-02
6.538047670270864808e-02
1.180186967552192406e-01
1.476434354512040636e-01
1.866681255213215873e-01
1.753007312477021518e-01
1.593701105163844722e-01
1.480916721589018437e-01
1.564675734760440362e-01
1.924056667559862766e-01
2.123114631405282060e-01
2.388970944400874430e-01
2.424353165052648973e-01
2.415246143978035942e-01
2.464592967252744460e-01
2.306053734959708224e-01
2.060927267893051806e-01
1.715976231562361398e-01
1.437860654925198489e-01
1.458220286640819763e-01
1.528484795298181986e-01
1.796531599490060749e-01
1.829136737701511639e-01
5.275714576903271606e-03
-7.042306834651674077e-04
7.392155921689618804e-03
1.407726695349971469e-02
4.566332742303048225e-03
-5.127381169204031641e-02
-1.190243807982512836e-01
-1.267488032383371488e-01
-8.663760583728380427e-02
-1.651596694319258651e-02
-6.047705616824704603e-03
-8.835272540684231679e-03
-3.217293890379514104e-02
-5.651002331660375660e-02
-1.088093415205977493e-01
-1.227880657952763882e-01
-1.190949854566635685e-01
-1.126875921199611413e-01
-1.110011055354851173e-01
-9.431636449785502085e-02
-8.573522547201335720e-02
-8.341844912131050893e-02
-9.545536117090677730e-02
-1.064905847794298949e-01
-1.112547917692060240e-01
-1.383031848449312318e-01
-1.506131827110355204e-01
-1.537915962928143865e-01
-1.206130808229628204e-01
-9.525231272743947541e-02
1.776143924331958016e-02
1.890234377067186514e-02
1.900422869516124949e-02
1.902180586701455317e-02
1.427040938570384512e-02
-2.778750108423183596e-03
-2.978411180341529463e-02
-4.902756635399032475e-02
-5.619113119123949479e-02
-2.765631412737180536e-02
8.423369275072298268e-04
3.027349869695569393e-02
3.939354326786164567e-02
3.425538773010344817e-02
-2.335362196072714169e-03
-2.957327709142641703e-02
-4.809727974258265482e-02
-4.011372333138071150e-02
-2.263153373598050105e-02
1.247687507177628469e-02
3.061506187247195476e-02
7.237814481195474492e-02
5.851468951575558575e-02
2.657994722324512338e-02
-1.299880007339419136e-02
-6.681614555367305919e-02
-7.542407464623994418e-02
-7.970101867262768813e-02
-6.145174791108523604e-02
-4.794249298964296802e-02
2.386736401892589066e-02
5.230649954039095356e-02
6.145055298842964919e-02
5.862884381694848102e-02
3.885472456960283039e-02
6.192013557762138243e-03
-1.528522849117577853e-02
-2.586473827198333339e-02
-3.479840582855183578e-02
-8.033238845385312632e-02
-1.005103575056452980e-01
-1.240422483768659490e-01
-1.178613660580053735e-01
-1.098109004307549347e-01
-1.037472624223502032e-01
-7.418702581536094909e-02
-3.990731759955799124e-02
7.574316075456555275e-05
3.212858188307714247e-02
4.652902411939552341e-03
-8.473929052790030864e-03
-3.414971565998275310e-02
-5.162853946654327036e-02
-5.550236299813812030e-02
-6.147470603824956720e-02
-5.594016000357687757e-02
-2.042383343784251459e-02
5.644509336735610561e-03
3.773745515039490794e-02
6.605304667229285054e-02
3.056956342934134818e-02
5.346562007928082338e-02
3.458886930625941492e-02
4.022789288470586533e-03
-1.417932763969212764e-03
2.286157704082263098e-02
4.488117503217924076e-02
4.275428517192542133e-02
2.241669146834114612e-02
-1.239524357033158775e-03
-3.650842222303069678e-02
-5.289429238511188236e-02
-7.984164490541681425e-02
-9.110374524450047529e-02
-8.381285900963031388e-02
-6.836047980421848524e-02
-5.680680957061925301e-02
-5.082583737397864537e-02
-5.811560643184903591e-02
-7.169767462457996010e-02
-8.864404493968243426e-02
-7.999621022778165280e-02
-7.245726275067532196e-02
-6.773945239898124249e-02
-5.039594662338704040e-02
-2.092375533908344062e-02
-1.655436744651191117e-03
3.647132578028748108e-03
-9.008537556080463415e-03
-6.036706404748752586e-02
-7.808759456864133863e-02
-1.278999213023720993e-01
-1.330044199552069262e-01
-6.544225799424270573e-02
-1.084531997209439019e-02
6.419991228894048052e-02
7.873940477264515514e-02
6.266108889937471726e-02
5.146102233106163854e-02
4.944011718527232396e-02
1.975602034147732472e-02
-1.548878411082123263e-02
-2.123252975449946983e-02
-7.195238034629247020e-03
1.093623960018602279e-02
5.031411533534377312e-02
9.126235391410059128e-02
8.248392076174426712e-02
6.214095711410407008e-02
1.822642900208797101e-02
-1.307402915860363113e-02
-8.223166101738905998e-02
-9.802402817864359907e-02
-6.928213000279478950e-02
1.090321110808623040e-02
7.207761372779608600e-02
1.187532185430331677e-01
1.020989021884177866e-01
8.225578706933080186e-02
4.037105529560394007e-02
-5.422957527133060243e-03
-2.821967563045789384e-02
-3.609119824104137925e-02
-5.726071463108176052e-02
-6.831662761138439233e-02
-4.585811231495616480e-02
-5.350233533913124895e-02
-6.566449740572813387e-02
-7.811688364634147841e-02
-7.170104168354336782e-02
-4.891905466378523859e-02
-1.254764027232430079e-04
4.391955440272867633e-02
8.555037267495899100e-02
7.676731824141158622e-02
4.293824129732353584e-02
9.212170676619849119e-03
-4.607825334534867978e-02
-7.801730601962394984e-02
-9.960051820422956281e-02
-8.056741312052564941e-02
-4.320090529152320613e-02
3.362742100711398063e-02
8.032971091083540571e-02
1.249664589163453493e-01
1.063209015096298338e-01
4.485871532069490852e-02
-1.066670917391453893e-02
-2.576703441933140409e-02
-2.853311620954512157e-02
1.136926892516659793e-02
1.214132084866623162e-02
9.275938918935357561e-03
5.305506996722390151e-03
4.969210069429635598e-03
4.863769369184280794e-03
1.021768018978693252e-02
4.442147416874868415e-02
5.815241841626669905e-02
8.736429250595795226e-02
9.649904960888197603e-02
1.062665952563174449e-01
8.968830470837899083e-02
7.080640874065774470e-02
3.630887827012227453e-02
2.070236035379065254e-02
-4.985140059894054010e-04
1.006713170697618159e-03
7.993703240444887531e-03
3.567352980149970931e-02
6.678978215464877188e-02
8.737642080414491363e-02
1.077610675218058645e-01
1.149883027640353633e-01
1.290280085388037234e-01
9.441846181392313242e-02
3.187759522153645053e-02
-1.874520840201954197e-03
1.023774447002136385e-02
4.580859625729143125e-02
3.525513343915125802e-02
5.623008283973763427e-02
4.542785307435598385e-02
2.023868277480942585e-02
-5.568465147967587708e-03
-2.165085726681844833e-02
-2.761484343302669092e-02
-2.475526884911772099e-02
-2.185112441895513749e-02
-2.062209964169082338e-02
-8.250234033888668300e-03
1.297145380877056178e-02
8.559248442490171443e-03
-8.235446116949228512e-03
-3.406947089326264194e-02
-4.881028388560631343e-02
-3.457958928761573764e-02
-2.025233154995734891e-02
4.310198472557407595e-03
2.644700829297919054e-02
4.823152944033400058e-02
7.301817879780744813e-02
9.750170607881433749e-02
1.153426173835280233e-01
1.340463116249240305e-01
9.172537413247161542e-02
5.314864964419627885e-02
3.584853180896923480e-02
2.166514122800912781e-02
4.827924150798447445e-04
-8.033549767741503256e-03
1.043670987063722438e-04
1.824456206572162842e-02
3.013288942041238844e-02
7.266083349589566587e-02
1.323305118307809003e-01
1.478499831773327222e-01
1.374925272533289167e-01
1.222006466083499221e-01
1.244536611415882482e-01
1.261294875132390192e-01
1.256459985636834420e-01
1.105260448462525025e-01
9.849186509682132662e-02
8.706070106963112454e-02
8.110650869537060215e-02
6.893060599302737457e-02
6.515469208883233054e-02
5.856642251294860019e-02
6.670115759338351991e-02
8.325860808898348508e-02
1.171741151567707029e-01
1.021998625215335410e-01
5.836236957393836633e-02
3.656321848386132056e-02
2.647853334604000075e-02
2.912553739285689627e-02
5.742476589700293288e-02
7.975785647824945590e-02
9.417309001399645774e-02
-2.784554540002279893e-02
-9.060120169250068800e-02
-1.324720747533095211e-01
-1.604248438120493836e-01
-1.384640369016659489e-01
-7.164068190194639030e-02
-3.240068613908234085e-02
-1.680245495724687343e-02
-2.498084486183548697e-02
-5.237778268309285085e-02
-9.371765416826402517e-02
-1.138573717028919102e-01
-1.438781940393846492e-01
-1.478953096210289253e-01
-1.392374637250045066e-01
-1.113370741298790462e-01
-8.965765799954232562e-02
-8.186495496498172320e-02
-5.778995615915430428e-02
-5.264013574147098640e-02
-4.878889114067467420e-02
-7.020805163838997331e-02
-8.005780954297785079e-02
-8.033149559204204315e-02
-7.207150999053940632e-02
-2.552057756210810574e-02
-3.731668390712927774e-04
-1.846943188077899284e-02
-2.929589236707127314e-02
-4.639458017685409857e-02
-1.618359909791659140e-02
-2.619707853050517662e-02
-1.830743017333157432e-02
3.422149551969025372e-03
3.686391252855706485e-02
6.350532827188232199e-02
6.695598148005525718e-02
8.000922739507709824e-02
7.005073195382685580e-02
4.526063597620156448e-02
5.634859024612019762e-03
-1.695327551046322753e-02
-1.717343860294202190e-02
-1.873844402110889235e-03
2.120343812477817197e-02
4.874611651410198920e-02
8.424402528842805937e-02
9.068187979336933546e-02
1.316871479864634154e-01
1.265324285896415879e-01
1.193256079704395067e-01
1.286392763462138877e-01
1.937106449952134823e-01
2.492740896011917950e-01
3.127127051899789567e-01
3.253604131636950725e-01
3.106293838161987009e-01
2.965820646395771476e-01
2.923658548827577919e-01
2.826883893605108833e-01
1.136724173952964644e-03
2.993579502808136825e-02
5.219093682959694003e-02
8.055452600614523839e-02
8.985106430954147017e-02
9.517381197316769625e-02
6.742278909679200183e-02
2.627635110562515780e-02
7.130273881763973809e-03
-1.074780814446632884e-02
-5.938855065848371723e-04
1.814711888035067805e-02
4.107784379511417866e-02
6.211542434333876261e-02
7.407142301854229005e-02
9.134447773243435653e-02
8.451991353351788472e-02
3.528882870070586958e-02
1.910496774762568753e-02
3.152908081787350603e-03
1.872156316888013566e-02
3.641128296180436152e-02
5.676005659032764411e-02
5.788614068918740418e-02
5.019850972808039685e-02
5.035994887719209140e-02
5.292049361650295880e-02
3.388956949632416366e-02
4.541737444522736533e-02
6.749115185228916902e-02
3.047139904180088885e-02
6.994186117254913571e-02
9.342673591633431085e-02
9.639572617269349941e-02
7.933917968113897434e-02
5.335197324913281552e-02
9.643273764733485687e-03
-3.833568307043993401e-02
-6.463632934937975361e-02
-4.494504238496294102e-02
-1.133847391620317752e-02
2.496499617249248182e-02
1.741126631124437565e-02
-3.539995571199923419e-02
-5.778759951100496950e-02
-5.882612676140833857e-02
-5.053105811255505925e-02
-3.420774695569621382e-02
-4.296326392338283701e-02
-6.657269862666022331e-02
-6.553284115938701193e-02
-6.699788512467688695e-02
-8.173653301035152530e-02
-1.088609674973493868e-01
-1.068949307238389462e-01
-9.650672206695658228e-02
-5.608432432564234432e-02
-8.696725425793208619e-03
1.997960564087336924e-02
1.171117746410701987e-02
-4.171475232417525686e-02
-1.049563984870496569e-01
-1.155898197791990489e-01
-1.328653032677542534e-01
-1.305984866503719644e-01
-1.158454485543129187e-01
-6.703321780157620036e-02
-3.388629433927570905e-02
-2.027164682541729435e-02
8.538069291992200077e-03
2.361917294160515574e-02
-2.909858349658636656e-03
-6.129166496491548349e-02
-8.617877559789562103e-02
-5.462954706981947711e-02
-2.823782726150843303e-02
-1.339070473319655535e-02
-2.342769001209365695e-02
-4.191794127549699350e-02
-3.597539875652552843e-02
-4.636268051407079621e-02
-4.513525807162131059e-02
-3.165969684254200250e-02
-2.028798575208027449e-02
-2.008503182441752355e-02
-3.095888809581549134e-03
2.077473620508037480e-02
7.993905996144856640e-02
1.146890477902899330e-01
1.483439476804533363e-01
-1.827598361159441919e-03
-1.194852992790224749e-02
