-2.161504979843487106e-02
5.669274493337077975e-03
2.538999455420565092e-03
2.219178860000766557e-02
1.189389960295695603e-01
3.312766108138492926e-01
5.717768826979451324e-01
9.919218565461650483e-01
1.697936758151877168e+00
2.440993404322110205e+00
2.756951326546619008e+00
2.667004809729795589e+00
2.544166766624784692e+00
2.603749417890606210e+00
2.675542244683471793e+00
2.644251061633555278e+00
2.648254906462428782e+00
2.718843729777865370e+00
2.762612474994493361e+00
2.761489117505655955e+00
2.722370842716937300e+00
2.725480035034129056e+00
2.626009971318102210e+00
2.442591169436238108e+00
2.254264689635598451e+00
1.999198530867523971e+00
1.645695863489720967e+00
1.174435794370470854e+00
7.496458796352833964e-01
-2.679970877354844183e-01
-6.078034179337417076e-01
-8.462717090781773921e-01
-1.019051032482954700e+00
-1.090897560434542779e+00
-1.132334424527160044e+00
-1.067375262041721840e+00
-1.055909602522492552e+00
-1.047175616905423601e+00
-1.030625786345003680e+00
-1.033996554066499929e+00
-1.034877876211077297e+00
-1.019496712429846408e+00
-9.468059112350175610e-01
-8.753183827675262707e-01
-7.567205981706250917e-01
-6.135583463582492403e-01
-4.208366567960359905e-01
-1.832272638629263706e-01
2.933324869802158008e-01
8.441954459374598763e-01
1.270980743852973882e+00
1.677464453441718684e+00
2.077639999340910038e+00
2.339585161486624099e+00
2.382014138397086089e+00
2.410267108143567594e+00
2.455213266126580862e+00
2.447047491198171887e+00
2.436000317666878967e+00
-5.945866241470110919e-02
-1.301263125401405374e-01
-2.453767009317693315e-01
-3.101250995176830227e-01
-3.733803661041764643e-01
-3.794218435228050579e-01
-3.361135236819363659e-01
-4.114410528081305918e-01
-6.486800813505332330e-01
-8.064093861508754291e-01
-8.053917557457177523e-01
-8.836397410731995361e-01
-1.099624338816564073e+00
-1.326477053690990449e+00
-1.558641885302432861e+00
-1.841497891307766643e+00
-2.071766527907114686e+00
-2.303548262184218487e+00
-2.495031525327190636e+00
-2.518457987444183921e+00
-2.383450307430216242e+00
-2.365833056299927240e+00
-2.568347546593135355e+00
-2.855725964498437186e+00
-2.923946922325368902e+00
-2.884869492530586221e+00
-2.818900090886319543e+00
-2.712964335043924979e+00
-2.653075308877447913e+00
-2.739978895270799519e+00
-2.046670157820018876e-01
-2.415062043343622067e-01
-7.031926835333676684e-02
2.276442394928438195e-01
5.918576333353543495e-01
9.557467540986062104e-01
1.318943132871526869e+00
1.540063760221473954e+00
1.234256745524255461e+00
6.731655777829119724e-01
6.160848709717633431e-01
1.086324116562549680e+00
1.661340211386514776e+00
1.986061809942913259e+00
2.031614964891959474e+00
2.109450152271146184e+00
2.166577212470490288e+00
2.044175606497886655e+00
1.684954344681611982e+00
1.484461501105865278e+00
1.646602818222945741e+00
1.686482648802070106e+00
1.353983143001207701e+00
9.881999533440770644e-01
7.910549456218167741e-01
5.892282471642835695e-01
2.958935801433464907e-01
-5.369554647057145358e-02
-4.049399504712205555e-01
-8.329013514325667167e-01
-3.282938117749547025e-01
-6.940422952601922324e-01
-1.131487077561439403e+00
-1.558522926862738966e+00
-1.714413995480681852e+00
-1.567284827374936906e+00
-1.214908303975162696e+00
-9.087689739376659803e-01
-8.437957075956870057e-01
-7.905195445509121122e-01
-6.373066710896713172e-01
-4.486088995322665696e-01
-3.234612970519764596e-01
-1.956769264233654271e-01
-6.161647871572792368e-02
1.043630540292938835e-01
2.793137685022182848e-01
3.976827359464802369e-01
4.929691142425414174e-01
6.195726867400224158e-01
8.007896633004301101e-01
9.819722882111948659e-01
1.069509785254381118e+00
1.136590446722981262e+00
1.181712223003116957e+00
1.197675403486639700e+00
1.211497444131520274e+00
1.243004599276855249e+00
1.251307640839356194e+00
1.310474854434062308e+00
1.714282806090993913e-02
6.879424211599204086e-02
2.356821195125511914e-01
4.628812925510868981e-01
5.704997947227417043e-01
5.581697032205653608e-01
4.243121032133139736e-01
3.277181940993059150e-01
2.287901140399636324e-01
5.548891652341181313e-03
-3.111836364087861573e-01
-6.654654016009455830e-01
-9.322166047000538525e-01
-9.950533575340294590e-01
-1.038423785495784513e+00
-1.080178653198138328e+00
-1.156924921926435035e+00
-1.230362169650800475e+00
-1.311527513582536386e+00
-1.421439730429565840e+00
-1.570404652175971805e+00
-1.662976472153517182e+00
-1.786179604422327483e+00
-1.811615301717503845e+00
-1.822356911763791221e+00
-1.770920078397879349e+00
-1.652926227598540132e+00
-1.526458229711431747e+00
-1.254794503630845881e+00
-9.743864959955257365e-01
3.905468216226493094e-01
1.083557413953407877e+00
1.650463309900590314e+00
1.947106751698246319e+00
1.865333327408998709e+00
1.641093926536983050e+00
1.469489081783288187e+00
1.400836442837948947e+00
1.399937206183109462e+00
1.420231492982657162e+00
1.447823690123357432e+00
1.521005568676647490e+00
1.620996086828086824e+00
1.621563219604383654e+00
1.622621775790731080e+00
1.637566330194192066e+00
1.769125232928970393e+00
1.966982213651063516e+00
2.200853655736266568e+00
2.353426235361812946e+00
2.358354945873284869e+00
2.198021236048946392e+00
1.999391691465215004e+00
1.815674911965033944e+00
1.619485689295768749e+00
1.408728460911341074e+00
1.278327995166383291e+00
1.079346541780033197e+00
9.653822713905280128e-01
8.869630815064506457e-01
-7.536166974258588780e-02
-1.380683724324118233e-01
-1.345912634698165911e-01
-7.464135313877166833e-02
-1.396275654765886942e-02
3.476545752190551147e-02
4.426632091318428996e-02
6.024278797092513793e-02
-2.781189351495826079e-02
-1.283689536578546675e-01
-2.570965605433379597e-01
-2.832387562154858873e-01
-2.995839290151820489e-01
-1.826370999738468059e-01
1.079012558103325525e-01
3.923124457748283223e-01
6.506301949463965117e-01
9.164711015837135877e-01
1.031689019926222306e+00
1.159922169390952051e+00
1.259858618109930051e+00
1.267718805391662373e+00
1.219765960710087471e+00
1.165878975992842292e+00
1.196524723136907831e+00
1.265438844343629299e+00
1.328823493700063807e+00
1.345036381276932813e+00
1.231872707643356879e+00
1.097210045188978356e+00
-1.004091216700672834e-01
-7.029002835054355691e-02
-9.848467824523998715e-02
-1.605379062252430822e-01
-2.265706768096135693e-01
-2.863182232017031925e-01
-3.553166681924178616e-01
-3.719381225475093533e-01
-3.884107176242241888e-01
-2.247793228202881743e-01
7.390729481627433817e-02
-1.786538540572810696e-01
-8.165203350859687736e-01
-1.287550401135201472e+00
-1.366033305542956322e+00
-1.305649660354702313e+00
-1.325869766536847738e+00
-1.386063498317155362e+00
-1.389991973956620219e+00
-1.231648623257473929e+00
-1.168181628023105878e+00
-1.229735955955434168e+00
-1.337663206427705864e+00
-1.330877300713444011e+00
-1.244905844000659956e+00
-1.127771279712178387e+00
-1.040575548277657747e+00
-1.014836335504061715e+00
-1.005483612795453174e+00
-9.826928157441753298e-01
2.452538141893344237e-02
1.043624290250776306e-02
2.376059145570764974e-02
1.236584182156337010e-02
7.544300288229231766e-02
1.187571113303881876e-01
1.824918655778738352e-01
2.784616838747416834e-01
4.143503919146044323e-01
5.100580791015710824e-01
5.436330921228214041e-01
5.288345472081441567e-01
4.915830062999391181e-01
4.464062232552503673e-01
4.181225627675389522e-01
4.290790920742122427e-01
3.958416985259615717e-01
3.149533484525984806e-01
3.352438088458755128e-01
3.610414557093269972e-01
3.987970200261838349e-01
3.798315061539730420e-01
3.669169716676985993e-01
2.487691227091823054e-01
1.210818411519382354e-01
-4.069151123376668622e-02
-2.046431204247762814e-01
-3.311620512683994821e-01
-3.799859116618736765e-01
-3.886667569043876225e-01
3.897017472630572715e-02
8.470876891358511407e-02
7.142483868851319528e-02
5.717905687123503444e-02
-3.919195967806120284e-03
-2.448016496267050798e-04
8.742450984895507732e-03
4.493088461086661156e-02
1.230557541187069504e-01
2.408088417762681566e-01
3.412288372409986170e-01
4.336725976532070925e-01
5.454207537336193123e-01
6.888438670450007795e-01
7.982715197136209806e-01
7.865038260874567255e-01
8.468165943997977285e-01
8.398566582779377621e-01
8.253454386723840797e-01
8.098063448603104453e-01
8.270423847912955484e-01
8.881360258654926731e-01
8.992523187600660606e-01
9.864928467183687877e-01
1.066588063284881871e+00
1.086067161487224375e+00
1.078292113185980394e+00
1.029041776139700826e+00
9.899534735462676149e-01
9.740437372727552834e-01
1.220319559200407945e-02
3.082363826308226473e-02
3.785427785045868132e-02
3.051341164571207479e-02
-1.302810988129653735e-01
-3.079060493527162046e-01
-3.383530857203301268e-01
-2.886230034586031445e-01
-1.494914190026450929e-01
-1.236476281610152383e-01
-1.333854546078878378e-01
-1.624138703324467525e-01
-2.141640962261597836e-01
-3.135383997109681964e-01
-3.975533488950819261e-01
-4.329826998835644702e-01
-4.421028798958872574e-01
-4.354206308092113953e-01
-4.485833224050612134e-01
-4.400093738983485436e-01
-4.890032843884795088e-01
-5.808339715199445363e-01
-6.557445571291946607e-01
-7.082398142097481308e-01
-7.110794555149435592e-01
-7.009244190998864532e-01
-6.781502151693071800e-01
-6.442003166907922518e-01
-5.943162187013563136e-01
-5.218447819097586926e-01
7.487701935849193358e-02
1.599885996622477102e-01
1.576666932615050365e-01
1.322490475792336972e-01
9.183369288309395362e-02
7.085060310577007137e-02
1.186798423761727672e-01
2.209562198531485611e-01
3.217962425408941174e-01
4.415050772402327461e-01
5.760362582462963399e-01
7.261651969075751945e-01
8.167801496222794055e-01
8.565291113186851435e-01
8.444147895294654704e-01
7.772262363314802469e-01
6.979292645574816101e-01
6.233457063005647392e-01
5.277974394219187015e-01
5.338015452751014855e-01
5.598580393622482054e-01
6.021592130968481671e-01
6.649303414221332531e-01
7.406335456524817396e-01
8.568951545726930519e-01
1.000937051890344875e+00
1.039849110796622123e+00
9.524204000998188757e-01
8.342536884579405676e-01
7.331370935116657828e-01
-7.654629862115217009e-02
-1.703131878021973411e-01
-2.799968398271975301e-01
-3.762832327778752317e-01
-4.146690076692008953e-01
-4.086765793505204303e-01
-4.134883406749640944e-01
-4.183458486480632343e-01
-4.621750121666389211e-01
-5.275631763812708153e-01
-5.994369666615424475e-01
-7.122189532578812043e-01
-7.456555516828410335e-01
-7.484227338658067108e-01
-7.123075239345231235e-01
-6.651126343220143955e-01
-6.247043001414853691e-01
-5.687656292698041183e-01
-5.520673062762905259e-01
-5.811137058784419107e-01
-6.242462552678529342e-01
-6.520693914669665192e-01
-5.867897949919528289e-01
-5.068570773641671856e-01
-3.838199418799547180e-01
-2.396290271426968210e-01
-1.217327355809822154e-01
-3.869243035719904800e-02
-1.316311139381194303e-02
5.755182541458615797e-02
9.979947092076021931e-02
1.653330908614780714e-01
1.779956236384117596e-01
1.771958619201507990e-01
1.476812599117826030e-01
5.800392243752246213e-02
1.054602121255436287e-01
2.997446271145439711e-01
4.262304655071934012e-01
3.889114287884912202e-01
3.809747632898838887e-01
4.370779064648758205e-01
3.988356220675618458e-01
3.459749720912578264e-01
2.805367413010547151e-01
2.400732901434683986e-01
1.989407579250482005e-01
1.876507309111645483e-01
2.090422067155573993e-01
2.392359522071070277e-01
2.738362301187405312e-01
2.337084162488925476e-01
2.112110336770386398e-01
1.611889173248860774e-01
1.521216580512531336e-01
1.515722622903873662e-01
1.139409047876623338e-01
4.382239166670257036e-03
-8.609898161919497805e-02
-1.300577726977350523e-01
-4.759437102230640315e-02
-8.681195856949394662e-02
-1.562923625376824721e-01
-2.062985941723900762e-01
-2.217556711043265349e-01
-2.178277678592421274e-01
-2.021150871859163645e-01
-1.755503125901050065e-01
-1.750037562914343314e-01
-2.135054236165609409e-01
-2.731390896950153246e-01
-3.015274576213908819e-01
-3.084561822438344203e-01
-2.974515420893113493e-01
-2.747859801883402731e-01
-2.108340985579079396e-01
-8.948224240925173323e-02
6.058300883260417380e-02
1.685572369132671833e-01
2.907642772513144847e-01
3.127876900988426079e-01
3.279044164300466968e-01
3.007640110090794017e-01
2.123905424970157219e-01
1.829448428085079514e-01
1.462224101973609580e-01
1.273832046612943525e-01
8.206101089774962831e-02
1.000804103591781680e-01
1.808481322429826843e-01
7.648038090223266416e-02
1.536383920991379326e-01
2.199802291124532683e-01
1.801920742143433563e-01
1.193788663683666706e-01
5.510988402513881945e-02
-3.953944830049420378e-02
-1.115027851035966522e-01
-2.035449073881081261e-01
-2.308904429858612550e-01
-2.501698584409128845e-01
-2.817528689675448117e-01
-2.906808299995336520e-01
-3.026066334438967664e-01
-2.991360627797447491e-01
-2.997932087622937614e-01
-3.479104622186336426e-01
-4.446435847254991969e-01
-4.922757711038262540e-01
-5.555446467876656857e-01
-6.811265804710742167e-01
-7.879206835384562346e-01
-7.073749927719062969e-01
-6.491650147157385087e-01
-5.726536010572573776e-01
-5.245832602235904751e-01
-4.541915779725783642e-01
-4.429544866749764442e-01
-5.076798400969620984e-01
-5.834266846149825936e-01
4.050881844737283521e-02
1.458093701847288370e-01
2.626134391333413975e-01
3.023732634063731051e-01
3.441066270612940792e-01
4.160999195673575901e-01
4.906779611344669334e-01
5.145836443508329250e-01
5.112290479446683911e-01
4.864353309664746217e-01
4.734871748617308640e-01
4.750466004311553192e-01
4.746982309288381163e-01
4.079045627046773426e-01
3.378793105400598185e-01
2.523471581516977813e-01
2.191264497177068948e-01
2.330739986252618745e-01
3.032254311760470555e-01
3.742461121864485429e-01
4.654421274938830289e-01
5.427144170411553059e-01
5.377046667285203529e-01
5.004672953279166725e-01
4.292668591874584383e-01
3.079594167615019584e-01
6.193522689825650684e-02
-1.626070158594360437e-01
-2.675427328093009649e-01
-3.141716786601385092e-01
4.762223369429454539e-02
6.760934140937534254e-02
4.799478776745319530e-02
5.378669387392915474e-02
1.560587947210018839e-02
-2.036720080478870293e-02
-1.055544712672850383e-01
-1.613083447616291688e-01
-2.242650903196791723e-01
-2.803009780786547278e-01
-4.810580600501728754e-01
-6.516472629867144928e-01
-7.117287227893505097e-01
-6.905214003623026953e-01
-7.090558625012262084e-01
-7.072197449136610192e-01
-6.886095593068081167e-01
-6.808288544786723628e-01
-7.028322020771367029e-01
-7.345995774291754765e-01
-7.367430757276797193e-01
-7.231989711364341655e-01
-7.179994405127084756e-01
-6.439591093368793873e-01
-5.136260386965731950e-01
-3.994194678375584950e-01
-3.381478920316443593e-01
-3.148061377693113227e-01
-1.860042226983416314e-01
-1.135853476669341777e-01
2.831463074688958179e-02
1.346571196547407812e-01
2.123625102478182980e-01
3.191807577472828283e-01
4.148105027599436889e-01
4.637051975650367530e-01
4.448247543589669561e-01
4.596299609099711025e-01
4.645472339112364235e-01
4.724684842215585712e-01
4.233682985486216799e-01
4.083081530401639347e-01
4.184116436830775942e-01
4.269355782507036623e-01
3.970059727381651804e-01
3.841163070911401967e-01
3.665217161319629935e-01
2.970277347348047048e-01
1.812860023086911854e-01
9.402335616123080886e-03
-1.209671728997022966e-01
-1.657600841719406304e-01
-2.504098886061908447e-01
-3.430523533400252068e-01
-4.424292828458189497e-01
-5.120623093564333761e-01
-5.835802693396165974e-01
-6.679166361678222641e-01
-7.563014547690348754e-01
-8.318487174474827883e-01
-5.061440752576791546e-02
-7.439759886003252665e-02
-1.298802624779525627e-01
-1.731541867927004208e-01
-1.780923341876429478e-01
-1.462645187539444169e-01
-7.390433993081119146e-02
3.514517802041469685e-03
5.824675936980805088e-03
2.844299197229786108e-02
5.231641877297721344e-02
1.207535415009294566e-01
2.273925234601391066e-01
3.319556270029341283e-01
5.732988550383715243e-01
7.239968215548140407e-01
8.106751707417185759e-01
8.734190017639200665e-01
9.636146673349761382e-01
1.037477569628282525e+00
1.047963116771982950e+00
1.061564416093914831e+00
1.073241247476082405e+00
1.094675872162483854e+00
1.126593806197828229e+00
1.152906344734595301e+00
1.113054860839538085e+00
1.045233060588128815e+00
1.060676816006424383e+00
1.084438994844812987e+00
1.221941375777184531e-04
-1.214780676271439222e-02
-4.253229720852096107e-02
-9.177150537718657686e-02
-1.459869929007153733e-01
-1.865467275637286981e-01
-2.776493296807913680e-01
-4.110973185075986747e-01
-5.815196157614800354e-01
-7.604128958535093519e-01
-8.670688453947460461e-01
-8.951358282281496326e-01
-9.479411008910136882e-01
-1.077637737439981924e+00
-1.100196011123925288e+00
-1.034948582684424245e+00
-1.073230871413801024e+00
-1.229063479311136575e+00
-1.273944001765425771e+00
-1.265347728024675433e+00
-1.284425839816487391e+00
-1.322931169106780214e+00
-1.345760798658760971e+00
-1.318000937440125142e+00
-1.257299573699163009e+00
-1.185480556311714562e+00
-1.183926303358699972e+00
-1.177823995486273256e+00
-1.164752676519729135e+00
-1.141771355629751739e+00
6.165932686734239970e-02
1.239419006744109514e-01
2.129009536958760829e-01
2.708956661843278102e-01
3.746260416476089317e-01
4.937177494498595220e-01
6.464837005408495818e-01
8.130310006499221753e-01
9.858729507422983040e-01
1.105820820520759140e+00
1.185516873160670004e+00
1.238401838234123087e+00
1.172207578620270807e+00
1.029166277393581463e+00
9.956458130732720457e-01
1.058328439078461747e+00
1.037967432996866668e+00
1.003710257903140723e+00
1.011990157880088503e+00
1.001140671222991108e+00
9.562992463542226984e-01
8.946355892882896788e-01
8.677105085845928656e-01
8.026236173713247046e-01
7.860836971653035743e-01
7.775945973683506818e-01
7.659048768810253760e-01
7.124397768821865151e-01
5.873640069321431900e-01
4.117727129811916686e-01
-1.059252704747753182e-01
-2.137317264162355845e-01
-3.375516612299427344e-01
-4.599543253967719458e-01
-5.550987473662021277e-01
-6.294475618387619376e-01
-7.057213328598297419e-01
-7.763559975557214887e-01
-8.088260647125424807e-01
-7.943821940591476727e-01
-8.079710789101164359e-01
-8.208295785275742107e-01
-8.180270860568056301e-01
-8.151680476510969608e-01
-8.495456018398461762e-01
-8.835833562149245646e-01
-8.475852546132045529e-01
-8.032177254044179371e-01
-6.652358633279591427e-01
-5.552716019848169537e-01
-4.547377786552665446e-01
-3.042558179645414862e-01
-1.700701960833855275e-01
-6.791374835379071495e-02
-6.450971687640109919e-02
-1.223499803556953869e-01
-1.696706906533002601e-01
-2.604419281966505184e-01
-3.293464646610078095e-01
-2.531166579536370254e-01
9.798177984329368984e-02
1.847651270098912835e-01
2.111646310743350019e-01
3.067468400527229577e-01
3.360693916002623349e-01
3.618451636475050193e-01
3.277322677519214911e-01
2.684832044518353222e-01
1.950542396932695155e-01
1.413864950830217571e-01
1.249241894503766714e-01
9.622811238406021872e-02
5.882925125474579992e-02
2.934247730566234141e-02
4.331394082360292414e-02
1.581396062342334610e-02
-2.186968710520304990e-02
-1.190892050136807545e-01
-3.213013855953233411e-01
-5.538413690384808019e-01
-6.814685556939262812e-01
-7.867834999595827439e-01
-8.837072081257763001e-01
-9.195008174585428407e-01
-9.332240426976521341e-01
-9.958822191089070630e-01
-1.091920480405458749e+00
-1.144480975727989014e+00
-1.150006434941390321e+00
-1.134091248736448065e+00
2.431732390277300052e-02
6.991075102311129774e-02
9.727633544167343937e-02
1.523488644736122888e-01
2.566917029403918971e-01
3.762774997660335852e-01
5.130972046137158848e-01
6.558805503474300913e-01
8.624423450276454961e-01
1.061632864806025145e+00
1.199108107221376951e+00
1.253475840114753881e+00
1.277592124940287066e+00
1.197816319460073942e+00
1.107102088058546485e+00
1.128859546618016019e+00
1.238527232234656772e+00
1.339411206886117922e+00
1.479362960890150402e+00
1.715913820037787918e+00
2.003222770468530367e+00
2.194292538512727209e+00
2.165783065206465796e+00
2.053816100139475243e+00
1.912870768245284125e+00
1.768807105473213959e+00
1.659155108303612236e+00
1.533782491878924681e+00
1.490960438817259925e+00
1.536917557969789572e+00
-3.039044090695094090e-03
3.256491736626504832e-03
-5.742489849426164056e-02
-1.236168996583544288e-01
-2.009495207480512524e-01
-3.254408978402237307e-01
-4.362620842458909132e-01
-5.380614967312010721e-01
-6.552219156203542560e-01
-7.246834907867025777e-01
-7.700975003271612884e-01
-8.317710902051417277e-01
-9.115027201889607245e-01
-9.806059826795600065e-01
-9.637139690387916957e-01
-9.607634211157300985e-01
-9.439192658681204717e-01
-9.835781247047222786e-01
-1.113245706574634397e+00
-1.174945676953236040e+00
-1.222930591660843724e+00
-1.230464434650265337e+00
-1.225029372616920353e+00
-1.197017235810794222e+00
-1.179095048933409329e+00
-1.116577106819736320e+00
-1.004460954007566853e+00
-9.222575878450028908e-01
-8.664189677309066528e-01
-8.676191999628901641e-01
8.593892456236196242e-02
1.946873341702454185e-01
3.290198692160042904e-01
4.510413152751995280e-01
4.578630721989064845e-01
4.933008944188204681e-01
5.476904039222286746e-01
6.422367201373891943e-01
7.603450824297625088e-01
8.739639180286478126e-01
9.601825190929842435e-01
1.014899390052472983e+00
1.095709555457514250e+00
1.105069047096487900e+00
1.154842886159070936e+00
1.216586982484589852e+00
1.201657125668396553e+00
1.175651958182138079e+00
1.159439889830912840e+00
1.170825479752771292e+00
1.149875301256228166e+00
1.070449490780608359e+00
9.507291344820438805e-01
8.758268452897625123e-01
8.170369621705656504e-01
7.696486645658471293e-01
6.347125444788453974e-01
5.158986096825436407e-01
4.198584128391130155e-01
3.380098282198324977e-01
-7.463305846632432849e-02
-9.631404417725770994e-02
-1.481517701079451965e-01
-1.614234832171322076e-01
-2.339476080377529410e-01
-3.145857762563887827e-01
-3.859381947062537899e-01
-4.195277447783695157e-01
-4.424708339283816017e-01
-4.478871693556581435e-01
-4.315098639513746392e-01
-3.826944693582542967e-01
-3.205071004609547081e-01
-2.902537421772585224e-01
-2.861399958772549712e-01
-3.541143987381522029e-01
-4.391358649156531513e-01
-5.151988079167638679e-01
-5.260316630279381345e-01
-4.448451901147537635e-01
-3.928288627847018599e-01
-3.296450744349048168e-01
-2.683396200079697369e-01
-1.560389835357683108e-01
-1.796282760238698817e-02
1.135322384030401921e-01
2.136226870860098437e-01
3.509010356960030608e-01
4.048641338627839703e-01
4.412392170977607053e-01
3.690915231930035761e-02
8.867304697869245189e-02
1.373344698519643470e-01
1.959049400204398717e-01
2.418199532421784759e-01
3.029360757893706513e-01
3.447418010054799642e-01
3.474512061947771513e-01
2.782000050808330904e-01
2.107114602903382150e-01
1.528653371368554337e-01
8.110020986383810471e-02
2.506991454080864656e-02
-2.345970267035449308e-02
-6.942642281882718813e-02
-2.080132052334062454e-01
-3.620882639395649472e-01
-6.498676282270938742e-01
-9.401858526724991005e-01
-1.266908940670702144e+00
-1.392609854407745873e+00
-1.412633185714314621e+00
-1.353978615795300655e+00
-1.409836026818988008e+00
-1.489599394579373071e+00
-1.531379870652723962e+00
-1.541140170409241117e+00
-1.603449861899414630e+00
-1.603895568566560792e+00
-1.609165658155088385e+00
1.694569604632233800e-02
2.501456243567707488e-02
5.275596033118187811e-02
8.445129645054322287e-02
1.009589228855070075e-01
1.450286100172606396e-01
2.139519804006715653e-01
3.346338523922546826e-01
4.671132056770794794e-01
6.082042039169019976e-01
7.906242892660062527e-01
9.979189017234952885e-01
1.271671485537735569e+00
1.512669267182069621e+00
1.673717987305281873e+00
1.717186940931902939e+00
1.656289086391980137e+00
1.538665732455940738e+00
1.510481944695982293e+00
1.491893291116428211e+00
1.510849538582643037e+00
1.519190198956243965e+00
1.611797636184861826e+00
1.725967311336946031e+00
1.822228928988030461e+00
1.871210260322496710e+00
1.819254096642060059e+00
1.734508098319121228e+00
1.595913627429665915e+00
1.509663504819430235e+00
-2.330253950428706408e-02
-3.612769282988555902e-02
-3.307616040739314728e-02
-1.244372515569622528e-01
-2.312261386266314389e-01
-4.956390240552321358e-01
-6.715932624656212324e-01
-8.541981150559305735e-01
-9.921922037900400282e-01
-1.127787260809185899e+00
-1.098601707559388130e+00
-1.078595767358867308e+00
-1.114211368123332324e+00
-1.159071286571327963e+00
-1.157955639022869354e+00
-1.112188554244322169e+00
-1.081302656755567915e+00
-1.037538039134529910e+00
-9.923150660122679323e-01
-9.631403665560956950e-01
-9.482642560842360346e-01
-9.347269928551783513e-01
-7.996200609471255660e-01
-6.770654988988624723e-01
-5.963510223752845896e-01
-4.517826283034398482e-01
-2.532603284483180839e-01
-4.474307054080464696e-02
9.242510006542653533e-02
2.240351998917291809e-01
7.638911836662135024e-02
8.887812485699832232e-02
4.637567758693561526e-02
9.132682100628267130e-02
1.485563374507335443e-01
2.470277854201217149e-01
2.714356508406894353e-01
3.704441745585532741e-01
4.801752344408986017e-01
5.754416739103980216e-01
6.287864051164692158e-01
6.130686497948452107e-01
5.300476995318601503e-01
3.809214081432821253e-01
4.035884734770882609e-01
3.222271620972508299e-01
2.100005542914818446e-01
-3.813585750563197596e-02
-1.759582408958622057e-01
-2.518622742712799401e-01
-2.819053926321030135e-01
-3.171405125060444141e-01
-4.012086161921093463e-01
-4.551872909710533155e-01
-5.774027088527241558e-01
-7.253584557449493930e-01
-9.553152502221053943e-01
-1.163250811548078190e+00
-1.303395210172424878e+00
-1.439903155493059028e+00
-1.093843971567856708e-03
-6.031213351472561671e-03
-2.848610691627388725e-02
-4.200854612319263048e-02
-8.953471347201043262e-03
-4.916569477105969116e-02
-5.796309218460016927e-02
-8.231750891649217139e-02
-5.199365296851297946e-02
-3.584362780185158803e-02
-2.380521500346919478e-02
-1.990460826006383577e-02
7.300186068212206891e-02
1.802484845418941550e-01
2.941364817733383985e-01
4.258801377660430543e-01
5.974512231301382092e-01
8.255411779718093701e-01
1.153737050888007154e+00
1.404876777714913372e+00
1.506579911928170423e+00
1.611889806470895081e+00
1.758674684641642560e+00
1.953277863724361962e+00
2.266070260818059623e+00
2.491142332570551510e+00
2.458530645974411843e+00
2.141247608664833546e+00
1.900535603292001552e+00
1.925016617113076478e+00
1.509592597170741901e-01
1.256023091258889335e-01
1.189955881898992346e-01
1.263474554434887986e-01
1.877162950203902225e-01
1.424240134610661734e-01
9.554577193025205750e-02
4.237717516340094165e-02
3.886440466001755967e-04
-5.164419147011373862e-02
-1.397989501786716104e-01
-2.757285679692008107e-01
-4.080598153434646935e-01
-5.136462454483367024e-01
-6.237337109797541634e-01
-7.612499956131055789e-01
-8.793070377199697640e-01
-9.511555070367797571e-01
-9.432535873886317423e-01
-9.398900291412476404e-01
-1.006139149090659268e+00
-1.131911832029864229e+00
-1.225222929739127276e+00
-1.298191139527500537e+00
-1.348101847641098860e+00
-1.404426732966930658e+00
-1.399201075205098066e+00
-1.266493842709293549e+00
-1.132982534366434590e+00
-1.112682411483736589e+00
-9.436715479646844151e-02
-1.403699119244798676e-01
-9.638206393506656977e-02
-3.144687605289175902e-02
2.644429553595002008e-02
1.506423061794945062e-01
3.183332022894381774e-01
5.604032293310676760e-01
8.153172868139624274e-01
1.171600197536697419e+00
1.545468234168396293e+00
1.851092655041248314e+00
1.978560805279253376e+00
2.030138948198088489e+00
2.063937617457558993e+00
1.980452330090800794e+00
1.771151946428500157e+00
1.465601081911256154e+00
1.169032756505572923e+00
7.909730247444299867e-01
6.723450254719979258e-01
6.562331641035106244e-01
7.960710185129391547e-01
9.222613053427071161e-01
1.030380551377497289e+00
1.049741316626542131e+00
1.059976024341483525e+00
9.989305586531681547e-01
8.870482638581196344e-01
7.304497236541259708e-01
-1.202691345720402205e-01
-2.082777124990032314e-01
-2.264053385319701461e-01
-2.530401899559254209e-01
-2.642957193631880752e-01
-2.689335454460994868e-01
-2.951810120476495714e-01
-3.815101968480461014e-01
-4.831086574860647409e-01
-6.168163878045958004e-01
-6.897584507632547046e-01
-6.671409627787378005e-01
-6.776154572522555819e-01
-7.282367820107978895e-01
-8.146611194680521972e-01
-8.334495849447984828e-01
-8.008319044345791893e-01
-8.046427372075606321e-01
-8.238320294862481186e-01
-7.901660041381517452e-01
-8.011602063086961101e-01
-8.274027139008258702e-01
-8.294523585112907327e-01
-8.802448943673036874e-01
-8.942499864364689133e-01
-8.905636108229268988e-01
-7.622370958412092445e-01
-5.657358728065128295e-01
-3.525683179888510210e-01
-1.429382523344221168e-01
2.171421987840354562e-01
4.855789308496827883e-01
7.228353365702289146e-01
9.741163042453110377e-01
1.343176733268928391e+00
1.714160521128463399e+00
1.949410963372419037e+00
2.082029960019685433e+00
2.036888817586725242e+00
1.992471057474709539e+00
1.868737015312140093e+00
1.721249574548164629e+00
1.641300089002690088e+00
1.612445238087870436e+00
1.562841322479304074e+00
1.488275692969323494e+00
1.468508396904851576e+00
1.493897433687364940e+00
1.484745017254871957e+00
1.499312740050588122e+00
1.437086932150838381e+00
1.342832347251012637e+00
1.256907170772082472e+00
1.134410483832941186e+00
9.875137757155442175e-01
7.936235432411140600e-01
6.488862414811935597e-01
5.366281038087633570e-01
4.770205104307047028e-01
4.096043581425564684e-01
-1.367603876628576687e-01
-2.951048882421033470e-01
-3.184860083246763840e-01
-4.109378369562899369e-01
-4.999554151548938896e-01
-5.078984981814703703e-01
-4.934815433118379668e-01
-5.076909935270739194e-01
-5.597256467056398455e-01
-6.423926301456525101e-01
-6.551845581454611711e-01
-6.712985530329281803e-01
-6.042893944912685056e-01
-6.412192944755514823e-01
-5.362294457404737091e-01
-4.200237910544594166e-01
-2.220325852474783479e-01
-7.036614409778763068e-03
1.393377904620891616e-01
2.294459123868361483e-01
2.782200853333214319e-01
2.105555721175808581e-01
-1.319786208133014171e-02
-8.418849796495217475e-02
6.850960791170043751e-02
3.631083772999735837e-01
5.322667044128081004e-01
6.132422043970540138e-01
6.473318180525703402e-01
3.801299307719209208e-01
-4.366090478528947827e-01
-7.133342653073218020e-01
-7.151007214606057705e-01
-6.964593247420115540e-01
-7.031318691645258578e-01
-7.118764656702438742e-01
-6.459660393162879322e-01
-5.926586749817630562e-01
-5.049332075258985419e-01
-4.742350025708981232e-01
-5.417721522372050957e-01
-6.322199480296039065e-01
-7.520183846418704299e-01
-9.458824612283024402e-01
-1.050745009478692982e+00
-1.256569472141647381e+00
-1.592219812173048865e+00
-2.100473344359417460e+00
-2.625495738557129144e+00
-2.972772788316587977e+00
-2.810329821231475567e+00
-2.241921797271858363e+00
-1.811083350320803254e+00
-1.710869304883579467e+00
-1.773812223219936479e+00
-1.887444178591580757e+00
-1.933289888516613875e+00
-2.006074290467390497e+00
-2.032440743630868685e+00
-2.003914110208090626e+00
1.794765724397074380e-01
3.535111802764524525e-01
5.259865320407253186e-01
6.648679579929397399e-01
7.427288882404106118e-01
7.239855176800213954e-01
8.121927008028266837e-01
9.696693845983928028e-01
1.098787590369170397e+00
1.209390343722211325e+00
1.347879956849247440e+00
1.439232421255394856e+00
1.497235747031416597e+00
1.494510347502505443e+00
1.450381161042319400e+00
1.328656425553429221e+00
1.233056828680670236e+00
1.119291865002037811e+00
1.076245940221910669e+00
1.084692196368435502e+00
1.170958804015675092e+00
1.196728167741197169e+00
1.212966605308341883e+00
1.228801727556516843e+00
1.166122164323140531e+00
1.140167875788586693e+00
1.058057450843577829e+00
9.610065925518326280e-01
8.016394779047154584e-01
7.475907629139849631e-01
-9.561697658280655931e-02
-1.864355477816282969e-01
-2.863557770437710204e-01
-3.558156406144029615e-01
-4.357742148637180346e-01
-4.720205451353224890e-01
-5.179918576931610286e-01
-5.650384656817953877e-01
-5.884241872375468585e-01
-5.892819196046974461e-01
-6.352892118099543461e-01
-6.161036624885303237e-01
-6.212977713362384247e-01
-5.898977745806412987e-01
-5.525601851373465045e-01
-4.929503230071879960e-01
-3.907666801621730857e-01
-3.145880528408646626e-01
-2.585975626773234226e-01
-2.349077391944086324e-01
-2.896819508838265333e-01
-3.298197402749252771e-01
-2.605288554299118320e-01
-1.399344102394750600e-01
-1.113403799970953817e-01
1.224471778679694922e-03
2.325128803107375797e-01
5.323703021571952743e-01
8.027810600193064916e-01
1.000623907074187358e+00
1.845666778860169666e-01
2.311213506727027300e-01
2.219899091733824603e-01
1.079162015779102646e-01
5.879138598772470914e-02
3.051145214985960183e-02
5.324351796574661178e-02
9.406843211453333464e-02
1.652449904334197250e-01
1.563225144623770768e-01
1.025529110305822278e-01
-9.564377042038246790e-02
-2.432904991152858021e-01
-3.721147721945436970e-01
-4.255567482101959564e-01
-4.618988629872998741e-01
-5.361845729299336005e-01
-6.003223253132202730e-01
-6.982194831526215006e-01
-7.979682059019630458e-01
-9.011369531880191186e-01
-9.861706869410062914e-01
-1.047749308731838802e+00
-1.140538132517812109e+00
-1.252192238692793724e+00
-1.404830536324195300e+00
-1.556868021321982987e+00
-1.563987288019247801e+00
-1.546462369761572475e+00
-1.453442196182077151e+00
4.721941572366978451e-02
5.137368332089824879e-02
6.539899303557829280e-02
4.580433329382263552e-02
1.345142851823866170e-02
-6.353526215747051786e-02
-5.684058238394704143e-02
-5.547873198274419493e-02
1.525033767456350497e-02
7.373929402134951627e-02
1.420760584329262000e-01
2.110809584786516035e-01
3.476509441316836257e-01
4.824730432263532043e-01
6.143565978074145839e-01
8.156186598886041583e-01
9.184015305291410858e-01
1.022499214837446546e+00
1.130930480624404710e+00
1.347145998377898390e+00
1.499350244334727744e+00
1.645477825146176798e+00
1.824143035522837852e+00
1.923195626436054795e+00
1.938702642489094519e+00
1.871780451880586060e+00
1.782817003277501922e+00
1.709895374919497391e+00
1.636316278970155302e+00
1.543726904273391654e+00
-8.212345120206683557e-02
-7.477689316072935743e-02
-5.551126320335788428e-02
-8.717206310755742926e-02
-1.589523254256539619e-01
-2.209893422850333078e-01
-2.888580033505717681e-01
-3.885437873608101889e-01
-5.282084576405444709e-01
-7.123202058504433110e-01
-9.682373893112542484e-01
-1.180619378552931531e+00
-1.360131597686487614e+00
-1.460932175425283752e+00
-1.499287893252055692e+00
-1.456134577240973282e+00
-1.341226652454038604e+00
-1.307335611724837809e+00
-1.348167168898697810e+00
-1.376396096700069238e+00
-1.381943030784484883e+00
-1.421161981133872709e+00
-1.407206868900855889e+00
-1.335812815710761381e+00
-1.191694747723041736e+00
-1.153036714602110990e+00
-1.119644278858230813e+00
-1.061959995409846202e+00
-8.875631249546817036e-01
-6.589667646697469072e-01
2.736745486501983016e-01
4.637033832042336545e-01
5.570176594955541516e-01
6.484816440157663564e-01
5.896987396208066556e-01
5.874342584300309422e-01
6.287912218477631487e-01
6.841364129250174786e-01
1.036880978115308549e+00
1.345316878179382281e+00
1.401837475965270308e+00
1.339656334522629777e+00
1.266068229544785595e+00
1.196215231234048382e+00
1.072641018270692692e+00
9.438665618931402213e-01
9.082852711788983457e-01
8.542792582890268438e-01
8.319819241462558246e-01
8.873698195154883228e-01
9.430215872503721064e-01
9.097975789462805496e-01
8.027794903514678948e-01
6.701779145977333485e-01
6.573154734623990469e-01
5.497209238525689878e-01
3.881508638836425051e-01
1.712236811534181835e-01
3.849789607941478398e-02
-8.337316268101990779e-02
-1.554717825813826948e-01
-2.516825394398324311e-01
-3.889245011826734655e-01
-5.197610168547139864e-01
-6.028813911459957042e-01
