-2.534993389970816025e-01
-4.460721921777373589e-01
-6.710316103052040848e-01
-8.585527298259686413e-01
-9.428705841140858634e-01
-9.658360527704238363e-01
-9.162067563897632327e-01
-8.620140705711800688e-01
-7.616628011852383251e-01
-7.191559904509200463e-01
-7.107486314678947981e-01
-6.796695364291105435e-01
-6.741021232279339470e-01
-7.563527727591353722e-01
-7.908840221846370477e-01
-7.433925725204016954e-01
-6.931948115763936213e-01
-5.826611125175753525e-01
-4.749644214128950770e-01
-2.802324299198385438e-01
-7.034995743804561830e-03
3.290786585115526020e-01
7.942488709224799770e-01
1.344121735818520236e+00
2.060309277955954865e+00
2.911499775919837774e+00
3.654331386222972267e+00
4.184677583605843409e+00
4.474179120867037618e+00
1.829543452410391235e-01
2.996006241040382045e-01
3.725047223899106141e-01
4.848739286811086791e-01
8.916316002325453960e-01
1.646981890811312965e+00
2.420290796607471151e+00
2.900456733601957993e+00
2.953116702771511726e+00
2.828011767652926167e+00
2.733274250513376469e+00
2.682553455839866263e+00
2.518170903058298382e+00
2.345005832789862410e+00
2.162682912289654702e+00
1.999585227330643589e+00
1.863068939111849787e+00
1.662424815869508743e+00
1.403283469703044739e+00
1.203903157844175675e+00
1.029771323945648076e+00
7.927744120465624045e-01
4.306093089021612585e-01
7.722789988227002356e-02
-2.523462038603441759e-01
-6.321047505353853957e-01
-9.321042473502891834e-01
-1.095130448014398183e+00
-1.207415935279113173e+00
-1.340749735252575014e+00
-1.338724213390477535e-01
-2.767713176698205491e-01
-3.601806888123660899e-01
-3.701538405303599899e-01
-3.572090880736185636e-01
-3.164270362750343235e-01
-2.923668111787320889e-01
-2.194511894444523825e-01
-1.845113904010854955e-01
-1.415261166973066365e-01
-9.892773900914664242e-02
-8.335886638050873931e-02
-1.981668081786319702e-03
3.024365240218636064e-01
6.380279736797891399e-01
9.512704480262954565e-01
1.174717512919782214e+00
1.376921296044625986e+00
1.487378067657178615e+00
1.563258061512078578e+00
1.634349031497762450e+00
1.800674093159693623e+00
1.996475897129988519e+00
2.151102392224093940e+00
2.318029499396013993e+00
2.453388417210266237e+00
2.567058417136348414e+00
2.666635089704371353e+00
2.710703076656666433e+00
2.763098575774433296e+00
1.241495211795570902e-01
2.453143981063327095e-01
4.586666570044111158e-01
7.138970039036769411e-01
8.636568910799659049e-01
9.088884747651494456e-01
8.632268167285297444e-01
7.761847038698900247e-01
7.263972554505204737e-01
6.611424476793339444e-01
6.433816436453780874e-01
6.712054815604157065e-01
6.656503255867862734e-01
6.370556880875952732e-01
5.850891220459050190e-01
4.671295407469646666e-01
3.082076853609614364e-01
5.234880020768972742e-02
-2.425254775955066333e-01
-5.231730934718989978e-01
-7.323971051819710976e-01
-8.543652962341201640e-01
-9.454939054780504559e-01
-9.827063209244759623e-01
-1.015379582563027627e+00
-1.053559142184042008e+00
-1.070281753061975705e+00
-1.078526849400848198e+00
-1.124868883447364576e+00
-1.139704100911518747e+00
1.206743708043713295e-02
-1.744167432186334923e-03
-1.508731747123242400e-02
-1.465014523742787234e-02
-1.300209720779307160e-02
2.652221594132282700e-02
7.208150164220453182e-02
1.736982785113225236e-01
2.810035876233162866e-01
3.779977989539038963e-01
4.619493111915424777e-01
5.808559027159246879e-01
6.993073871228790983e-01
8.395266344344888276e-01
1.044054345430830866e+00
1.344978258370404411e+00
1.671413223132800718e+00
1.992544083112430808e+00
2.277638956657062064e+00
2.406443806513502537e+00
2.329004390259768353e+00
1.900758782982496342e+00
1.315065249319448792e+00
1.013867650436517387e+00
1.088115772962473748e+00
1.351875143325821149e+00
1.589063354980217557e+00
1.760220233383961386e+00
1.902260587120571333e+00
1.922476729230105041e+00
-1.377859414536056482e-01
-1.777030865906111257e-01
-6.376272122905371487e-02
8.595361767834636124e-02
5.794437990844793218e-02
9.395991333686869174e-03
-8.112248761765950000e-02
-1.659455288917194848e-01
-2.976058020911684365e-01
-4.917058371228336666e-01
-7.419402853063847836e-01
-9.816268840006152629e-01
-1.228432860863076126e+00
-1.453914509490350504e+00
-1.582631713535536555e+00
-1.676851116088321492e+00
-1.711120933530054122e+00
-1.774301367519704353e+00
-1.882969824647980461e+00
-1.978644079097721331e+00
-2.009116017331945336e+00
-2.135700783928211610e+00
-2.351925943650779338e+00
-2.492889404236285245e+00
-2.466630880218068089e+00
-2.315903454260476391e+00
-2.216534166807660355e+00
-2.190582971535508516e+00
-2.188376991965518936e+00
-2.122612282740555134e+00
9.700873475226369502e-02
2.109285731497740901e-01
3.520612019930646763e-01
5.794218497505502219e-01
8.458111558452343637e-01
1.098342230389916629e+00
1.276990260130314692e+00
1.359213546289032015e+00
1.410785473711640980e+00
1.455702351356509272e+00
1.543194010944229699e+00
1.647685172543082999e+00
1.731993903279419600e+00
1.732779577580989994e+00
1.728481767301906835e+00
1.764470367842946308e+00
1.795993390653907174e+00
1.741608519389303389e+00
1.691156881513184995e+00
1.697385490126151142e+00
1.735325798699208555e+00
1.751752662536113059e+00
1.697004840947138993e+00
1.716797537662569040e+00
1.734167654623927746e+00
1.724395708789716153e+00
1.646471111132675080e+00
1.540657198864056943e+00
1.470050379579373567e+00
1.392914759612160269e+00
-1.267869585798966081e-01
-2.774794253855010773e-01
-4.105274146705596428e-01
-5.592164601027820314e-01
-6.695510289172813545e-01
-7.823962376759570070e-01
-8.839241383851824674e-01
-9.545225547087317075e-01
-1.047832113121571540e+00
-1.113070478236438010e+00
-1.164076687019183654e+00
-1.231285586642496543e+00
-1.373974945541152959e+00
-1.640780213962967249e+00
-1.716095408729024552e+00
-1.735999116555093646e+00
-1.726588049499839350e+00
-1.674155879931785273e+00
-1.608499560267493633e+00
-1.548931615646927717e+00
-1.479513027799109093e+00
-1.380724434469432715e+00
-1.295157353578664905e+00
-1.251447823763193634e+00
-1.211914212338535579e+00
-1.198012425649868096e+00
-1.127515251642185357e+00
-9.621632340468967426e-01
-7.127781394818346605e-01
-5.010458525227515780e-01
2.873507761970997554e-01
5.649680103314053126e-01
8.264813770587734476e-01
9.899952130507658765e-01
1.077357047495792752e+00
1.113738195909804718e+00
1.065984701265695778e+00
1.030294636684570220e+00
9.119407246161109759e-01
8.800129798326666863e-01
8.609408942738272508e-01
8.962054902881165797e-01
9.099696995627007956e-01
9.288105195925930868e-01
9.911455863664183630e-01
8.585334491936504886e-01
6.402942211972346698e-01
4.520945815277555013e-01
4.265385279116017947e-01
4.209711534854315151e-01
4.451849633411432139e-01
4.850427642156698305e-01
5.363753852259377508e-01
5.773197329945701783e-01
5.606558292156181844e-01
4.958987995018148687e-01
3.918984853695662851e-01
2.489414194869036256e-01
7.976199614112314262e-02
-1.518940568704338356e-01
-2.606572834689469542e-01
-4.725976022349789307e-01
-5.661344655850193419e-01
-4.193947877282342973e-01
-1.393729184663910492e-01
-2.605828108702223922e-02
-1.161983349823138417e-01
-2.362439552113732577e-01
-3.256963394288353020e-01
-3.841473376843586029e-01
-4.770641371911031325e-01
-5.655460575102106979e-01
-6.371995877974644396e-01
-6.282170395051923650e-01
-5.778732357961191557e-01
-5.866598967219783800e-01
-6.087959631792103643e-01
-5.872322804999740020e-01
-5.530831173849799498e-01
-5.275046210125750035e-01
-5.340405603129052547e-01
-5.447335466093992107e-01
-5.763966245893060725e-01
-6.443470540632649790e-01
-6.816350630450924708e-01
-6.574443562912344330e-01
-5.756397140801636780e-01
-4.684353099178685809e-01
-3.121767937883563881e-01
-8.515309732591311298e-02
2.751186182323492879e-01
5.463723389831294242e-01
8.235267448424166137e-01
1.223144172545729935e+00
1.608094582756321334e+00
2.025663480185516896e+00
2.448046885650810633e+00
2.731631669783435967e+00
2.806589742929821885e+00
2.768021143258317274e+00
2.702214451689081809e+00
2.676078248269460946e+00
2.660838658462447270e+00
2.613385669458876848e+00
2.611506219649637028e+00
2.692680267096169811e+00
2.962205936526256522e+00
3.267676244419592368e+00
3.498661332130891477e+00
3.501564303662750621e+00
3.466006870216680191e+00
3.377017808334516591e+00
3.243623725183715223e+00
3.053578661729891230e+00
2.855377939302781609e+00
2.691608856167301500e+00
2.511155405657587547e+00
2.294591437275149470e+00
1.966139140908685690e+00
1.668243645784578844e+00
-3.221479162241779881e-01
-5.733717142067467076e-01
-8.233470704645412530e-01
-9.454543236287638042e-01
-9.861097461827846855e-01
-9.817579554572535283e-01
-9.862803789289740219e-01
-9.883456459739343725e-01
-9.914246692840914532e-01
-1.096449254729819023e+00
-1.387901905588393658e+00
-1.872944710184266670e+00
-2.400637862025389424e+00
-2.764155946086355620e+00
-2.976127341733711962e+00
-3.042100709466801778e+00
-3.054913035092347684e+00
-2.946039032141682501e+00
-2.747902356939519120e+00
-2.547047583018573924e+00
-2.407690219745760807e+00
-2.333025327102274726e+00
-2.326390542997974986e+00
-2.378786219609993591e+00
-2.386761094794199956e+00
-2.310811602333465498e+00
-2.162042505324560437e+00
-1.997308677890245132e+00
-1.881249942972395006e+00
-1.790517720443858707e+00
1.012695660351393273e-01
2.007855181712248915e-01
3.018036585100031255e-01
3.815176923006200482e-01
4.615181716554789260e-01
5.760750530515394985e-01
7.144505175118220919e-01
8.013284206334608806e-01
8.126585946298486851e-01
7.626120832586205101e-01
6.888143068685431691e-01
6.718930455063566454e-01
6.542694100632937548e-01
6.632555672839083316e-01
6.948223625569541761e-01
7.534308117489983969e-01
8.437818880967060675e-01
8.336470919842410288e-01
8.059664451646716410e-01
7.396251116785832469e-01
6.632201831169870498e-01
5.599763193023543639e-01
4.695006691591475101e-01
4.355253285905562599e-01
4.245970371201285287e-01
4.025725302217976753e-01
3.725321786246087452e-01
2.906050835892998729e-01
1.907067657574232911e-01
5.321381942573336077e-02
-1.119314923782252363e-01
-2.115197388111851318e-01
-2.618432352394994278e-01
-2.907399535041196859e-01
-3.088089310192074777e-01
-3.895718468549005942e-01
-4.444211500123601555e-01
-5.018451791618488977e-01
-5.743517026201093723e-01
-7.977877733785148084e-01
-1.101208275711600182e+00
-1.247383416335233530e+00
-1.241212496461976622e+00
-1.166678725190858135e+00
-1.105557251755990178e+00
-1.037430417236735014e+00
-9.731981803666837072e-01
-9.607832879919897540e-01
-9.824452677081562113e-01
-1.030568310836222246e+00
-1.148048447274596207e+00
-1.277306226579868254e+00
-1.307663641645254726e+00
-1.161884988562802201e+00
-1.008346448572156051e+00
-9.037594560459976112e-01
-7.705063275876303797e-01
-5.805886409438333340e-01
-4.025834495264680735e-01
-2.666945129815253557e-01
7.053555697175338535e-02
1.169009767120478827e-01
1.031824627881829937e-01
1.056582852105891202e-01
9.710264363909011653e-02
1.173315156354467065e-01
9.666062116592957776e-02
3.332096858373602422e-02
1.618283593826038910e-02
3.543406280152588961e-02
5.068508094270027242e-02
8.423582814164182198e-02
1.221115509361565682e-01
1.114089673629231059e-01
6.710002860578104245e-02
5.056269408714422764e-02
-8.907365775387081352e-03
-1.182812126801993657e-01
-3.008026383352365718e-01
-4.980652901654172293e-01
-7.069811717256813122e-01
-7.634310744672174742e-01
-7.429202429483553471e-01
-6.803617221931116399e-01
-6.083749285249209215e-01
-5.729583191594240787e-01
-6.333396104120173620e-01
-7.612441343166116425e-01
-9.182110096417211986e-01
-1.053166107443958888e+00
-9.294509698174049928e-02
-2.263820311240427041e-01
-3.620851402102309713e-01
-3.984508952536165438e-01
-3.947308893152087772e-01
-3.664514365026393383e-01
-3.671896319487195637e-01
-3.251328137766363313e-01
-3.102862843920037861e-01
-3.272444513519165432e-01
-3.834143297202093348e-01
-3.791174265504554386e-01
-3.449019464589928030e-01
-2.488800739668903250e-01
-1.637831321834352094e-01
-1.673754139035157906e-02
1.346642381547199507e-01
3.508540241342988919e-01
5.450152922372935027e-01
6.425465053220137390e-01
6.946286258344680498e-01
7.300462562604462802e-01
8.200879662780358181e-01
9.648631986511536640e-01
1.030057788607547486e+00
1.080646126637722970e+00
1.270635867859851054e+00
1.515476760768105446e+00
1.676911841083111865e+00
1.701749224091192891e+00
-3.116235474320357135e-02
-6.024411381458656678e-02
-1.500932550102703766e-01
-2.430291294047801642e-01
-3.454831633993681317e-01
-3.428821108320664890e-01
-2.943376007959573881e-01
-2.285741609648458961e-01
-2.353224021372850028e-01
-2.348160093965950823e-01
-2.110980501699575851e-01
-1.936739610560226366e-01
-1.856776489161748034e-01
-2.018037025348679847e-01
-2.455491644702059162e-01
-3.057638623482906715e-01
-3.544365164432170534e-01
-4.456738515539092615e-01
-5.963283494214541847e-01
-6.953946476836102564e-01
-7.765910463973006994e-01
-9.109036884285741653e-01
-1.076349863551502750e+00
-1.262109038811339623e+00
-1.429524137372766290e+00
-1.644194271621821857e+00
-1.788065714460669309e+00
-1.863167080888669114e+00
-1.899089044553239791e+00
-1.907291458804647899e+00
7.948650088163424290e-03
4.989577154508299112e-02
9.470486928964369500e-02
1.022643424578223853e-01
1.148769467591121696e-01
1.281003961043584438e-01
1.361246332156209327e-01
1.387248256982801242e-01
1.576870342896289634e-01
2.207420485636111263e-01
2.720440460010422057e-01
4.570301970603998787e-01
6.535669899963306717e-01
8.664460212060234312e-01
1.030478331365191735e+00
1.100903360317815549e+00
1.085216949643045714e+00
1.056865958678845585e+00
1.085503503730107067e+00
1.018561768453205341e+00
9.937751240312503453e-01
1.013824028553838463e+00
1.115501399101054725e+00
1.289000008033365230e+00
1.434333764285410595e+00
1.405757440523359714e+00
1.212551370500173809e+00
1.053088506371037569e+00
9.860515596005094974e-01
9.727387095565523945e-01
2.658502044003968265e-02
-1.131516801497207958e-03
8.750704104723588950e-02
1.490842126739611584e-01
1.314690871624537016e-01
3.253269042573321557e-02
-1.006997659870901424e-01
-1.738225458448141580e-01
-2.470718791960103411e-01
-3.243220050752338990e-01
-3.857378484586110323e-01
-3.942771228319059684e-01
-4.121221988038915596e-01
-4.399890169253413696e-01
-4.446367011802732083e-01
-4.614394034799111921e-01
-5.290627809960724015e-01
-5.844309141089564230e-01
-6.535658245556142942e-01
-7.595901851314981190e-01
-8.642057278859166525e-01
-9.248803762488511104e-01
-9.859494891792145443e-01
-9.991599799817979521e-01
-9.972830448740296339e-01
-9.701481473698860825e-01
-9.690041130599313934e-01
-9.753483883635772900e-01
-9.896363482089581831e-01
-9.601702302768400088e-01
2.810027139270515270e-02
7.861740825016462486e-02
1.370035614682424407e-01
1.855981019575884683e-01
3.070324274716342838e-01
4.673738599519419168e-01
7.388672002521076143e-01
1.279206336654472365e+00
2.131285019907455336e+00
2.868611055043434277e+00
3.263014137046262420e+00
3.372165511533046445e+00
3.418901824793253219e+00
3.485698627428051921e+00
3.442387276640621607e+00
3.254926848199000133e+00
3.040837301211449351e+00
2.925217635537342709e+00
2.866896486255067433e+00
2.912741255052879286e+00
2.992610144003696071e+00
3.090929472891559726e+00
3.199266202054554142e+00
3.246795977992151361e+00
3.211432709413174713e+00
3.042082969435234041e+00
2.852706918948525239e+00
2.638262075940226214e+00
2.470349825290276691e+00
2.215749777342830740e+00
-2.532357667006487900e-01
-4.681399709627680483e-01
-6.686095073834912306e-01
-8.636014719940720008e-01
-1.043864030585160307e+00
-1.298808670791261610e+00
-1.527355861517911917e+00
-1.690541594263357705e+00
-1.785578343159352155e+00
-1.851731355312460137e+00
-1.909341835447220248e+00
-1.894893902953747267e+00
-1.913263808398600885e+00
-1.949315645784229334e+00
-2.034888803988872397e+00
-2.020552265238286793e+00
-1.997877219821956318e+00
-1.965124924491351122e+00
-1.940991495050634175e+00
-1.928370756691617727e+00
-1.906164097600453911e+00
-1.886770616213330198e+00
-1.852585317645402574e+00
-1.826692038146402464e+00
-1.768965303498530650e+00
-1.719954566893787895e+00
-1.665721944801086263e+00
-1.639541475375347890e+00
-1.601645528105380967e+00
-1.601376887593025433e+00
1.019458860833201939e-02
3.565036213431171247e-02
6.938826367320374833e-02
1.305343381130994185e-01
2.452055993829463931e-01
4.652899958568657013e-01
7.105805560205593618e-01
9.314695607279169787e-01
1.153664057593846159e+00
1.436847962091721609e+00
1.679946855250433968e+00
1.787837901383151795e+00
1.857660225191647196e+00
1.891989255820526683e+00
1.960193189390399215e+00
2.008748671505267147e+00
2.001179314811374788e+00
2.015826822538186569e+00
2.171816602608900304e+00
2.226430712033342640e+00
2.225494766929593027e+00
2.284623165874920758e+00
2.389613474726000497e+00
2.453875839106816503e+00
2.441555016971812542e+00
2.353149842304756767e+00
2.213564487910312462e+00
2.111929126898691500e+00
2.018989896160909847e+00
2.017567339065955867e+00
2.740620713502266506e-02
2.869522444427390767e-02
8.661227021208896260e-02
6.214754696080629359e-02
1.865078536655290220e-02
-1.002583196443742747e-01
-2.426732934594736935e-01
-4.769006955534027536e-01
-6.926122045907230351e-01
-8.618355721229821187e-01
-1.022854486164640253e+00
-1.084304518244628035e+00
-1.140900454754476101e+00
-1.195112351254565164e+00
-1.284006315078648264e+00
-1.333187033069295202e+00
-1.416441912009678283e+00
-1.676121134425834214e+00
-1.922350950561363847e+00
-2.061876253354290256e+00
-2.114216690730406079e+00
-2.160121672887373112e+00
-2.267849625149383375e+00
-2.320936394832661787e+00
-2.317959585438442272e+00
-2.292101471165137738e+00
-2.280791133511490987e+00
-2.258807353350735792e+00
-2.188164119794052009e+00
-2.086878782402796340e+00
3.057350811977325306e-02
9.512753985677502300e-02
1.458622129860308592e-01
2.854766646650084283e-01
4.165235157439204361e-01
4.981890353730677456e-01
5.738410921353446215e-01
7.245485017299508890e-01
9.313389468609738486e-01
1.062613111399245192e+00
1.189936469597618673e+00
1.349075624528011330e+00
1.539306251444438001e+00
1.669548924531489842e+00
1.780119689526706406e+00
1.842345015516213769e+00
1.855741984282430090e+00
1.776330855293420496e+00
1.680039059854149697e+00
1.559379097552449966e+00
1.453177098849719684e+00
1.455131023666061285e+00
1.474003416733526528e+00
1.582974182747495906e+00
1.742742509181700150e+00
1.864124757084113737e+00
1.886515365543596223e+00
1.816268920073903503e+00
1.783537996180890817e+00
1.772144279388222277e+00
-1.094687828607144101e-02
-2.750379199226997765e-02
-1.894039861293155685e-02
-7.816502377852059882e-03
-6.309919532516367058e-02
-1.270347370802708264e-01
-2.302427346672833997e-01
-3.800221374063598168e-01
-4.711806766026159776e-01
-5.798654043130685443e-01
-7.194009359301084539e-01
-8.803002101264973955e-01
-1.041310945897006013e+00
-1.145129836905282250e+00
-1.223649090180058074e+00
-1.260281033876195833e+00
-1.331910051998328015e+00
-1.425551406257964615e+00
-1.545221198085686032e+00
-1.636639699060632447e+00
-1.688554822608856032e+00
-1.767439264733009718e+00
-1.865963402247178937e+00
-1.931410884596069355e+00
-1.966778810261904598e+00
-1.956568909730848738e+00
-1.938233673465114659e+00
-1.890726343771361950e+00
-1.857789520118623638e+00
-1.876299763728665804e+00
-2.254027933800798952e-02
6.317567154557605924e-03
9.074674370211280316e-02
2.042714552093370106e-01
3.181673465933736455e-01
4.241499564233497388e-01
5.908384227175944581e-01
6.303474879709295431e-01
5.381701930561603175e-01
4.169693135064648226e-01
4.407015649669469015e-01
5.933064882296347209e-01
7.819479935145918770e-01
9.134398180152139002e-01
1.003458259499802274e+00
1.071639778349062766e+00
1.151152399022556283e+00
1.203369199007593648e+00
1.223401105866187111e+00
1.196494799947238397e+00
1.183585716793431386e+00
1.165304769475562940e+00
1.184291486956888129e+00
1.195626729753382245e+00
1.211203584336163708e+00
1.211518432145394675e+00
1.186165441126350473e+00
1.176850631131507452e+00
1.237432515128193300e+00
1.240201873943525213e+00
-7.246368941825785670e-02
-2.598547036777301145e-01
-4.691211671252260018e-01
-7.102735129889630183e-01
-1.005556727317160171e+00
-1.283116361235141722e+00
-1.471331302786394790e+00
-1.528829010000971378e+00
-1.507529807877476591e+00
-1.477891897280078970e+00
-1.521519369536059374e+00
-1.626725395622878878e+00
-1.656780617993752314e+00
-1.756392454253886903e+00
-1.824138635758138394e+00
-1.890208101887761893e+00
-1.899492612100311284e+00
-1.922136513656378609e+00
-1.906473087237785080e+00
-1.866358531273211163e+00
-1.795556197272440313e+00
-1.722493511215852813e+00
-1.632095404494009028e+00
-1.594710273871915662e+00
-1.510101041963344937e+00
-1.458184625099582465e+00
-1.403348369852530864e+00
-1.282754568386735405e+00
-1.112271604868956487e+00
-9.155676531464070900e-01
2.303216153576613245e-01
3.839881230992160388e-01
4.362547067634551246e-01
4.665008117779930186e-01
6.063615617470596852e-01
7.795116629978222633e-01
9.450297849398470174e-01
1.055809957752146699e+00
1.181994700763769002e+00
1.364455685547466546e+00
1.502968424400185077e+00
1.601835042813230636e+00
1.672632185297671770e+00
1.654966313912712428e+00
1.636152802106408677e+00
1.666420088167179570e+00
1.674182291847467141e+00
1.710085805047500518e+00
1.715116571822936642e+00
1.657808634560998584e+00
1.517451321859493829e+00
1.447099195861755172e+00
1.351877329878324208e+00
1.295121428401859953e+00
1.186839595991365126e+00
9.454164060815043458e-01
6.646815513049202373e-01
3.825903036185174799e-01
1.152045948955472965e-01
-9.444729171091489905e-02
-2.218685335077804910e-01
-3.094285105457276752e-01
-3.520195944953513068e-01
-2.994171697186850389e-01
-2.240826768549925851e-01
-1.968040327074606910e-01
-2.243017772765849016e-01
-2.315103008706407561e-01
-2.331324167233160827e-01
-2.175814250978682640e-01
-1.926672971865538986e-01
-1.972471911987308812e-01
-2.045652796201430645e-01
-2.478710979163496753e-01
-2.173658514031300837e-01
-1.787239223023788237e-01
-4.280570758678450827e-02
8.525466885706917131e-02
2.269062905713313261e-01
4.429643730966338899e-01
6.700535926389921126e-01
7.961635487635667641e-01
8.821146836074069686e-01
1.020102169104771139e+00
1.140407119397425006e+00
1.230514327628627669e+00
1.271088735555656379e+00
1.371712801220839495e+00
1.455897149982594785e+00
1.523224641116822875e+00
5.590846351469897640e-02
2.018416812844725516e-01
3.155382515304590019e-01
3.786003354817769617e-01
4.511022591653309766e-01
4.617467376828863768e-01
4.553156821552521438e-01
3.372125805384701414e-01
2.665909232696017095e-01
2.975832106144651878e-01
3.497428461214081574e-01
3.328340151904953248e-01
3.251813980931301806e-01
2.970995191604398067e-01
2.515532187111228501e-01
1.351114421034778634e-01
-5.270937750675913636e-03
-1.784318541421027193e-01
-4.082570969046244169e-01
-6.485058006384026852e-01
-7.594840891484099243e-01
-7.291084846534153785e-01
-7.269228220937981044e-01
-8.026736304472581462e-01
-9.111290589922453886e-01
-1.042216746643028324e+00
-1.146874085015780587e+00
-1.226157275599834451e+00
-1.310899543418399427e+00
-1.388161425880000355e+00
-8.269144400083509872e-02
-1.186409969405772119e-01
-1.582861815538838257e-01
-1.604686805025067331e-01
-1.572817465555086669e-01
-1.066883014584763811e-01
-8.323629018418952918e-02
-3.484574149299702467e-02
-9.751145453940825159e-03
-6.101753518468162191e-03
-1.747773520599212732e-02
-4.814706545693001397e-03
-1.190020239430171836e-02
-4.337720560217366017e-02
-1.172340443687218403e-02
8.574548079355974461e-02
2.090653503496816001e-01
2.798181918685024860e-01
3.824547352790123589e-01
6.566418681996359918e-01
1.024946462978909789e+00
1.376270272798923333e+00
1.727808615115224100e+00
2.087701349159045705e+00
2.484275570687441981e+00
2.803738421515145518e+00
2.929781688643110282e+00
2.917336027000140497e+00
2.905713778299341854e+00
2.886473449967575711e+00
-5.083202638043601840e-02
-3.677693822987192218e-02
2.906082470645789118e-02
8.381794223031668878e-02
1.830817511442103251e-01
2.096016188105561118e-01
2.023515836241180643e-01
1.714495172692739877e-01
1.033293990268727425e-01
1.257995664561892268e-01
1.938584538774225929e-01
2.751163255138576735e-01
3.084700850515097459e-01
2.434309981817955881e-01
3.268956862816135844e-02
-2.227598561059206395e-01
-5.004294551171337702e-01
-7.642800574301392702e-01
-1.037150656761634870e+00
-1.276302745414203521e+00
-1.559597813609519434e+00
-1.864307212348698117e+00
-2.064863298963455218e+00
-2.237542463337315102e+00
-2.366510754845485565e+00
-2.477703492378340755e+00
-2.583067426462101857e+00
-2.644055700324527969e+00
-2.669463457479920976e+00
-2.766327961422072601e+00
-1.365589228700755386e-01
-1.555756665790269666e-01
-1.726523826031292341e-01
-2.507124466964992804e-01
-3.162165326156228806e-01
-4.306243859781957450e-01
-4.600484254028847086e-01
-3.849727205813752162e-01
-1.571908548673374151e-01
8.682338754106191936e-02
2.058665769135556989e-01
1.276409301008200603e-01
6.573934696310304582e-02
7.038286279951598556e-02
1.519848577276282642e-01
2.958537768975331161e-01
4.594743910321524294e-01
6.163788622074835022e-01
8.067708938721771528e-01
1.031793092047645244e+00
1.255963755252554437e+00
1.439953856437546698e+00
1.596927987649588321e+00
1.850904283824088781e+00
2.110182478782695714e+00
2.205161404620391341e+00
1.914133064936928141e+00
1.331133088911077289e+00
9.033413782683548110e-01
8.316488898029176235e-01
1.602658298398637882e-01
3.914961845804550977e-01
5.923426179405721914e-01
7.407267485391093587e-01
8.741068645307594753e-01
9.927254242242096183e-01
9.708006701725055976e-01
9.053621576985791952e-01
8.384343120292168106e-01
7.935624604296349638e-01
8.094360561587805591e-01
8.046874500350518211e-01
8.284042723035308642e-01
8.138271949380261328e-01
7.415159486166578162e-01
5.866193743932075488e-01
4.145829573909958765e-01
1.876449277237427216e-01
-1.042106559193028692e-01
-4.698898422846079503e-01
-7.946135971183037050e-01
-1.095579858316309441e+00
-1.332598687984033692e+00
-1.401570741926049468e+00
-1.460041920476293553e+00
-1.456396867843438692e+00
-1.421114185849711165e+00
-1.376924404678296909e+00
-1.353525267989227343e+00
-1.344835735438904223e+00
4.569159686278540661e-02
1.662609353233980292e-01
2.906209004117540351e-01
3.620324510385119487e-01
4.298849794887454889e-01
4.508953382502715601e-01
4.989257967232210156e-01
4.825481292406887945e-01
4.907533640423394905e-01
5.364036775486888953e-01
6.060512627006883202e-01
6.601078163243139230e-01
6.899760759742217253e-01
7.436507885713822263e-01
8.477256908257073675e-01
9.787567545825895943e-01
1.079331076641783849e+00
1.183765445816620687e+00
1.293319092105776891e+00
1.377881828518478624e+00
1.433132812523976840e+00
1.461628806749628140e+00
1.498438647590520034e+00
1.471112699738748697e+00
1.431183992452404130e+00
1.451871094205935631e+00
1.505224686792081545e+00
1.520430474249545139e+00
1.524677135898912184e+00
1.522800768617324385e+00
2.069894876349534854e-02
-4.852133763273754063e-02
-1.454706266781188306e-01
-2.067334470216022346e-01
-2.342670835433810494e-01
-2.196669003853211344e-01
-2.321126445953855255e-01
-2.340793461210682880e-01
-2.320867233954035935e-01
-3.031101014748295852e-01
-3.839762830583926534e-01
-5.136839999405424795e-01
-6.113256882662022607e-01
-8.216065794858851135e-01
-9.703892140186611837e-01
-1.102449104357168252e+00
-1.220786424318965002e+00
-1.334193244587404736e+00
-1.515133981865179891e+00
-1.659136947455502664e+00
-1.674131137467660846e+00
-1.614312130219373920e+00
-1.592817640589925476e+00
-1.609420273398117551e+00
-1.623913773698281604e+00
-1.624660084955020123e+00
-1.647721605492454389e+00
-1.689047187998530264e+00
-1.596130301450609412e+00
-1.460241023607067534e+00
1.432239103104366862e-01
3.485204708397297013e-01
5.687125379781178269e-01
8.419380511131790978e-01
1.194647313698689040e+00
1.422630521300565887e+00
1.590971416319866938e+00
1.702116018785277962e+00
1.840376281620446974e+00
1.900646825641181259e+00
1.785611220394583309e+00
1.812225946843184277e+00
2.166585750441484048e+00
2.655254701009288176e+00
2.960337516666586399e+00
2.951767631373395595e+00
2.882694557483501896e+00
2.800003195508039777e+00
2.677775597177603828e+00
2.627784297411172698e+00
2.612854034046448337e+00
2.623429059499166716e+00
2.623431927586021395e+00
2.616322447879958712e+00
2.598862527943246015e+00
2.594762683738134346e+00
2.534967292342527934e+00
2.313219990459915110e+00
2.007393578611078144e+00
1.776726053313425258e+00
-1.946639229888809941e-01
-4.496335547037528801e-01
-7.530184598033775600e-01
-9.548510887317692708e-01
-1.054011020138811761e+00
-1.153327558256064256e+00
-1.162309414722673351e+00
-1.207060877942663479e+00
-1.214937066260686427e+00
-1.317742417805769728e+00
-1.367824130779718983e+00
-1.417339127733750814e+00
-1.464775929418142830e+00
-1.702934846501594768e+00
-1.940140696603577242e+00
-2.085666240129511628e+00
-2.058203787246830618e+00
-1.959031432083985669e+00
-1.863173940544546658e+00
-1.782338754263143255e+00
-1.621237857664274973e+00
-1.485049177677099319e+00
-1.447203898702446700e+00
-1.482554156646808563e+00
-1.531974589377240514e+00
-1.465809991449716021e+00
-1.366676909228507819e+00
-1.161061237436583182e+00
-9.338036541052384676e-01
-7.422762483521105903e-01
2.133111711693502222e-01
4.255726732194565765e-01
5.151326821101276376e-01
6.291072375442863240e-01
7.343665125810279193e-01
7.719748397992165501e-01
6.370455327485459174e-01
4.708171122640311124e-01
4.716130688244981051e-01
5.329603245872939210e-01
6.601535053425895416e-01
7.548775598418689947e-01
9.454505994852664408e-01
1.119268308797821687e+00
1.263553017351181307e+00
1.319383177626515025e+00
1.327605448135140032e+00
1.218935680821609413e+00
9.739236397809984958e-01
6.382550928981768346e-01
2.774309936263860132e-01
-2.780735156625605553e-01
-8.176411099642522107e-01
-1.060240511142136244e+00
-7.316483712475236878e-01
-1.443899132618995385e-01
1.472721326338974901e-01
6.948001104528545024e-02
-5.989376926923067890e-02
-1.754750175336017293e-01
-1.352382392740671402e-01
-3.454000750431089894e-01
-5.470222007952521004e-01
-6.288852074008517423e-01
-6.501225755696768971e-01
-6.370680314158982949e-01
-6.409536351331562853e-01
-7.863998792334063737e-01
-8.935459952786255489e-01
-8.702810094204795899e-01
-7.213782690515671003e-01
-6.649418298072589106e-01
-6.235579206829914289e-01
-5.764853743559235077e-01
-5.033495428464500598e-01
-3.862421418229644576e-01
-2.398863671023795385e-01
-6.969450783407996064e-02
4.692440649701590250e-02
3.051449199341342289e-01
6.726052082781353025e-01
1.048501157392446315e+00
1.429252680498123373e+00
2.052533532597343058e+00
2.510050920444290679e+00
2.407519325238840047e+00
1.988642531089953369e+00
1.796938907419632914e+00
1.851698579573932912e+00
1.950901579572311473e+00
2.148736356498180677e-02
4.604480388130491320e-02
8.320443771388709442e-02
7.465539349082966902e-02
5.363019427483302348e-02
-1.385076176600563702e-02
-5.145765435438991175e-02
-4.816651135408889922e-02
-6.711381337927962987e-02
-1.627371648085864653e-01
-2.593357501704448564e-01
-4.058195359587309925e-01
-5.499271924893951446e-01
-7.435669660168181538e-01
-9.048822076823923588e-01
-9.657856194841699660e-01
-1.033299791902190901e+00
-1.241733510506875193e+00
-1.415544599197797515e+00
-1.483402993132749481e+00
-1.508432346182471795e+00
-1.541457369305069047e+00
-1.570742815922967273e+00
-1.681847496215362447e+00
-1.782288417294288996e+00
-1.791592625329543775e+00
-1.783972724153385370e+00
-1.791340900789444746e+00
-1.838862331848901244e+00
-1.875974831956884525e+00
-1.555928558021196610e-02
5.345393701055058122e-02
4.288651345356130073e-02
6.589869441309513520e-02
1.952881806568634859e-01
2.485741725617477971e-01
3.873578592460943382e-01
5.279236773746932565e-01
6.108096829555307306e-01
6.800741822537469394e-01
7.019940096192923695e-01
7.281299401311627228e-01
8.031267223375283537e-01
8.634408651941162249e-01
1.009396302660630296e+00
1.185795322776980409e+00
1.320502791735829184e+00
1.437663510861449723e+00
1.476995116426087051e+00
1.438135297675285473e+00
1.354341935009759190e+00
1.381999902326128904e+00
1.431233203768248918e+00
1.456012534245808787e+00
1.483863048916962191e+00
1.514331412909801333e+00
1.565895065139567111e+00
1.587553604719548428e+00
1.607414959711342295e+00
1.610545217784356220e+00
1.836494125395255958e-02
5.008569446316819829e-02
7.643986617011028217e-02
1.804479848051711993e-02
-1.260503432504616328e-01
-2.969414798015663770e-01
-4.047119775875912540e-01
-4.762579944111363650e-01
-5.610000103499369617e-01
-6.650726032100044982e-01
-7.992782084984599855e-01
-1.012257748545906333e+00
-1.279369543075869142e+00
-1.514220556906481496e+00
-1.693494935232942700e+00
-1.856231921965497467e+00
-2.011350642831485125e+00
-2.107972900307707675e+00
-2.177454605338398075e+00
-2.259567276687805215e+00
-2.314455214868663013e+00
-2.468316302005919116e+00
-2.516593975821793006e+00
-2.550132563995253232e+00
-2.598791937656858231e+00
-2.674638446035047856e+00
-2.717650094174583586e+00
-2.775103652189077508e+00
-2.793925029309433761e+00
-2.773052244350627138e+00
-7.483183870793350644e-03
1.950106752850729389e-02
3.734011715534515247e-02
8.417049703107029601e-02
1.336012592598354032e-01
1.915037528197721661e-01
2.086112400187507543e-01
2.850646471793073511e-01
4.072093910514425485e-01
5.407671924119128448e-01
6.272156848157682818e-01
7.544247391416755155e-01
8.751240805069016027e-01
9.703868047337071978e-01
1.016734660625366216e+00
1.092812792472432015e+00
1.231309752661545076e+00
1.400478947001542851e+00
1.562072563980495321e+00
1.705996956517994878e+00
1.874826779810853550e+00
1.981573481234254031e+00
2.192472724262584993e+00
2.641788728571980105e+00
3.017122429989036458e+00
3.034098191285694579e+00
2.993668378539619646e+00
3.004593135703830242e+00
3.023470024835781089e+00
2.913984192721164490e+00
-8.669464286029505973e-02
-1.322406628886595437e-01
-1.815134213486087889e-01
-2.876588869331322407e-01
-3.585092923055032132e-01
-3.988393766296057241e-01
-4.274181788825560102e-01
-4.325145642154177295e-01
-4.912742458745770757e-01
-5.954719622360578057e-01
-7.164521737992667338e-01
-8.228674141979125389e-01
-9.908828237951144979e-01
-1.142846773485115985e+00
-1.327408164151105074e+00
-1.482368840778683028e+00
-1.655782405019691872e+00
-1.751412796970174934e+00
-1.809665987765677997e+00
-1.837891181905109805e+00
-1.837705551315262475e+00
-1.843681187623861906e+00
-1.845619932826478182e+00
-1.858952189707052893e+00
-1.893933845541679872e+00
-1.957283963651740510e+00
-2.021516286942590224e+00
-2.049883050222098380e+00
-2.083952591071398519e+00
-2.051826139543940997e+00
1.451537644147978152e-02
-8.172072984034750229e-03
4.145674676635918016e-02
1.001134654161580095e-01
1.243427907812729716e-01
1.627024813888928723e-01
1.895844970525980000e-01
1.699562566537427544e-01
1.664834219745787713e-01
2.467480295043725513e-01
3.684898338040051291e-01
5.693889816819719396e-01
8.037174547992471663e-01
1.145143661435042315e+00
1.541451436854986090e+00
1.928080996841863071e+00
2.214178343894181555e+00
2.434637989953849502e+00
2.482161130222497292e+00
2.383353062717736393e+00
2.290049333265881781e+00
2.181600926355785397e+00
2.106375401942625736e+00
2.153935038420413228e+00
2.151286438440561888e+00
2.169097117541801012e+00
2.189665804579492558e+00
2.234949911917563092e+00
2.237547507749658049e+00
2.244748138220587830e+00
-2.763258970622080746e-03
-3.868029550469018196e-02
-1.103047385777169154e-01
-1.940141833105059610e-01
-2.614284104372210371e-01
-3.438259987019466335e-01
-4.043807210371855310e-01
-5.017349854450933178e-01
-6.606340024309759196e-01
-8.185925367499484739e-01
-1.015785354641536520e+00
-1.247295546525930554e+00
-1.531575440843996105e+00
-1.739751474064104020e+00
-1.902100406481245676e+00
-2.031399487217637301e+00
-2.122626526852535722e+00
-2.208369783781281903e+00
-2.236338701557636810e+00
-2.269168276362724335e+00
-2.292219176671748126e+00
-2.313781458785561185e+00
-2.338145317266550727e+00
-2.354797260647997437e+00
-2.373526661756411915e+00
-2.452650847521134825e+00
-2.539331744664715007e+00
-2.611018201579608622e+00
-2.627853041105438159e+00
-2.597069222847222303e+00
6.377662464815483066e-03
-1.573177759466031986e-02
2.554776198865411560e-02
7.932530379247340613e-02
1.309941561489477435e-01
1.446794969867849778e-01
1.615373788584489601e-01
1.520908940477977978e-01
1.339154470185688617e-01
1.374397298097236042e-01
1.404204158335813912e-01
1.380309641828963152e-01
2.446529400013374711e-01
4.618507817177854857e-01
7.093153466901218618e-01
8.974571716699683011e-01
1.049366019139959638e+00
