-1.382452428291126023e-01
-3.555858339241119159e-01
-4.973897757782761442e-01
-6.332265247336819058e-01
-7.863105950181759063e-01
-8.574905196180604428e-01
-8.991501757692471619e-01
-8.982407883062872855e-01
-9.618615197818243256e-01
-9.976459645907722606e-01
-9.591011483000704274e-01
-8.246874180341104976e-01
-6.648066440975644031e-01
-5.844595761209687712e-01
-5.527738487621803865e-01
-4.633199931344913480e-01
-3.496871692629296979e-01
-2.290813706839835429e-01
-8.449725660032275654e-02
7.356297608124764964e-02
2.509207277660560065e-01
4.810209395933455756e-01
7.209418083750437356e-01
9.215734410808026356e-01
1.048690512318976253e+00
1.154174875013024515e+00
1.270263340537112207e+00
1.399986687891496162e+00
1.470871506277053875e+00
1.320219039107066797e-02
1.259887917001625141e-04
-2.271769286830689905e-01
-5.257721107947839201e-01
-6.104541294339256297e-01
-5.200189419301841642e-01
-3.759162929682243193e-01
-3.270738897898876618e-01
-3.357271429686252695e-01
-3.233524956257057270e-01
-3.779917552777335987e-01
-4.453572568448255220e-01
-6.693618788951934961e-01
-1.001167702352753652e+00
-1.367488518970599642e+00
-1.602368636069025021e+00
-1.894271031400338812e+00
-2.264865721786260000e+00
-2.601756262168997580e+00
-2.663108121954954832e+00
-2.456227546202752965e+00
-2.194526548033072455e+00
-2.090230980862823884e+00
-2.065589692845099190e+00
-2.084171013096703717e+00
-2.143599258421343468e+00
-2.212539464267942790e+00
-2.334738601328985919e+00
-2.358825637640900919e+00
-2.339446659202016221e+00
9.271895668837604187e-02
2.422367350767842820e-01
3.368300103128525902e-01
4.104783501829001313e-01
4.648492213854377719e-01
5.067585244199876993e-01
5.383369961351949229e-01
5.945861066999290623e-01
6.791384464367884455e-01
7.353317881556813429e-01
7.823453366456036839e-01
8.495195186528765596e-01
9.847107638031905585e-01
1.092756439032727789e+00
1.248381039522156843e+00
1.379074326459427402e+00
1.431094117610902439e+00
1.516797290349316318e+00
1.659160683047220086e+00
1.665401073282221089e+00
1.553595415041300276e+00
1.361509519340021734e+00
1.287038535647740733e+00
1.289847033093105111e+00
1.401177085619043305e+00
1.448891903845159979e+00
1.482475583157929266e+00
1.475179369323770695e+00
1.471738053424785475e+00
1.397421896404701824e+00
-1.447207786437105792e-01
-2.822745947026697455e-01
-4.807201313394460218e-01
-5.742625675235552007e-01
-5.879039875049708597e-01
-6.106929256233422088e-01
-5.917074183507210483e-01
-5.874639574162653366e-01
-6.173042987701587991e-01
-6.443126323918163534e-01
-6.823762636980871266e-01
-7.591087134324246977e-01
-8.570626997132061442e-01
-8.952961776412834416e-01
-9.173469290657320085e-01
-9.244944663091181347e-01
-8.917810295160685241e-01
-8.705960314004349554e-01
-8.409154538183041261e-01
-8.670841321670843538e-01
-8.864266449457561814e-01
-8.996241774670904467e-01
-8.914247466038617285e-01
-8.533266110984640829e-01
-7.590267436263528067e-01
-7.483596252161434093e-01
-7.443947553628371683e-01
-7.293439264441103909e-01
-6.030268066040460617e-01
-5.479392322511711377e-01
7.234399542123010063e-02
9.906201021449037580e-02
1.653911246826338111e-01
2.072954250023693601e-01
2.901423485288550097e-01
4.168404775373073523e-01
7.242882974461319900e-01
9.773215143172723218e-01
1.078515048702365808e+00
1.036552593678942369e+00
1.031703908669660663e+00
1.032168789055536440e+00
1.005792392272023772e+00
9.417806354093035681e-01
8.862272222422898915e-01
8.296699710293435892e-01
7.683405704154628868e-01
7.375734167687407750e-01
7.500145054144187196e-01
7.738491210467736137e-01
7.680718060809719194e-01
7.499710513393269551e-01
8.048265299700811948e-01
8.828316047712487791e-01
8.954803130670813127e-01
8.023385768419931674e-01
6.618880637856510152e-01
5.487146869345712608e-01
4.805477151067003572e-01
4.769110609166925530e-01
-3.540872297988655049e-02
-4.284166972695760411e-02
-4.707876040564441811e-02
-3.489721901951897687e-02
-3.501185651349834893e-02
-3.651088496673039058e-02
-6.068892557296150236e-02
-1.443892878881819497e-01
-1.897391396862770085e-01
-2.427019208667100525e-01
-3.352636325619804958e-01
-3.527234511785500848e-01
-3.213373741736897382e-01
-3.380711016711722694e-01
-3.564729817460070560e-01
-3.671171988189765312e-01
-3.385999377556885293e-01
-3.288716175508021311e-01
-3.345756439761919943e-01
-4.634666738830549582e-01
-5.377521304355846743e-01
-6.241107056737474901e-01
-6.394147220610159055e-01
-6.666404542700611335e-01
-6.164732636354020023e-01
-4.407240091669286097e-01
-1.917502707374356963e-01
4.947053827647215907e-02
2.333239746222131872e-01
3.481157695796544549e-01
1.107394521722866038e-01
1.126690751343815550e-01
1.113252343624980822e-01
8.367782036098703191e-02
1.599655269141832536e-01
2.796540973122082496e-01
3.579964019254412988e-01
3.938135346986247343e-01
3.976812387388141690e-01
3.584194556715188940e-01
2.932105952521011361e-01
2.580243906091451711e-01
2.159337284791013611e-01
9.512664158118615265e-02
-1.731202174729840060e-02
-1.023702317675956042e-01
-1.442115273713638346e-01
-1.373693608615722539e-01
-7.308933151495813907e-02
2.938419924867689825e-02
1.141099232528135915e-01
1.501827113183112905e-01
1.010268509763125599e-01
-4.667930659752791978e-02
-1.783506832282429622e-01
-3.074896431427095456e-01
-3.908277674245185795e-01
-4.910314573270403438e-01
-5.099782282031121161e-01
-4.101169214499430504e-01
-3.574004688279198982e-02
-2.404697243269669771e-02
-8.550403375307508158e-02
-1.690224621271660121e-01
-3.340801963880830061e-01
-5.018460284580421593e-01
-7.243690462540293140e-01
-9.293330330897595637e-01
-1.051480335166311342e+00
-1.091810980265375486e+00
-1.100668431534855385e+00
-1.087503209834680185e+00
-1.007118453043442052e+00
-8.933873035945003593e-01
-7.270360589004356555e-01
-4.946244446571386177e-01
-3.514518155333117844e-01
-2.602796512528733341e-01
-2.228848984342408357e-01
-2.236395180246853465e-01
-2.536181281701548329e-01
-2.233478222386281464e-01
-1.648691167219011044e-01
-6.341315977829056760e-02
2.982832118290675016e-02
1.138459650317122235e-01
2.355242380218884879e-01
3.488519474567485235e-01
5.056906462232977351e-01
6.331263582502929532e-01
5.330208821289034171e-02
1.023961642955011908e-01
1.453224800728476762e-01
2.305190509644432506e-01
3.177130766640069437e-01
3.580790586144378951e-01
3.293936791232124905e-01
2.792487237661378519e-01
2.144223110854207304e-01
1.085929135602919926e-01
5.642412522752238840e-02
4.246004728507394438e-02
2.833719643838697455e-02
-3.659921832083916360e-02
-1.116557170549705297e-01
-2.248272182160246102e-01
-3.247950603125738800e-01
-4.299303445903350229e-01
-4.476360358877676249e-01
-4.262207665202313311e-01
-3.976699324810221703e-01
-4.188854160957126149e-01
-4.603485929843445512e-01
-4.951264871233453380e-01
-5.667666785422580400e-01
-6.765466960573280897e-01
-7.565895518641980733e-01
-9.040882715347815513e-01
-1.094614517204192339e+00
-1.359208746476676666e+00
-2.098319415534021237e-01
-2.856913736425742978e-01
-2.903147161264748588e-01
-2.227555113889403415e-01
-1.265895104742420507e-01
-7.810932910851287048e-02
-9.057824564867605899e-02
-1.832886634059138764e-01
-2.968911978537777663e-01
-4.146391210615389400e-01
-4.816689525583986442e-01
-5.313074139020991238e-01
-5.375462264611684526e-01
-4.657471988393966367e-01
-3.523588221257934472e-01
-1.477298848073397286e-01
5.317572715462315358e-02
1.703311441334203202e-01
3.274941484302730244e-01
4.611559958860136921e-01
5.795331742803010444e-01
6.947451082464572991e-01
7.925411439147382886e-01
9.166692054843353921e-01
1.068575270010255318e+00
1.186755792637037565e+00
1.008113948785868352e+00
5.423247252412337627e-01
3.671067951478484415e-01
5.347865142321135412e-01
3.940067000771060313e-01
6.871220346275001001e-01
8.200452430492536360e-01
9.127139960785012329e-01
8.885480297092477331e-01
6.598216689676410507e-01
3.408730694274385020e-01
1.299231859196431638e-01
2.804368953753570703e-02
7.392566902340440282e-02
1.977833959789281337e-01
2.284786154534850233e-01
1.461038867838612698e-02
-3.246487026536573062e-01
-5.645949547418801506e-01
-6.196388785749973316e-01
-5.477189152100570002e-01
-4.712907654706296467e-01
-4.509798798437060219e-01
-3.961392701239192515e-01
-3.462530590862054058e-01
-3.141272127171165218e-01
-3.191835302399304575e-01
-4.353129474138687782e-01
-5.591158247938891046e-01
-6.858986086644225377e-01
-7.318895209076748953e-01
-6.464559271230714277e-01
-4.695775974028264521e-01
-3.420635801528022490e-01
5.437475730144761266e-02
8.229660008872011212e-02
6.995337526336296852e-02
6.400164426661875128e-02
1.262850739356947416e-01
2.178555104638120743e-01
2.564202997033545040e-01
3.429477682829478180e-01
4.774570258696786418e-01
6.647907884290451541e-01
8.787019152978211567e-01
9.987007825598808175e-01
1.145691836205984471e+00
1.250583949525036598e+00
1.323862772673957577e+00
1.299975052581758828e+00
1.089351904685604611e+00
8.200510007803311074e-01
5.932167720038361569e-01
5.279984251509065585e-01
5.696308308490312111e-01
6.810896167231295095e-01
8.345244783310044046e-01
9.776635647546357832e-01
1.049006864253317461e+00
1.063862202117227929e+00
1.034079491586466615e+00
9.287482757139368106e-01
8.827342109814874105e-01
8.072060118741191115e-01
-2.867894844984231889e-02
-6.809452654960421181e-02
-2.759861923556570368e-02
-3.983927345892712690e-02
-7.130676661365825675e-02
-1.492828259459087065e-02
9.769028725991146800e-02
1.794932059137011593e-01
2.451088403201022170e-01
2.505696522736005072e-01
1.829428794770886491e-01
5.711009522102780678e-02
-1.272374133931173934e-01
-3.055346318152237783e-01
-4.291638748089261490e-01
-4.752627455526966527e-01
-5.513614359735180548e-01
-6.146370777643201944e-01
-6.118342444711110106e-01
-5.816789147933196791e-01
-5.424079760675376560e-01
-4.907463058111068421e-01
-4.778263133752177483e-01
-5.260791160148219348e-01
-6.127530999692111235e-01
-7.413066704926304373e-01
-7.755152657618881173e-01
-7.291344040113003633e-01
-6.459521738720377382e-01
-5.312885608862262243e-01
1.124198879700284426e-01
2.341751804650760160e-01
3.705909985711782206e-01
4.610054563963206786e-01
6.290740878201461772e-01
9.382864035075411113e-01
1.319408303355938505e+00
1.734246033092439188e+00
2.111572094823483070e+00
2.380014081474399301e+00
2.541569940747235190e+00
2.614788717781444838e+00
2.654627294212476674e+00
2.718798095319218788e+00
2.943368125805250646e+00
3.251967371547039409e+00
3.445109373371307182e+00
3.460781635123681976e+00
3.409457914165376025e+00
3.291791372549775385e+00
3.238774977824082857e+00
3.236149353927305850e+00
3.331199124559893754e+00
3.507970703873537044e+00
3.787691492164498630e+00
3.983137381603759852e+00
4.152387152410579318e+00
4.168480281271297549e+00
4.129752831341448882e+00
3.865236402587823417e+00
-2.820591820524387949e-01
-5.399156640023970999e-01
-6.508987772826039242e-01
-7.105766785081590875e-01
-7.346008654901166057e-01
-8.148728512164081783e-01
-8.751700177758539034e-01
-9.093041159167593035e-01
-9.688975568878045452e-01
-1.040418929696763639e+00
-1.189893653506210347e+00
-1.404062572954358545e+00
-1.639708869343150299e+00
-1.824142224322224060e+00
-1.873227182846069372e+00
-1.888705042471398921e+00
-1.917385797653147428e+00
-1.974110177427744750e+00
-2.006597219418352118e+00
-2.013942268185375806e+00
-2.032688819133055436e+00
-2.044485690754454854e+00
-2.102579878681490211e+00
-2.128857527071197353e+00
-2.140032238743174275e+00
-2.181820082141696204e+00
-2.215514916293794379e+00
-2.223011514263477206e+00
-2.180563816315809422e+00
-2.118366042450569253e+00
3.548725515425454891e-02
1.548298332634309715e-01
4.283183349914393978e-01
6.669613998907132357e-01
8.508287861376038208e-01
9.926014039537682798e-01
1.104149065957287457e+00
1.156140341568825392e+00
1.281001209869603086e+00
1.517985827830154344e+00
1.798203791251288486e+00
2.140197541564879735e+00
2.553129876158773737e+00
3.116978386708124216e+00
3.596601324029155666e+00
3.821089262634522310e+00
3.714946622968001488e+00
3.405675398187935521e+00
2.973760019873990856e+00
2.645819879399672558e+00
2.454098120423919394e+00
2.430963321782367181e+00
2.525817403143991502e+00
2.647171038480565564e+00
2.744277615052954200e+00
2.800998905297642949e+00
2.801480916872503446e+00
2.707561411283211150e+00
2.605612230502337034e+00
2.517437782375354427e+00
-7.796922962337173024e-02
-2.634439126892690330e-01
-3.908977409594530106e-01
-4.951313572238340011e-01
-6.049673634025812818e-01
-7.315812253490533434e-01
-8.065919309451277108e-01
-8.177281274614903728e-01
-8.395894771793858125e-01
-9.885211651004512934e-01
-1.218324606376092412e+00
-1.312178519198968552e+00
-1.348385935451122508e+00
-1.349936628884626622e+00
-1.360199085346058601e+00
-1.366206945059424527e+00
-1.328325061576852040e+00
-1.242285528593627397e+00
-1.233461229044959140e+00
-1.275630971150965909e+00
-1.277719369807745586e+00
-1.253902107468179095e+00
-1.221376144686771248e+00
-1.170316348239441639e+00
-1.128255574421737961e+00
-1.121146373056517653e+00
-1.075696228770028906e+00
-9.561444989726406440e-01
-8.131628774317436470e-01
-6.270873442639381956e-01
2.140018578737558907e-01
3.985275700684366429e-01
5.470103551221725535e-01
6.292855224844107198e-01
7.441267637275089664e-01
8.313184163053648490e-01
9.056974047051099541e-01
9.726852324431833896e-01
1.041835128468132865e+00
1.131690164181448077e+00
1.182419797382972204e+00
1.191560871376903252e+00
1.255027584680457275e+00
1.263722045056194343e+00
1.246732327340574153e+00
1.278954849623112899e+00
1.298945073728263067e+00
1.260041318749524075e+00
1.208252161691547810e+00
1.183910620907228317e+00
1.180055554961265685e+00
1.163118375072942801e+00
1.141769831463414819e+00
1.151241322254880961e+00
1.134888347819855259e+00
1.076311988111172679e+00
1.018300192192939546e+00
9.662221150700233130e-01
9.160033470506526720e-01
8.333529668204994190e-01
-1.543417836099425233e-01
-3.413431043927062647e-01
-5.317691997057967246e-01
-7.440728187451652875e-01
-9.786051207001605912e-01
-1.127151157930156744e+00
-1.128267922029731363e+00
-1.068241943638028379e+00
-1.102606893322963577e+00
-1.083830419667309419e+00
-1.150618805065400041e+00
-1.279520958952644838e+00
-1.354331169694876991e+00
-1.401312134099875095e+00
-1.463890822287989835e+00
-1.572505134983626318e+00
-1.691295093924257253e+00
-1.731819429557468037e+00
-1.733581850137467351e+00
-1.676077858498228546e+00
-1.558413311461298356e+00
-1.366059925992610280e+00
-1.137810057440796330e+00
-9.422799842581883745e-01
-8.001551917032466710e-01
-7.213882438219074711e-01
-7.222239731484157987e-01
-7.092586115525584267e-01
-6.885905789020487777e-01
-5.910897411281238467e-01
1.036578575359737436e-01
2.648572703650196591e-01
4.404762985999243208e-01
4.605137748561192734e-01
4.699654889440839090e-01
5.933902573112505019e-01
7.275144281274460445e-01
7.723897178030676436e-01
6.821229458376349974e-01
6.246332914187476826e-01
6.527360588162531840e-01
6.970908697771365237e-01
7.441528564910256938e-01
8.219220392950130627e-01
8.924873934936826680e-01
9.430375887908357679e-01
9.556411452319627520e-01
9.307479474525447438e-01
8.308460126337630092e-01
7.344013805362124003e-01
6.363221443694025981e-01
5.787059054608609809e-01
5.092620075004852254e-01
3.452212227517157950e-01
1.462175850340569072e-01
-2.556271184982158995e-02
-1.552689517748231107e-01
-2.049973744974963319e-01
-1.703557263045801240e-01
-1.504321066266635643e-01
-1.026673370138150299e-01
-2.605139593533851716e-01
-4.470228356203852504e-01
-6.009063586405172241e-01
-7.230064692964236484e-01
-8.425708380474518089e-01
-8.631120557044892339e-01
-8.082307680102753800e-01
-7.470269651227917640e-01
-6.704423487253899916e-01
-6.547729559198837146e-01
-7.038732950597986759e-01
-7.973774211482388408e-01
-9.008598709737709598e-01
-9.530863792271933033e-01
-9.564169170385724561e-01
-9.552385186364320546e-01
-8.961841450574377088e-01
-7.884607902010255520e-01
-7.377253136268009381e-01
-6.389151568279011206e-01
-4.935743595871370237e-01
-3.046388022917210225e-01
-7.127296956405709816e-02
2.080469453317452255e-01
3.603396723853665717e-01
5.158832714460636071e-01
5.989125212292397693e-01
7.150844298276810562e-01
7.883565529500519142e-01
5.460677027513757137e-02
3.761158125229507876e-02
5.536362946011950253e-02
1.894780675466435915e-01
3.671541038083531716e-01
5.302152618317963473e-01
6.250175063862650759e-01
6.882373842909830230e-01
6.583711098577190723e-01
5.900961837184435232e-01
5.220287196175212863e-01
5.490785091321850331e-01
5.927508718483631700e-01
6.017023010418488527e-01
5.436305766899828251e-01
5.635539441488700563e-01
6.311136346918644335e-01
5.939324936564595037e-01
5.539920312150871107e-01
5.249204543889481878e-01
5.227952339380756985e-01
4.268043769364489037e-01
4.225604985212556564e-01
4.028615951351695590e-01
3.136476509495069176e-01
4.711784442817879004e-02
-3.051860023510798436e-01
-4.868199750827649774e-01
-5.294011101265791996e-01
-5.466404887980433891e-01
-6.859499756962421368e-02
-1.649684436310075164e-01
-2.746362235514814842e-01
-3.588516136531073597e-01
-3.887085325274418079e-01
-4.116710485598468749e-01
-3.783039901069543132e-01
-4.014693792877491729e-01
-3.928007782951455917e-01
-3.373924149969471653e-01
-3.764622752089553659e-01
-4.685664072656824386e-01
-5.269978786420580485e-01
-5.450892008263250599e-01
-5.220934683213062089e-01
-5.067704279742243356e-01
-4.789044076419887719e-01
-4.368918793738666428e-01
-4.155151553908220108e-01
-3.628707424740249543e-01
-2.425340769935231122e-01
-7.194220650680213658e-02
1.094040816266914073e-01
2.293959888859615492e-01
3.952401246824875369e-01
4.397354770061807638e-01
4.610952417833934502e-01
5.140725493024251858e-01
6.479399597990670445e-01
8.446429346231800750e-01
1.721716976496488749e-01
3.404978843982459646e-01
6.005472080443186034e-01
8.319854535498967252e-01
8.388544774580822816e-01
7.730120183144819634e-01
8.142640529456253162e-01
9.322083932693714381e-01
9.862296949824710390e-01
1.008613641019532547e+00
1.042557025660201475e+00
1.123257209226717013e+00
1.140154343010850502e+00
1.058976463014110969e+00
9.010150024428786875e-01
7.411162627171340445e-01
6.079372565199162581e-01
4.507483253613999152e-01
3.678518269897239623e-01
2.178585586166580657e-01
7.378525459220203198e-02
-1.289157401952412962e-01
-3.447696182755255467e-01
-5.403570443870315820e-01
-7.227527547070642377e-01
-8.513731357803111521e-01
-1.008594389440549355e+00
-1.190401862580416248e+00
-1.273083230279777656e+00
-1.227567369644506634e+00
1.257518865738824487e-01
2.673364015819383877e-01
3.355526039480403178e-01
3.844175469502118525e-01
4.273641679555087447e-01
5.002334660979048664e-01
5.525142696273763754e-01
6.414052410124582160e-01
7.456878138478526541e-01
8.988945678559288055e-01
1.092847450393777953e+00
1.257231029129552091e+00
1.435690581926821308e+00
1.523173933616501330e+00
1.430499877226654171e+00
1.282715967545382085e+00
1.224430669272109196e+00
1.385893948511436324e+00
1.768348209771434476e+00
2.214073649109147723e+00
2.595148369394255639e+00
2.919019598025838658e+00
2.974542860080374052e+00
2.965292883844742988e+00
2.890665786559676320e+00
2.856600584750572658e+00
2.797013773398081771e+00
2.655611690711850770e+00
2.507456016255666942e+00
2.484014284151464302e+00
4.472583780127915160e-02
8.651524281633130031e-02
1.808745069759003510e-01
2.290295963704860327e-01
2.827427442859594131e-01
4.195237770205249017e-01
5.084552656978957863e-01
6.092893923540574352e-01
5.485123101900238884e-01
3.181410573953670218e-01
5.591127232210879594e-02
-2.536981914832975860e-01
-4.184277819530100029e-01
-4.708902604724886087e-01
-3.068852755392631471e-01
-8.659304776686488347e-02
-8.285615846773208837e-02
-2.438999583828295736e-01
-3.554414427296604950e-01
-4.899991185891557355e-01
-7.011875162175056353e-01
-9.999340267448240116e-01
-1.167031989110810297e+00
-1.215414300320075469e+00
-1.216675700755643241e+00
-1.104942092283250688e+00
-9.697210269047512599e-01
-8.353152541159694078e-01
-7.183816263093136811e-01
-6.588097545932207755e-01
-1.690904605696033972e-02
-9.366310098450575383e-02
-1.854275628906995044e-01
-2.163633290255170538e-01
-1.760676086467387602e-01
-4.489893623148438762e-02
1.605155206761893494e-01
2.823543815480280550e-01
4.837592855088305166e-01
7.889479900346549890e-01
1.127905467550071705e+00
1.457548517328779436e+00
1.760705430379207126e+00
1.892184947518668059e+00
1.926136640883236772e+00
1.916028592728076907e+00
1.937745394331958693e+00
1.995022080545239662e+00
2.084727277688521951e+00
2.223590679493020250e+00
2.365884198819013129e+00
2.530577451110630260e+00
2.563311271368074351e+00
2.462911645586792542e+00
2.429465465662912660e+00
2.449314286080917835e+00
2.478011470518672876e+00
2.491620671526497244e+00
2.547395812810818061e+00
2.626055701830015021e+00
1.417850158947675521e-01
7.580989965184695145e-02
-9.357325332886640146e-02
-2.278472720371135518e-01
-2.689868962676195130e-01
-3.186307505074721380e-01
-4.563442510850568290e-01
-6.405753016414488243e-01
-8.210807453021060631e-01
-9.686639784857039581e-01
-1.093135933486006683e+00
-1.115961627684526780e+00
-1.083198509447677260e+00
-1.123154459839208252e+00
-1.225403183777905136e+00
-1.368454420428229623e+00
-1.509933649854910076e+00
-1.598792552105686937e+00
-1.792807852544763492e+00
-2.012888288504227852e+00
-2.229403332040901908e+00
-2.456874247977828496e+00
-2.618955663236075537e+00
-2.737532634106158991e+00
-2.772878687151147048e+00
-2.800766639252272761e+00
-2.863210595331568520e+00
-2.831838802104938324e+00
-2.657431912029005527e+00
-2.546844917445998391e+00
-8.070563176856761223e-02
-2.506382625013340304e-01
-3.351285788723305514e-01
-3.486359458211934492e-01
-3.651185176977188585e-01
-3.744424473269065134e-01
-3.629035409770989817e-01
-1.620070862616524998e-01
1.925737641542416556e-01
7.386323392379556818e-01
1.349273023768664759e+00
1.664136463971567226e+00
1.669472352161864181e+00
1.508635537354948264e+00
1.256478382410173289e+00
1.123383967906620429e+00
1.179906337349306611e+00
1.317727600436100932e+00
1.454162537704318137e+00
1.675091299359809049e+00
1.995746912248573590e+00
2.226130255847035055e+00
2.303737094055104961e+00
2.252017261896772649e+00
2.121968273354497558e+00
1.980789009007198009e+00
1.889455420975110211e+00
1.794233400009974444e+00
1.684998432806869229e+00
1.513685336382409208e+00
-1.953239332061500189e-02
1.227182972986844561e-01
4.008039915043589696e-01
5.972811853115738145e-01
6.824498067255194700e-01
6.436588628681799706e-01
5.679692314818686194e-01
5.029760622814237747e-01
3.347177638351119811e-01
5.109534685354294448e-02
-2.519506179553896996e-01
-4.964198937691997604e-01
-7.356516196727721502e-01
-7.992623925059699763e-01
-8.935002803226085311e-01
-9.907432111405128916e-01
-1.098821873307858743e+00
-1.200006381933467647e+00
-1.262558792496100590e+00
-1.307514439052500421e+00
-1.332743776761981858e+00
-1.308570620186145117e+00
-1.277014333988038430e+00
-1.266065756972166279e+00
-1.254419799220490628e+00
-1.268410993003616483e+00
-1.287674114285553006e+00
-1.303318791336790072e+00
-1.283927541126713923e+00
-1.275148218699673430e+00
4.397195573856458456e-03
-3.310133821252210506e-02
-7.613305723853522333e-02
-9.706365053034196611e-02
-9.407041903075144540e-02
-2.346562521094167075e-02
3.155990769667683937e-02
1.523279992087548107e-01
2.811178449291127368e-01
4.100117368315026045e-01
5.358114477331367143e-01
6.733795877897285065e-01
7.836919069334196131e-01
8.423837813819312625e-01
9.764067285998816459e-01
1.168013793685265922e+00
1.327885779999858462e+00
1.365780544284732834e+00
1.402848671852877871e+00
1.480163053652104654e+00
1.613440046659883720e+00
1.688250191698050129e+00
1.799172600099297359e+00
1.851956987124598442e+00
1.894494508596945792e+00
1.857999679225659895e+00
1.962910716008546164e+00
2.204944940907417994e+00
2.407601809778273871e+00
2.544641062053770497e+00
8.729237312097419543e-02
-3.422098146613622438e-03
-1.687533234461937315e-01
-2.253886722409109145e-01
-3.005705869264049257e-01
-4.478220294897067855e-01
-6.404285613718274650e-01
-7.222842254572341414e-01
-6.919865586938764856e-01
-6.156688496979958458e-01
-5.805767792423945917e-01
-5.437221540635086559e-01
-5.257415326312823156e-01
-6.934260140876233880e-01
-1.031741691957430707e+00
-1.463925961970641065e+00
-1.789838209060249152e+00
-1.999735189187703766e+00
-2.073630469992801206e+00
-2.115326249178671070e+00
-2.179780306705982884e+00
-2.252552420829065483e+00
-2.286113955641556839e+00
-2.375303178459956310e+00
-2.542134645842907048e+00
-2.687936118673434294e+00
-2.753268604928455598e+00
-2.761574569163934179e+00
-2.400913351022776698e+00
-1.983187154937107177e+00
8.990881245992453016e-03
-3.277421709865485644e-01
-5.058696104776021496e-01
-3.696452643587789799e-01
-5.123712145799463880e-02
2.026304866825940354e-01
3.084694272050099717e-01
4.117694998443481857e-01
5.305960222998162834e-01
6.049068561634474150e-01
6.281700029637252713e-01
6.365298402882310080e-01
7.138113745021672507e-01
8.526742275902898793e-01
1.100282115425333274e+00
1.358173494937179759e+00
1.529773631555111146e+00
1.616501464573935065e+00
1.681383062911877779e+00
1.794044341371804574e+00
1.931984434293589681e+00
2.067232914212575601e+00
2.207847871808214180e+00
2.321159837916739299e+00
2.477586846486977468e+00
2.591000565985477344e+00
2.670307175162184521e+00
2.669801451743723852e+00
2.544741718369028405e+00
2.303567149897081556e+00
-2.605145695584735188e-01
-4.775916729207378975e-01
-7.692080034900251606e-01
-1.090503354070011532e+00
-1.277964367943739354e+00
-1.298293734577583791e+00
-1.282871875448867938e+00
-1.270806914667142129e+00
-1.345227293019534365e+00
-1.573320291603408583e+00
-1.856800186235727290e+00
-2.133602375551689967e+00
-2.454775963881654199e+00
-2.766864785351376366e+00
-3.082559194764264987e+00
-3.349406490743165765e+00
-3.475213350245584643e+00
-3.582667218890982497e+00
-3.592531170559750020e+00
-3.530675445640056864e+00
-3.419975738358945527e+00
-3.310520126373296179e+00
-3.314236187401698785e+00
-3.375673723212579524e+00
-3.420774411029190443e+00
-3.482154774428825039e+00
-3.542455568637691954e+00
-3.568072112461213141e+00
-3.534825570094783043e+00
-3.350497841751559847e+00
2.395481278159747873e-01
4.156963957774146290e-01
4.895786070325292005e-01
5.374396074137389734e-01
5.392718671348786241e-01
5.120397596604185919e-01
4.619857574065492911e-01
4.377483177840837958e-01
5.164879115728109316e-01
6.753519135658613282e-01
9.970898535091952120e-01
1.348017599947243461e+00
1.635175020136903523e+00
1.779966457319129169e+00
1.805324701171189927e+00
1.786168902509641665e+00
1.746862670596568190e+00
1.707829811738709180e+00
1.672277537986137652e+00
1.685550231930097675e+00
1.702923660682006179e+00
1.853444310378505211e+00
1.954749835404106184e+00
2.030905531617836157e+00
2.056513181117514577e+00
1.994982976843164835e+00
1.931915943704866523e+00
1.871300018303771129e+00
1.809517367802667920e+00
1.754002421256309674e+00
-1.296699005616980538e-01
-2.454437429601781240e-01
-3.290029150810297454e-01
-4.007565727335764549e-01
-4.153196163620976322e-01
-4.274211126588191023e-01
-4.360429382295348266e-01
-5.192139666557792355e-01
-6.011922954758132098e-01
-7.110773615410816983e-01
-9.253872677590722073e-01
-1.153618330972805639e+00
-1.375619238046103643e+00
-1.560703868723238408e+00
-1.602764446677240162e+00
-1.618708077018830904e+00
-1.621018940116949913e+00
-1.614771031973009086e+00
-1.461515549427687244e+00
-1.310577488519491185e+00
-1.360418252147975959e+00
-1.465250046288612884e+00
-1.563231024647883549e+00
-1.699722037660420959e+00
-1.820074601473377518e+00
-1.906279762954070423e+00
-1.916814347900498650e+00
-1.899119895907763755e+00
-1.820701738325321895e+00
-1.737974538261501500e+00
1.359531216964223466e-01
2.528024222513093333e-01
2.865249997860629394e-01
3.283747583971641237e-01
4.022793829558435896e-01
5.116242754577662311e-01
5.605192411237711614e-01
6.282838934661959529e-01
8.012479560511541754e-01
1.069859918450451808e+00
1.289883456366475611e+00
1.369808347362880152e+00
1.331369573880883284e+00
1.332456784960290408e+00
1.446180432689283535e+00
1.558213835753480048e+00
1.658300432133834823e+00
1.686207594560186207e+00
1.702260533176985779e+00
1.667898425221721048e+00
1.593110005928400685e+00
1.517539729900724055e+00
1.443435816609852651e+00
1.382031456671322767e+00
1.362545884657212936e+00
1.336545302593178164e+00
1.348160331682932700e+00
1.446751280494760428e+00
1.479690518145772460e+00
1.468307045793469268e+00
-1.052159202210928429e-01
-1.965634708952788690e-01
-3.295383873064928748e-01
-4.863593341265177172e-01
-6.284077322369010510e-01
-7.694414789503740693e-01
-8.663834449145974004e-01
-9.036152467161656654e-01
-9.378471310309347553e-01
-1.058612205335477174e+00
-1.161027386384454241e+00
-1.241068843920067222e+00
-1.340492792408782829e+00
-1.518919086396486540e+00
-1.677033017164580642e+00
-1.797502705784437493e+00
-1.866240632444271741e+00
-1.920030935232348357e+00
-1.974216439305058524e+00
-2.051210546789570710e+00
-2.101313277473070951e+00
-2.097012685484088479e+00
-2.046727079559249152e+00
-1.980284767570317461e+00
-1.986462051167193543e+00
-1.986993450503331315e+00
-1.969416829965033866e+00
-1.932138816420256644e+00
-1.839175647567800054e+00
-1.736123562800231390e+00
1.273375192274823486e-01
3.012380040303201389e-01
5.693329980661712142e-01
7.129958656169772535e-01
7.771224344111267168e-01
8.593306745516215983e-01
9.003235994382928764e-01
9.045719240086185220e-01
7.677336099815652570e-01
5.699475221798238067e-01
4.416165714998924186e-01
4.804080070006059855e-01
6.807653089607335062e-01
8.555257622687710839e-01
1.055190503513336653e+00
1.232452386620661589e+00
1.277984815628987025e+00
1.217911436566388783e+00
1.100201779371337452e+00
1.043254798973973996e+00
9.460371723047698023e-01
8.904426162092947683e-01
9.819495676955699581e-01
1.272057413215696542e+00
1.529687629675016147e+00
1.665433339709000427e+00
1.656734965301116524e+00
1.634641324690726982e+00
1.597851487545552507e+00
1.510394170516549339e+00
-2.076879336753543748e-01
-3.857423455953594704e-01
-5.275950324206469810e-01
-6.624533793431161000e-01
-8.135639267034996402e-01
-9.656572242616298096e-01
-1.170856941566318810e+00
-1.351570546859197641e+00
-1.439356386492967044e+00
-1.514219591497480977e+00
-1.536045061909379950e+00
-1.539973505324419234e+00
-1.523432002109600614e+00
-1.534288757246782708e+00
-1.640436324371596477e+00
-1.829521561689974707e+00
-2.023217567260540584e+00
-2.121081201768664659e+00
-2.208025509809110609e+00
-2.319623328569819343e+00
-2.315713734293384007e+00
-2.252584117654023554e+00
-2.267808352685886319e+00
-2.297651040523836841e+00
-2.317159026649381115e+00
-2.393150601321693216e+00
-2.522836546873611141e+00
-2.635449389533677689e+00
-2.717224200501323850e+00
-2.748888370650406809e+00
1.563839283990303697e-02
1.025253623494301325e-01
2.767184962951506622e-01
4.543986851979580632e-01
6.451250555421819133e-01
7.956534977217438742e-01
8.891015065445642129e-01
9.636335494637684462e-01
1.075075969819735189e+00
1.294267562826571183e+00
1.605803740395387758e+00
1.860422187580752951e+00
2.024559619719913162e+00
2.242127500535465057e+00
2.407092196493455738e+00
2.503308526885059671e+00
2.636592824667782331e+00
2.769744596751964494e+00
2.919897636670127916e+00
2.996361798894716433e+00
3.027622655942735719e+00
3.062198631926098091e+00
3.108513869371120730e+00
3.206181929667573094e+00
3.325374206782727882e+00
3.434825282503169763e+00
3.532092330850164164e+00
3.569358831967879286e+00
3.495204354161196125e+00
3.304707917399090977e+00
-2.627759906477792895e-01
-4.366042504400288182e-01
-5.830854661781954551e-01
-6.963005489907744261e-01
-7.640595709949248304e-01
-8.616003870192298075e-01
-9.889329139241453959e-01
-1.099166864356798223e+00
-1.163465529618875172e+00
-1.258663750913482149e+00
-1.411276848661579875e+00
-1.565401077024036969e+00
-1.699384031969508380e+00
-1.823716675080683913e+00
-1.911119206811525473e+00
-1.979630293221577464e+00
-2.008278834190383222e+00
-1.989838796997350334e+00
-1.911286166838618295e+00
-1.821748934118331054e+00
-1.807594002419817381e+00
-1.871219618557381503e+00
-1.970399928465042416e+00
-2.069398001926016750e+00
-2.115243719181599591e+00
-2.151268112705870372e+00
-2.183648305211420837e+00
-2.178761705633476264e+00
-2.107424929551009463e+00
-2.019790130441340370e+00
2.671010933015250874e-02
1.212525392715696204e-01
2.986875405762202673e-01
4.778476388760041216e-01
7.282491447285466268e-01
8.984274916344037187e-01
9.882018755383996655e-01
9.577233270666952736e-01
8.799246915981000505e-01
8.479148787022883216e-01
1.041735841249133099e+00
1.459040773685653880e+00
1.926825978748354373e+00
2.127209282711312710e+00
2.054470502869346404e+00
1.966162998655216265e+00
1.988638160607787642e+00
2.052133305545344122e+00
2.038689247575657060e+00
1.975196321693297952e+00
1.991755327923914187e+00
2.037361835524882814e+00
2.074154126899619754e+00
2.067218164580815198e+00
2.135797082247942846e+00
2.197831570126269618e+00
2.131970773799323648e+00
2.076637786938722918e+00
2.059152459015404002e+00
2.020545594777040321e+00
-7.460188536552306293e-02
-1.955900408984881378e-01
-2.972785955890135945e-01
-4.182754560907662733e-01
-5.095765857906549012e-01
-7.175283377127440465e-01
-1.251263932497851616e+00
-1.792772181274185472e+00
-1.918132802272414006e+00
-1.689726032743122941e+00
-1.326289157306766109e+00
-1.111228321595630453e+00
-1.126576533026451443e+00
-1.150831195021633668e+00
-1.231605990629727865e+00
-1.306673754444455104e+00
-1.491096051910537179e+00
-1.609657113787612115e+00
-1.631265787723474414e+00
