-1.773942836168471496e-02
-5.584036197464796458e-02
-7.950550183474423827e-02
-1.756367704673089114e-01
-2.507284787242348156e-01
-2.713319895971351148e-01
-2.710155271626550344e-01
-2.457932258458182528e-01
-2.331883306053961491e-01
-1.166101028041771209e-01
-5.217901479399364439e-03
7.609805553186640981e-02
1.821201108615746744e-01
2.289376332602390263e-01
2.024400129814212246e-01
5.573268210235479692e-02
-1.209053154706236644e-01
-1.783573027240348274e-01
-1.181237206324981526e-01
5.679626093769499229e-02
3.519086307667130820e-01
5.621732673435200223e-01
7.977516526874899316e-01
9.271374466529127556e-01
9.739139562954455265e-01
9.177712544467557798e-01
7.619271969384890930e-01
5.918268485338764595e-01
4.726842121948597875e-01
6.284378663762509032e-02
2.428875239915077033e-01
4.439969023821576100e-01
5.262968143195181359e-01
5.485866699250325773e-01
5.519004251051010668e-01
5.174543648093355985e-01
4.460251698735647752e-01
3.671117661748746763e-01
3.099583630005500745e-01
2.807522201881949009e-01
2.760531118962475383e-01
2.942056329661271730e-01
3.871652871091714188e-01
4.477061026509467356e-01
4.442344158596937542e-01
4.603202017926674161e-01
4.664970746287090408e-01
4.801133760370433490e-01
4.484241148230134200e-01
2.795457205844421589e-01
1.639629441195332715e-01
1.086987438119387805e-01
4.724118460294461641e-02
3.066852095607253137e-03
2.146778508864391130e-02
7.610006830255150456e-02
3.617194236363446835e-03
-6.725513838565498614e-02
-1.087710110917485262e-01
-8.404370113799911057e-02
-2.609675177209976882e-01
-3.686958517134659719e-01
-3.972895838931737589e-01
-3.867105501783551502e-01
-2.959855864241923706e-01
-2.273715683626464645e-01
-1.796758251215048452e-01
-1.479213566168247340e-01
-8.517086828584152780e-03
1.079926081871277338e-01
2.053076308089442081e-01
2.597976480497449780e-01
2.402609375192298335e-01
2.224191130287644369e-01
2.488151015043821301e-01
3.828555902146427714e-01
5.093397432115462919e-01
6.778598673728951640e-01
8.180366770012177380e-01
9.662122960020856910e-01
1.063122170775598896e+00
1.128079393424208821e+00
1.210153787527634917e+00
1.335820026846624486e+00
1.536495434210312983e+00
1.831146948631748872e+00
2.027363467721932988e+00
2.199532517635126805e+00
2.224151070048337786e+00
-2.913879642287065322e-02
-3.361119585470801613e-02
-7.456932972931387682e-02
-9.936507710439235197e-02
-1.143982227377778466e-01
-4.462244939733436833e-02
6.751060476627629425e-02
7.742558157444277833e-02
4.633331929823886197e-02
2.871219114534592082e-02
3.991089590318115665e-02
-3.834128269828501745e-02
-1.344861572646324777e-01
-3.108557293172390379e-01
-4.345541959021454459e-01
-5.459651123361457525e-01
-6.564775896621501960e-01
-7.352407756102136149e-01
-7.683260213103454417e-01
-7.997630229857415340e-01
-8.281404985766854798e-01
-8.119602398055657533e-01
-8.949204799863771376e-01
-1.204736774112455500e+00
-1.616666177262241266e+00
-1.812295146680588998e+00
-1.866496095505309150e+00
-1.766541177719928024e+00
-1.636859013853060763e+00
-1.500936509425944365e+00
-1.934626197158975181e-03
-1.382398352132018123e-02
2.533395546088920702e-02
7.430892655421827975e-02
-5.066782709847203470e-02
-2.413794895802278684e-01
-4.129387709226801650e-01
-5.358159955274163222e-01
-6.080169024731789662e-01
-6.350174121640288494e-01
-5.542134190569771857e-01
-3.734779437013651116e-01
-3.416360197035262503e-01
-3.489884625855836919e-01
-2.775138065926870401e-01
-1.666412042324370846e-01
3.878219949226699437e-02
2.729449944782039728e-01
5.593536466513182592e-01
9.353159280681706544e-01
1.498930224357849283e+00
2.084481916606313767e+00
2.428955377128116044e+00
2.515890541237511435e+00
2.539055114063844876e+00
2.603725254368627340e+00
2.504179257176030404e+00
2.448511599087076718e+00
2.449398652710438107e+00
2.541125550246434717e+00
7.837185963327444882e-02
1.540020085543763462e-01
2.748570428198229831e-01
3.699880995917560478e-01
2.709669510940604376e-01
2.029160273538841708e-01
1.607995365453325221e-01
9.337317260979433042e-02
3.577821888765092551e-02
5.509147003101011464e-02
4.642038510296362525e-02
8.180439649702331284e-03
9.776098645905650572e-03
2.332533210473936372e-03
1.307549094338438141e-02
1.281950098896381118e-02
-2.581947118499509225e-02
-4.210084155319595428e-02
-1.950339370358307456e-02
-3.164492767047404759e-02
-1.011541366976967948e-01
-2.360518537360579150e-01
-3.793107666504822451e-01
-4.907665814843374941e-01
-5.984464497113111126e-01
-6.693813515149878990e-01
-7.413310337850187448e-01
-7.997477261600202114e-01
-8.918119504146124754e-01
-9.832947215463749835e-01
-4.508681179163204905e-02
-6.131803445503785505e-02
-1.323285749343821316e-01
-2.308770597998225649e-01
-2.863870742760998289e-01
-3.576946846657744206e-01
-4.351544942821025108e-01
-5.075326171892360350e-01
-5.329140088039681089e-01
-4.534417009264675169e-01
-2.882870590419974732e-01
-2.575976992054823667e-02
1.459710850787024339e-01
1.553425328404475503e-01
1.300573940863786748e-01
1.984671686149892533e-01
3.300442221238873430e-01
3.406609118799439617e-01
2.890178994348849839e-01
2.826715894059169676e-01
2.942134292705257392e-01
2.314663572511931333e-01
1.592488266145403175e-01
1.590335637175893102e-01
2.876456911726569254e-01
3.384089430303382495e-01
3.625394976392177226e-01
3.683787413082763029e-01
3.151092862411187245e-01
2.340096827443138849e-01
-3.445961202337700230e-02
-8.979438921559668163e-02
-8.572715284460703800e-02
8.140685539594462450e-02
2.289681517179577019e-01
2.612197762039074056e-01
2.426030184184955196e-01
2.377895006354958374e-01
1.468525925367255014e-01
-1.537984666242572795e-02
-2.264767991727157370e-01
-3.329488016977789622e-01
-4.927809096232438346e-01
-5.694914783823932236e-01
-5.575261789547302227e-01
-5.516735650449730022e-01
-5.518653692454881243e-01
-5.559309280818743870e-01
-5.786246145962419263e-01
-6.109870781609261225e-01
-6.586160885498335560e-01
-6.993245164236047140e-01
-7.629000678215777098e-01
-9.201100589466308932e-01
-9.751569511732468554e-01
-8.363974193339132057e-01
-6.814443235137283006e-01
-6.600464469769046216e-01
-6.765804980287829506e-01
-7.015726254634809811e-01
-5.695946508231425343e-02
-1.894776127428153545e-01
-2.544404987884928970e-01
-2.490449161284350177e-01
-2.941097770286825730e-01
-3.809296855116549030e-01
-2.671886619011196728e-01
-6.315644031044703732e-02
2.013430419689514195e-01
4.365237275109060677e-01
7.476804296543645423e-01
1.074439839833729815e+00
1.452473684925334352e+00
1.740008218114281080e+00
2.035485001261791549e+00
2.235475515652369349e+00
2.288252173350592056e+00
2.072029143702891485e+00
1.841555377765256241e+00
1.758287814731228638e+00
1.763096023595115858e+00
1.815138693622071697e+00
1.936299289753895980e+00
2.110356008622634949e+00
2.286304812686454468e+00
2.389655781949795887e+00
2.521881023820005119e+00
2.685421856595686219e+00
2.744415160215350813e+00
2.701082278968824468e+00
-1.992949321030673127e-01
-4.050402061406910281e-01
-5.249618653914381872e-01
-6.635625004028684604e-01
-8.526615092172118437e-01
-1.041250227005096285e+00
-1.208376161339964616e+00
-1.391771007157495799e+00
-1.597173392881837684e+00
-1.747500738727693737e+00
-1.984135128867231312e+00
-2.142717172679967863e+00
-2.201273854506422545e+00
-2.262878130485372008e+00
-2.308643293105403949e+00
-2.378126720760858959e+00
-2.351306034521793542e+00
-2.377380050026115743e+00
-2.557159809886917934e+00
-2.756373985686477290e+00
-2.935143108708262449e+00
-3.126656949315190115e+00
-3.280935615778278525e+00
-3.296498022337793543e+00
-3.294323572161454106e+00
-3.282371599173523169e+00
-3.241159432017735931e+00
-3.233163780889776628e+00
-3.198806076202703519e+00
-2.988979314849136149e+00
2.340086861756312253e-01
3.312802361130445794e-01
4.864607985954069180e-01
7.485139051164286794e-01
9.595607268841219728e-01
1.156289575868823860e+00
1.303214115774661730e+00
1.420452614704712069e+00
1.386645290552861454e+00
1.127598122008135695e+00
9.217457442805345735e-01
9.158097669641763749e-01
1.103345976186540511e+00
1.351472890145106520e+00
1.701139229933780639e+00
2.124184097820972283e+00
2.385044513632927021e+00
2.517204015840949882e+00
2.631876999787484461e+00
2.588274650124450904e+00
2.497625352189994263e+00
2.309444480953163570e+00
2.110466677593116458e+00
2.070139255469658490e+00
2.091283052931845354e+00
2.140232891494628920e+00
2.075796185551957329e+00
2.125329806386470732e+00
2.186715878288961079e+00
2.160336805510696845e+00
-1.251588935124783308e-01
-2.066400933238236037e-01
-3.767685271537606351e-01
-4.695189729412388435e-01
-5.421611732046911492e-01
-5.363592619939652195e-01
-5.399804584064825663e-01
-6.436208833580435718e-01
-8.576478729996268591e-01
-1.206423404690599499e+00
-1.656015595701729293e+00
-2.037881882023383717e+00
-2.295867520416963181e+00
-2.456030496930197593e+00
-2.531446679723719395e+00
-2.495012147925196100e+00
-2.437452645501355875e+00
-2.506277641877747264e+00
-2.590287355159496485e+00
-2.728864534920984575e+00
-2.873723493938723728e+00
-2.997039308017958259e+00
-3.135707219844434679e+00
-3.266460179699941513e+00
-3.359777341343334722e+00
-3.411955831618935342e+00
-3.424258847689094498e+00
-3.442333697388581193e+00
-3.428396218849463661e+00
-3.411410106578245838e+00
-8.208791063987385056e-04
-4.115490641471052091e-02
-5.827350456982303972e-02
-1.001291115646098934e-02
9.509549353488661039e-02
1.506924605285016039e-01
3.301150627186223430e-01
4.887991222577446893e-01
7.444871150220025990e-01
1.090046854142263877e+00
1.409539809921485531e+00
1.570739819272019444e+00
1.796596358834525731e+00
1.980861994401420745e+00
2.014209983571783713e+00
1.879753744441825747e+00
1.792348687764806270e+00
1.787571686487260614e+00
1.717094141382025319e+00
1.641080554466060271e+00
1.555229476087871321e+00
1.457395099475810030e+00
1.424368540057492361e+00
1.416921053251471552e+00
1.476783193478655276e+00
1.501993605329799308e+00
1.501534551041677990e+00
1.441870290324848147e+00
1.339692119551712191e+00
1.078971407360919121e+00
-3.993000077126494518e-01
-7.537538349799923765e-01
-8.801617943108070996e-01
-9.114264527493748380e-01
-7.829433875238922536e-01
-5.591459197156449790e-01
-4.160688262908228130e-01
-4.255922063743867723e-01
-4.841337232648011968e-01
-6.480670528835003052e-01
-1.046855106854947648e+00
-1.506922733615983834e+00
-1.829652440538714453e+00
-1.894779952405030166e+00
-1.849488845796181558e+00
-1.710762477210810761e+00
-1.591213859877352643e+00
-1.617969815669311417e+00
-1.760606806022133375e+00
-2.004305638808342227e+00
-2.155500763020181676e+00
-2.318255641655648791e+00
-2.596243269214133065e+00
-2.938287686719638803e+00
-3.169743617447663642e+00
-3.123206012087491601e+00
-2.795714546104266951e+00
-2.367472399026421925e+00
-2.106421386112130811e+00
-2.136103691004471727e+00
-1.784189395400478384e-01
-2.613896069109624132e-01
-2.333247329034997819e-01
-1.739724775878629948e-01
-3.915174967296791708e-03
2.886228477014357585e-01
6.236092232491455833e-01
9.278733603372365524e-01
1.198805408417694895e+00
1.471835238859490858e+00
1.564813429059485506e+00
1.686983556634306103e+00
1.820945992827321502e+00
1.995842983548351990e+00
2.172164908838619013e+00
2.368796502706502327e+00
2.690781349259397714e+00
2.840116970128078844e+00
2.850649498290570349e+00
2.639546694389037107e+00
2.446990268751398023e+00
2.321572147900271332e+00
2.316834451537252537e+00
2.370562223327287832e+00
2.426432152131993814e+00
2.467632293576996094e+00
2.498309196149276268e+00
2.467487620249710911e+00
2.388677274102874115e+00
2.284541101036777544e+00
-3.232789964835706686e-01
-8.858957886341070065e-01
-1.477815838694286565e+00
-1.744924363101354015e+00
-1.772440133717027688e+00
-1.743466246709751033e+00
-1.783424767357675078e+00
-1.836519828320089642e+00
-1.795012680506109293e+00
-1.907352922275215024e+00
-2.392789794228755262e+00
-2.826326064386272652e+00
-3.159511664712226331e+00
-3.209493619811587539e+00
-3.060565801957648713e+00
-2.901594764738351095e+00
-2.933662139370207367e+00
-3.020621329572465097e+00
-3.322217484580616720e+00
-3.658697119947592391e+00
-4.016073188052490472e+00
-4.323068937516369559e+00
-4.451036337220132033e+00
-4.442014600051143347e+00
-4.273386054071201201e+00
-4.054193703291826267e+00
-3.894144947550427727e+00
-3.899900783117629555e+00
-4.529958254090032277e+00
-5.074766806762226246e+00
-2.064986266818286953e-01
-6.387263771411291757e-02
3.346311858746132684e-01
9.093093782971136685e-01
1.555359754509867631e+00
2.155513197335226838e+00
2.693755831697305592e+00
3.145131328712268193e+00
3.582502180335226605e+00
3.782455470901964212e+00
3.667580834070316431e+00
3.553099664162996163e+00
3.617401143397032115e+00
3.779549256277675351e+00
3.772200445289528137e+00
3.773265481850248459e+00
3.879618309400743925e+00
3.932895661114711228e+00
3.920851665554222265e+00
3.959548517494724251e+00
3.987903419851090980e+00
4.039991410899489210e+00
4.110317969663582538e+00
4.243565480005428547e+00
4.389525414783729040e+00
4.562032886384159269e+00
4.727100827494784774e+00
4.899447442487450566e+00
4.907987301482416242e+00
4.873349685690142152e+00
-7.629783698587314089e-02
-9.502916782380428640e-02
-9.699150644758239292e-02
-1.698228499868364993e-01
-2.180183058235359017e-01
-2.660923720992656727e-01
-4.663384539448205413e-01
-4.983868945761428249e-01
-4.816648027558048661e-01
-4.711234311236912609e-01
-5.964070814933077891e-01
-7.667735459150446520e-01
-1.071472754043631959e+00
-1.455912408536351066e+00
-1.778305418458042020e+00
-1.940355865383554645e+00
-1.921905909360230869e+00
-1.892541644230615550e+00
-1.902812115253286640e+00
-1.927219397805994161e+00
-1.965574501987964462e+00
-2.008679150507141742e+00
-2.116930011290845126e+00
-2.274945158853854288e+00
-2.405676261955911777e+00
-2.495811583649107046e+00
-2.498211243392652214e+00
-2.374389915163146902e+00
-2.137599828317866546e+00
-1.750337599669166577e+00
3.910824409192923956e-01
7.007592570191567560e-01
9.220779166775935343e-01
1.190644791615415254e+00
1.422317962560086801e+00
1.627522476285823583e+00
1.746187880043188922e+00
2.173201901798957003e+00
2.748148568449325868e+00
3.234183276148415498e+00
3.363795467442844078e+00
3.289935515688640066e+00
3.152897869423565425e+00
3.081411326809190943e+00
3.081450837898891404e+00
3.114984479463282607e+00
3.158668153427227843e+00
3.125363854606825864e+00
3.099470724597879201e+00
2.967115764719724602e+00
2.893250368153826191e+00
2.780354320751300623e+00
2.753919670253654139e+00
2.790235755610746438e+00
2.858677562161600072e+00
2.792527604260380603e+00
2.629354116524535545e+00
2.381195390286029667e+00
2.091323846563489575e+00
1.854966345998902755e+00
-2.230186318463130146e-01
-4.630964815030889081e-01
-7.350071417563416309e-01
-9.210284734021538799e-01
-1.129011077968871568e+00
-1.269523461559839861e+00
-1.398144347003296151e+00
-1.572230504167087872e+00
-1.752296062518473363e+00
-2.033557185341056783e+00
-2.384167417438212588e+00
-2.759262320621068021e+00
-3.159361277698242265e+00
-3.456523596403546783e+00
-3.709871270391621678e+00
-3.846276978290818160e+00
-3.868690156955203019e+00
-3.875840915176971269e+00
-3.906087497943449449e+00
-3.915975836611136351e+00
-3.963752153142410695e+00
-3.983212423085422671e+00
-4.024263677296293196e+00
-4.058734656175611910e+00
-4.080309088963247177e+00
-4.053187778735616753e+00
-4.002856784314420047e+00
-3.930375724943605320e+00
-3.825416972482406308e+00
-3.652136069189330314e+00
2.569348204258855017e-01
5.362078350274117611e-01
8.408919007684587665e-01
1.335100757217084544e+00
1.831145837446660707e+00
2.196066736404016506e+00
2.378287715813457659e+00
2.497703249228460098e+00
2.526927195931355286e+00
2.487116920678317911e+00
2.454723694198722050e+00
2.615656061207769056e+00
2.881888636614061472e+00
3.077593539654434274e+00
3.357355026460907332e+00
3.491359770487109770e+00
3.374460348117728437e+00
3.068423918102085590e+00
2.991062031260227183e+00
3.128753062455592371e+00
3.194812456579785298e+00
3.099232389715548930e+00
2.860735787122070661e+00
2.701056044866596118e+00
2.433441454621194655e+00
2.098816375801838330e+00
1.889580668279841280e+00
1.907752049839869679e+00
1.926164502670703937e+00
1.895174006587543092e+00
-4.265328310105487297e-02
-6.912903542638101917e-02
2.337637823201763054e-02
3.875301724527355218e-02
-1.273889360572997287e-01
-3.747685047754968357e-01
-5.433654538114058852e-01
-7.796918775360969223e-01
-1.265763813390731851e+00
-1.762639576785713480e+00
-2.032926837506855655e+00
-1.972290051065941130e+00
-1.895619546155933310e+00
-1.982651091910543562e+00
-2.189796986479268792e+00
-2.329551571904053819e+00
-2.392009652897349792e+00
-2.308993422151322417e+00
-2.233536583893596106e+00
-2.197643535683550642e+00
-2.072235575013308129e+00
-2.002029342886015861e+00
-2.013617180880487023e+00
-2.124108161560950059e+00
-2.251400603224825936e+00
-2.296223227363987096e+00
-2.220196732074457557e+00
-1.912170552888952102e+00
-1.509424640835200337e+00
-1.021242624952106048e+00
5.184493368239154742e-01
9.740288013483135998e-01
1.182246779385660584e+00
1.319555051256484424e+00
1.495124511067237760e+00
1.636284813554577999e+00
1.705792691433815067e+00
1.884284500883589120e+00
2.168721851086711006e+00
2.460054626782326892e+00
2.607515521922127544e+00
2.346215710063270787e+00
2.014964368118724813e+00
2.123027323460966453e+00
2.567760597217633833e+00
2.997743213072225466e+00
3.179009415564375995e+00
3.345440421667693620e+00
3.382495860159311363e+00
3.183008584902917715e+00
3.090792558979273075e+00
3.080854058712053867e+00
3.035011747481434874e+00
2.855045114807391204e+00
2.806294753982557566e+00
2.793392641050138181e+00
2.743614436576367943e+00
2.683853130088744710e+00
2.618873405445989455e+00
2.547881561409519602e+00
-9.397252216418700010e-02
-2.398180246048944309e-01
-4.937895733722460490e-01
-7.663996650665800825e-01
-1.208116824869828188e+00
-1.698759103218382416e+00
-2.098613674658644790e+00
-2.133720696876407974e+00
-1.817740534674067598e+00
-1.639387963772448664e+00
-1.671703141439120133e+00
-1.858129849594681859e+00
-1.945249921891244682e+00
-2.112542032083466026e+00
-2.317345231940186601e+00
-2.399084102838159538e+00
-2.322100874113002256e+00
-2.195798052671887213e+00
-2.173333031170039842e+00
-2.106581904035793151e+00
-1.897203282846202654e+00
-1.642919235833879998e+00
-1.507846106575090772e+00
-1.432436017335111611e+00
-1.320365067272281756e+00
-1.214419348157248946e+00
-1.104492226254407017e+00
-1.042944640732155204e+00
-9.447210915075496818e-01
-9.080539499625762678e-01
4.489773750623964055e-02
7.368181350822403108e-02
2.518385860689156819e-01
6.220243726438505760e-01
9.923807298583688929e-01
1.172589073415946093e+00
1.409983578216001732e+00
1.901622419528504082e+00
2.460407487024930173e+00
2.685841735417683562e+00
2.604658135199800828e+00
2.383952061104698483e+00
2.352028181649105321e+00
2.243578711955239946e+00
2.022702897662437049e+00
1.918133112233105342e+00
1.870438111437032314e+00
1.894301305146125713e+00
1.946526838744873977e+00
2.077709016625867822e+00
2.148370553219006052e+00
2.123479884407752483e+00
1.972958331066817506e+00
1.735263990213187668e+00
1.344915264013567091e+00
9.329068891955112353e-01
6.405875100008742162e-01
4.791296720174086365e-01
3.076876583461983783e-01
-2.991213517676438727e-02
-3.306592057486446579e-01
-5.708638212492059827e-01
-9.111840342741615029e-01
-1.362469830186906261e+00
-1.766512873049379095e+00
-1.939847176491740655e+00
-2.051472887524229627e+00
-2.133662515278897942e+00
-2.299390126280981050e+00
-2.270528023060944811e+00
-2.149636447902771863e+00
-1.973099493186378561e+00
-1.959839154593832289e+00
-1.881659285286658712e+00
-1.841727180157922028e+00
-1.814730327138360133e+00
-1.894728577978540995e+00
-1.926156821739095193e+00
-1.927151862611461652e+00
-1.970952951011018861e+00
-1.934369880238933526e+00
-1.817395027927827478e+00
-1.634676646990272930e+00
-1.485977976540578949e+00
-1.320287662669665130e+00
-1.157625950831819406e+00
-8.858910250100627826e-01
-6.580272806403086872e-01
-4.450248284900285567e-01
-2.832731390192601562e-01
2.083097554382259686e-01
4.035673419251878946e-01
6.858258469970019977e-01
8.816780734640099482e-01
1.056545244986442533e+00
1.225990545864919179e+00
1.328431270218309201e+00
1.375660733825657012e+00
1.354215033417591529e+00
1.348189095812698080e+00
1.248885299661807169e+00
1.220350284413669106e+00
1.229836293377853718e+00
1.306766124658093498e+00
1.374357694633544513e+00
1.362842477575535227e+00
1.321146329504192751e+00
1.164070667504645495e+00
8.438931233165544166e-01
6.954279237698504090e-01
7.516472405481908758e-01
7.713715863131052064e-01
7.045427495752663027e-01
6.041879691718804457e-01
5.845273368672243564e-01
4.775719717284087062e-01
4.350822253795035288e-01
2.825019683985751651e-01
1.058821655354041935e-02
-2.285412794546785309e-01
-9.387498419059614463e-02
-2.581821324601969447e-01
-4.437512602092855696e-01
-6.226986358073040018e-01
-7.318287375666328032e-01
-8.018724188837385025e-01
-1.022857174304211636e+00
-1.127942708553423490e+00
-1.247695839973640419e+00
-1.240490326288078426e+00
-1.198131575084929956e+00
-9.401894537613106895e-01
-6.183824471365217956e-01
-6.001519090640882181e-01
-6.573756410709068465e-01
-7.271155947733006775e-01
-8.311232171301792260e-01
-1.019077853482067919e+00
-1.211238306938770215e+00
-1.352127035277267186e+00
-1.300936596160562342e+00
-1.053671685304631733e+00
-8.338642221800041110e-01
-4.900967001105239196e-01
-6.143373799737872343e-02
4.964700441644090967e-01
1.128566821262970699e+00
1.729351265060995679e+00
2.157032450136324275e+00
2.325681419201687028e+00
-1.619917217180091296e-01
-3.757485159882431036e-01
-3.466713886761612073e-01
-2.380775985793817662e-01
-1.376168281481827682e-01
1.755477576681167551e-01
5.272811476181797907e-01
9.069994891668627934e-01
1.187152112059990605e+00
1.360646832966735387e+00
1.447199023505313376e+00
1.506484002824123536e+00
1.622331088905588192e+00
1.710810183177369215e+00
1.725146039752800453e+00
1.763181595681897917e+00
1.698011853201386590e+00
1.545122764362206524e+00
1.447951263197309935e+00
1.480219151731997584e+00
1.533681682284582015e+00
1.522800035265313268e+00
1.543444276959099248e+00
1.500729089663174420e+00
1.275886556764851187e+00
9.388002526916574553e-01
5.520375925638396630e-01
4.494055088329429459e-02
-5.442891517405777924e-01
-1.021635187194238625e+00
-3.407999981874356710e-01
-4.620736858903852218e-01
-4.619345809290720806e-01
-4.943622174066525932e-01
-6.255036708150968350e-01
-8.350009422778716939e-01
-1.169247092698938228e+00
-1.459549742954881379e+00
-1.617523544769660759e+00
-1.714689283209832826e+00
-1.688573670917806968e+00
-1.462578216995979785e+00
-1.317455504522902610e+00
-1.224566920590183461e+00
-1.239521472237041344e+00
-1.230889028527690332e+00
-1.247947989666279289e+00
-1.317424060013722364e+00
-1.259503263983448251e+00
-1.164841496699802637e+00
-1.258159926447135257e+00
-1.427447880457354490e+00
-1.522801443154914836e+00
-1.441924385487290516e+00
-1.171648081042752088e+00
-9.082798508858518360e-01
-6.796827334334776261e-01
-5.226283954559047817e-01
-4.358362468790406008e-01
-2.668462767735886865e-01
2.786220910830715103e-01
6.907030053853007168e-01
9.171611989924464137e-01
7.972843509074052371e-01
5.623613891732324177e-01
4.581923072947373110e-01
3.719868777975408602e-01
2.046870544711067719e-01
2.908613693216682838e-03
-6.830457307053429405e-02
-2.173481995714571235e-02
9.840989069415732871e-02
1.545681065668727816e-01
1.871358324869796252e-01
2.560898467770326148e-01
2.210700885034514451e-01
1.716089756380979048e-01
1.001890655624133736e-01
7.757247153479369939e-02
-4.637226565166170655e-02
-1.647491185639041178e-01
-2.431479928968773851e-01
-2.464564044551510180e-01
-3.565602966289420084e-01
-5.237375229642611263e-01
-5.902069445081343790e-01
-6.363874281913746156e-01
-6.901086955705095782e-01
-8.206252903540778298e-01
-9.014597061990763383e-01
-6.076216428861164892e-02
-1.799608652120507357e-01
-4.885070925498539163e-01
-8.031700737660092404e-01
-1.082422717533658929e+00
-1.224928758806327123e+00
-1.249072527512170572e+00
-1.218577327133566257e+00
-1.163020298387634321e+00
-1.174728738308378873e+00
-1.213034847286475815e+00
-1.269080330309816151e+00
-1.387240222874265072e+00
-1.612309420333142285e+00
-2.176902992541899451e+00
-2.967454011364548006e+00
-3.301710093451112105e+00
-3.158070477284092181e+00
-2.736386640853945451e+00
-2.356999159184269388e+00
-2.048574536611346364e+00
-1.863946312697966512e+00
-1.590022735800207698e+00
-1.284838742052034188e+00
-1.065828800024964496e+00
-7.994817818337283111e-01
-3.662675610473922205e-01
2.143363998598150078e-01
6.665880868115774405e-01
1.029993123192154414e+00
1.177706416485147928e-01
3.580889668856929720e-01
4.832918939727308127e-01
6.710427653763255673e-01
7.371141511821640568e-01
7.411976802914378437e-01
7.174988476705640439e-01
6.091428615354231857e-01
4.862626263043839936e-01
4.003861367554503725e-01
3.235606599922737914e-01
3.009111690578198939e-01
2.959534736151810952e-01
3.429985147966630454e-01
4.030198690174063847e-01
3.665150351616646707e-01
2.596254067666139420e-01
1.729805439955975910e-01
5.564802104398808291e-02
-2.442498101097039243e-01
-6.682159616047000927e-01
-1.052393405683689664e+00
-1.443922979468260204e+00
-1.751655354756274541e+00
-1.986750979152360541e+00
-2.072629718843088220e+00
-2.201489002986122046e+00
-2.345677491097621026e+00
-2.503613875831078417e+00
-2.687320064244225204e+00
-2.217205675979027624e-01
-3.932726755862525070e-01
-5.443046948947880548e-01
-4.712467457913926960e-01
-3.115749739313969924e-01
-6.983381597664717333e-02
-6.216054581358926301e-02
-1.556353615407641833e-01
-2.761374858997167614e-01
-3.794918248117751802e-01
-4.437164920808863156e-01
-3.950729100943350391e-01
-3.489205166580308104e-01
-2.734317744814275253e-01
-2.693610353482576159e-01
-2.797108142176855661e-01
-2.715834781914497897e-01
-1.861401960780605935e-01
-4.922368343613175989e-02
1.166555876171000428e-01
2.158119794460891527e-01
2.888771839631011917e-01
3.497506651648936149e-01
3.759787414407028683e-01
4.640088058997482445e-01
5.256092587367217073e-01
7.827231136567573966e-01
1.285595417766277171e+00
1.802020402948713240e+00
2.037453125498065454e+00
1.120124707986177304e-01
1.123214452786363560e-01
3.401471725684051539e-01
4.054813764509479501e-01
4.740347506783518794e-01
7.750681780598676074e-01
1.134573145390807003e+00
1.543280785706879987e+00
1.849343521945414404e+00
2.038205676361847463e+00
1.996804208753475862e+00
1.757042470901411413e+00
1.536711620247778409e+00
1.355588072444090741e+00
1.278764358137028045e+00
1.258247680564244853e+00
1.232895113853679003e+00
1.192484422514842546e+00
9.400199312879953251e-01
6.057529237058387750e-01
4.375671208681692903e-01
4.559271997084977657e-01
4.872045826128358348e-01
4.097359514732333285e-01
2.250263540906438653e-02
-6.420342617025769083e-02
1.714461610249035650e-01
5.371279958840757818e-01
5.819127869817521947e-01
3.402659770931249494e-01
-3.717886742714717752e-01
-7.125578537227735820e-01
-1.090373513551701867e+00
-1.389367283658616836e+00
-1.695466540111259857e+00
-1.877585562884831027e+00
-1.979567497216492722e+00
-2.123948490345678231e+00
-2.343427948990352228e+00
-2.491585481512136102e+00
-2.408876737786529887e+00
-2.346734159987548196e+00
-2.337598796146149294e+00
-2.390996124440775361e+00
-2.463744323700388872e+00
-2.397509033781933585e+00
-2.314555942534891830e+00
-2.241355823316527385e+00
-2.260923396396463225e+00
-2.443499948708132585e+00
-2.540230588577697457e+00
-2.646116906215786102e+00
-2.655332559718222907e+00
-2.342198001267739027e+00
-1.893850808513896089e+00
-1.585677780749086940e+00
-1.543781190238457501e+00
-1.642240890490096028e+00
-1.765780436114100960e+00
-1.692277123297737829e+00
9.688666252664591971e-02
1.286009828126353227e-01
1.326093005380570566e-01
2.307111052950220897e-01
6.296424989597375621e-01
1.322289925576298764e+00
1.727255187511464563e+00
1.897360961785774514e+00
1.934634476418572557e+00
1.895470299702326944e+00
1.831894123101501348e+00
1.761037430759363920e+00
1.608111711928244203e+00
1.355358822784026751e+00
1.316243072600407515e+00
1.362090262251526518e+00
1.332721174398543873e+00
1.394606125932783103e+00
1.443057666114584636e+00
1.452891303142473944e+00
1.419719365129490374e+00
1.324969694321040503e+00
1.325449075788637909e+00
1.217745255513307034e+00
9.168566335573135051e-01
5.472971664470542841e-01
3.535014334008284576e-01
3.388972552692518514e-01
3.963539044330617322e-01
3.610992360149691827e-01
-7.412434123118800955e-02
-2.520573489963389702e-01
-5.732205899075371036e-01
-8.840897801435392278e-01
-1.098683366725877297e+00
-1.289859634343811345e+00
-1.524000348237108726e+00
-1.662556642974567733e+00
-1.674478544922627821e+00
-1.618021875961421552e+00
-1.536812156864312939e+00
-1.567888360632390565e+00
-1.848968853697923409e+00
-2.128709237935081600e+00
-2.449567910330655351e+00
-2.683725602593239223e+00
-2.782124702548928408e+00
-2.859004899234790731e+00
-2.838805791196267858e+00
-2.754957240027483767e+00
-2.534466605370796266e+00
-2.327762153162716174e+00
-2.210698808883093225e+00
-2.164208904094346408e+00
-2.134138031957792947e+00
-2.058426797124581764e+00
-1.629437655872294499e+00
-7.936889493333146861e-01
-1.982176340905029699e-01
-9.457310379221153807e-02
-2.972250717487088245e-01
-4.147407740197547876e-01
-2.852462625561196230e-01
-9.350072316594015831e-04
2.612123435327540766e-01
5.800736937482482425e-01
9.814371727887782892e-01
1.324326267734474705e+00
1.454004085929713197e+00
1.424166941142329890e+00
1.284252952169258943e+00
1.246648645961421664e+00
1.159990838793441226e+00
1.059576557033072408e+00
1.029547805507541547e+00
1.143399564138808611e+00
1.179404942045199745e+00
1.185288817908177306e+00
1.131286055901411958e+00
9.362405987307783617e-01
6.748504095700105232e-01
5.662019195283604089e-01
5.876026831664027394e-01
5.982577185518935803e-01
5.649022026120358309e-01
4.927497158119883980e-01
3.503725949817219076e-01
5.912912172478090866e-02
-4.221203875459092481e-01
-9.889746873480416145e-01
-5.200079208511562134e-01
-9.180394290585118799e-01
-1.229487140403681344e+00
-1.428578585347413998e+00
-1.558742493640525417e+00
-1.658103668217089099e+00
-1.736963413925418642e+00
-1.811324206750952071e+00
-1.753535590638989339e+00
-1.675801950384030015e+00
-1.673079506413493123e+00
-1.779665208593923298e+00
-2.017156316889976875e+00
-2.218167550481919381e+00
-2.252459443288289620e+00
-2.235858774701150242e+00
-2.159271631294994442e+00
-2.035383531768873766e+00
-1.757323923978551861e+00
-1.474544129162290496e+00
-1.205698684270659626e+00
-8.979947705214675890e-01
-4.856238677017072347e-01
1.139551498295753862e-01
7.536005083837220564e-01
1.485126845822138497e+00
2.027694228069578219e+00
2.179460961556950238e+00
1.974984619775402628e+00
1.575023957553273179e+00
-1.761920770920960833e-01
8.652662637705144100e-03
4.643731081673578287e-01
9.114697266675177989e-01
1.157272678903316754e+00
1.280985401128295509e+00
1.375032841543954776e+00
1.450863750903391036e+00
1.428158071787139161e+00
1.307718183107004606e+00
1.191826965964521978e+00
9.966360716791283769e-01
6.600954903225489945e-01
3.635706157600478439e-01
2.589853987738590102e-01
1.274326528831502547e-01
-3.277259616270011833e-03
-6.601430980652391034e-02
-1.154453690588851389e-01
-8.279591743309923368e-02
-3.211789267526708735e-02
-4.792942543860787691e-03
-1.233168696607188537e-02
-9.325189970077117640e-02
-2.441510265508012312e-01
-5.005832691114640021e-01
-9.156644204846626778e-01
-1.528573913626877001e+00
-2.143515201700538331e+00
-2.568048355302455121e+00
-2.178941131307883250e-01
-1.948787092099552309e-01
-1.961555966396938966e-01
-1.641746176255529932e-01
-1.883509359355328983e-01
-3.749085876635183667e-01
-6.312708587634406898e-01
-8.049119166084465204e-01
-9.369744888547502093e-01
-1.159901015354366738e+00
-1.433852303758074598e+00
-1.514551190856604945e+00
-1.713807900501499226e+00
-1.853299929882788799e+00
-1.865324312738504853e+00
-1.636588803698981076e+00
-1.045554031376551229e+00
-3.758991412093732887e-01
-8.281506460525367430e-02
1.059373019635072577e-01
3.768358100324084026e-01
7.972514281262841340e-01
1.222803437534028426e+00
1.573539317246473113e+00
1.953209688331589255e+00
2.168496093811703496e+00
2.241875800361517346e+00
2.352377831721637502e+00
2.487712911190834042e+00
2.467351764267245784e+00
-2.991546613031961788e-02
7.902023873248535668e-02
3.839141885473584259e-01
4.802934029396189741e-01
4.402704702262306147e-01
2.476764578236461678e-01
2.049204624193615987e-01
3.330768977972735634e-01
5.256015535985131271e-01
8.237988519160263090e-01
1.178424576806048396e+00
1.282875084864874671e+00
9.252886577317888106e-01
-7.891508635641375502e-02
-9.947054085162670978e-01
-1.640067159631229954e+00
-1.876813310727912132e+00
-1.744862362326852212e+00
-1.336677001079862537e+00
-1.028043918826634151e+00
-8.710471909539555524e-01
-8.723716113388372273e-01
-1.112928192629343060e+00
-1.630923770008767093e+00
-2.249757239675228782e+00
-2.822934768645948722e+00
-3.453284232381744534e+00
-4.197164966874916026e+00
-4.987124164542202642e+00
-5.872249837116319426e+00
-7.890335188940453826e-01
-1.554890117674788907e+00
-2.024286953910005238e+00
-2.238241953985629973e+00
-2.167986654355399612e+00
-1.740279899056732749e+00
-1.444475657905410104e+00
-1.295519300949017794e+00
-1.392968280983281959e+00
-1.581650981803444100e+00
-1.753525805986465347e+00
-1.815526318194186972e+00
-1.751656567533799169e+00
-1.624301047739338921e+00
-1.443815302804711376e+00
-1.190311940327068330e+00
-8.947378961324241597e-01
-4.509815032029189652e-01
7.140522119184344874e-02
6.086846612522935906e-01
1.117695859550855042e+00
1.849561658868269731e+00
2.816647835429532787e+00
3.825715473152527135e+00
4.753047749007823342e+00
5.513821847141358923e+00
5.971209923078148130e+00
6.005895089954560895e+00
5.919251956155647143e+00
5.707837415205784914e+00
-3.602415087000330196e-01
-5.441388449467248201e-01
-5.274364384687436624e-01
-4.477988320038658876e-01
-3.267884583209981209e-01
-1.979932913108175263e-01
-1.327081771667247834e-01
-4.518711407280597003e-02
-9.919929726393067471e-02
-2.455195690230453365e-01
-5.355319046712521125e-01
-7.111500463275935990e-01
-8.481681351298741012e-01
-9.838303893754414275e-01
-1.165600824595730334e+00
-1.394962699543009998e+00
-1.629444223912469125e+00
-1.822604490416906975e+00
-1.922141511408874903e+00
-1.882975263099684105e+00
-1.850068704654578733e+00
-1.780046673673487900e+00
-1.713305381410110462e+00
-1.793992992640449868e+00
-2.041208347009605184e+00
-2.301685398792323589e+00
-2.569314828720270061e+00
-2.851436076653354856e+00
-3.116643409226273587e+00
-3.275605617691852878e+00
-1.177536202218815997e-01
-6.460161992783129692e-02
3.101099231768715547e-02
1.328640640368666803e-01
2.330845318400271149e-01
1.901743860327370084e-01
1.932638152525562036e-02
-1.893844575897901950e-01
-5.490255250336140147e-01
-7.475169976969239238e-01
-6.389696978896064472e-01
-2.376402448403348577e-01
1.471027553787392916e-01
6.040000694430298633e-01
9.538373880240953451e-01
1.145443477158871737e+00
1.241868515088480951e+00
1.308603513623057379e+00
1.440138079259586146e+00
1.764617916298345524e+00
2.092527810610414818e+00
2.300091650267352961e+00
