8.292081246489271459e-03
-4.557031910152725337e-03
-1.444565470638646369e-02
1.877477395271269500e-02
5.285434530451786628e-02
1.199693474814094024e-01
1.890019726383464493e-01
2.051700851835097650e-01
2.003567880383829158e-01
1.909487659755855493e-01
1.853658850789303980e-01
1.689065957291945308e-01
1.653648987197401943e-01
1.432871019786602362e-01
1.237607245723126304e-01
1.189285870578532245e-01
1.193026774113101207e-01
1.288568463278632337e-01
1.273025609156054616e-01
1.723505090568324405e-01
1.816809179748905545e-01
1.841360878043487581e-01
1.864906024442341825e-01
1.839678791845222039e-01
1.857661647063564292e-01
1.561738328609559023e-01
1.142053466863708622e-01
1.422606203039072925e-01
1.549201162778032492e-01
5.771189211196192832e-03
1.450963616954124152e-02
-1.740271655379416194e-02
-1.573390561633869825e-02
-8.541847699688909223e-03
-3.373048138122252543e-02
-5.879112757512944265e-02
-1.126155602759151553e-01
-1.766590708908542529e-01
-1.944198962716690016e-01
-2.216916728841920037e-01
-1.907916552134085175e-01
-1.583009810441726173e-01
-1.784870408782434636e-01
-2.101720544796407408e-01
-2.375262807621600358e-01
-2.817405370994600644e-01
-2.920761667890269808e-01
-2.949314458473467626e-01
-2.832026745890144914e-01
-2.700600305744879082e-01
-2.457889914243986951e-01
-2.382965853070169726e-01
-2.209627367126564546e-01
-2.320179386643940467e-01
-2.268061154118815870e-01
-2.534657155928606298e-01
-2.925212485148401820e-01
-3.033435859160317216e-01
-3.895913518436081024e-01
4.763250390711386284e-02
4.805729730315506237e-02
6.977455351271330541e-02
6.914228256781342064e-02
1.281130985949988921e-01
1.531580262257076497e-01
1.561441422051781658e-01
1.977456727091298216e-01
2.178511582042745032e-01
2.368874149280509323e-01
2.720111787399963621e-01
3.046706189109397722e-01
3.696724531852314533e-01
4.248865638264388567e-01
4.692580880742344140e-01
4.763066194649973606e-01
4.987005241716684356e-01
5.144603029772725211e-01
5.478518415568198741e-01
5.911131531771085523e-01
5.991010114621644345e-01
6.087149353303389354e-01
6.123519441646163575e-01
6.112008874369841971e-01
6.203094745114059450e-01
5.920620138580723335e-01
5.933449855213889235e-01
5.814294339469279205e-01
5.250715807001362645e-01
5.288237777481435975e-01
3.300484053447708295e-03
-2.126401026780089243e-02
-1.771261193507448622e-02
-2.502224914608717696e-02
-1.525013319138267091e-02
-7.337112580078139837e-03
-3.569583066451623155e-02
-8.356736564848707416e-02
-6.506566099318425445e-02
-1.070000667128653132e-01
-1.881686925600013771e-01
-2.327811021983193229e-01
-2.710932881152320895e-01
-2.720779687391887691e-01
-2.771548130444663749e-01
-2.846048799267961171e-01
-3.017342568658395452e-01
-3.383225363811177555e-01
-3.417039138886582283e-01
-3.359321123261225228e-01
-3.253454055740408468e-01
-3.331780612313618994e-01
-3.497105324802797788e-01
-3.575854381372057245e-01
-3.775294130626498101e-01
-3.815920389699260507e-01
-4.243099576503016057e-01
-3.910985770136328199e-01
-3.587219561305862170e-01
-3.611730585580245068e-01
1.442507770493589928e-02
6.014392338435120555e-03
1.681580480408860490e-02
2.595992126864440572e-02
-6.412299224662017932e-03
-5.104234075887971456e-02
-6.759104679326133347e-02
-9.011930314728983094e-02
-1.028112475044807295e-01
-1.157430531014759928e-01
-6.995640587871609917e-02
2.322462273487908846e-02
4.809071050789125168e-02
9.886252860633235051e-02
2.073449892030614361e-01
2.678223128889798410e-01
3.103763867778930874e-01
3.598970716020921667e-01
3.824123204297781298e-01
4.090017105894800942e-01
4.191267586304271431e-01
4.572917703827180103e-01
4.700046667959390523e-01
5.000968246711319232e-01
4.926475801676031274e-01
4.866577786486407375e-01
4.779173694695744712e-01
4.824871210791962794e-01
3.940590374255458217e-01
3.754415164424050322e-01
-1.532853450560828570e-02
-8.448348724114679298e-03
2.653641309832281345e-03
1.868935863437390377e-02
3.001754207912489536e-02
1.025587793745670190e-01
1.074140782606311656e-01
1.009322912316884535e-01
6.297355550257541235e-02
1.198416034839950434e-02
-4.666245630916206200e-02
-7.415470459837021633e-02
-9.993872118436925023e-02
-6.458760648042283226e-02
-5.927258977998967060e-02
-2.316692843170252425e-02
-6.354156894962105506e-02
-9.042407164466959024e-02
-9.302056820294846151e-02
-1.647098563466257160e-01
-1.682023842900322586e-01
-1.601493523818234843e-01
-1.967505172984574946e-01
-2.210314433572713178e-01
-2.349524196741768489e-01
-2.266728289908437888e-01
-2.019344701958780131e-01
-1.825992880860283496e-01
-1.926340123649632197e-01
-1.904398277967221109e-01
-3.077777348770557430e-03
-1.891145272847978911e-02
-3.589497660041541041e-03
2.006025577756439388e-02
2.032605064346491505e-02
2.198677588349448944e-02
4.602086462329251643e-02
7.979721763795125100e-02
1.036783800949505341e-01
1.367279919710313596e-01
1.941285215963370892e-01
2.350924240959364475e-01
3.650006550529708571e-01
3.838616487383402776e-01
4.033757660738457318e-01
4.772042232671444562e-01
4.943224783232061381e-01
4.966534112889084973e-01
4.840265311137293969e-01
4.516904253517445844e-01
4.485159955333913873e-01
4.827413147139222871e-01
4.914467566620420169e-01
4.851949304146377928e-01
4.906260125572566300e-01
4.918469412084905401e-01
4.878464352680427774e-01
4.926306138283385594e-01
5.098403496294892090e-01
5.719337625771606648e-01
-1.278673181109930661e-02
-2.522392792554992158e-02
-1.004999331918295623e-02
-3.501083007691522392e-02
-1.744300991132069489e-05
1.983292045588750524e-02
2.251459697047826850e-02
1.310877285364799721e-02
1.716369691698382480e-02
-7.300843158219018358e-02
-2.029660705493402384e-01
-2.496962879242865807e-01
-2.843831171029579385e-01
-3.901974246823731174e-01
-4.118457427825368278e-01
-4.522016675004969510e-01
-4.830276281601177391e-01
-5.035968004861808289e-01
-5.482895531397525835e-01
-5.642708704325055669e-01
-5.747627517244285889e-01
-6.307383123528638169e-01
-6.830780618472208632e-01
-7.705125681483241395e-01
-7.909861649272078576e-01
-8.469833407840579032e-01
-8.893756327051551835e-01
-9.071553308467183996e-01
-9.034689183277355706e-01
-9.451302554526407329e-01
1.741720850339902645e-04
1.067039668518660750e-02
2.446118768612929456e-02
4.977696377178447706e-02
5.388113192837452187e-02
5.250566948171522808e-02
9.611488647575108790e-02
1.867915133164936847e-01
1.834364606516281915e-01
1.661206459422007731e-01
1.617160299293143866e-01
1.399017781846359498e-01
1.361324098136511007e-01
1.739490335921253517e-01
2.993316147369368130e-01
3.665531606243799811e-01
4.559647699815976840e-01
4.765653988102292460e-01
5.043155977062375728e-01
5.314742713941249530e-01
5.458133082516006818e-01
5.461843257086644865e-01
5.533245617072897193e-01
5.582589084232589816e-01
5.639554138569412567e-01
5.735273875911767183e-01
5.933414474862390708e-01
6.787002887414771424e-01
6.736337455445625677e-01
6.716058996024705241e-01
3.479091649415472914e-02
4.019158584459107258e-02
3.414620695456513366e-02
3.356142262353525862e-02
1.725216954778658815e-02
-1.260441101722444002e-03
-3.349668625055360338e-02
-9.459099522012223704e-02
-1.344656001268732248e-01
-1.720715690344572502e-01
-2.157675764780498662e-01
-2.633084602587008050e-01
-3.251059328033530926e-01
-3.453501143661437123e-01
-3.740902493009726770e-01
-4.276787219723130473e-01
-4.619721832814836504e-01
-4.359497324696171572e-01
-4.102307517469893083e-01
-4.190416451859980129e-01
-4.022436464652906496e-01
-3.745983297350974905e-01
-3.350001412586516292e-01
-3.394575720304290889e-01
-3.601023770259295653e-01
-3.732090221892441217e-01
-4.005386514079044002e-01
-4.150245163057270092e-01
-4.554201721255769497e-01
-5.203535827554082172e-01
1.670861622965739285e-02
3.857151785378780395e-02
6.404175001082569596e-02
6.061536155402057202e-02
8.212313480712866987e-02
1.132365879712851214e-01
1.095237575550158937e-01
1.124162362242777657e-01
1.176997125466783672e-01
1.248103214863414134e-01
1.427584313731092291e-01
1.474289334481148350e-01
1.965121705956996978e-01
2.266767881509325899e-01
2.467366231396030674e-01
2.469647094882064520e-01
2.792758837573114383e-01
3.466887129720891414e-01
4.353191100067010932e-01
4.794019070889702361e-01
5.217332290165471731e-01
6.387256153837218564e-01
6.496743021053414946e-01
6.204682810277605265e-01
6.133067633312863087e-01
5.712198980679951132e-01
5.888109886528926085e-01
6.257718483286438538e-01
6.367124929885531470e-01
6.458289281009501615e-01
4.683754865228799240e-03
3.626074678600903732e-03
4.631320584730827528e-03
8.359134919106408004e-03
1.896033548040055444e-02
1.320185193999806952e-02
-4.637407978414025134e-02
-5.029562617249708212e-02
-5.250010232343953892e-02
-6.243728972140150102e-03
4.643303518416650594e-02
3.530915009930844783e-02
3.406198990838182200e-02
3.240059827638090001e-02
1.907778667930371680e-02
1.367524546808316852e-02
3.324675014443936524e-03
-3.786661573032372441e-02
-9.146864011923511173e-02
-2.541307098798930020e-01
-3.683747878735315062e-01
-4.101858140304830980e-01
-4.420876187165430071e-01
-4.692533568058206428e-01
-5.051799534104782774e-01
-5.366961227502309306e-01
-5.652924263957276318e-01
-5.097707636909305506e-01
-4.640662290068462426e-01
-4.218256596862889340e-01
8.839210573732668441e-02
9.717659630608280197e-02
6.694029298498334335e-02
6.820019279869068973e-02
8.507242025885375369e-02
1.143060778818773410e-01
1.145699701124932302e-01
1.031572525828526044e-01
9.282237724133436674e-02
8.738962983848254373e-02
6.998682409639367386e-02
6.974276704377063707e-02
1.144038036298182376e-01
1.142152254707546055e-01
1.125215728918979724e-01
1.069299684052595206e-01
1.960072231983845115e-01
3.011272169362552154e-01
4.335585221101771469e-01
4.962265083329762128e-01
5.413593265631901907e-01
5.629097450048184959e-01
5.739474221364261330e-01
5.838991563115830674e-01
6.702308428028875831e-01
7.309055924528232717e-01
7.669010536598216410e-01
7.703950885137309523e-01
7.262591298783418470e-01
7.374370872513942299e-01
3.720086904124361368e-03
1.961102158526579348e-02
2.426577016452961810e-02
3.664332882587783419e-02
3.695199192346065864e-02
7.233713223792467839e-02
9.860559931891055285e-02
1.631741210335670711e-01
2.401267308869125261e-01
2.883409551848982177e-01
3.484188800926396601e-01
3.358777985176257252e-01
2.126829644273015296e-01
8.244109600531238091e-02
-3.581505336868073819e-03
-9.717718305086572861e-02
-1.746563819840736276e-01
-1.827153137523451210e-01
-2.165009114294042247e-01
-2.471575663360958408e-01
-3.354469534738549474e-01
-3.726399275007264977e-01
-4.228710438531870786e-01
-4.198251125786238158e-01
-4.157403036662701834e-01
-4.150285508907293197e-01
-3.688590915233331824e-01
-3.584726783922199123e-01
-3.525675884291619155e-01
-3.790742462407372670e-01
1.978031338594420444e-02
7.701052903499443214e-02
1.927623348445494655e-01
2.965716952474777846e-01
3.077314013729967046e-01
2.759414059179571832e-01
1.451505945711310253e-01
9.823593658116037963e-02
1.883070613096277657e-01
3.090568400578423969e-01
4.011271763962965808e-01
4.411949678782688955e-01
4.651505324541269082e-01
4.731932119758647248e-01
4.824169364567315599e-01
4.959887682815172227e-01
5.553734044871816433e-01
5.782748082056075045e-01
5.984611466791868173e-01
6.022206078743332913e-01
6.125086067182282656e-01
6.552228012734235829e-01
6.738980946233453784e-01
6.691741990042884280e-01
6.481655919481494887e-01
6.465417600104172990e-01
6.766801759423357598e-01
6.907968175519754173e-01
6.814276579453690807e-01
6.578834162334172841e-01
-6.696538924234934909e-02
-8.725540484935767616e-02
-9.684078983518393247e-02
-7.452556526930392833e-02
-4.325586431286205374e-02
-2.167306103308427531e-02
-2.604453126233565938e-02
-7.845052057840946891e-02
-1.007373768469381481e-01
-1.761990836949837991e-01
-2.493313695567739852e-01
-3.923301483014364210e-01
-5.128757027372747856e-01
-5.695211839554396027e-01
-6.229832465255981111e-01
-6.611692266099186144e-01
-6.395342276256774650e-01
-6.360235377113613309e-01
-6.274356231329621947e-01
-5.742360881045265320e-01
-5.570991866730388153e-01
-5.426669224052369511e-01
-5.331890772776205489e-01
-5.366791874047188715e-01
-5.380002099733709464e-01
-5.395713286006000864e-01
-5.647692821064961288e-01
-6.227049108980000636e-01
-6.806510838353310167e-01
-7.277835174716239530e-01
7.644900484302945276e-02
8.805551104439479637e-02
1.095480903729237898e-01
1.262014219596942211e-01
1.497671827648368037e-01
1.860552863374762000e-01
2.078822101120285093e-01
2.029512493804093709e-01
2.165423181208938064e-01
2.447143520689528118e-01
3.498379706300351888e-01
4.529537586402943017e-01
5.126684959756058202e-01
5.404623089163811400e-01
5.610977538349292137e-01
5.667732434815576648e-01
5.665314633099491903e-01
5.633883609131395964e-01
5.845399811085196795e-01
6.033105909571765402e-01
5.974278597867859197e-01
5.814607751753846365e-01
5.870660351337281257e-01
5.978217761841786437e-01
6.579708041930178997e-01
7.150204744388092282e-01
7.245993863186095396e-01
7.289340800158687905e-01
7.252915767102430245e-01
7.407625302844303983e-01
1.751573784179628543e-02
4.468810680259695245e-02
8.535742272855709190e-02
3.981304896732902610e-02
-3.252633057108128556e-03
-4.709480978047412419e-02
-9.044998538676857214e-02
-1.510334787172776805e-01
-1.809291035578540208e-01
-2.347875290364892786e-01
-2.575138708387403330e-01
-2.899508374173286884e-01
-3.448347791201257784e-01
-3.763804624653467878e-01
-4.265785800882356815e-01
-4.971958428144495623e-01
-5.854446760408227313e-01
-6.043872434268282579e-01
-5.987942268981994998e-01
-5.076637262868771705e-01
-4.211327528242083673e-01
-2.950923593433606440e-01
-1.968541595184540860e-01
-2.001910714116908185e-01
-2.383353752575718132e-01
-3.042246793127454940e-01
-4.038555338171327946e-01
-3.961828584779397699e-01
-3.888289298878694344e-01
-4.567687236985006338e-01
3.560365972946657933e-03
2.563454471695490126e-03
2.827484595880910487e-02
1.021536886591917354e-01
2.511008768179012751e-01
4.093182388233564395e-01
4.804316806506128690e-01
4.846574059212079288e-01
4.511391178690201120e-01
4.669042661038197983e-01
4.490321883187555763e-01
4.031953419474642031e-01
4.104664164749536881e-01
4.051930684634649782e-01
4.288449919859038117e-01
4.361496342678189975e-01
4.589322340774539266e-01
4.735406370417551969e-01
4.730139374349663917e-01
4.455940659405680515e-01
4.152503605337375947e-01
3.854165752797841793e-01
3.827266542904342317e-01
3.749524296336295137e-01
3.682859798943577956e-01
3.660502140757569967e-01
3.864355210819398478e-01
3.959486746942948998e-01
4.144599091815804326e-01
4.130011315399783611e-01
2.107661664032975390e-02
-2.257766298680047301e-02
-1.043859319117934614e-01
-1.333384457781610632e-01
-1.768527149198680926e-01
-2.087792541881410280e-01
-2.583884997470631273e-01
-3.038147650190526350e-01
-3.251225221169671831e-01
-3.812795959497813358e-01
-4.401902149419252286e-01
-4.884444206112047993e-01
-4.883385504272984012e-01
-4.656013884128735736e-01
-4.381359520766985316e-01
-4.117261347434379992e-01
-3.827668984966080545e-01
-3.786084014638801953e-01
-3.754683790692517897e-01
-3.704718021776409187e-01
-3.665542715355555314e-01
-3.749251628120104374e-01
-3.891828440766398889e-01
-4.114870272974199827e-01
-4.268435763055590804e-01
-4.098177135303565644e-01
-3.781637806535682045e-01
-3.744733299762125767e-01
-3.685268553080042198e-01
-3.269531298297349564e-01
-2.857891715116432640e-02
-1.326369985012433757e-02
5.437121955230347567e-03
8.334596668636973238e-02
2.421386884305238296e-01
3.072850047320558331e-01
3.238168258477922556e-01
3.335374142815956677e-01
3.444474825366635740e-01
4.080100808049788030e-01
4.856597084709320389e-01
5.448384415879365950e-01
5.893150545874548119e-01
6.040511260003008642e-01
5.987822786273389042e-01
6.171539418904551377e-01
6.525096885126644430e-01
6.632606224575491316e-01
6.711620760093104376e-01
6.617011783222960242e-01
6.597245509640288219e-01
6.472663731160821499e-01
6.533570543157473098e-01
6.498398325512509954e-01
6.746611646354907510e-01
6.862103521117759453e-01
6.541666205185894256e-01
6.261605218161908626e-01
6.147425048247980861e-01
6.344600016993384717e-01
4.978427373934123795e-03
-2.666929239982455610e-02
-9.757253021212999866e-02
-1.820175915685386392e-01
-2.418330117194887330e-01
-2.882022687413778872e-01
-3.311016651463001281e-01
-3.560475438403400972e-01
-4.034605436065593076e-01
-4.159930728957037527e-01
-4.386875450042313496e-01
-4.522778263548277167e-01
-4.630675230580049151e-01
-4.829694039446946197e-01
-5.238127705906093778e-01
-5.132203679790494633e-01
-5.036616865355364459e-01
-4.746244399783282053e-01
-4.303969047701111661e-01
-4.311770227005836675e-01
-4.243072992220802697e-01
-4.261808383104307985e-01
-4.221181833918680737e-01
-4.446725580619121931e-01
-4.251671231824132313e-01
-4.235166838396586253e-01
-4.168174065978564879e-01
-4.411434282653794448e-01
-4.733456916901210287e-01
-4.612944815935869358e-01
6.952994001122901613e-02
1.419937197613674040e-01
2.016081305725387351e-01
2.445075966882611640e-01
3.173949168931586851e-01
3.483839653590956043e-01
3.538790438808571137e-01
3.957815264159436630e-01
3.923292121984978120e-01
3.804797480062352411e-01
3.734485259933539858e-01
3.726509693094770537e-01
3.800522159846930759e-01
3.726314011107073609e-01
3.669630746467351101e-01
3.705296524175251127e-01
3.812397986638499381e-01
3.903345329993787027e-01
3.810825603452075439e-01
3.710982222457939739e-01
3.689919934526562084e-01
3.509041922675529834e-01
3.544699555930442281e-01
3.593071234574763961e-01
3.851338695884211072e-01
4.180879045916318093e-01
4.499214024920625832e-01
3.890819645042862263e-01
2.953429145954042379e-01
2.275611540033732616e-01
-7.518731361658738399e-02
-1.465514912553202154e-01
-1.765362287179255141e-01
-1.773822428080229496e-01
-1.801215727625743168e-01
-2.227499246795238974e-01
-3.098212830607539603e-01
-2.583224900218740183e-01
-2.168400951264709553e-01
-2.393655420604415829e-01
-2.509239138672585967e-01
-2.691610496138326369e-01
-2.817851103733752249e-01
-3.260193122998084059e-01
-3.824858879906350984e-01
-3.702132980322949130e-01
-3.606270988944874634e-01
-3.306516585975401989e-01
-2.857424267634417481e-01
-2.669653389374317953e-01
-2.596725400770477088e-01
-2.551364884857124093e-01
-2.622383742829496045e-01
-2.469503341017036391e-01
-2.416179534197102630e-01
-2.134329658685444886e-01
-1.992683255313520141e-01
-1.735849111254958166e-01
-1.245290486546973274e-01
-4.781508993925404072e-03
1.018721160074918947e-01
1.410907218064242075e-01
1.956941721444495630e-01
2.368541832074329001e-01
2.489371274983622762e-01
2.477442329788459019e-01
2.584506890017285174e-01
2.836770518575679190e-01
3.229245168744319661e-01
3.364412235009491270e-01
3.642160995198844842e-01
4.010119213730042875e-01
4.110137129956867863e-01
4.021755989709659973e-01
3.782544276199900635e-01
3.406971758927860305e-01
3.336021854015242538e-01
3.239344764971795465e-01
3.253498974789469367e-01
3.141158674153630148e-01
3.171491640403614198e-01
3.194961634224476321e-01
3.016136675956002100e-01
2.935195636057350010e-01
2.335416178489299610e-01
1.872865004797162614e-01
1.458123022169749428e-01
9.085520506527719475e-02
-1.458570941835786450e-02
-3.484619615393270281e-02
-7.297227744149698339e-03
9.475606156319255416e-03
3.000871913378992673e-02
2.650852025262235775e-02
3.797107954997915730e-02
8.043955541254116381e-04
-4.575888593687258560e-02
-7.222513578639169762e-02
-1.066223332808083346e-01
-9.523827127319298147e-02
-8.612882006378067001e-02
-9.985659932303532493e-02
-1.213877349417032125e-01
-1.248614470987966796e-01
-1.270720462577760723e-01
-1.207530357228754347e-01
-1.243094040636147646e-01
-7.503208763414900839e-02
-8.408680614575193835e-02
-1.114587854456543237e-01
-1.000505280304725408e-01
-1.036628100043763268e-01
-9.609998090686126815e-02
-8.626584693888074418e-02
-7.319698474708301317e-02
-1.065711439553609918e-02
7.025424615922787330e-02
1.318305849915834549e-01
2.121300444969799193e-01
3.162612214226762086e-01
3.193488062722801835e-02
2.020716802723957622e-02
4.350764632355300088e-02
4.557649919471964961e-02
7.283820656886830225e-02
1.031909736157970575e-01
1.018236153422653195e-01
1.035075911033021684e-01
1.158063026276922591e-01
1.340143188976269939e-01
1.557101808812731414e-01
1.719655759454068178e-01
1.755825774150048257e-01
1.895433894771930139e-01
1.807984350555747188e-01
1.725735844141424447e-01
2.066141160920916542e-01
2.444710914161942750e-01
2.428929648555805676e-01
2.484139177831476419e-01
2.384579144245951854e-01
2.215069102758384645e-01
1.764060182626159268e-01
8.304123011599724713e-02
5.484712387656959925e-02
1.342307677550858697e-02
-2.426050020497010073e-02
-1.064721381790931648e-01
-1.839950485662188717e-01
-1.858499646478818379e-01
-1.291200528616998208e-03
-2.498064912533531912e-02
-4.846721367827890037e-02
-4.142586392581890098e-02
-3.910488322973219161e-02
-3.226312622088546578e-02
-2.182608071154659019e-02
-1.092953979009468612e-02
-5.768118691207468028e-03
7.641289657849448420e-03
8.208619353653030803e-03
-3.559244078322122695e-03
-8.685996010947629603e-03
-7.604775470775354713e-03
-2.296319861523329897e-03
-3.720220037479946874e-03
-8.818515901673769364e-03
-4.697960140001936416e-03
9.603668291811450972e-03
9.126366569577945911e-03
1.723157089133042774e-02
3.461934306195340455e-02
3.310528412995472625e-02
1.002567592679654424e-01
1.350662954225563539e-01
1.263690536850290147e-01
1.187007801430166876e-01
1.267431888479703395e-01
1.416420635569643482e-01
2.475275661655879367e-01
8.674436517124241297e-02
1.451552234594017943e-01
1.740850506408241349e-01
1.916145245862923285e-01
1.838452241518919172e-01
1.915905008407999266e-01
1.910483612147776677e-01
1.873414826697715196e-01
1.833465613654341186e-01
1.878910414123281525e-01
1.901680000227317646e-01
1.849573452393547257e-01
1.729829770475297124e-01
1.772164593296023938e-01
1.801185983192987727e-01
1.948734574567727307e-01
2.035910470095932401e-01
1.935284852005603462e-01
1.947163089309777995e-01
1.970272040475114783e-01
1.745295674734829161e-01
1.433046989644320979e-01
1.386817983613722605e-01
1.520208302319004667e-01
1.462560793979925111e-01
1.093616112395965900e-01
1.143382986242675037e-01
1.261950137374913683e-01
1.119019340998830409e-01
9.717694311019636766e-02
-1.043786659222611241e-01
-1.403152544670759061e-01
-2.037231739608911241e-01
-2.589459486537107336e-01
-3.087671103363768821e-01
-3.135913225628844669e-01
-3.049579988319446322e-01
-3.181908308541464558e-01
-3.271447427541135933e-01
-2.798854224593775308e-01
-2.401646555903667879e-01
-2.384009366504657168e-01
-2.487883362077907834e-01
-2.386307727687224656e-01
-2.500561127149967811e-01
-2.617112401296431967e-01
-3.206314762652255346e-01
-3.303710195997839327e-01
-3.392191761068354960e-01
-3.461301147196065298e-01
-3.407075474954310290e-01
-3.364337165909205840e-01
-3.396696769425782692e-01
-2.953641728195892657e-01
-2.697517463569356622e-01
-1.924122307777406671e-01
-1.239473153145628642e-01
-8.717951864560624653e-02
-4.174880797977875702e-02
-1.786332398437600819e-02
8.135407818674791902e-02
1.463312175009554572e-01
1.850625380047337676e-01
2.092325750425096942e-01
2.389741621958175466e-01
2.724241061369180317e-01
3.213909610607961764e-01
3.704423202336670773e-01
3.756377110388057772e-01
3.794167302631916150e-01
3.783978288191094386e-01
3.704469871168188932e-01
3.659487837351839135e-01
3.630761789466893097e-01
3.715375924300727828e-01
3.885370278038173253e-01
3.911494185409880586e-01
3.932288200296166214e-01
4.027694411647538275e-01
4.185286037665031378e-01
4.326795180237419935e-01
4.201991892558583075e-01
4.114329375766804242e-01
3.758166070944321535e-01
3.496861635017314285e-01
3.046794680740994021e-01
2.418228152113551799e-01
1.799859400524080888e-01
1.391857069309500872e-01
1.199498150626779336e-01
-2.481233375895982446e-02
-3.943172472395963662e-02
-5.879740596917625017e-02
-5.128166303638170831e-02
-4.835882367408055049e-02
-6.847536616493671291e-02
-1.019614287329482366e-01
-1.122021814035797788e-01
-1.078868475181195274e-01
-1.554119222028852998e-01
-1.903711784121289163e-01
-2.081003658648565013e-01
-2.125944591818867413e-01
-2.051401008004967719e-01
-2.067491246473464328e-01
-2.109935748914136266e-01
-2.211909218648676068e-01
-2.176794763487637507e-01
-2.211753283282805460e-01
-2.170169510405943192e-01
-2.159000847976318138e-01
-2.165599286517970457e-01
-2.241346840128035367e-01
-2.295071285025406249e-01
-2.236901271863747653e-01
-1.713939632446372374e-01
-1.025960440624859860e-01
-1.418667131576759055e-02
5.924287392809406139e-02
1.285670539586131200e-01
4.745096064794061125e-02
5.804099677762270676e-02
7.338633038643205264e-02
8.724089293086688401e-02
9.401214273048466574e-02
6.728689304759515044e-02
6.094146118825592012e-02
6.441619110358770550e-02
8.270130562762997850e-02
1.137022365909040184e-01
1.143175155656009356e-01
1.246943432969864624e-01
1.259544562509824772e-01
1.269096614779644805e-01
1.320642180091779194e-01
1.276404576187904483e-01
1.383410754922316244e-01
1.236281456877533630e-01
1.204352130181098740e-01
1.320132487680609201e-01
1.420563860332944295e-01
1.473452165818191217e-01
1.364771071634167388e-01
1.084978731377804484e-01
9.339662452402658355e-02
5.459648172905513103e-02
3.882427161970732066e-02
8.763348891849848110e-03
-4.990137548841164228e-02
-8.577533343547721900e-02
-6.988974266937766910e-02
-1.048089194983446715e-01
-1.536634983550077549e-01
-1.453297066809945137e-01
-1.480887106781647033e-01
-1.403367671649989046e-01
-1.561962083940220125e-01
-1.625528554381747148e-01
-1.776492243928207149e-01
-1.732012473283452703e-01
-1.594428598949320652e-01
-1.618312048452943963e-01
-1.588181726334742527e-01
-1.848211137609282184e-01
-2.324635314427463129e-01
-1.990790953535517549e-01
-2.083053390200883814e-01
-1.987016379537369370e-01
-1.908761704294005546e-01
-1.882303505294514734e-01
-1.747190255021720817e-01
-1.578021938526841528e-01
-1.517716514332127231e-01
-1.486954205009811958e-01
-1.490435837085882786e-01
-1.166244572668775764e-01
-2.514018067116335908e-02
5.126661240193887414e-02
1.130682689752409570e-01
1.786069157225522175e-01
7.042756965229073074e-02
1.390918608545051449e-01
1.953014821493446185e-01
2.042198089341962230e-01
1.683076147653946308e-01
1.193823106991621918e-01
1.076660221571443810e-01
1.069437746388129246e-01
1.235365443248485212e-01
1.665379141508039340e-01
1.711874025158813262e-01
1.761811589522072619e-01
1.673385559622183605e-01
1.625732506694455848e-01
1.552593417559816336e-01
1.542917913939393093e-01
1.550893252197249605e-01
1.537302654027121185e-01
1.365019540274073906e-01
1.097501944140120145e-01
9.350775824500193179e-02
9.710342545542104131e-02
6.589511912753663603e-02
-9.456275138279084114e-02
-1.633273723854855031e-01
-2.391428422915786167e-01
-2.863211863813948099e-01
-3.135788714041639058e-01
-3.755574752316592768e-01
-4.144466569890091767e-01
-2.729201035111136764e-02
-3.230027464085164640e-02
-4.181246389089499083e-02
-5.427242677620371797e-02
-6.221742820409226216e-02
-1.104773681445915812e-01
-1.496574961879066079e-01
-1.572016787137412996e-01
-1.506887158662039705e-01
-1.336035648722156133e-01
-1.275492766783307974e-01
-1.016218280909878535e-01
-6.556293757356621010e-02
-4.818481878881814007e-02
-5.787350756023866560e-02
-6.573413700060941334e-02
-6.176772272103051714e-02
-7.281144321294305555e-02
-7.891197414055625692e-02
-2.191287766429626804e-02
3.882671717158153735e-02
1.410041111399734370e-01
2.284298804824131390e-01
2.648295026149202203e-01
3.129767088058524882e-01
3.424643265566614803e-01
3.600692915483382217e-01
3.798156012421866623e-01
4.191364725238390654e-01
4.338890835343529595e-01
-1.284805847219385551e-03
-1.091178336018518158e-02
-1.627086791671155871e-02
-2.867857727706833726e-03
2.621326160137881292e-02
1.295953438151599413e-02
3.579410877490192544e-02
4.379669431468199980e-02
8.411361011883178307e-02
1.314161691050550751e-01
1.185601849566546295e-01
1.248765644294990429e-01
1.155432247128098666e-01
9.097228259952555574e-02
3.237609835167765820e-02
-2.125107579535189667e-02
-2.544235603421173691e-02
-5.233191367108047665e-02
-1.101334486511734573e-01
-1.372389255558457144e-01
-1.590622774948675378e-01
-1.571805272152080879e-01
-1.888486699465200536e-01
-2.161175237280216765e-01
-2.128117534166111269e-01
-2.231788530260754022e-01
-2.388858006324267313e-01
-2.496183225723367372e-01
-2.791335831193860750e-01
-3.040445766329047950e-01
1.219568476560877607e-02
4.912797974875941255e-03
1.803267070320229565e-02
6.294365772859709940e-02
1.069143977547214741e-01
9.736698462842525992e-02
9.613717836217558488e-02
6.875763678522971156e-02
2.523960902243789495e-02
5.324653827439491949e-02
9.953698556425132071e-02
1.012968987171637553e-01
9.639972260825994954e-02
7.060822509415262682e-02
9.910975371899688469e-02
1.239572814498071940e-01
1.532790392057085116e-01
2.148382486609061170e-01
2.736147950541544249e-01
2.880388720574750816e-01
3.279517570563595386e-01
3.701452162773585242e-01
4.025167912784771151e-01
4.247799378361128975e-01
4.275005386996622025e-01
4.157191895385051739e-01
4.043073404602303689e-01
4.091899048043894926e-01
4.070687411385078835e-01
3.988441649258420707e-01
2.456536274153737955e-03
6.953075074101621074e-04
1.286636324081158467e-02
1.813543636921000068e-02
2.908938151727772509e-02
4.910992254024330872e-02
5.807009545244704724e-02
8.495952186528082928e-02
8.964363229375295339e-02
9.076437438230139376e-02
9.063681316420704737e-02
8.163183274761519337e-02
6.962563290748675915e-02
3.914907788513716236e-02
2.476701350919925659e-02
-3.075490447202962330e-02
-8.752818443008333893e-02
-1.566486098523584558e-01
-2.132826129043214614e-01
-2.679633092151372797e-01
-3.235009437890217776e-01
-3.819072060715820172e-01
-3.904172921017153297e-01
-3.847433952305162608e-01
-3.914321316139029450e-01
-4.258153557036675196e-01
-4.049502561274695434e-01
-3.825075358409738557e-01
-3.809294461706126400e-01
-3.753775071008358388e-01
-3.456271284031501353e-03
1.752765783819752472e-03
3.800611720471724561e-03
-3.682573055463933542e-02
-4.924540345783208484e-02
-4.000098555673411993e-02
-3.509878582982305095e-02
-3.022545836597545499e-02
-3.005204067539197013e-02
-1.019935450918995831e-02
2.024424248245020388e-03
3.461877452106462000e-02
8.156541889644580712e-02
1.521189368993956514e-01
1.793704609007089612e-01
2.217369187109139161e-01
2.575599023655363862e-01
2.840094228455706249e-01
3.188778586969987505e-01
3.456016778562016611e-01
3.852133117933149720e-01
4.036575538543250574e-01
4.222462910690523152e-01
4.463535027164141633e-01
4.701817479904361052e-01
4.622293737507383038e-01
4.337371745326272787e-01
4.694816025343778731e-01
4.659340952087255294e-01
4.612350249735760466e-01
1.152885290674663787e-03
4.950222312359374259e-04
7.818336870354757398e-03
1.629656454556691406e-02
2.527585211369517970e-02
1.221688641411130746e-02
-1.559859337382037830e-02
-3.964424867082855936e-02
-8.400144645560507495e-02
-1.483513750207580140e-01
-1.842451104171060061e-01
-1.988656128602225570e-01
-2.199275519476592555e-01
-2.390851735196042882e-01
-2.770162944144021755e-01
-3.116066584169181475e-01
-3.287228846654526859e-01
-3.346970035080049088e-01
-3.342437816426311326e-01
-3.382662618686724798e-01
-3.435997937262993407e-01
-3.501752024737700419e-01
-3.589068678959368985e-01
-3.671105043255272760e-01
-3.762917726677615926e-01
-3.886066000783316987e-01
-4.427212324977679581e-01
-5.037504243041801555e-01
-5.226168333188971893e-01
-4.983942312551680742e-01
5.454210339725019951e-02
5.105814008158621881e-02
5.421253545137462437e-02
4.944670865973075508e-02
4.490758322769902722e-02
5.592395011868103727e-02
7.265765318478478729e-02
9.631401288533861238e-02
1.180434113184868766e-01
1.388493581754156048e-01
1.609497884981828664e-01
1.588950451553773346e-01
1.745673167000030834e-01
2.016327887538074404e-01
2.579654387305101992e-01
3.202051802717889584e-01
3.657339680018788508e-01
4.013382860906320460e-01
4.457816633877247914e-01
5.443504185003150697e-01
5.561932539906412343e-01
5.652898309271245925e-01
5.788636759311546198e-01
6.002152337891893952e-01
5.895835100222148739e-01
5.684616562608072465e-01
5.671682000428730497e-01
5.672695629700278408e-01
5.784176469370685414e-01
5.527922221584316009e-01
6.124947721856031924e-03
-1.055206102138256039e-02
-5.621527825716182702e-02
-1.162582692664385214e-01
-1.478256100940630868e-01
-2.094523716838351257e-01
-2.422984449868477441e-01
-2.657267917212342567e-01
-3.125547513897704022e-01
-3.858329667895318837e-01
-4.001155034970056423e-01
-4.182406361780525716e-01
-4.258002913170619297e-01
-4.283554841583921968e-01
-4.352930580620632539e-01
-4.222537770050074912e-01
-4.314669922388596479e-01
-4.477179988623081752e-01
-4.483976333828079142e-01
-4.550727359744520806e-01
-4.334247861617309128e-01
-4.388333171307080005e-01
-4.611015972630455040e-01
-4.709640141742727493e-01
-4.713692435271077952e-01
-4.712501527711673299e-01
-4.662970572914192924e-01
-4.589121914285395065e-01
-4.844275140337104268e-01
-4.631709547288069273e-01
5.665956844628420794e-03
7.726241527488565686e-02
1.208043307203267580e-01
1.694767157180110673e-01
2.095027453124796990e-01
2.710352809989553524e-01
3.545369478048284173e-01
4.058935675429988787e-01
4.573961330753717469e-01
5.019071735068856288e-01
5.513431234952641535e-01
5.536845241235469617e-01
5.475246269566840240e-01
5.501984314034952250e-01
5.361409607212376249e-01
5.568617018967226828e-01
5.517338145197832056e-01
5.169742056128656671e-01
5.057811537844654204e-01
5.148164377271570169e-01
5.158870017091276017e-01
5.666868909253166553e-01
5.953016613890431685e-01
6.126457737009975979e-01
6.192063733341369725e-01
6.107142394134096319e-01
5.931533256970267232e-01
5.969122716626096281e-01
5.880899550447067359e-01
5.373467278571357753e-01
-4.999967034154637058e-02
-1.779736519462861710e-01
-2.364909106965140118e-01
-2.882989676521940936e-01
-3.108336403579247675e-01
-3.500250402948317241e-01
-3.616556663353202028e-01
-3.781506718091153241e-01
