1.059766281318149685e-02
2.675312876799190026e-02
5.290619282702595932e-02
4.165578871476088157e-02
7.488564582902179634e-02
1.401202882952304885e-01
2.123389566664385109e-01
2.756744661805095031e-01
3.948840581352713319e-01
4.069137247629024956e-01
3.439667767612091809e-01
3.706278736013222663e-01
3.760949607497173219e-01
3.740951029793875837e-01
4.512746401035989674e-01
5.535212310756025822e-01
6.895791564824931275e-01
7.979590049286042763e-01
8.710390462006221135e-01
8.809374828279967762e-01
9.043519517325522283e-01
8.907433936532284102e-01
8.898686228161718503e-01
9.273181458018958656e-01
1.026389062556725573e+00
1.108218743265104056e+00
1.197610228569110147e+00
1.314783961881514474e+00
1.337169985222458557e+00
-5.060056639427214925e-02
-1.159129377113448101e-01
-1.938749875872691208e-01
-2.617325637145915262e-01
-3.039999574556196960e-01
-3.687762005014831868e-01
-4.123495437898301863e-01
-4.317166327874992771e-01
-4.304201256980466073e-01
-4.042638463335041510e-01
-4.301998909998580589e-01
-3.835772545491939467e-01
-3.449506480970987443e-01
-3.233398601172871589e-01
-1.914219274709628438e-01
-1.376567439666274706e-01
-6.197372737894032979e-02
4.165070011156214724e-02
7.159786418053040724e-02
1.130039609400951828e-01
1.385968145473988056e-01
1.129362047921497747e-01
7.219511182262414173e-02
3.086261176787200022e-02
-2.378882912533471228e-02
9.925302245266068302e-03
3.133862086053355867e-02
-1.138377353018607541e-02
-3.638267963757124690e-02
-8.759105666953821701e-02
-6.708314592047691372e-02
-1.135682877561509374e-01
-1.296373929013140969e-01
-1.551794250914620976e-01
-1.778038060245281105e-01
-4.058668027547931989e-02
3.318522886029511010e-02
4.729723262800515637e-02
7.971806419671188804e-02
1.027585182041269168e-01
1.508835791733050546e-01
2.949344745947375390e-01
3.007646248753031992e-01
3.596294005762447066e-01
4.458801187237054209e-01
5.515174737923411730e-01
6.184380830301718923e-01
6.732135424254267475e-01
5.909061397776607105e-01
4.848254205728225186e-01
3.846863234272140941e-01
2.317812737829891834e-01
2.674553589353937944e-01
3.162203752882797314e-01
2.812932022800930798e-01
2.810329564157138527e-01
2.337828955695791522e-01
2.417110855803087932e-01
2.868545072856875100e-01
2.808820412590316562e-01
-4.139894397906688367e-02
-1.067886176103157725e-01
-2.781320412138399423e-01
-3.532539798904473227e-01
-3.874524098925430371e-01
-3.872272952641538923e-01
-2.629465588319198632e-01
-2.361713540550599566e-01
-1.085067055345871057e-01
2.677376571753894985e-02
-1.233399313751727677e-02
1.365204888721339160e-01
2.296334873078859362e-01
2.479241039829161719e-01
3.584920120886721517e-01
3.892769636115307463e-01
3.641884308524963587e-01
3.482351086468296053e-01
3.174358615854024901e-01
3.355762958855709188e-01
3.819850240844072653e-01
3.910284311710098271e-01
4.242810874242275987e-01
4.219130211933723174e-01
3.435535625685005590e-01
2.818139192125009851e-01
1.904287573404823963e-01
1.156502045542647794e-01
8.961443881711061987e-02
4.241788915290663903e-02
1.032172240297968627e-02
5.054291436336134924e-02
1.175022982529778104e-01
1.920922866142632246e-01
2.430556955314773504e-01
2.825888835642674235e-01
3.417574796689800687e-01
3.929782629083558021e-01
4.637682365461830436e-01
4.897271398505398388e-01
5.140666355740161064e-01
4.840486933092569832e-01
4.418619189905771405e-01
3.431502521107938630e-01
3.028620587222088933e-01
3.003041689569406758e-01
2.737271144392959821e-01
2.486872792342458283e-01
1.998402462327832918e-01
1.431074915050350449e-01
1.343930926014839378e-01
1.322442002667198468e-01
1.179337035020508462e-01
1.678294818241111153e-01
1.943945148414497337e-01
2.543800450708475491e-01
2.466660509662560730e-01
2.387822038880704489e-01
3.226474511271123502e-01
3.871108765744506464e-01
1.374339343986603346e-01
3.114244144109059587e-01
3.399036029226463751e-01
3.564539269652432507e-01
3.163562245141617324e-01
2.440205489511778625e-01
1.996624659966508286e-01
1.606920579921535808e-01
1.925089573947077748e-01
2.376879000842489487e-01
2.391061697685765430e-01
2.527326046888342392e-01
2.372656290387864519e-01
1.834751873406122447e-01
1.198915752818471292e-01
4.998874746931307456e-02
1.308930089099432648e-01
1.546979198197811212e-01
2.938802208547469652e-02
-1.320946206527253142e-01
-1.871514474881969536e-01
-2.655262626722424413e-01
-2.147003872663956203e-01
-8.973290743322885621e-02
-3.116684198356401564e-02
1.720657087118243611e-01
2.933659808936983637e-01
3.741820119446696014e-01
5.479965968893107942e-01
5.884833657713607336e-01
2.440229677645969208e-02
4.468530024899364933e-02
3.662021253840568036e-02
4.852407091792302479e-02
6.105412351628344142e-02
-1.521578165530387133e-02
5.323107476571067864e-03
-3.417412884872034207e-02
-6.112779199406417896e-02
-6.558947451280117136e-02
-1.428384014273127445e-01
-1.626041758203557452e-01
-1.734179336329683130e-01
-3.142393327968413530e-01
-3.728787261043748358e-01
-4.403568753819694370e-01
-3.815795304891419493e-01
-2.946827139864532930e-01
-2.822997828755520189e-01
-1.963417728812997809e-01
-1.473938700680176572e-01
-1.157997016183871242e-01
5.320140076402407603e-02
9.223539700345573245e-02
1.415243152580205610e-01
1.982840925793374343e-01
2.160284324186088623e-01
2.190818396737944929e-01
2.127807229859602633e-01
1.894516460965107452e-01
4.321161073344869513e-02
-3.639511260411120580e-02
-1.310968649291893023e-02
2.090730175481532449e-02
-7.497806495528755444e-02
-1.194970195692776349e-01
-2.033698219173943611e-01
-2.842110755244745546e-01
-3.134307926227771768e-01
-3.392000634861723207e-01
-3.601826048058028307e-01
-3.279281852862511171e-01
-3.567728751596480619e-01
-3.755862194961880340e-01
-3.961131276136378720e-01
-3.612747675713782192e-01
-2.476781970324086757e-01
-2.068054677977791411e-01
-1.419421879034261091e-01
-8.901092082373135428e-03
6.253511751226915882e-02
1.169067537748228747e-01
1.501755223157580921e-01
5.076752649549456931e-02
1.088245896163220899e-02
-9.708279589565049772e-03
-3.107826306286306725e-02
7.835234522142758840e-02
1.581903792173504075e-01
8.017012685931890204e-02
-1.200911582136849204e-01
-2.216925018773198142e-01
-2.854626415021156993e-01
-2.367405033984205653e-01
-2.563505042240432075e-01
-2.532798444767787593e-01
-2.676782648557117228e-01
-3.437707636071235529e-01
-3.635278119744532188e-01
-3.204225389043040551e-01
-3.605930081957895439e-01
-2.229660139605941227e-01
-2.023423677394761422e-01
-2.324153719594812262e-01
-1.718874080381138647e-01
-1.473489221385851644e-01
-7.413729707372428146e-02
-6.661793878623686882e-03
4.167292798890130656e-03
8.686982161490027290e-03
-6.600929620225636646e-03
-5.020865752145606264e-02
3.609846623437357183e-03
1.735277278256421377e-02
3.626900455267596107e-02
6.072463481760102810e-02
3.220790258096128955e-03
-6.062567638419154303e-02
-1.027879603290575983e-01
-1.584791587737361951e-01
5.122569531538940894e-03
-1.192751780247299637e-01
-1.117163183583427533e-01
-1.004925451553952132e-01
-8.541939914264218281e-02
6.960428276838206973e-02
9.099494773988645036e-02
7.654618063398839489e-02
1.002274441063572552e-01
1.478421076009713009e-02
-1.867528795403257391e-03
3.004262226165143462e-02
1.047480036881110466e-01
2.340462832390629300e-01
4.004947691650728170e-01
4.622495340855379276e-01
4.104909480674737710e-01
3.425808139118223239e-01
3.387963082369896961e-01
2.909184521966874382e-01
2.414811109126453470e-01
2.980770920537451074e-01
2.312025263979680112e-01
1.494600324732518470e-01
1.263517210390937007e-01
7.860125969510740884e-02
6.240552370847812780e-02
3.928509819086278138e-02
6.881024416176308167e-02
7.295567505690550569e-02
-6.808383288833157188e-02
-4.262853079988748739e-02
-3.020526227734313812e-02
-5.832317628821671873e-02
5.991188045237239024e-03
8.103853956487210020e-02
1.948260712940655115e-01
2.896830471433191057e-01
3.532606713916321972e-01
3.926953349160713369e-01
4.167167995542080394e-01
4.066180474979195214e-01
3.613383119967655821e-01
3.281228041141485696e-01
2.807051723688489542e-01
2.258616740726153982e-01
2.226842856798547376e-01
1.478400022788032842e-01
1.166391469976761353e-01
7.797765804173818760e-02
7.346992375968530720e-02
8.555151791779518067e-02
6.452201777039263952e-02
4.599506745603929025e-03
-4.730216508635171069e-02
-8.802761076497342407e-02
-7.985031745926615687e-02
-7.237870899060530605e-02
-1.371876409142391146e-02
-1.675354598096001971e-02
4.442645691845131112e-02
1.353959618977277346e-01
1.994194211046466103e-01
3.040624496471473481e-01
3.233698126946114026e-01
3.482740911521802207e-01
3.299556446252367437e-01
2.927502871493058989e-01
2.757090042779547501e-01
2.779966269141280200e-01
2.838283090101206829e-01
2.788174729956546249e-01
3.415216767912915841e-01
3.678432177702817829e-01
2.536402783396078942e-01
1.910113061582447980e-01
1.018181845644137995e-01
4.201419493469051025e-02
1.486771937757828607e-02
-5.560455693734052407e-02
-8.312661347714991877e-02
-3.359464718689313817e-02
-9.061139456712399842e-03
6.145049445932615484e-02
8.366095046998557605e-02
4.629904030489179201e-02
3.785854938440813555e-02
6.333768417023724617e-02
1.330910179777259617e-01
2.167442369347462039e-01
3.869967978059768443e-02
3.794001728743931490e-02
4.271196025985198041e-02
4.073833630629681429e-02
2.067220525369910938e-02
3.721045479335689798e-02
5.684680185487948206e-02
4.684224746375095089e-02
3.005623128098873151e-02
7.752201542418943325e-03
2.977395474869927970e-03
-6.872844001380706835e-02
-1.646519492581300925e-01
-1.805450459228787330e-01
-2.141737846602867479e-01
-1.950318868917206849e-01
-1.226160653007193208e-01
-6.733805293595991615e-02
5.478553662111192157e-02
2.606125873792037792e-02
-9.474136187206259885e-02
-1.090840621875290711e-01
-1.218284713831271626e-01
-2.729624878584487047e-02
1.834768330073859310e-01
2.028318293462116340e-01
2.263031284001644494e-01
2.548348938738322911e-01
2.516363533852082335e-01
2.554039503994705584e-01
1.521633279427426870e-02
-3.629296271259498108e-04
1.384766278930505551e-02
4.939770001861069904e-03
-6.190638778282679666e-03
-1.241819373535354987e-02
-2.826817682431929241e-02
-9.141507135082549418e-02
-1.404144016060796529e-01
-1.668664772578742628e-01
-1.814838798311332602e-01
-1.661786434878132490e-01
-1.209933030944828625e-01
-1.249448142742760476e-01
-4.662325236023924513e-02
-5.810189996170707361e-02
-1.073337591215117459e-01
-1.061869720052185523e-01
-6.966859470539854549e-02
1.707373194760523905e-02
1.224657703812577908e-01
1.431165803328196817e-01
1.637607562426406371e-01
1.473076303917207341e-01
1.327038884031964128e-01
1.578220044200473460e-01
1.720060741245389990e-01
1.642067002311475843e-01
1.703081554208552284e-01
1.656940685163297289e-01
-9.620127034149368248e-03
-7.635478812849752495e-02
-1.400880988074010847e-01
-1.959900406156636077e-01
-2.164367277457590333e-01
-1.930241913012174237e-01
-1.857120478559843857e-01
-1.548577554009906709e-01
-1.396575227572843247e-01
-1.065090635980922157e-01
-8.352823798159483837e-02
-1.552602409384634119e-01
-1.294999736171628946e-01
-3.227271810598314472e-02
3.824341585235206675e-02
1.838266663092077979e-01
1.901184161680656848e-01
1.774202709579581760e-01
9.121214528713907088e-02
-1.551750288944692135e-03
-4.972785303536404050e-02
-1.191518555131041712e-01
-1.222430821930061140e-01
-9.063872494054597828e-02
-1.525685869266874550e-01
-2.745889113708488982e-01
-4.530148462631894413e-01
-5.955803331881210916e-01
-6.105304501292883046e-01
-6.718864475074763920e-01
3.833368588173441394e-02
1.160367514746692835e-01
1.246743925643293560e-01
2.367146621869238854e-01
2.687520582806175451e-01
2.883214037744559199e-01
3.329530694605815633e-01
2.844653251218354773e-01
3.947855587993967519e-01
4.991426058304764268e-01
5.414105419606671799e-01
6.259210083333900387e-01
6.752421021718850724e-01
6.912977113203191415e-01
6.885885444781228992e-01
6.586545568612905965e-01
6.413718336693638999e-01
6.968526808487717217e-01
6.801032113341701768e-01
7.124297561988262029e-01
7.168966130065848041e-01
7.297598372271413281e-01
7.660448461227231665e-01
7.384717814062047303e-01
6.840086318690541400e-01
6.212048894842066016e-01
5.068365882800307531e-01
4.766823572982908375e-01
3.416315398081101740e-01
3.689394720030621522e-01
1.729834099118418289e-01
3.688941432848735769e-01
6.045733082145285930e-01
6.535619701317756380e-01
6.461540067910142016e-01
6.662229290077906763e-01
6.695746522996316452e-01
6.788152859945413287e-01
6.606345000231677034e-01
5.767797377705287110e-01
5.148005010227953981e-01
4.933867053792056478e-01
4.869632558511822196e-01
3.912253961343243880e-01
2.800369410334500597e-01
1.528792958087901444e-01
4.289146261693133066e-03
-1.320981424091663969e-01
-9.846691221802925109e-02
-5.619298308563397404e-02
-3.053127767572355600e-03
2.482642224142143916e-02
2.116553834896293604e-02
-8.917313556982216921e-03
5.252291997773926580e-02
1.359420392953840651e-01
1.362475559463200148e-01
1.445694522481344724e-01
2.417098070663519227e-01
3.590686842069188978e-01
1.209415154781422891e-01
1.833262674125476499e-01
2.541948135047639168e-01
2.517511921672636599e-01
1.670552548619314570e-01
1.018656304827132292e-01
8.197949058540345002e-02
1.281144576485165609e-01
1.378096121404381869e-01
1.519450886125123801e-01
1.367535680067378800e-01
5.525849054225083490e-02
2.238241713543547007e-02
5.667141136695159898e-02
-1.448525225360340618e-02
-2.889579629667701072e-02
-8.763312061512440465e-02
-8.232051908422677311e-02
-7.984821752764575953e-02
-5.899200587511715249e-02
3.005678968601196988e-03
-2.625825983304611033e-02
-1.046527050580143975e-01
-8.708181992957975126e-02
-6.862532793071263182e-02
4.601356262584115064e-02
1.217612805838749201e-01
2.401920852307947718e-01
2.884412516158363360e-01
2.179147700185708747e-01
-8.085731128909853793e-02
-8.690427455915419874e-02
-1.222928366770141967e-01
-9.702790058907760640e-02
-8.629742711118137954e-02
-7.623909581243457079e-02
-6.871458707918769171e-02
-1.486199367992647180e-01
-2.291907911399168607e-01
-2.924221767600022059e-01
-3.230796239893428679e-01
-3.327688529644493021e-01
-4.212217759295315278e-01
-4.137148507136660935e-01
-3.701488200085945590e-01
-3.308173649757517598e-01
-1.071022108811441886e-01
-5.657317863763098448e-02
3.513957710252062910e-02
9.105527232037675944e-02
1.763437341701187822e-02
1.134805384835098699e-02
4.411996749792720940e-02
5.119553079622155001e-02
9.394458564068874917e-02
1.043742747799183135e-01
1.085953038722132780e-01
1.202473918985258600e-01
1.020040327856984175e-01
7.184953121532984543e-02
-2.006542141042847241e-02
-7.788625925485889723e-02
-8.144186825764175575e-02
-9.732503918392931830e-02
-1.409041078333513886e-01
-1.506169348197298197e-01
-1.971030831778122772e-01
-1.895607028096004953e-01
-2.443547521603617045e-01
-3.248504137269667691e-01
-2.438901894924304647e-01
-2.605668130267891347e-01
-2.195819401995285358e-01
-2.172096601794063497e-01
-2.767175644307920401e-01
-2.552131606740861147e-01
-1.535465724175092139e-01
-5.109863437415533560e-02
4.267280793589668664e-02
5.316874625444852759e-02
1.073308173136824223e-02
9.667568843339625212e-03
-5.627188820200265326e-03
-4.240709577962396143e-02
-4.845389175522914205e-03
4.754909420151543636e-03
-1.735297666196668545e-02
-9.761634531301588424e-02
-2.820364226523114359e-01
-3.068211448473439074e-01
1.484923326452812151e-02
3.718534391315340970e-02
1.391132387223218969e-01
1.228832848933891081e-01
1.695927909041939075e-01
1.678462129274903569e-01
1.018320019009393979e-01
1.649449016434229587e-01
1.460199286875183411e-01
2.160245940371379181e-01
3.389897235009000087e-01
3.730279552822239331e-01
4.138531667672662451e-01
4.286014253885362391e-01
4.285784833344313260e-01
4.493231281885631256e-01
4.290897751498647938e-01
4.131587250080339668e-01
3.442526884802828424e-01
3.030567377742558466e-01
3.343069284689052512e-01
3.360110567680276716e-01
3.702997338038079844e-01
2.698257814446864411e-01
1.954185891211506765e-01
1.945114845608612864e-01
3.719955015679509147e-01
4.860480444225595553e-01
1.721118921408888447e-01
-9.284038668712468745e-03
-9.821125585926678003e-02
-1.650161737699555875e-01
-3.992631895719353508e-02
4.244595740570648867e-02
1.585694460393697880e-01
1.954279271583729827e-01
1.574430356028136135e-01
1.823261468390109385e-01
2.615225573467350739e-01
3.157985351448073241e-01
3.852953905789741618e-01
3.865829430829557656e-01
3.267482776197547234e-01
2.730324161243842807e-01
2.971201436672343266e-01
3.022947645751320467e-01
3.186077804252064327e-01
3.663165396267007989e-01
3.630434089457020841e-01
2.464426036466607628e-01
1.403795550546845794e-01
5.131277719579865892e-02
6.450122220163513609e-02
9.279996619270615421e-02
1.626737445899517076e-01
3.270103275338543392e-01
2.399193248602248807e-01
2.863000029640614952e-01
3.009567051278276839e-01
2.269525616669851309e-01
6.519126714634951303e-02
1.551691556465381594e-01
2.091905167702851620e-01
3.290226165462097341e-01
3.793276077618583098e-01
3.911803325491509664e-01
3.709184436042836652e-01
2.934343030237225314e-01
2.978906272446028014e-01
2.177698410478595137e-01
2.195978354033321922e-01
1.944252051258753555e-01
8.058470396076218567e-02
8.032822130587159715e-02
-4.701508827476622021e-03
-1.471651246131089330e-01
-8.813243893795158490e-02
-3.112277318973750290e-02
4.077028309326354710e-02
-9.594189503815117592e-03
1.165873168036435023e-02
2.409310708641138749e-02
1.331161859031186785e-02
1.237904941096339279e-01
2.244630644303874378e-01
2.778378515251558878e-01
3.598186730966796421e-01
3.333378052678456216e-01
2.984230253305152347e-01
3.285685790938006612e-01
-8.542606249188952616e-02
-7.763238421030529968e-02
-9.650898976568661469e-02
-1.464413756069378458e-01
-1.270607224973094307e-01
-1.611022713923245808e-01
-2.677545726669303683e-01
-3.147337471536230114e-01
-4.197719496987156740e-01
-4.204924787561905575e-01
-3.826867092572809881e-01
-3.179721198644372970e-01
-1.836061348336519572e-01
-2.719022911546119525e-01
-3.071083724760637068e-01
-2.646863642564670771e-01
-2.072750016381792459e-01
7.237314625259422263e-03
1.561873975815106785e-01
1.932760767274452895e-01
2.439883255343497370e-01
1.232919923066763263e-01
3.906156826949411243e-02
2.465385767025402713e-02
-1.511742010483830001e-01
-1.134887972521042149e-01
-1.146435299161156218e-01
-2.206141508772225257e-01
-2.050012321513197122e-01
-2.386692238693546575e-01
-8.365356142255761865e-03
-5.637528901568623907e-02
-1.014024227373954284e-01
-4.440211960062482449e-02
2.734631864107222449e-02
1.434313955258199880e-01
2.618536250871565940e-01
2.623596378965517562e-01
2.893091353901021678e-01
2.913019598493337692e-01
2.597878146175869318e-01
3.928031939079305035e-01
4.789052399852490316e-01
4.792663085098910480e-01
4.809975393510896313e-01
4.865552646728028008e-01
4.615255256835225084e-01
5.286734339675726035e-01
5.345109642234044944e-01
5.390890532511660727e-01
4.792129022779285652e-01
4.021085969944786509e-01
3.166522239557485463e-01
1.808660969641499860e-01
1.437583716293713565e-01
1.221433902613409117e-01
1.526432515214109220e-01
1.928595757569823155e-01
2.292831762304854137e-01
2.890601415888299774e-01
1.577100089599047655e-02
7.885073439417739083e-02
1.561938147845030045e-01
9.106562764238865237e-02
1.493626539602461722e-01
2.226297964686254072e-01
2.074393816731121276e-01
2.162749601236294283e-01
2.041967466619635796e-01
2.304163743702201950e-01
3.735652708827233437e-01
4.265002690532527230e-01
4.886606826798240988e-01
4.928322149457122214e-01
4.173106164055927492e-01
3.638749012583686882e-01
2.796979287344596443e-01
2.218642931336660407e-01
1.206408945069617905e-01
9.077338603303275466e-02
3.757216705573954152e-02
-3.310883974105806316e-02
-5.234505140126127776e-02
-1.011893532811962981e-01
-1.564028668833847280e-01
-4.971360097660186550e-02
-2.284313464178806471e-02
1.179978033366351348e-01
2.266354918508948768e-01
2.219582870191654511e-01
1.477206484111554530e-01
1.725179438699740997e-01
1.519168080929099718e-01
3.151643420916038218e-01
2.658801148579397200e-01
3.108898613596050020e-01
3.529958231114001532e-01
3.013483140153470075e-01
3.580673390525235256e-01
3.553664707976326720e-01
2.840832105947819763e-01
3.262853733823480318e-01
3.446942004642421509e-01
4.512871437444574974e-01
5.552984504745541727e-01
5.048547338671536266e-01
4.063555793634691105e-01
2.414974676541605803e-01
8.473980890676291455e-02
8.192568361773168439e-02
2.976379777425300355e-02
-1.913040266117271154e-02
-5.337134265505978636e-02
-1.572522881096295455e-01
-1.586611885490550877e-01
-8.980980761201509677e-02
-2.810488464392481289e-02
9.461520651867193210e-03
-1.328458965653568288e-02
-8.018748253880096655e-02
2.220057339041982909e-04
8.853119232065478905e-02
2.490802717952259604e-01
3.092050830102236469e-01
3.501544114413484565e-01
3.418707179966662957e-01
2.518861994902138468e-01
2.127538667857422072e-01
2.348360141360089359e-01
2.006504344953804475e-01
1.384241841345690560e-01
7.336028918161496826e-02
-2.270416241689847403e-02
-6.615818551474993148e-03
2.521614605721077956e-02
2.697264265748392648e-02
6.732699905309982857e-02
1.756204629093391367e-02
-6.429914040110233653e-02
-5.605253896395611529e-02
-5.334214639323252988e-02
1.107234863610869202e-01
1.734877718216326081e-01
1.827787983770102764e-01
2.195274806186815753e-01
2.437125808761044787e-01
2.756057803461869904e-01
3.161847741635870346e-01
3.472288957925679376e-01
2.894012531413445721e-01
-8.509542106867454270e-02
-1.208646788528566773e-01
-1.970635098773202143e-01
-1.632408906848887287e-01
-7.324916719023466527e-02
-1.164602224912212602e-01
-1.841677767262011600e-01
-3.138144439637511329e-01
-4.174569554986979902e-01
-4.093848661251501819e-01
-4.337947878868547713e-01
-3.932524970904185957e-01
-3.479920169430659738e-01
-3.825129374799511317e-01
-3.934392836225736323e-01
-4.883460024933312105e-01
-5.280654323863052113e-01
-5.373257472285886127e-01
-5.328277133195823412e-01
-4.038759305551289924e-01
-2.086173627209735315e-01
-1.115541424654292180e-01
-7.374116317835661960e-02
-3.947628108921626827e-02
-8.157038770462407551e-02
-1.190142911763413941e-01
-1.842002383806594923e-01
-2.466104614471541501e-01
-2.294384216028516055e-01
-2.181831645572601674e-01
-4.058947427998587341e-03
-6.147801197743602009e-02
-1.415496640445358945e-01
-1.894597112516518411e-01
-1.939357161939000151e-01
-1.917646618677533721e-01
-3.360304767499088796e-01
-3.269510365340624891e-01
-3.244733492443874767e-01
-3.309248249750486592e-01
-1.886069726319373197e-01
-1.630716641181011173e-01
-1.037095229198033292e-01
1.568983270717133616e-02
-2.206791009398365727e-02
1.709521119218607860e-02
1.164158895629592572e-01
1.571441965546938047e-01
1.971171918176754523e-01
1.948123647288755311e-01
1.665747310118324831e-01
1.785002923557735266e-01
1.978417595926391381e-01
3.279829795056561359e-01
3.169075497684769038e-01
2.319430356675026839e-01
3.240938654579120226e-01
2.703288920890414282e-01
2.068516046753287596e-01
2.168290579054873435e-01
-1.334382991699936127e-01
-1.607933048694057954e-01
-2.155262975125796787e-01
-1.943731844168974932e-01
-1.940573415728099327e-01
-2.235746577085040432e-01
-1.377656053070275832e-01
-1.394013602841347454e-01
-1.567706635341593602e-01
-1.626361315331428803e-01
-1.649124832425189757e-01
-8.901139949798064777e-02
-6.636463786168095291e-02
-8.274520257346909546e-02
-1.208452359922085051e-01
-1.275847879757567860e-01
-5.331565845024052730e-02
1.099371217725302330e-01
1.758997363703838079e-01
2.321618639616069291e-01
2.127571913737475451e-01
5.665501361398833646e-02
-5.782409288280331017e-02
-2.069728174861435455e-01
-2.823230917864282818e-01
-1.840725479251706931e-01
-1.829649591925737451e-01
-1.571864424405698124e-01
-1.179131597295574041e-01
-1.785466714698666912e-01
1.944808972357492394e-01
3.168559341844110477e-01
3.675058440807844606e-01
5.234391370492020856e-01
4.100122035968174483e-01
3.682216272779593735e-01
3.721379354168976028e-01
3.288427171761866830e-01
3.862543505782358721e-01
4.222746554385991558e-01
4.525944531101574464e-01
4.576011411060748602e-01
4.116230292722194428e-01
3.289975193009114784e-01
3.284025384072642439e-01
2.362451714663473257e-01
7.319539927029006243e-02
1.527526584554003003e-02
-4.524869254839830601e-02
-6.172318588732970956e-02
-1.067727819784373838e-01
-1.409024911871196994e-01
-1.556218238734047576e-01
-1.925873905738920699e-01
-2.025855456745146166e-01
-1.886706812155298507e-01
-1.861084384413065063e-01
-1.842025646084022583e-01
-1.877947244375853808e-01
-1.369915964639564498e-01
7.798812757703850462e-02
1.506156658181661001e-01
1.921966919781510907e-01
2.441594535661883170e-01
2.535472505578519886e-01
2.575212998670292630e-01
2.531894903465272129e-01
2.375196957703633038e-01
2.197792246447015652e-01
1.828647863321961331e-01
1.074545929345519651e-01
9.216750610267689103e-02
5.239586140572165956e-02
2.165047657428658887e-02
-7.616168118157500694e-03
-1.098553597124312248e-01
-1.086134719349158562e-01
-7.149396412824890468e-02
-3.695077125584617095e-02
1.406539330982672920e-02
3.782011149371482250e-02
4.806714658791782363e-02
5.939951487019162063e-02
1.382112972212353186e-01
2.753359271213007275e-01
3.636751148674280953e-01
3.913991975928228784e-01
3.805775636409113316e-01
3.473829965245559537e-01
2.836768636391144849e-01
7.341751459023377994e-03
1.658518376480252327e-02
5.374030407168448389e-03
-5.118267800658494321e-02
-1.736721073215821975e-01
-2.521507601777553953e-01
-2.820830299172186195e-01
-3.002641689469436881e-01
-3.376948264435341573e-01
-3.426014458201067647e-01
-3.039760063854307082e-01
-2.660211089010444674e-01
-2.739172471281178245e-01
-2.897462381970783429e-01
-3.056363441103419620e-01
-3.318843987390008299e-01
-3.712025845338915442e-01
-3.120446067870086826e-01
-2.233383832061685559e-01
-1.201050795298695684e-01
-6.182295789652231255e-02
-5.361996013292431168e-02
-3.187524776718062697e-02
-3.340170447417008248e-02
-4.499654126797673209e-02
-9.917523391529119159e-02
-1.959698612265378115e-01
-2.623108680264057413e-01
-3.325330728042940054e-01
-3.297880125097104598e-01
4.800219266021836517e-02
-9.580974133843650486e-03
-1.340425081523113383e-02
-4.582405036098523982e-02
-1.295423501255366094e-01
-9.193567336489730235e-02
-1.146839277922437061e-01
-1.152261834998353912e-01
-1.285589458329492452e-01
-1.335743577976001850e-01
-6.236862087070585425e-02
6.040497982192212512e-02
1.626629613616899506e-01
2.543372194029510647e-01
2.566489992006015797e-01
2.302735481097975545e-01
2.294118582510449866e-01
1.769934498150173563e-01
1.553285035448181139e-01
1.340252489785552226e-01
3.395730626400966790e-02
1.078285418548541666e-02
-2.489241192056268134e-02
-4.929459597608096266e-02
-5.443296289849047093e-02
-3.899863590848464540e-02
1.868746766750022797e-02
8.887064856734736007e-02
1.370331633357115830e-01
1.106360823758512357e-01
-1.062032169817424265e-01
-1.009613170869443216e-01
-8.791984244287867623e-02
3.836708877825084629e-03
1.706793873259147831e-01
2.751860917210324775e-01
3.106160845740296716e-01
2.677409372502912444e-01
2.232064387985092102e-01
2.072110004709028508e-01
2.137914190845029705e-01
2.394194530614439653e-01
2.008950031512415635e-01
1.293725549583562007e-01
1.208321681106033774e-02
1.187778277693195619e-02
-6.108915196031839551e-03
9.540968051363108576e-03
-1.493542689438398172e-02
-8.331362197202998865e-03
-4.662443620151185408e-02
-8.594494614536658805e-03
4.202829911131059776e-02
6.440722594671313694e-02
1.439507198867615578e-01
2.177030820897271624e-01
2.548923137532560501e-01
3.389647586982603711e-01
3.595549435015382711e-01
3.996973201292458588e-01
4.827961737451078039e-03
-5.608946064408399518e-02
-1.342289776777373100e-01
-1.181496982638131910e-01
-6.535247386314532725e-02
-1.016169692329329244e-01
-1.919996757195502890e-01
-2.396635861025379066e-01
-3.130752744276337207e-01
-3.384601324843145576e-01
-3.808839262007568949e-01
-4.385084007874249235e-01
-3.974633655065369919e-01
-3.101585088438367777e-01
-1.741734828391814094e-01
-1.440232733468544413e-01
-1.464407900525065143e-01
-1.331455761699622542e-01
-1.254460748265679992e-01
-9.563181577027729530e-02
7.148512881049709500e-02
1.743259361920400374e-01
2.015996232766947560e-01
2.308257924134642924e-01
1.046378444987241529e-01
3.600335867503105802e-02
4.604511082677717471e-03
-5.355417951785760439e-02
-8.198763471221054422e-02
-1.573173308525389613e-01
-8.957623309175954951e-02
-1.204795530697009565e-01
-1.315065356134635099e-01
-9.278397221580794718e-02
-4.990849393169183995e-02
-3.612282283814845230e-02
-9.521475636191448211e-02
-1.802229472976710489e-01
-1.355177541356045734e-01
-1.149627017113159372e-01
-4.474923734011181098e-02
2.285789793284762061e-02
-1.027307623919079815e-02
7.226447499207157288e-02
1.595113040852682018e-01
2.121692639853602902e-01
2.319163306254036772e-01
2.010896076352485240e-01
1.124689568077303775e-01
5.170053146125698496e-02
-3.358144877375238146e-02
-7.523747952535403405e-02
-5.397786832678569402e-02
-9.036046845113787640e-02
-1.621739445940748037e-01
-2.116142777327385538e-01
-2.811428859408041103e-01
-2.464256663046727469e-01
-1.897935249322436624e-01
-2.009184503234118513e-01
1.403228683873477883e-03
-2.674902330696230998e-02
-8.224391970917117878e-02
2.048951231457894762e-02
1.574837370674336823e-01
2.533293382272258087e-01
3.116521789252144625e-01
3.057838682137986042e-01
2.409177516430078825e-01
2.423532430053442766e-01
2.528855631590880559e-01
2.733724635998352470e-01
2.945847417584824268e-01
2.650513687694859843e-01
2.361475825709263288e-01
1.488898467881159260e-01
1.465878462704393870e-01
1.667589630828725800e-01
1.142632684275732835e-01
4.102793913823053751e-02
-5.599107015488724581e-02
-8.019084013780829190e-02
-3.996627461628680239e-02
-1.519092064079456683e-03
2.330975558491305347e-02
4.644709778671599759e-03
-5.144656634107536500e-03
-1.040142490242248335e-02
9.867992911666972899e-02
1.890784031261145137e-01
3.222462555663950512e-02
5.794122021198898354e-02
3.844323339596870948e-02
-1.226249975988095986e-02
7.323049212490258253e-02
1.664698022666410426e-01
2.059977907716321610e-01
3.233810773117554715e-01
1.745559031256668225e-01
-2.244135382012832358e-02
-1.211206471349025732e-01
-2.861767383713670343e-01
-2.788579921982879961e-01
-2.603082214802804328e-01
-2.421888454050725170e-01
-1.842617731958903493e-01
-1.356441715351794641e-01
-7.587947074865944441e-02
-4.739193011714770698e-03
1.228594681830595670e-01
1.548029473122448096e-01
1.488559768588100241e-01
1.483833293144342091e-01
1.154856800963645486e-01
1.245993660153952853e-01
1.504127919938639812e-01
1.539732633475659196e-01
1.653436898997168725e-01
1.539607110245585775e-01
1.362335997661333342e-01
-2.908990842673833330e-02
-1.463172069697607491e-01
-2.561096447653586905e-01
-3.027324209513490016e-01
-3.716377239778601016e-01
-3.673537103293434414e-01
-3.960947993020687563e-01
-3.923492664431457722e-01
-3.668316260342925905e-01
-3.746858155958316394e-01
-3.816721390955583049e-01
-3.518906398063005869e-01
-2.809749985747498902e-01
-2.728852744956404286e-01
-2.530206446579827406e-01
-8.561585208202768249e-02
8.160046274246851583e-03
7.812861255950612205e-02
9.043375398491443340e-02
3.645508245068720260e-02
-1.440310130212738016e-02
-6.399023385504556960e-02
-5.245950751239498999e-02
-3.743190030644346494e-02
-4.314987508245615028e-02
-4.358534196496508667e-02
-1.368972864014166568e-01
-2.598444076204344810e-01
-2.715563187645552157e-01
-3.094614801864675191e-01
2.927672705446017834e-02
4.586738802051752717e-02
5.133038372363559615e-02
5.657088857974154616e-03
9.521095051395042641e-02
1.520961880009149558e-01
1.211635521741028509e-01
2.233917866779095152e-01
2.900527311997259661e-01
3.490845277064824059e-01
4.067331878582483018e-01
3.966501422314599457e-01
4.215596591372128832e-01
4.438003472068119959e-01
3.786873031227064867e-01
3.799879212623388236e-01
3.733965112411272713e-01
3.802530137828053491e-01
4.425432938174419517e-01
3.961416094081877670e-01
3.413315207001463847e-01
2.525332952425203281e-01
1.163513216209111634e-01
8.886776913506250208e-02
6.461615396757636187e-02
7.948168845913830549e-02
1.211749768124782412e-01
1.112095057590161695e-01
2.073671512784473758e-01
2.225323827138439847e-01
3.520138220340555957e-02
1.163296220705740264e-01
1.285744604136954683e-01
1.697984898571276713e-01
2.436096619299688015e-01
2.421228370394076235e-01
2.566841103534884816e-01
3.026036314027659158e-01
2.375117136766127790e-01
2.912513418495508710e-01
2.782647130559266491e-01
1.978768416945622111e-01
1.349556923201217229e-01
1.920681616316792517e-02
-5.034977807486482049e-02
-1.433437119079696009e-01
-2.118028716831490688e-01
-1.707326760361186357e-01
-1.785080376210675668e-01
-1.318635101501155205e-01
-1.034151763094216109e-01
-1.350819225123265077e-01
2.130226343301516723e-02
2.941558605075182339e-02
6.154431854406890168e-02
1.736694675325852755e-01
1.798386734369676609e-01
2.336116182607049507e-01
2.381185246169804925e-01
2.488798512292860754e-01
6.051668483733914534e-03
-1.922166364724656878e-02
-4.223907168395472922e-02
-8.907424176023132079e-02
-2.531284703722709306e-01
-3.452120108204990157e-01
-3.907169408072821981e-01
-4.322308945555011772e-01
-3.566638538424192761e-01
-3.533356922117883991e-01
-3.496019507015726835e-01
-3.514034708864633427e-01
-3.468317421688554836e-01
-3.119092457698964260e-01
-2.701164482974953152e-01
-2.386838823293590817e-01
-1.071765972672819311e-01
2.809311140340434165e-02
4.695816414201699207e-02
6.227190370209874370e-02
7.102261389814862325e-02
9.239027456046479403e-02
1.081700176423969345e-01
5.824281984665271444e-02
3.657356659875862087e-02
-6.735559990826212040e-02
-1.485998917478672521e-01
-1.917440279140196213e-01
-2.413166958985910049e-01
-2.373841605853343750e-01
4.827714426624196697e-02
9.489610158174419108e-02
1.769987194206673331e-01
1.531839142348019600e-01
1.671905449856359027e-01
2.207378152962619910e-01
1.724698587662835403e-01
1.894067964928189129e-01
2.414730096833848094e-01
2.604897876978433113e-01
3.019379801208592062e-01
2.882069292546710626e-01
2.388645423168390958e-01
2.519722368987573069e-01
2.317635897853551619e-01
2.158354157758302638e-01
2.499472242007031442e-01
2.978172751383187378e-01
3.054407112709147665e-01
2.940290505795953302e-01
2.362554276186349944e-01
7.144390582406029422e-02
2.960854409342483784e-02
-5.368222244412412802e-03
1.535710144026288665e-02
2.553635106978907610e-02
-1.623847322365842144e-02
-3.953337450194260166e-02
-5.593627579090756918e-02
-5.120304608651158468e-02
1.098403010437019704e-02
2.490374083666831162e-02
1.871297619349533703e-02
4.861983882065680496e-02
1.762390416026248241e-01
2.644568511280194767e-01
2.892911572336391290e-01
2.927231126934914940e-01
3.002400207927762299e-01
2.886617888325143100e-01
2.890587557731253976e-01
2.417322696708167351e-01
2.817921845468236985e-01
2.554113178781003968e-01
1.722598245532238059e-01
1.262436612766876520e-01
6.356344994437247709e-02
4.717975900748612450e-02
2.830912248713971305e-02
3.917815227421239666e-03
-5.522073276925158064e-02
-1.150319182744302116e-01
-1.762706307984217569e-01
-8.577123121440503872e-02
3.659007016625591413e-02
1.241457194985108592e-01
1.739673350155518383e-01
1.451219029175535025e-01
1.383533831184468044e-01
1.990680933887794823e-01
3.323929340084071093e-02
5.312889778981393085e-02
4.681513666686640263e-02
3.160410988886938610e-02
4.660831986628294343e-02
-2.197112228222718178e-02
-1.165252551165115447e-01
-2.119229217288723377e-01
-3.374658739411088848e-01
-3.961914669653621157e-01
-4.610161004160093778e-01
-6.273020654779114524e-01
-7.205095253666959909e-01
-7.781189482453457762e-01
-8.059377622359410465e-01
-7.935734731502381845e-01
-7.888518633093225541e-01
-7.751929085039727108e-01
-7.870558958867833743e-01
-7.743685144114529351e-01
-7.156018224160923813e-01
-6.497648029472254949e-01
-4.835246600389473959e-01
-4.208431087707391605e-01
-3.580603896522744911e-01
-3.228997323815030462e-01
-3.100504447826654131e-01
-2.824965396618326352e-01
