-1.207023948445068787e-02
-2.593215209225025603e-03
1.559809812861792655e-02
2.372040902643990368e-02
2.578215449367325662e-02
2.168441503261796591e-02
3.001142788803762285e-02
2.348461952524678875e-02
1.231501468943086222e-02
3.634480466086284500e-02
7.601735935437717306e-02
6.513587642343321438e-02
5.139215273567377534e-02
4.529658383107691699e-02
3.257691913292356384e-02
2.003329468380572742e-02
3.634174695896943280e-02
5.264581074550644946e-02
6.032499441201515794e-02
6.372235191969122248e-02
1.338267849691034128e-02
-2.613091120553250740e-02
-7.413223982516582017e-03
1.010671443501951275e-02
1.010509511914842000e-02
6.907091550006839303e-03
-7.898821873423955003e-03
-4.689726690270092091e-02
-4.759715356941406073e-02
2.521381989019386410e-03
5.891521278015641322e-02
1.478251499746764674e-01
1.559190706539275162e-01
1.424907342244412511e-01
1.104601044921759700e-01
9.366265622722300122e-02
9.906734529608929307e-02
1.188121963743508647e-01
1.195317489474475303e-01
2.337257090986367691e-01
3.010853811484552889e-01
3.093300486646442526e-01
3.277337421806388873e-01
3.335723532680753278e-01
3.419834171071662876e-01
3.352246955892485558e-01
3.448571894604934851e-01
3.502199625003236672e-01
3.837716090533185853e-01
4.221319707343671457e-01
4.060207030129354688e-01
4.134717278467046064e-01
4.187673075012188217e-01
4.328452029495826747e-01
4.431585088002911177e-01
4.560066563986264199e-01
5.053840013498834827e-01
5.337715747077349526e-01
5.438339627663589804e-01
-2.425356203653833073e-02
-2.173278687034999046e-02
-4.710282606235240838e-02
-4.784497841500438831e-02
-5.845115948746155282e-02
-7.363739061062082869e-02
-7.249295582183494513e-02
-1.024747483002479975e-01
-1.224035319455216292e-01
-1.681778670698019229e-01
-1.512613527624760978e-01
-1.344582006933596474e-01
-1.547466231443429541e-01
-1.444509242264371551e-01
-1.435105512478633272e-01
-1.513994153465746395e-01
-1.749347367071979742e-01
-2.814619950834122974e-01
-3.112476190091061912e-01
-3.269152073493252764e-01
-3.400976447671744674e-01
-3.164976361105368285e-01
-2.867122095494748502e-01
-2.836843594199834340e-01
-2.891316274516776974e-01
-2.962636013099975152e-01
-3.629871909342002323e-01
-3.804273014212490867e-01
-4.110458939010908641e-01
-4.262756920693155371e-01
-1.762976093199034727e-03
-2.845824784642667950e-03
-1.355941814625983080e-02
-4.823241469674235948e-02
-6.329669305108716337e-02
-9.312862321138705435e-02
-1.191470689442995640e-01
-1.435993826215934965e-01
-1.409875292820052806e-01
-1.332835431346673927e-01
-1.530276626520133687e-01
-2.418039730837462931e-01
-3.453774458736875164e-01
-4.018636008292766348e-01
-4.386095215203478226e-01
-4.286449400094123341e-01
-4.415422263486731835e-01
-4.361181078728141869e-01
-4.297122978028795615e-01
-4.529098399517540452e-01
-4.694978910529637450e-01
-4.623709403843079824e-01
-4.621403900251017105e-01
-4.752343809588903123e-01
-4.764700825271123708e-01
-4.994828468180299019e-01
-5.213869602492956501e-01
-5.788461127239495907e-01
-5.471718191551584454e-01
-5.379961900036130951e-01
4.229042147083046828e-03
-1.249985793916566154e-02
-2.599430530361460101e-02
-2.387875725430685381e-02
-1.324150956542653225e-02
-1.703239822306835266e-02
3.449352048072673593e-03
3.534075768452088484e-02
1.199006671203894508e-01
1.825164589177237229e-01
2.035462161090896005e-01
2.094923266073772383e-01
2.089496418695828694e-01
1.933109482822486513e-01
1.919325279387417704e-01
1.834202526405993849e-01
1.864504466640327374e-01
2.030257121973849943e-01
2.168166378731271882e-01
2.360526768120678465e-01
2.580146347829376241e-01
2.595085255119878309e-01
2.685308835876696887e-01
2.839884385023547786e-01
3.254181474346427572e-01
3.629874622491588987e-01
3.726440712529132115e-01
3.503134118376909356e-01
3.142251502298612498e-01
3.571803147359381425e-01
2.930629966487120416e-02
2.596467442289778979e-02
2.474393268147886613e-02
2.798817732471899772e-02
5.013732612146017120e-02
9.652799287417382357e-02
1.227199404159366181e-01
1.508768868346156422e-01
1.886168181622175366e-01
1.921986678199385234e-01
1.887804659196208878e-01
1.840691682602420554e-01
1.902486102879686891e-01
1.791956308550860244e-01
1.736016080766131509e-01
1.600379684528945301e-01
1.558045536634400097e-01
1.640559531347963174e-01
1.785693928089518157e-01
1.954405965400815015e-01
2.068937699451216250e-01
2.348641190813522683e-01
2.526016537616900259e-01
2.575334580099439830e-01
2.394842457634711319e-01
2.124229664645615467e-01
1.651535082011839906e-01
9.465655682662850456e-02
9.428413732471116471e-02
1.166423943582535760e-01
1.123253851390702135e-02
2.993322287049635100e-02
3.085249077152402153e-02
4.227975712580014922e-02
5.559424170950066219e-02
5.413139674788846473e-02
3.891705840692323559e-02
1.967812273951104196e-03
-4.565295966797913718e-02
-1.014828239867396065e-01
-1.357031771705392575e-01
-1.593865583895303917e-01
-1.364167582807799262e-01
-1.037441991848739309e-01
-1.717538102971937208e-01
-2.173414456876454626e-01
-1.908462611330345449e-01
-1.821703642822999902e-01
-1.526287258420510329e-01
-1.409107785275953428e-01
-1.646686552080524335e-01
-1.923787483196778281e-01
-1.955399728434098761e-01
-2.020786920979346646e-01
-1.867982892290832309e-01
-1.744632064491741241e-01
-2.061410049556796631e-01
-1.937741265987229233e-01
-1.897066740390381256e-01
-1.971335292021643981e-01
-9.338304174853721959e-04
-3.392336149624346209e-02
-1.336626608030560548e-01
-1.216069663700677095e-01
-1.105361615043734119e-01
-3.308763022115134012e-02
3.865162949005603032e-02
1.053019983356863615e-01
2.191941389318310118e-01
2.355775431799327635e-01
2.353949649224402196e-01
2.391889632868144100e-01
2.489662752945444868e-01
2.395180151798182167e-01
2.231517787649893725e-01
2.282344072028710813e-01
2.338001128467709355e-01
2.552476812948833995e-01
2.475789762716257003e-01
2.431773250682410792e-01
2.331473511880403082e-01
2.449043356526321158e-01
2.855493409694326301e-01
2.390071588758498067e-01
1.040970251634294463e-01
1.088533178233670462e-01
1.201634143250268905e-01
5.452237335287306308e-02
9.084016211128223550e-02
9.932360513967142257e-02
-1.698991163522805279e-03
2.012995600624153600e-02
5.124101869565115402e-02
1.092642975127583321e-01
2.959593384847130637e-01
3.121457278845234384e-01
2.987801660709384355e-01
3.057137047010480280e-01
3.014217650338487098e-01
3.019079210384594258e-01
3.028971149645872663e-01
2.740817226581202526e-01
2.729388416613727220e-01
2.520069459739183726e-01
3.015372342320550847e-01
3.001198267444766254e-01
2.972768411120753629e-01
2.929757148748441953e-01
3.630555853955241830e-01
4.499983024711187163e-01
5.009567604967970489e-01
5.503794065704951111e-01
5.454451332647798356e-01
5.069564850262863187e-01
5.487402180379915562e-01
5.932517279153194378e-01
5.949160484840252394e-01
6.293284233958547080e-01
6.605087258442494669e-01
6.892813747893128395e-01
1.308056170963792231e-02
2.525913311473710482e-02
3.463053561331287666e-02
3.483558308474047488e-02
4.544218082152121779e-02
5.026589552756779988e-02
5.436974356604726277e-02
7.944144321218396532e-02
9.118826066525705099e-02
7.572043559076456487e-02
5.760242987877077503e-02
5.060453222594155781e-02
3.584518616158269277e-02
5.549000148787134462e-02
1.312641539944480740e-01
2.429432342009471557e-01
3.516137219942994108e-01
3.499536502753548550e-01
3.329583726047540271e-01
2.931757517964967419e-01
2.317283939318555142e-01
2.158886586975218846e-01
1.581347952617334907e-01
1.123659998653288861e-01
3.933407721028218951e-02
-5.231144511819857401e-02
-1.076581385220534010e-01
-9.959385709074795867e-02
-5.386391805523555593e-02
-3.039367196633547055e-02
-3.118208042363838570e-02
-1.567828977576107841e-01
-2.263969482281253387e-01
-2.389160918329052141e-01
-2.238316557465366285e-01
-2.193714166708864155e-01
-2.209867707489912014e-01
-2.135010983019889619e-01
-2.366753697791194877e-01
-2.593067020894150865e-01
-2.732724457297692755e-01
-3.071491537553488471e-01
-3.154893983642786393e-01
-3.460599336128629688e-01
-3.315229197492972069e-01
-2.938225166054322934e-01
-2.074851935950503545e-01
-1.872072509013553154e-01
-1.706578326993894446e-01
-1.708166232987938238e-01
-1.183143651856599227e-01
-7.248306587982412952e-02
-4.039437290082098508e-02
2.244850368633075077e-03
-2.587933454087945964e-02
-4.723084975654970319e-02
-7.255595330454743530e-02
-8.606532316211687461e-02
-7.357007207155068229e-02
-6.427399593631000219e-02
3.037572997743890214e-03
-3.554939853884794138e-02
-8.036314258566432112e-02
-3.016754295390208784e-02
1.109473156903986735e-01
1.491585708246656317e-01
1.774812282440212663e-01
1.737603994189929613e-01
6.410827448417211194e-02
6.735010447123770949e-02
7.857696768936402176e-02
1.164418428262060795e-01
1.535963692660915758e-01
1.893578287375865254e-01
1.753654613925308969e-01
2.049932621043888958e-01
2.794409620920660919e-01
3.144334774125098209e-01
3.765920804977936354e-01
3.871136222487999157e-01
3.840270010602492845e-01
4.027000377923447560e-01
4.254364178285918174e-01
4.874883400770800845e-01
5.605297543683616102e-01
5.846988602155347436e-01
5.994760271628732928e-01
6.105050643956101419e-01
6.276675258353963116e-01
6.408507813337789294e-01
9.870276997142896774e-04
-4.150769823607004111e-02
-3.330613963641114450e-02
-4.058759798229515797e-02
-4.972924450519332351e-02
-5.716198377227515309e-02
-5.092796215359998713e-02
-4.049512881749280785e-02
-8.252823114869252408e-03
1.774813629668894194e-02
3.607119301440405573e-02
6.465549123268883591e-02
5.125461237292877614e-02
3.044772270350083396e-02
2.575184993882518106e-02
2.159695813487820179e-02
2.335693669671365380e-02
1.585618089678761042e-02
1.910892670943650090e-02
2.100511248481943399e-02
3.547412285920999858e-02
5.885321988511064972e-02
7.631529137888519443e-02
8.011547327689960696e-02
1.100300402716568315e-02
1.642818581133249911e-02
-1.964267423789847755e-02
-8.881760551803521975e-02
-1.471088791884165303e-01
-2.501009625925099678e-01
-5.460232887242500582e-02
-7.075080182779168447e-02
-7.922961140159601179e-02
-8.257080306949508841e-02
-1.013062809746450854e-01
-1.278113431817813894e-01
-1.529644143965992742e-01
-1.198164414895477869e-01
-1.082233664110889559e-01
-5.058752782612616072e-02
-2.711803890121908256e-02
-8.864208421570538010e-02
-1.733101448215857432e-01
-1.940090757648230135e-01
-2.120022427115074992e-01
-2.618355781104345636e-01
-3.134534022801056530e-01
-3.397848232184961792e-01
-3.706862749160932946e-01
-3.584282615758460633e-01
-3.555191451834731065e-01
-2.960310952842055143e-01
-2.237891015498940095e-01
-2.287882584076949832e-01
-2.221611834035736588e-01
-2.368858745756002027e-01
-2.302302170183033181e-01
-2.567415414100905902e-01
-3.439873705536771187e-01
-3.712143383492284010e-01
-2.160212017971030463e-02
-3.562687254839015660e-02
2.317369029935387181e-03
5.825262057210359168e-02
7.356055855830437307e-02
8.961721978294207025e-02
8.678247795226566585e-02
9.118528399540332119e-02
1.073094945333000066e-01
1.181535848025931923e-01
1.286506976134461633e-01
1.595544167300581850e-01
1.642235063305860221e-01
1.960767138000007459e-01
2.454425833620951236e-01
2.626694765451439983e-01
3.169963421691557315e-01
3.620477021433475273e-01
3.692340200606124556e-01
3.721237473476378677e-01
3.621653283585766769e-01
3.462971112021455133e-01
3.571941059600738377e-01
3.741403121822649003e-01
3.822020911212369865e-01
3.869497998136662842e-01
3.347125608216581782e-01
3.385258626626528322e-01
3.804853702783511649e-01
4.204940910617673278e-01
8.024649872953946994e-02
1.065940963756385057e-01
1.314668338371625389e-01
1.340913777975579479e-01
1.335363799753162828e-01
1.362602745142801608e-01
1.453803119993724857e-01
1.475908239427576318e-01
1.367167371011432930e-01
1.310897048876973336e-01
1.397457367427592245e-01
1.610067920666256314e-01
1.805320264059143698e-01
1.898696146188088574e-01
1.917969752719621002e-01
1.983713831344221246e-01
2.161167475432052010e-01
2.064875838698128074e-01
1.823587749100790967e-01
1.838635886086052440e-01
1.934768727218061923e-01
1.447026836448269960e-01
1.079508145666334962e-01
1.026233798740852354e-01
1.131060897184517633e-01
1.387477890940365111e-01
1.328930623224661434e-01
1.126511702967956108e-01
1.195126356576096532e-01
1.186370364454604615e-01
-1.723311750311907380e-03
2.691191162579621536e-03
-1.662816627453440541e-02
-3.939405614677429779e-02
-6.187738452176233528e-02
-9.380332108213788878e-02
-1.673244892783511406e-01
-3.112334394812010796e-01
-4.475230966427882207e-01
-5.514535039989592047e-01
-5.589516214388309256e-01
-5.322883361566442817e-01
-4.624865221471656795e-01
-3.742803994807734069e-01
-3.550386501519931515e-01
-3.259286996052297991e-01
-3.612891939263090380e-01
-3.916350303828693979e-01
-4.066059948642165578e-01
-4.045002822308682577e-01
-4.615971344863098458e-01
-5.142664341188127874e-01
-5.916754860041089081e-01
-6.925235790477189957e-01
-7.111294381368405970e-01
-7.037548048196801131e-01
-6.753603963984083913e-01
-6.523705176239926740e-01
-6.079242597595985176e-01
-5.782742092408403867e-01
4.225259560353251953e-02
7.987930218602197485e-02
1.395016211195021505e-01
1.426047302531568417e-01
1.554947607172743607e-01
1.514580939023361661e-01
8.004233856554586468e-02
8.611593738922397601e-02
8.023106731349030629e-02
6.314744996488118323e-02
5.514130682901659253e-02
2.912002346896759922e-02
-1.398668209191604797e-02
-1.057702704351748818e-01
-8.327131590871669764e-02
-5.543633498004595789e-02
-3.984719168637865239e-02
-9.511931758413933596e-03
2.946291362745696515e-02
1.027726904335519581e-01
1.402415796584013385e-01
1.407933395542343702e-01
1.290668006955421054e-01
1.296160815442525260e-01
1.188492964850061534e-01
1.314688757687148268e-01
1.453747496084272783e-01
1.252539235645973859e-01
1.021983720861298073e-01
1.071856052455366359e-01
4.336533288756423687e-02
5.334680321461104935e-02
7.060539733167091325e-02
1.020056944719420489e-01
1.355347908300767179e-01
1.738941918761691408e-01
1.570026698809934840e-01
8.747409092827533594e-02
1.593485646571112246e-01
2.075848237852934985e-01
2.000064334164594337e-01
1.607102304890700717e-01
1.586650030927493626e-01
1.503905609838120938e-01
1.669277336608119278e-01
1.928986601863086625e-01
2.392695582929467712e-01
3.059135491002332730e-01
3.424631165431751278e-01
3.696794897638390198e-01
4.010146590831471514e-01
4.240639582301797827e-01
4.513418170985970534e-01
4.560305609019191242e-01
4.967861855517088920e-01
5.751923448065909827e-01
6.427178265432182958e-01
6.501175575836711795e-01
6.395679910165629201e-01
6.320769504483385592e-01
-2.352873608505228961e-02
-1.548688453918582904e-02
9.636940293686334022e-03
7.707488959463153211e-03
1.231941469724271571e-02
1.380978607972089753e-02
1.373470741291547836e-02
-1.706564390450306459e-03
2.345509438792598572e-02
9.428454920565329522e-02
1.419364550696108618e-01
1.808405810512135337e-01
1.978118731215263437e-01
2.088262425873324002e-01
2.118097512219650758e-01
2.219585451492881445e-01
2.232410005560577504e-01
1.788939620884171799e-01
1.301394232118130989e-01
1.222681350499708469e-01
1.011041073091877018e-01
1.253427714612410648e-01
2.128441706518089949e-01
2.102846084818709715e-01
1.961575928008403857e-01
1.564079787534318200e-01
9.629580849122548747e-02
4.353223025059956008e-02
3.214084648328618954e-02
-7.957775977733866357e-03
-3.695842430205815293e-02
-9.977906835409178221e-02
-1.837147477845119115e-01
-2.201603969318838561e-01
-2.138456549705375354e-01
-2.014011287518593651e-01
-1.982640580149285514e-01
-2.268570841732149013e-01
-2.729350634335937498e-01
-2.824668113636000233e-01
-2.734870074407776408e-01
-2.678526956801535186e-01
-2.533242192026408102e-01
-2.809960235861762023e-01
-2.986986466946093266e-01
-3.168931394733965901e-01
-3.209153560662714177e-01
-3.250552416445628423e-01
-3.151800936101397110e-01
-3.087561945472718228e-01
-3.193319901969978170e-01
-3.351394416585439795e-01
-3.070904101609326364e-01
-3.045056941407553452e-01
-3.004336549661002498e-01
-3.019928664140716368e-01
-3.300396960758411047e-01
-3.287626753899640097e-01
-3.291351667902627232e-01
-3.505596264775616699e-01
-2.108547766612567723e-02
-8.788439646772958427e-03
4.230300740309313190e-03
4.230734370739204497e-02
1.168782924685818903e-01
1.142901824826863533e-01
1.131176201510245977e-01
1.036804342416064173e-01
7.590902260070706009e-02
9.374268669197496906e-02
1.260982062668051795e-01
1.663293653263649974e-01
1.979381739316376787e-01
2.410903151684327950e-01
3.044554955307274269e-01
3.393085545398418779e-01
3.798494754986958544e-01
4.113645116342837249e-01
4.167142153511392832e-01
4.129525943451956005e-01
4.078962152156696552e-01
4.152541162807023012e-01
4.489439428938050147e-01
4.434953877526117694e-01
4.217214904112719376e-01
4.154543772906672539e-01
4.003666777546441846e-01
4.154621197533787114e-01
4.336967837183980379e-01
4.489026365092972370e-01
-9.166454116671799920e-03
-1.167149028956098039e-01
-2.117553397113064451e-01
-2.454483281742816103e-01
-2.563055684658657185e-01
-2.639330689668684116e-01
-2.625375720451001427e-01
-2.696562714772988700e-01
-2.773427039130934579e-01
-2.908196569327104464e-01
-2.816801143986046307e-01
-2.631360999999996508e-01
-2.333299424978516057e-01
-1.992134706100995856e-01
-2.052128683000134235e-01
-2.356069756929231596e-01
-2.227003141770125538e-01
-2.204893172024204595e-01
-1.991961184377822602e-01
-1.845574620899171903e-01
-1.976580679881760338e-01
-2.137748748188938730e-01
-2.176081872865397726e-01
-1.978959348450220479e-01
-1.406340088816654954e-01
-1.510979112921157497e-01
-1.394514930831914912e-01
-1.333738243069928497e-01
-1.524971723773044519e-01
-1.742213641659617895e-01
-1.627970929851468157e-02
-7.597747317125030930e-02
-9.948366313673365213e-02
-1.266051426880469843e-01
-1.593185815374728587e-01
-1.675930525219443967e-01
-1.817742977780720526e-01
-1.600389016818280219e-01
-1.484701415245167078e-01
-1.235599785381992916e-01
-1.226080021735416609e-01
-1.761164061634549471e-01
-2.377916386200899790e-01
-2.747237749210369451e-01
-3.291667157707411917e-01
-3.783352943721157713e-01
-4.136951852227780946e-01
-4.185353973978412911e-01
-4.302843931127466326e-01
-4.175530867586450534e-01
-4.030801940706277287e-01
-3.749001996549729543e-01
-3.729356382930919533e-01
-3.835619062390916989e-01
-3.981561523504918987e-01
-4.021000425912885645e-01
-4.043430136367548444e-01
-4.481651108244168458e-01
-4.462378499280784672e-01
-4.374987092328130323e-01
-1.036636513700603217e-02
-2.784658009594721123e-02
-2.303542094686529887e-02
-7.966754165056292789e-03
-3.154351998894605602e-03
1.005562513711651638e-02
3.392788130253301081e-03
9.262016280886062325e-03
4.064402895672232507e-03
1.986231868120671897e-03
5.867288926594837768e-04
6.635488329839760689e-03
1.344500395859537720e-02
3.980880612659698503e-02
1.155080939584738481e-01
1.254415053440990080e-01
1.394813882460511356e-01
1.610577675885714044e-01
1.609273471326995997e-01
1.692516842943461719e-01
1.675357341108945075e-01
1.637687040173160247e-01
1.702112285299222927e-01
1.766901211071109645e-01
1.983269550043000040e-01
2.318537893319931043e-01
2.771580264746419386e-01
3.394066564965775301e-01
3.973803916038151085e-01
4.672818024557311434e-01
7.208006653805883006e-03
4.257939663523410689e-02
2.888003549934644448e-02
3.906926652150449070e-02
4.436953831261673115e-02
2.931714372661988616e-02
5.269204527100529445e-02
8.029922763588998036e-02
8.881224091947140242e-02
7.130722787539944818e-02
2.832317856847416798e-02
1.469228302142399321e-02
8.575036839012561973e-03
-2.535203541457167059e-03
-2.464889397997832576e-02
-4.866571795932154998e-02
-8.184970731620533346e-02
-8.413012507000258711e-02
-7.295693180212239892e-02
-8.265918385350552733e-02
-9.283179438185827637e-02
-1.028512940950543908e-01
-1.021169744644809252e-01
-9.589614589380085485e-02
-5.866786218289418015e-02
-6.295983287744742751e-02
-6.576384802774207228e-02
-6.679037765775093505e-02
-7.180832113901289282e-02
-9.521589003626154679e-02
-6.788681712063228228e-03
2.024105472261591813e-03
1.134570985593342379e-02
5.654685833282305923e-02
4.131477984485276700e-02
3.337519601641543432e-02
7.108588555694067557e-02
7.522071476565159176e-02
7.612722037475934400e-02
9.922461751024108656e-02
9.797372894477700267e-02
1.092530350345103374e-01
1.253287147036286908e-01
1.163757260588252629e-01
1.190851591941431281e-01
9.321876123781777657e-02
4.990019800459968152e-02
2.940169881647261563e-03
-2.027240705141955882e-02
-7.440821412845050054e-02
-1.007431949068088445e-01
-1.468861888563426921e-01
-1.976388628153574190e-01
-2.240102977715270338e-01
-2.622753920035086894e-01
-3.355777470378152882e-01
-3.602220827130940828e-01
-3.783885224740183295e-01
-3.778681345317900231e-01
-3.804539000102307167e-01
-5.310928725484991009e-03
-1.932550367649709527e-02
-3.420812970104888939e-02
-2.757416224290900122e-02
-3.372828381923315133e-02
-4.172106907160131467e-02
-3.749353706017814064e-02
-4.495867561682196506e-02
-6.371297078343085563e-02
-5.806323464269645684e-02
-6.159921120553405599e-02
-6.927830580893096224e-02
-7.557414733450902589e-02
-3.494865959722767007e-02
2.318141593176905463e-02
4.437697277495367132e-02
6.049072474949355321e-02
5.214195886471717500e-02
5.375221944568180088e-02
3.597995410087602430e-02
2.005359749915318346e-02
2.044397593012668365e-02
1.415491411454802145e-02
8.494885440530569251e-03
9.608789668622661970e-03
2.659306412719001506e-02
4.064149449081095461e-02
9.284761778876035598e-02
1.099563259514506064e-01
1.113779527128559432e-01
1.845067634872012835e-02
2.550481333754101715e-02
5.553014302565321969e-02
5.408697352647608841e-02
5.316338530779447097e-02
4.836181735580184077e-02
7.439213073661479769e-02
8.880978477252569891e-02
1.380224332716666058e-01
1.869285692001598220e-01
2.560851768094701830e-01
2.187209808730405658e-01
2.003813771380419384e-01
2.131190166732050417e-01
2.223858639464360298e-01
2.300949019549461683e-01
2.290339212817692482e-01
2.299577128496617939e-01
2.690366926273112802e-01
3.382681754239049710e-01
4.281517106277992757e-01
4.965829220603807381e-01
4.954610325498127188e-01
4.807119212212797588e-01
4.767791675583580857e-01
4.709659953598385185e-01
4.980211942674503400e-01
5.770651579137754394e-01
5.908221682747709647e-01
5.909491086510757496e-01
5.108007140428675978e-03
2.339827710638898300e-02
3.687545575839171197e-02
3.823075666296846947e-02
2.733131574915865364e-02
2.161372156211525605e-02
3.631152035137369394e-02
1.830950680865126579e-01
3.536561370196394938e-01
3.786317868796938990e-01
3.807438396380150580e-01
3.810989001801561860e-01
3.441153614128894533e-01
3.329650823705482821e-01
3.722790499338731185e-01
3.990607284065261218e-01
4.046768326143645456e-01
3.695197325416830214e-01
3.528765361536987388e-01
3.503317992046067197e-01
3.004467016334613216e-01
2.739859694879174246e-01
2.659502720789883035e-01
2.548379756329196000e-01
2.140455150058784839e-01
1.666050077248892869e-01
7.209933857794711964e-02
1.696885123117614080e-02
-9.193858027841152192e-04
-7.506193747918861806e-03
-3.223323910634411094e-02
-2.784672190424022226e-02
-6.880618372473368272e-02
-1.033741149126029546e-01
-1.525125078686654645e-01
-2.392196221319355387e-01
-2.298659099873689993e-01
-2.065801892480751689e-01
-2.081233037952140985e-01
-2.267690805486445305e-01
-2.291628676449862234e-01
-2.217281634043792027e-01
-2.084757831982317344e-01
-1.832679223815253666e-01
-1.761282704518703224e-01
-1.919223070443495660e-01
-2.011523058230808569e-01
-2.096905415773274439e-01
-2.080285669465108955e-01
-2.123361336975675695e-01
-2.486172198719150961e-01
-3.343269559183048578e-01
-3.140439144606561594e-01
-3.141295859814922098e-01
-2.963285014752287672e-01
-2.824073263195493455e-01
-2.463524536139399257e-01
-2.272914162819430484e-01
-2.284400174863217281e-01
-2.230649138068115100e-01
3.719827177998083056e-03
-2.869093391835366314e-03
4.374898290990142033e-03
-5.377821924700193490e-02
-1.350307095422788595e-01
-1.449945218692222093e-01
-1.451627224499301982e-01
-1.177603182520052666e-01
-9.049426430913316832e-02
-4.927707052239170549e-02
1.201717342755615620e-02
6.111995525142295549e-02
1.245685976949838236e-01
1.539674699690030957e-01
1.629676439295906498e-01
1.567552057987540159e-01
1.446619820477908491e-01
1.472067004240642796e-01
1.302676685500845366e-01
5.938421344226280096e-02
-5.487017187337989155e-03
2.714940946150012913e-02
8.262244013306320467e-02
1.362957944083043049e-01
1.707085864794715135e-01
2.335968927297233377e-01
3.055191426061782400e-01
3.370349250783649664e-01
4.179091773101679674e-01
5.007610509324355030e-01
-2.202808455036331728e-02
-4.705666406372929766e-02
-8.155659917485047483e-02
-1.135822252041279457e-01
-1.019264856960096360e-01
-1.013434508348012852e-01
-9.868947567545301169e-02
-1.224642963818690922e-02
7.765274228990166200e-03
-7.863044579770075287e-03
-5.556282747776113140e-02
-1.136802066836957864e-01
-1.246345789483285366e-01
-1.435545175895778514e-01
-1.466073044057134844e-01
-1.457401753434743319e-01
-8.046041034055730068e-02
-6.859678499212693015e-03
2.375312785390524400e-02
4.256300212268807059e-02
5.779459173081345769e-02
9.888503312400073741e-02
9.111380461282590770e-02
-1.744544055706576113e-02
-1.408242415035192430e-01
-2.383533482422748873e-01
-3.452702968282379548e-01
-3.448646256621411554e-01
-3.049500155033110227e-01
-2.904123650928938649e-01
3.536295418150837977e-02
4.622659387518249230e-02
6.132032665758094941e-02
5.860103152706768598e-02
3.392383760684040961e-02
-6.446545947017962019e-04
-1.172924492275252972e-01
-1.559368105480120892e-01
-1.674826256775819866e-01
-1.563194375654030910e-01
-1.966767678812605946e-01
-2.210829174402471342e-01
-1.912583374574269579e-01
-2.046220232780854020e-01
-2.149471277438440575e-01
-2.251080805580979727e-01
-2.240124922632210358e-01
-2.246590231364988255e-01
-2.554475088055142007e-01
-2.505311702555662601e-01
-2.476896884289843115e-01
-2.129245043826847039e-01
-2.016502620412660707e-01
-1.403868259663852980e-01
-3.988476058276163583e-02
-2.735918072246934854e-02
-1.362562228832909367e-02
-3.510532531631152531e-02
-6.627499411546947106e-02
-7.138438227709799355e-02
-4.704901747460043453e-04
7.073969002374829763e-03
2.282874831715296648e-02
8.116273378782682540e-03
-7.395034481277745764e-02
-7.103963112796925217e-02
2.137876900479401820e-02
2.204198316520925363e-02
1.717173394738502265e-02
-3.139855926975628625e-03
-1.054028724344811645e-02
-1.116617019372405720e-02
7.341878585764741866e-03
1.314824564804467286e-02
1.462856202167088157e-02
4.829215823931234941e-02
7.275583029627948062e-02
9.132375417049209965e-02
1.110403568679748376e-01
1.572495975450874661e-01
1.519847512815878376e-01
1.421709025779172575e-01
1.315820692852209262e-01
1.338080075289906357e-01
1.125650731049903375e-01
7.627225748384539039e-02
6.888275738331739451e-02
7.558267304129534514e-02
8.690331017026207971e-02
2.052753107849493719e-01
1.094632194481047760e-01
1.391660483519553682e-01
1.535160519969974713e-01
1.474193517998600989e-01
1.679488602546483078e-01
1.664820941936796805e-01
1.588107111352976553e-01
1.265229989093550889e-01
6.747772881627178698e-02
6.955955595522424206e-02
6.741784313734681955e-02
9.254251519673810378e-02
1.185988192625540699e-01
1.315976249694315037e-01
1.373653796004411509e-01
1.141046168940168387e-01
9.342290001190572957e-02
1.011325091890424993e-01
1.051424608073404238e-01
1.156245319688557066e-01
1.118300972462706461e-01
1.284736736802580270e-01
1.292334017247290523e-01
1.358422969014352333e-01
1.513030957551531885e-01
1.817153442583401002e-01
2.237595066879192740e-01
2.478064365215772724e-01
2.424304359260841535e-01
2.349625753972599540e-01
-5.517715199179239367e-03
-1.354482433748005824e-02
-6.154856240723351191e-02
-8.857949675297854819e-02
-7.472364455621859081e-02
-3.654611889318624268e-02
-4.006695189258444728e-02
-8.399520779039723606e-02
-1.287713481212592326e-01
-1.960069997861547120e-01
-2.982820942020263932e-01
-3.586538952152433790e-01
-3.797991997132592057e-01
-4.074685428761155026e-01
-4.291111056650350197e-01
-4.603451361099040184e-01
-4.679651658188542784e-01
-4.617223041834394581e-01
-4.559270099625791217e-01
-4.701861969549851472e-01
-4.719902384890249381e-01
-4.677128182336247053e-01
-4.764708601074314487e-01
-4.896134512465376565e-01
-4.813344018225504395e-01
-3.966180850636711330e-01
-2.865981998475501391e-01
-2.724916549233977747e-01
-2.692425297272166285e-01
-2.850675638253901689e-01
-1.027634650017475795e-02
-1.206643284962699049e-02
-1.432777609879543057e-02
2.219219110214792900e-02
4.287093278051751222e-02
3.236835107150017043e-02
1.762231404743668656e-02
-1.599691497768430948e-04
-4.038200772535502359e-02
-4.013536690183470285e-02
-3.046690608059157701e-02
-2.404548092580863911e-02
-2.222133366098814553e-02
-2.402074771348213650e-02
-8.081641269886873785e-03
4.736751494391593098e-02
8.750243229246378041e-02
1.135056555203248496e-01
1.585254048535030269e-01
1.587556017070841652e-01
1.728230696788811693e-01
2.075179356560206412e-01
2.366606272023346336e-01
2.735748102133698234e-01
3.252854777313729517e-01
3.307569694703855201e-01
3.439122190495621512e-01
3.700513594218705626e-01
3.941428707187371039e-01
4.147571896843451067e-01
1.098206611834332339e-02
4.381541849362555197e-02
5.845594457552203554e-02
7.904871438773232450e-02
9.464619760648086688e-02
9.544193448899748744e-02
9.731378979888521963e-02
1.034304498071819817e-01
4.068331707325099911e-02
-3.607382208119598588e-02
-8.297719060419012083e-02
-1.240950485524409397e-01
-1.179504915351779065e-01
-8.571987001732167544e-02
-1.155951675755019226e-01
-1.992985219460213786e-01
-3.993426923030493070e-01
-6.390730535413612357e-01
-6.679251455000255744e-01
-6.277771538952737762e-01
-5.196572883754271288e-01
-4.111405677297214067e-01
-4.055614324613446287e-01
-4.119370094243478553e-01
-3.920250229846025669e-01
-3.839480303471582423e-01
-3.761356531401701675e-01
-3.721797693086980607e-01
-3.818318546419215975e-01
-4.043320376211512190e-01
-1.136384238781793996e-02
2.249639575855747267e-02
5.698479076778519004e-02
6.302772602877176888e-02
4.805573796188995772e-02
-4.472812249860992628e-02
-8.689216774859026549e-02
-1.782557237715997889e-01
-2.711080517859907335e-01
-2.859328615135768858e-01
-3.197441267017861466e-01
-3.252249507860959232e-01
-3.474543639569898090e-01
-3.743440748454388567e-01
-3.917316048613072033e-01
-3.937651635060941402e-01
-4.011490147884714252e-01
-4.027985199901576996e-01
-4.325024062484536524e-01
-4.389328296011338892e-01
-4.537781823926465563e-01
-4.661070243004480917e-01
-4.930719820271820542e-01
-5.244848113811395596e-01
-5.522168661264144074e-01
-5.503907627871367225e-01
-5.480057769272065338e-01
-5.246627161626987723e-01
-4.864236157504993052e-01
-4.704937382247592059e-01
2.550727013492000775e-02
6.652423940821777792e-02
8.667174676409396261e-02
6.853758027865841651e-02
6.730137484496469258e-02
7.545225784812352454e-02
6.199071469995375006e-02
4.362527348963768370e-02
1.301613184327016226e-02
-3.638396283078593196e-02
2.052523998242149206e-03
2.723010264413736232e-03
3.552395235666214179e-02
8.611699768742994698e-02
7.693276667117383838e-02
6.323202725153008463e-02
2.215829204184784074e-02
-1.114808491455223510e-02
-2.240430992170652780e-03
-1.474136261519878041e-03
1.666634267886105136e-02
4.956092642285987032e-02
1.076550199428795429e-01
1.422332670520974618e-01
2.395755856909795312e-01
2.991130549150479156e-01
3.188546681387928183e-01
3.243857117720209127e-01
3.164879688285691661e-01
3.214656403591731326e-01
-1.247377909215306377e-03
-2.191012468954298131e-03
5.344213470809167262e-04
4.417307567144106162e-02
1.030339013288173039e-01
1.647157203889963450e-01
2.179774728692754626e-01
2.564489778974040624e-01
2.959784638168611592e-01
3.118702316599023527e-01
3.151934411068711972e-01
3.297468079129812768e-01
3.341070945417143889e-01
3.451611052102480648e-01
3.371364428656383749e-01
3.346763429915812216e-01
3.356088477673319082e-01
3.337585206889659428e-01
3.570274298758583931e-01
3.629080383147721411e-01
3.728598667915306586e-01
3.625138874765286290e-01
3.551869529931035441e-01
3.542449810668236720e-01
3.526983184702906504e-01
3.426990155751284961e-01
3.203221761847326321e-01
4.055027474908577956e-01
5.609507052845410513e-01
5.147817879539098307e-01
-1.230388301633330850e-01
-2.737757707208231528e-01
-3.948320930763355441e-01
-4.137384625785563985e-01
-4.079951892288573023e-01
-3.598935436721013570e-01
-3.457723542427972863e-01
-3.220495782901485193e-01
-2.978157230621963358e-01
-2.544195652210716752e-01
-2.342532659230162351e-01
-2.046522328347063768e-01
-2.369185995187585159e-01
-2.757149364586587992e-01
-2.511205020702421686e-01
-2.186535943385524428e-01
-1.890003979173225934e-01
-1.728531007574654055e-01
-1.993924348344536801e-01
-2.116242016889121336e-01
-2.804961915659705540e-01
-3.630696039558165000e-01
-4.015116869704370983e-01
-4.469796465512190231e-01
-4.748576752753728702e-01
-4.800741527996610358e-01
-4.689752272416498613e-01
-4.426978709865747597e-01
-4.163685713103380537e-01
-4.157062004784970455e-01
-2.165660410106601264e-02
-3.434780978037725585e-02
-5.627493900812892413e-02
-5.252581899445467328e-02
-3.847695230377529141e-02
-2.550161996343355483e-02
-8.325321518510991198e-03
-6.715656208296708410e-03
2.006894415551706279e-03
-6.280712083829520509e-03
-9.954135377958028830e-03
-8.064316155426722033e-03
-3.806892259458449605e-03
-3.897553441671705067e-03
-1.989313070636829217e-03
-1.821779710566351351e-03
-2.832549709882800724e-03
-1.652326525259996057e-02
-4.713229003931143635e-02
-4.314770007080664244e-02
-4.281908822543731286e-02
-2.586433428474106330e-02
-8.718206400488901636e-03
3.872418735370077025e-02
9.125088112372103932e-02
1.014500799625939059e-01
1.204305937904979751e-01
1.945385550266348629e-01
2.359680868852772340e-01
2.836098368155616778e-01
6.275799542084391225e-02
9.687166335269906114e-02
1.219784523713462465e-01
1.499400726237739290e-01
1.817279871510792955e-01
2.200752729841860544e-01
2.438201433107436145e-01
2.620348426114797458e-01
2.510236499437533131e-01
2.529016050461415088e-01
2.573802060388184487e-01
2.544217343901172823e-01
2.440632301068755838e-01
2.279035985461608238e-01
2.356279343090435241e-01
2.365650980523070213e-01
2.378618758865179705e-01
2.284728631332546278e-01
2.303210201343951491e-01
2.275783160243733672e-01
2.147278153393237243e-01
1.922517200306424201e-01
1.949446038306165419e-01
1.920718090634236652e-01
1.915483450330283388e-01
1.858027965202053433e-01
1.991315858428071295e-01
2.160395793031931466e-01
2.193490362132774762e-01
2.220492496765274493e-01
-2.122432159872006743e-03
5.391286599737841329e-03
