2.593207529550810297e-02
7.386356759425807827e-02
1.407903086628682632e-01
3.026422260937066122e-01
5.645534479058339494e-01
7.288601465007585878e-01
7.508059680158711835e-01
7.982898530353994548e-01
1.129588337496186590e+00
1.409040325127284721e+00
1.591159452222820070e+00
1.719205545701897320e+00
1.826093802899041219e+00
1.771210326602798091e+00
1.931675891634051068e+00
1.835528459016282810e+00
1.755409364943192552e+00
1.692145319499957612e+00
1.669657195172631781e+00
1.693871466848620333e+00
1.690671358207285202e+00
1.602891583509307605e+00
1.611456170048481740e+00
1.640447313854693778e+00
1.662085059922607355e+00
1.794914705997618487e+00
1.817350112234212389e+00
1.913807255439708532e+00
2.149059641800738607e+00
1.042646822410092655e-01
1.607086826927395518e-01
7.075927875808100953e-02
-3.610183289949821239e-02
-1.646985316214577555e-01
-6.106467173375967894e-01
-6.650725919050970436e-01
-6.341699003975275195e-01
-5.781492412182550611e-01
-5.267522447169503685e-01
-9.847417430967755347e-01
-1.754932271494593854e+00
-2.180964097944942282e+00
-2.141849778044417008e+00
-2.039477437239211266e+00
-1.930518478426130891e+00
-1.858432698206733624e+00
-1.972584046753957487e+00
-2.183482041480620861e+00
-2.282097100111764032e+00
-2.217365102689576872e+00
-2.197597686985598209e+00
-2.223482418653988102e+00
-2.369800390706545024e+00
-2.497536305500751119e+00
-2.511075612216207453e+00
-2.377920781154319041e+00
-2.348414739272032481e+00
-2.343671632677631234e+00
-2.381337480340570689e+00
-1.292258869359459023e-02
-2.412517267522099745e-02
-2.248089861070589127e-02
1.735800866290230018e-02
4.386402459258569031e-02
3.568667012956330820e-02
2.646406789813956009e-02
1.909724402031349327e-02
2.028931141954942383e-02
4.369338415547487781e-02
7.612232083998338172e-02
2.608449934980208162e-01
7.110071266366944087e-01
7.214469024717448109e-01
7.218288743426537479e-01
7.276375408435351577e-01
7.259580669938588970e-01
7.304402884376753891e-01
7.283188183284223793e-01
7.209806565158008995e-01
7.236503763974529990e-01
7.665869721622438071e-01
1.453540787392034961e+00
1.999261261049646521e+00
2.017175059832276851e+00
1.977449425950890127e+00
1.972760489723856869e+00
1.960551560972929819e+00
2.039520754743346043e+00
2.603140203034179034e+00
4.410738572016888875e-02
3.868254286931503000e-02
1.599287482106402994e-02
-2.717463998480152201e-02
-2.491080563241682838e-02
2.213773143702666424e-01
2.733143746826813825e-01
2.691042997469669795e-01
2.134141053394833509e-01
2.048181648133287347e-01
2.304476571356339765e-01
2.671862515924415260e-01
2.843815442316449671e-01
2.822460978240295959e-01
2.791042280454275049e-01
2.659236447737444720e-01
2.582348866119552055e-01
1.446856220314879371e-01
-1.616494779601190812e-01
-6.945030154966040925e-01
-8.943138433319849367e-01
-9.280875363918275056e-01
-9.148856473332752648e-01
-8.698300682057855671e-01
-7.917494685668795551e-01
-1.244333587376484029e+00
-1.373333860080753865e+00
-1.335391907995322924e+00
-1.285080374300497486e+00
-1.265993927843297007e+00
1.991682079126332050e-02
-1.491152029466863427e-02
-7.581296043123669781e-02
-7.808755542906969938e-04
5.826019582084787651e-02
1.536322750272572368e-01
2.456539553254075137e-01
2.395699067291384987e-01
7.579329759671510347e-02
-5.716823157601058636e-01
-9.427582601043551502e-01
-9.025429431127187652e-01
-8.561467395346166187e-01
-8.606485918758706166e-01
-8.926337730055271535e-01
-9.708560818061120479e-01
-9.861997978204958271e-01
-9.968218033560455327e-01
-9.975456066621767315e-01
-1.000059864944384591e+00
-9.973992460859495424e-01
-1.018573291593055430e+00
-1.029398820735562659e+00
-1.047007965964861675e+00
-1.073652001804554557e+00
-1.078664989694640308e+00
-1.077264028892062520e+00
-1.081159745419713047e+00
-1.076870047684012732e+00
-1.075847081440840958e+00
1.625146030895320559e-02
1.302135891377851351e-01
6.040308122763293763e-01
6.751379970471245162e-01
6.844869228303911424e-01
6.809512423964751981e-01
6.910367039644425002e-01
7.946928672088635626e-01
1.479037303651380864e+00
1.667489118278304927e+00
1.677262873387862507e+00
1.687616215138091347e+00
1.702358750719385805e+00
1.739945078567637804e+00
2.124935036774440622e+00
2.131506293931240581e+00
2.087896255240802912e+00
2.070117383220731799e+00
2.038364594072791469e+00
2.093594009159328362e+00
2.309924397177362643e+00
2.861264154058915210e+00
3.030504180027022265e+00
3.044396594706472836e+00
3.054031343157559419e+00
3.054008034213478773e+00
3.031135348347428149e+00
2.995044184598729675e+00
2.953468691404805391e+00
2.926910559458136607e+00
-4.654687174690100987e-02
-7.855513535973329686e-02
-1.101298693318042560e-01
-9.006194527716943066e-02
-3.661686276106436710e-01
-6.998249343941251865e-01
-6.585373523859344713e-01
-6.507062611054271750e-01
-6.478731147340180963e-01
-6.305161532062695251e-01
-6.220204077995693526e-01
-8.400351839031925394e-01
-1.440041751982868323e+00
-1.903970511021222833e+00
-1.974410905321122067e+00
-1.982299467303094032e+00
-2.175057790963917270e+00
-2.300458208459801313e+00
-2.303584601752499239e+00
-2.311000884208398887e+00
-2.318515631813696576e+00
-2.370921279571862161e+00
-2.545926168561113645e+00
-2.556898741332419345e+00
-2.542244381853187463e+00
-2.532424076802894941e+00
-2.554170417438820451e+00
-2.576188796418859006e+00
-2.571804379241694694e+00
-2.561263420135678093e+00
-2.668455782317550717e-03
-1.665111760453732992e-02
-7.794494999293926155e-03
-9.465777179692479518e-03
-1.352285788106269079e-02
-2.266853536042427730e-02
-2.468101944175283419e-02
-2.332549622303419640e-02
-5.892578901707698491e-02
-1.552234986373026704e-01
-1.685337652912190787e-01
-1.584611921902590870e-01
-2.311724928552813807e-01
-2.190214298683528793e-01
-2.094342053787735525e-01
-1.755321989251730497e-01
-9.486580440110806145e-02
5.211023756716409716e-01
7.209197804294807943e-01
7.277338722280796146e-01
7.294021774721757279e-01
7.300818921033335185e-01
7.365335816231984856e-01
8.269765148059863291e-01
1.459113710741177350e+00
1.810895769069327699e+00
1.802115099378448715e+00
1.771916921221516228e+00
1.746265748005004781e+00
1.728066544787474790e+00
-4.802615116373678585e-03
-3.967957777026967330e-03
3.295547011990163089e-01
3.495783531157236057e-01
2.915122349759935449e-01
2.818218217472584497e-01
2.648711579996427812e-01
2.796691560698345014e-01
3.012186128045484801e-01
3.329244893614220491e-01
3.972127831154730337e-01
3.605364350736025569e-01
3.635374939154993879e-01
3.822655697323980584e-01
3.105722497697642193e-01
2.611718345686463438e-01
2.647838651412282029e-01
2.711430516668325574e-01
3.141818437311145740e-01
3.379289985018347764e-01
3.452371160494985824e-01
3.445230411556496897e-01
-7.068715216924936762e-02
-2.011356543278844111e-01
-1.720132692918686645e-01
-1.734901546680025497e-01
-1.802020840896808307e-01
-1.800110279991506967e-01
-1.743990670493319739e-01
-4.808678514320956499e-01
-4.298726461772173213e-01
-5.476751528554983928e-01
-5.566352581451151638e-01
-5.497067307629727173e-01
-8.025802837128533929e-01
-1.065810924575471663e+00
-1.157565944902797739e+00
-1.174895997530752023e+00
-1.155050215413701453e+00
-1.134457163308821626e+00
-1.195171153416517917e+00
-1.288948950527512682e+00
-1.302720112342337533e+00
-1.269137032174129986e+00
-1.208724845096024625e+00
-1.204818988228049115e+00
-1.204275274923525485e+00
-1.205973287302045227e+00
-1.206467528597231498e+00
-1.216925284189553480e+00
-1.232226164205463492e+00
-1.227854765784023083e+00
-1.231229087119530829e+00
-1.201056941056390714e+00
-1.139635632525141107e+00
-1.128793937455733865e+00
-1.127202083103036045e+00
-1.183993091848672963e+00
-1.250505882764989307e+00
-1.256846071922567809e+00
1.278725095405293041e-02
2.837169446406555551e-01
9.291710521768884457e-01
9.594499145711742338e-01
9.535484455648352009e-01
9.133479585332446860e-01
8.522228812556233990e-01
8.514136515779535674e-01
8.690933489884582475e-01
8.541859711842016978e-01
8.378881687447798932e-01
1.428950204948313818e+00
2.047902959877446971e+00
2.093836713388851134e+00
2.096635682689306002e+00
2.103144546144256388e+00
2.090217807104256309e+00
2.077869781241770131e+00
2.075875776488446789e+00
2.078499843515410728e+00
2.285514973408659500e+00
2.586889024039038532e+00
2.615050642561391303e+00
2.651435466351788062e+00
2.628566135802278492e+00
2.628735156849124621e+00
2.619264000879739207e+00
2.576872625561317243e+00
2.583131380261556753e+00
2.602558797637696042e+00
9.426565684380407845e-03
2.394573781015590930e-02
8.345436064465201753e-03
-7.602246128897902772e-03
-1.469128581363560865e-02
-1.870260602547947279e-02
-8.008094410551493125e-02
-2.609119795673472408e-01
-2.580671506558749329e-01
-2.485127243282530818e-01
-2.405905427572757049e-01
-2.341882351433083320e-01
-2.259457752940137454e-01
-2.172836543634401874e-01
-2.159299488026279190e-01
-2.013263382719336081e-01
-6.466238620340251098e-01
-8.181540275973018250e-01
-7.767172286528969405e-01
-7.587080558214963633e-01
-7.162068093789611956e-01
-7.358426877076515993e-01
-1.159317926269614274e+00
-1.661573603354181028e+00
-1.713577359461109673e+00
-1.690433022463187607e+00
-1.698493328123872770e+00
-1.709512935327358596e+00
-1.701363335216893535e+00
-1.767721827433081927e+00
-3.101994695990483164e-01
-3.520816921587561765e-01
-3.659259442114756733e-01
-3.547036485836865261e-01
-3.377195184646123449e-01
-3.262029609520999962e-01
-3.072101906598188048e-01
-2.943127136777315411e-01
-2.740031879515756885e-01
-2.549551106699080583e-01
-2.769638149393444104e-01
-3.397211412038962930e-01
-4.356806879101811081e-01
-4.914951830565121860e-01
-5.064194216687847305e-01
-5.420295030597750419e-01
-5.296299897678101720e-01
-5.145519153548707703e-01
-5.130274012760441815e-01
-9.968663198229582578e-02
3.102405769324718676e-01
3.248174975114859198e-01
3.308641656520011076e-01
3.220558670729384287e-01
3.149938080917524807e-01
3.030980802018381493e-01
2.914982448828752903e-01
2.847528284612376726e-01
4.913178798458021079e-01
1.185106894987838499e+00
4.987601546426704280e-01
5.640366361478830193e-01
5.516317602901419370e-01
5.598813109339488836e-01
5.818561085166623625e-01
6.078388536403845910e-01
6.155769286699964704e-01
6.186296553534086362e-01
6.161402847973191932e-01
6.086639498259067693e-01
8.699083604936845848e-01
1.018171415446063488e+00
9.997947343675928078e-01
9.731500184595499592e-01
9.114817079672795641e-01
9.126185921758497299e-01
9.331332242570704594e-01
9.865346934653321798e-01
1.011654359591496188e+00
9.868201962242136860e-01
9.147751366461713829e-01
9.173013398652642980e-01
9.248685541878202132e-01
4.045599590998404382e-01
3.710075493547670411e-01
3.662092894853030689e-01
3.545407808529097982e-01
3.659774175404655328e-01
3.714514735194169304e-01
3.955375308051191641e-01
-5.444646778009186727e-01
-1.208234746728495956e+00
-1.701964940564885564e+00
-1.971572084346916665e+00
-1.947541378092918274e+00
-1.927229627659819755e+00
-1.918671869916641626e+00
-1.930111372101630307e+00
-1.942154600725902069e+00
-1.939748126069338774e+00
-1.939077848870229159e+00
-1.911729933854946273e+00
-1.999353450917078279e+00
-2.141644871683090479e+00
-2.152126660914214451e+00
-2.179159322257810505e+00
-2.170813054779344942e+00
-2.156793313948188295e+00
-2.163685071939606352e+00
-2.190489964099151976e+00
-2.185754767546056687e+00
-2.176268571243341832e+00
-2.163686068320734623e+00
-2.158665948302866511e+00
-2.159515692511130069e+00
-2.162921341929668451e+00
-2.123229137515364684e+00
-1.553847014129914328e+00
-8.838828035201798938e-01
-5.804300360507193002e-01
-5.394272489673241494e-02
-1.282564601533200122e-01
-1.066794762943480690e-01
-7.998761259102385446e-02
-3.982246236252195981e-02
-1.123144231268086851e-02
2.617387731843749329e-03
4.026161298677579103e-01
6.134893627866953025e-01
5.848457439126620860e-01
5.846410677022826352e-01
5.780793843809709509e-01
5.563473660457167735e-01
5.346024346519722137e-01
5.927473746531862764e-01
8.486452964348798478e-01
8.941827923592724492e-01
9.179510515055628872e-01
9.288369703743544203e-01
9.571125116785015319e-01
9.790864835678937395e-01
9.819554588314605148e-01
9.788380013531988721e-01
9.705434598294480075e-01
9.607767279634171764e-01
9.610720758926697416e-01
7.638841200905591711e-01
8.020595088160665798e-01
8.436826390084137817e-01
8.378079353242749994e-01
-1.174282605499149534e-02
-2.080794916747262177e-02
-3.448786769630661220e-01
-8.780163295814555902e-01
-1.205495703032322119e+00
-1.438168421669391961e+00
-1.631460973368226375e+00
-1.777155079232590973e+00
-1.870070904236148746e+00
-1.843705034802835874e+00
-1.791705799072600636e+00
-1.805657243913560084e+00
-1.797673611567315755e+00
-1.787845318519170057e+00
-1.789435435561366861e+00
-1.776106086280929253e+00
-1.771494563434893754e+00
-1.773492614115437682e+00
-1.782230134664551713e+00
-1.805580056199625805e+00
-1.851507977440152386e+00
-1.948292471645778123e+00
-1.924113195810940757e+00
-1.899991785323413174e+00
-1.898527205421184361e+00
-1.900191310304518044e+00
-1.917965000159224331e+00
-1.946231635856108255e+00
-1.940033275200149232e+00
-1.940900212294361715e+00
7.330779076142035326e-03
4.830589216335317432e-03
8.082895046977175285e-03
8.911416238556750871e-03
1.320930755333855379e-02
2.402637910973647317e-01
5.722475421776221927e-01
5.645080030045652730e-01
5.614508658311628819e-01
5.374195388804312579e-01
5.470464998465165429e-01
5.573174923759857124e-01
5.865593218550417820e-01
6.125092037447631421e-01
1.124323492720384898e+00
1.579880141307687724e+00
1.558857222597550329e+00
1.552143029929489826e+00
1.551465997861510848e+00
1.566858585520944258e+00
1.579181918832484710e+00
1.613042609739771205e+00
1.670299258108632889e+00
2.023122816967795057e+00
2.083980150682912313e+00
2.072215790896470899e+00
2.067213431605700702e+00
2.079021924507314267e+00
2.103190934723328631e+00
2.130734776631202365e+00
2.469146093123750565e-02
3.945966601255383732e-02
-1.670952518532458075e-01
-1.532988874418746983e-01
-1.369324485656150114e-01
-1.354372080085914365e-01
-1.351199796306480905e-01
-1.120966632065532320e-01
-7.229246145887910369e-02
-5.068647874842627243e-02
-4.535273981157591366e-02
-3.617378085469775961e-02
7.698083424571636191e-03
1.762549287315455515e-02
1.189883236088854629e-02
-2.707114722260931666e-03
-6.544028467014578396e-03
-1.921929014925991830e-01
-8.778884038412796409e-01
-1.299247748647067269e+00
-1.396236530087329175e+00
-1.400304130999040941e+00
-1.397054664070000785e+00
-1.391400671305984549e+00
-1.411491669419499884e+00
-1.418121017001115813e+00
-1.407592195133291701e+00
-1.383846684036126096e+00
-1.580886179259045177e+00
-1.593653379624755173e+00
-3.749886899177505561e-02
-3.550329709972384340e-02
-4.357624516225860195e-02
-4.199294702130505763e-02
-5.080803816096773895e-02
-5.093209520618481589e-02
-5.181503338578644785e-02
-5.009335597214396862e-02
-3.952802274751966716e-02
-3.583954526655803302e-02
-5.515422568339035242e-02
-8.877685662897312480e-02
-1.194081588201431759e-01
-1.194927060325327722e-01
-1.170472968935511032e-01
-1.139551552459922568e-01
-5.959798908715908256e-02
-2.011732932679868857e-02
-1.823520058872779223e-02
-1.052038702091161008e-02
-7.027605612977638402e-03
-2.268344716150325069e-02
5.426916019134739866e-01
1.144924613015191994e+00
1.516124656126058401e+00
1.549417874084838775e+00
1.557448717689844164e+00
1.564714007391879713e+00
1.575413485325070528e+00
1.578430031617484630e+00
1.362523732993877487e-04
4.036282935484459822e-01
5.042048386207675925e-01
4.841600682985064963e-01
4.679195502174353649e-01
4.682746304331794063e-01
4.669980342863243594e-01
4.727975486478705469e-01
4.827473505595734626e-01
4.823747698058315492e-01
4.801379180281316605e-01
4.707402377547962868e-01
4.731566915162723763e-01
4.793219589558189719e-01
4.925252321365307662e-01
5.045772059388605735e-01
5.090809628886089344e-01
5.182574774054480304e-01
5.303415374468061216e-01
4.527498822102576370e-01
4.672986227757585653e-01
3.144759237340089553e-01
2.806549083008373358e-01
2.754626403457337003e-01
2.917158489371121655e-01
3.118435112877676607e-01
-2.859677807786520365e-02
-7.262507912981472913e-01
-1.123360742236954479e+00
-1.276879082550807398e+00
-3.444152130246597859e-02
-3.832716027547906218e-02
-5.357774004007691965e-02
-6.680085629057418151e-02
-5.111516780320174425e-02
-2.761641631820550488e-02
-1.514308982360378607e-02
-1.083280258817307801e-01
-9.511132230618474237e-02
-1.042254687863303220e-01
-1.250823572529755623e-01
-1.288812789997625385e-01
-1.301298423554113348e-01
-1.278011696696076949e-01
-1.132071061182462479e-01
-1.146315627146868715e-01
-1.212054332274719315e-01
-1.124796829882925703e-01
-1.007484389673504316e-01
-8.825390054048344590e-02
-7.220247263147092087e-02
-4.496539122353160334e-02
-2.434309055638014113e-02
-3.499428429887035952e-02
-5.881148537318083014e-02
-6.069028315137664498e-02
-5.065693647123097748e-02
-5.200123043702309378e-02
6.448874510290437956e-02
8.847143476232323389e-02
2.258020167165974111e-03
1.213125127389088134e-02
3.269220176338143158e-02
1.692189162343328279e-01
7.696053398205510154e-01
7.993634440155795717e-01
7.850132253949908545e-01
7.857388220284338143e-01
7.760730719735514649e-01
8.307395644846720106e-01
1.491677712544512424e+00
2.033842573357413919e+00
2.134776126672674135e+00
2.113441268466817125e+00
2.115327340794071365e+00
2.126594594483428136e+00
2.145319287533689945e+00
2.142459833273447245e+00
2.145851112244906211e+00
2.148257626555920119e+00
2.146927186489175909e+00
2.151796191927137780e+00
2.154392584327075699e+00
2.171498998743399245e+00
2.172587394445970155e+00
2.170947619528842409e+00
2.157488301971064448e+00
2.141458189029668002e+00
2.152713350321154184e+00
2.178012685003066995e+00
2.991917511613310238e-02
-2.717403837346181461e-02
-8.665346702878654050e-02
-3.266151788316071919e-02
-4.496800990365111272e-01
-8.088847811644113150e-01
-8.012812361176895326e-01
-8.741310771235366595e-01
-8.985759582810848300e-01
-1.349048322318928239e+00
-1.786146538595089428e+00
-1.953816983212367075e+00
-2.012505508498407369e+00
-2.105329099353934197e+00
-2.194435917634537159e+00
-2.238626302315165351e+00
-2.209628150994288998e+00
-2.140162637762162312e+00
-2.081668662968359396e+00
-2.116736917163641429e+00
-2.203320298827717405e+00
-2.249138465450498003e+00
-2.266778528987673624e+00
-2.243941278298461128e+00
-2.226780186864356192e+00
-2.232457166176446517e+00
-2.249162068876855880e+00
-2.250815854739238286e+00
-2.244380154373710301e+00
-2.210421783512031890e+00
5.487644065201284505e-02
5.606382024339096048e-02
5.291074670309429961e-02
5.201358388864740084e-02
6.906880048774999281e-02
4.176076797142791452e-01
4.413104327132542637e-01
4.272799226779496196e-01
3.916590862276341234e-01
3.880793912005292556e-01
3.872475062132282875e-01
4.734674556271860069e-01
1.117390198596971640e+00
1.719513895531845860e+00
1.900863014654692762e+00
1.874884926377975880e+00
1.864369376444407589e+00
1.864417212461724205e+00
1.880416989895405955e+00
1.889032173135041459e+00
1.955523444452741844e+00
2.168660351671613640e+00
2.166779903969343835e+00
2.168266547904702080e+00
2.188813405035908044e+00
2.214205059022692268e+00
2.233725465709353486e+00
2.244886386386590882e+00
2.246608548610317335e+00
2.238066805042139062e+00
-2.956445651128787426e-03
-8.026293014819364802e-03
-3.124295765481692119e-02
-5.681494730178594105e-02
-6.071445261573751168e-02
-6.907601422743063491e-02
-7.589967595252014587e-02
-7.154476647997073946e-02
-6.683075021356932321e-02
-6.110078070509064596e-02
-4.125948701546433561e-01
-1.155136382361084957e+00
-1.724814701575760001e+00
-2.015721858833837921e+00
-2.045942259910793037e+00
-2.017516911291158177e+00
-2.000287885043477321e+00
-2.034646208552154167e+00
-2.074466436203536546e+00
-2.077003036667457003e+00
-2.068726910053923618e+00
-2.037850587009798264e+00
-2.034265726198370761e+00
-2.026818916315895169e+00
-2.018755149204476851e+00
-2.031089251206305679e+00
-2.058633702152914857e+00
-2.054005701386055538e+00
-2.061474316752182734e+00
-2.060340898064829229e+00
-3.642412965418545274e-03
-1.080398429882809506e-02
-9.558153556918708854e-03
-1.293835988422541855e-03
1.591423909048816920e-01
3.495058372354858944e-01
3.572181414256073162e-01
3.682826810665361106e-01
3.837929614300856773e-01
3.866799290094870556e-01
3.977638844656570805e-01
3.904794039407015749e-01
3.937406609875113705e-01
7.373990024401042565e-01
8.737245016243457840e-01
8.603187499648844438e-01
8.516286829640713485e-01
8.423463454098725212e-01
8.581053797759748969e-01
8.676283405376989943e-01
1.016999487266933455e+00
1.653425346125305229e+00
2.113771998488613413e+00
2.218684743009075255e+00
2.216852474965542275e+00
2.204082344201332422e+00
2.208541522478643770e+00
2.209042877111092817e+00
2.238322327944698653e+00
2.291752737151716346e+00
7.818601981268071682e-03
-3.478388608834636145e-03
-3.440774774497584731e-02
-6.174780931331072531e-02
-6.791239028087996121e-02
-6.824143582346461900e-02
-6.391013062069902939e-02
-6.759635750781264885e-02
-1.092355452337958610e-01
-1.400335874381865020e-01
-1.468845078412942540e-01
-1.193315035533849822e-01
-3.101340303556244793e-01
-3.154448689235674896e-01
-3.240434366694066592e-01
-3.469111469565056560e-01
-3.572724838276650217e-01
-3.533849889364144570e-01
-3.526566501426997013e-01
-3.511155491204427936e-01
-3.545817355170866603e-01
-5.769457057636394604e-01
-1.060283185526940120e+00
-1.443915596292346226e+00
-1.499631026151085234e+00
-1.584935052170495906e+00
-1.693186038509638669e+00
-1.775557964849017845e+00
-2.203812209993679883e+00
-2.283267082641579293e+00
-3.230480346027402461e-03
-1.693385271380355196e-03
-5.849178517639470366e-04
-1.570345386595549675e-01
-3.355421284114746827e-01
-3.099306884682058727e-01
-2.825712087870850264e-01
-2.858813261170494724e-01
-3.328562443954042327e-01
-3.360621252107138246e-01
-3.034828319877401759e-01
-2.634201845953002552e-01
-1.753966714095329671e-01
-1.854670413423603614e-01
-2.076381935783694344e-01
-2.596978599663092302e-01
-3.126920281422927994e-01
-3.475946361023974918e-01
1.231594245837529522e-01
2.586356202263412341e-01
2.329264962718964882e-01
1.696542815692770600e-01
1.633133624968123310e-01
1.570939155596248749e-01
1.748154112765590851e-01
1.896792300276964049e-01
1.963831431758930046e-01
1.924945850471641851e-01
2.070566185460059605e-01
6.743438561797652220e-01
5.509011352373871517e-01
7.275074904091881622e-01
7.038812652781443191e-01
6.762394100574778966e-01
6.864599997800683306e-01
7.189770263554539076e-01
7.578853341958956547e-01
9.791149322672785260e-01
1.256094266046456243e+00
1.245526259404655001e+00
1.251978473386632595e+00
1.259878975514441946e+00
1.292140994976838986e+00
1.298492734770958279e+00
1.304918950682689704e+00
1.345754259669361463e+00
1.419327124627165926e+00
1.435164182062658389e+00
1.458991682935037337e+00
1.414918493831542445e+00
1.248516315345116201e+00
1.254956776526841233e+00
1.258987602048979415e+00
1.251567563682391970e+00
1.241511988431097668e+00
1.244179064852009464e+00
1.266504505816149262e+00
1.281635204982504828e+00
1.312977884085186231e+00
8.166038033403777430e-01
-6.472976614674311735e-01
-1.149361896272243388e+00
-1.267670625786546434e+00
-1.249464878805443213e+00
-1.239466514652667328e+00
-1.282188207013601700e+00
-1.380609381354676035e+00
-1.541560514637971391e+00
-1.861373166700108772e+00
-2.061440826585922537e+00
-2.052164817044169087e+00
-1.992640933250187985e+00
-1.954143847676983681e+00
-1.928631496854123384e+00
-1.909733265112008915e+00
-1.883746278740506153e+00
-1.857480679621158703e+00
-1.820261637950697731e+00
-1.845830179019243067e+00
-1.884594132187885629e+00
-1.883071214098448909e+00
-1.862780522725570265e+00
-1.836593861949800122e+00
-1.834500809261337961e+00
-1.855190841585850459e+00
-1.873520611351476406e+00
-1.935083156373784696e+00
-1.996745722519440713e+00
-1.810495466490451344e+00
-1.756689327111429000e+00
2.141136840288115212e-02
4.045159830356057085e-02
4.529966359617801364e-02
5.560098139809348250e-02
5.746907101692980135e-02
3.335709813395728585e-01
8.469524844643439021e-01
8.611338453655311698e-01
8.406602172605751599e-01
8.230097869726979987e-01
8.257169685435070683e-01
1.337951081110290819e+00
1.816470668860191040e+00
1.895492523740844870e+00
1.887375869521423555e+00
1.899707145897915117e+00
1.914505793994426108e+00
1.912821157723643362e+00
1.915428044944025077e+00
1.935022083537441429e+00
1.971145987543374556e+00
1.938918680497010438e+00
1.892832941303110861e+00
1.892298659134397543e+00
1.890500236193471295e+00
1.913857522699876634e+00
1.923132852609865884e+00
1.930219064874056700e+00
1.936483966594225947e+00
1.918237742865830597e+00
-1.710180924890116611e-02
2.042399030642929464e-03
2.867129594659489217e-02
4.617742427044965042e-02
1.689361002802591480e-02
-6.133198584723317248e-01
-1.169381367133063065e+00
-1.445404215370906575e+00
-1.352681757805813900e+00
-1.255891158164835764e+00
-1.213959184963446347e+00
-1.255386652723886387e+00
-1.279604229963563711e+00
-1.364578457762817720e+00
-1.368387130080888969e+00
-1.656382534774365700e+00
-1.830854621895296575e+00
-1.844104527310926223e+00
-1.876449883833453347e+00
-1.908364581588909648e+00
-1.900621723661245710e+00
-1.879731963624891256e+00
-1.849987901378181032e+00
-1.821670696349710683e+00
-1.834047922129901753e+00
-1.851338059443107698e+00
-1.854665397592779819e+00
-1.854336425710634284e+00
-1.846059295212525431e+00
-1.838272929411427725e+00
3.403716050277406230e-02
2.067595256037299822e-01
1.863522117409812662e-01
1.536889243288658558e-01
1.729954587387133036e-01
2.068842297544425390e-01
2.127945371393442364e-01
2.182078317357400710e-01
6.927300197822762184e-01
8.361054627637841685e-01
8.311521405442174881e-01
8.047403939943532647e-01
7.357514974974694866e-01
7.239780264504327434e-01
7.211553798358304457e-01
1.090487410751014075e+00
1.487705743840208594e+00
1.500505702736834479e+00
1.503505028639471108e+00
1.512037911510445864e+00
1.510383664844776153e+00
1.524989795070125886e+00
1.547694999480186073e+00
1.715351389454585984e+00
1.960376726104648526e+00
1.952536104709528653e+00
1.952932259091613387e+00
1.962722110195392888e+00
1.962352076418137692e+00
1.962535282834385608e+00
-6.514716811082468806e-04
-1.591551623606873248e-03
-5.421583295254786550e-03
7.215406135325395931e-02
1.196448445108373171e-01
1.308860805530630000e-01
1.417783236277795900e-01
1.400002179767816934e-01
1.420148604683306170e-01
1.152954218689125065e-01
-4.789548256775271184e-01
-8.740452968846359472e-01
-8.553938831416619815e-01
-7.937038782016397898e-01
-7.737406273950251379e-01
-7.555553454942908198e-01
-8.845826663094110698e-01
-1.508955022102563603e+00
-1.921507336054154802e+00
-2.017858262630257471e+00
-1.987931002955921844e+00
-1.949321755623543817e+00
-1.956280319714349680e+00
-1.965923158716083030e+00
-1.983237226164036526e+00
-1.986334620755675573e+00
-1.959757518182888791e+00
-1.929233692614875872e+00
-1.920563991657416203e+00
-1.920426511515749279e+00
6.488557091821058401e-03
3.657363687501667855e-03
1.361872422119812104e-02
1.587140435301928262e-02
2.843120772680307606e-02
1.857056444711358834e-01
3.368915811266728899e-01
3.262299817268145552e-01
3.357997574784137851e-01
3.361076151144459234e-01
3.409741130053597913e-01
3.473093351375470261e-01
5.682640247723190763e-01
8.786597592412088709e-01
8.793048414691474468e-01
8.925627980481884993e-01
8.948399674430407291e-01
8.933844933960364276e-01
8.947160052747684666e-01
8.882987529381181080e-01
8.732761514141389458e-01
1.114397133495276471e+00
1.667541239358500738e+00
1.696368096249313950e+00
1.668242673801613396e+00
1.668679912479481331e+00
1.668208628910724745e+00
1.938823723461102544e+00
2.059767263707358964e+00
2.077446393124853241e+00
2.028855536059047046e-02
7.481603804676701872e-03
-2.704791046400914500e-02
-2.607623424836188336e-02
-1.799548933505525777e-02
2.114369669486895198e-01
2.555348682138994798e-01
2.871447877282087835e-01
3.180492751678225538e-01
3.206271596433840076e-01
3.211672733612691011e-01
2.867587258175017806e-01
2.777526376041522527e-01
2.645236348338920185e-01
1.539784221732157787e-01
1.705706040323250461e-01
1.815116395865261356e-01
1.959254830038603123e-01
1.939324984267055130e-01
1.946127566566007439e-01
1.930296205946788746e-01
1.526535969969315953e-01
-4.235500881893349279e-01
-8.722877961682753423e-01
-8.884085077397853025e-01
-8.676594104105035399e-01
-8.825515692492507114e-01
-7.218322894696871384e-01
-7.479842830269614051e-01
-8.615194709385400884e-01
-2.335784053283407602e-01
-7.527360216782136293e-01
-9.073232246320651617e-01
-8.985722202404776704e-01
-9.132074705390957892e-01
-9.227803387554772696e-01
-9.245138348585048016e-01
-9.307283070946500425e-01
-9.215903773055748038e-01
-9.012057408947876658e-01
-8.902318654739761472e-01
-8.752920099716019475e-01
-8.878766525575357837e-01
-9.002041842964269014e-01
-9.138363553426377406e-01
-9.139931038515392014e-01
-9.234839463943983473e-01
-9.267105731252023304e-01
-9.304844457798648882e-01
-9.223453775093940488e-01
-9.162134496742929679e-01
-6.954908704068206715e-01
-1.623709919631957099e-01
4.053977287389030071e-01
4.987974736541218035e-01
5.032600158286254510e-01
4.883065828195810587e-01
5.009629085101470203e-01
5.168027591549958499e-01
5.448230921759673606e-01
1.978110813929914169e-01
4.513146109515971394e-01
4.331762532484300099e-01
4.237605743515737156e-01
4.157830742404399760e-01
4.174260738489902756e-01
4.196249689650792258e-01
4.107707226605722961e-01
3.746519703107038524e-01
3.828538940366699728e-01
4.084110562933601640e-01
4.789427529295176011e-01
4.987576118003550496e-01
4.974694096281286337e-01
4.992336240415739534e-01
5.060130523023100846e-01
5.041976381980460831e-01
5.045173018931088382e-01
5.175115874822627804e-01
5.148348209979201062e-01
5.079339708846012380e-01
4.981168255618680374e-01
4.988500055653168341e-01
5.122037493437736622e-01
2.106270459885116741e-01
-4.816923001686643779e-01
-9.828437492894420702e-01
-1.307766936893438370e+00
-1.437481140565231241e+00
-1.443857255512913662e+00
-8.297157611028688901e-03
-2.008782371365867847e-02
-1.791313372126483727e-02
-2.370801376464616583e-02
-5.973495945556221709e-02
-1.651465742627202526e-01
-1.633917680173580522e-01
-1.626261842164711258e-01
-1.691037413593660665e-01
-1.751703069101733790e-01
-1.660204568845979056e-01
-1.556040382751964490e-01
-1.641834079687284897e-01
-1.658698311081037990e-01
-1.725693735245139027e-01
-3.593693879796805435e-02
-5.400649470979884681e-02
-6.093995056319933407e-02
-6.258886167136992751e-02
-5.904017919918650575e-02
-5.010235361382933683e-02
-3.474960623632892404e-02
2.324618533562279599e-01
4.450474526048984747e-01
4.412473715705492738e-01
4.376697539102835099e-01
4.338000287187497306e-01
4.335103533351200578e-01
4.498133471117510274e-01
5.788436097036051553e-01
6.230469055032119563e-01
7.400221994941180714e-01
6.929274702156749122e-01
6.983534736657035502e-01
7.067264509433157649e-01
7.200731435685067128e-01
8.387537804837834621e-01
1.353671429732873577e+00
1.409221997865164111e+00
1.380735162134643979e+00
1.355032014512179250e+00
1.500956153639583901e+00
1.659733953059015832e+00
1.657210233412088396e+00
1.659692106680812129e+00
1.636223905881703411e+00
1.644397321724650363e+00
1.652097990899344504e+00
1.680188247885155528e+00
1.686494179003755756e+00
1.681529132671419680e+00
1.665081683557809056e+00
1.649639801274116246e+00
1.631671850024559944e+00
1.627682692359334604e+00
1.633786098014156307e+00
1.633196804033158811e+00
1.384381874555397740e+00
7.377835363101659105e-01
1.500705290457264862e-01
-3.776402692490191115e-01
-5.599322225714298273e-01
-5.827807744537895074e-01
-6.081761569406923806e-01
-6.220127074569179459e-01
-6.357715393647893620e-01
-9.087799493592612077e-01
-1.037120534399719851e+00
-1.067786855153133541e+00
-1.083928124795437542e+00
-1.073734991781459591e+00
-1.064648181848575348e+00
-1.081709446558092758e+00
-1.087988630785271305e+00
-1.091329418706055154e+00
-1.087026901997865114e+00
-1.087707952435693182e+00
-1.092649517049302466e+00
-1.088039596590210767e+00
-1.094866767785530381e+00
-1.096503101624932253e+00
-1.109257944303682075e+00
-1.115497646121367259e+00
-1.113448287689090765e+00
-9.597932795571351150e-01
-3.928663209903333620e-01
-1.935257443573605574e-01
-2.039446759347340321e-01
-2.064013168883088722e-01
-2.208298047483641113e-01
-1.966819205297006684e-02
-7.981367238984491547e-03
4.607207651958126760e-01
1.031271538620618156e+00
1.435299731951883428e+00
1.464142230926565702e+00
1.460439045187249096e+00
1.477260883907486777e+00
1.498478865626118095e+00
1.507342930285115346e+00
1.513002591842057321e+00
1.540207492156268065e+00
1.573271752587908079e+00
1.742973332461842606e+00
1.944443255317553465e+00
1.928661800499338108e+00
1.953761339691727272e+00
2.006639304818897962e+00
2.032125815343089226e+00
2.040566595822555396e+00
1.942668154354424193e+00
1.523609318937908963e+00
1.533365214098943774e+00
1.547031467191592125e+00
1.585849078389459876e+00
1.600476727006209243e+00
1.597737099880193412e+00
1.604041594061027753e+00
1.607309895410207856e+00
1.606054128539849968e+00
-4.849126306080554505e-01
-1.155253659830985047e+00
-1.641913455129518251e+00
-1.928726867847688098e+00
-2.027314841137772827e+00
-1.993573228896998950e+00
-1.916658477288908369e+00
-1.827173444618544362e+00
-1.783728240009295973e+00
-1.738395225260212174e+00
-1.721402879753548998e+00
-1.848036369747183327e+00
-1.883998354026088951e+00
-1.892349546392166015e+00
-1.916418056590462715e+00
-1.930432588402707372e+00
-1.937922910315541980e+00
-1.939729784160566517e+00
-1.936430024307062014e+00
-1.936720837028301556e+00
