-1.222989684309818831e-01
-2.276049641610398133e-01
-2.721118177864405019e-01
-1.408060493825025461e-01
3.654568182304629431e-02
3.258072591457586986e-01
4.351061589976444877e-01
3.090399891085793826e-01
5.668369279513840731e-02
-8.175792682868329719e-02
-9.670228269944594612e-02
1.203188579392944213e-03
1.646433913000342475e-01
1.903228930697603849e-01
2.057459936695126002e-01
2.548729860954876414e-01
3.191577530083427039e-01
3.854723391073591188e-01
4.488090755125120901e-01
4.941990809165183185e-01
5.425442635249240197e-01
6.553313030110996529e-01
7.855259599968553719e-01
8.835697099378254649e-01
9.000670846401181979e-01
8.261883949044208642e-01
7.530397469391461041e-01
6.782365642666063899e-01
6.545695491199076121e-01
9.542087437968572311e-03
6.114414692690782471e-02
3.293407047955114464e-02
8.935142613421858532e-03
-3.353351776868516987e-02
-2.872003073607444501e-02
4.783280161207624503e-03
9.463352851183826075e-02
1.765345485355078736e-01
1.863284649605087551e-01
2.007912275219429221e-01
1.547162881972807824e-01
1.278112700816472491e-01
1.140936726336422569e-01
1.619962127245252459e-01
2.067037783510122240e-01
2.688748235308738299e-01
2.701298575323579088e-01
2.601936147800533727e-01
2.189505673382748097e-01
1.710719844360491515e-01
1.394176501951188973e-01
1.566143681363960372e-01
1.400870840608740286e-01
1.404169642282570574e-01
1.635656004339433034e-01
1.692331509026356040e-01
1.879668716731031919e-01
1.878443156822724447e-01
2.095191091396979566e-01
3.038697915624053239e-02
4.903158081213546127e-02
5.235861513882022339e-02
4.791062514244664311e-02
2.580609689284790037e-02
6.911865761508875772e-02
8.555278800001311912e-02
9.082990789768309592e-02
1.093368619274332487e-01
1.586944294495976071e-01
1.890182835170245712e-01
2.484964648711123769e-01
2.760932389548005350e-01
2.963973134228655160e-01
3.212319828408129463e-01
3.265754822412201830e-01
3.455693565336612760e-01
3.649240254968977304e-01
3.545936235114025559e-01
3.112785118299114528e-01
2.995722086521271921e-01
3.139947112491262571e-01
3.505997943822318774e-01
3.998275908816115720e-01
4.351124179335872366e-01
4.704520840433258355e-01
4.781738286012772177e-01
4.983859066661704973e-01
5.138439789038010685e-01
5.255796954167502033e-01
4.213718184892348978e-02
4.019363551439950055e-02
4.327294648661115378e-02
1.190624223513519347e-02
2.006347315421006666e-02
1.470430024082615070e-02
2.244175637088215158e-02
3.145742525754918056e-02
3.993056449794775420e-02
4.219061545069417024e-02
4.740553330786824449e-02
4.199319177490883764e-02
3.455062609529734735e-02
2.461397533905068657e-02
2.055436156607081538e-02
1.661851215796307513e-02
1.312127817707704411e-02
-5.442088158379938811e-02
-1.119054709264192954e-01
-1.164328595287903167e-01
-1.130231659481483741e-01
-1.001581557508045978e-01
-8.410709092224664951e-02
-9.135688646159069448e-02
-1.041856709638220441e-01
-1.078188909192959594e-01
-1.134724825339978732e-01
-1.116759418318477304e-01
-1.171642613103440339e-01
-1.266215069760318057e-01
-9.509848938500552878e-03
-4.716470994301907860e-02
-8.017589096879408628e-02
-8.009789359661287356e-02
-1.003397595793364683e-01
-1.068359593296643734e-01
-1.047735319403462761e-01
-9.883783034562164393e-02
-5.435351995942708236e-02
-5.259512424898773325e-02
-7.462358275265054686e-02
-8.221924114598286315e-02
-7.181010114658084587e-02
-3.049726426404578833e-02
-1.976166285430940722e-02
-1.553686406011029614e-02
-1.456829836803049706e-02
-2.057694635534589034e-02
-6.049966445081406130e-03
5.936389149662541290e-03
4.380058574913101715e-02
6.188211185834061046e-02
8.272507420804969813e-02
9.255068847920540354e-02
9.177548984409437949e-02
1.033331723682548026e-01
1.315364069704790806e-01
1.360159787993607539e-01
1.353605036663546868e-01
1.326152244173605388e-01
3.484589478845944582e-02
7.217815618300937874e-02
1.003873391506297785e-01
1.213746090069191125e-01
1.428759900726312426e-01
1.424942646025382231e-01
1.425818879662874850e-01
1.422641789071777130e-01
1.392029667596102194e-01
1.277362842075631388e-01
1.154336165972010969e-01
7.524626753364110909e-02
5.282867916240670952e-02
6.865699532026814378e-02
9.235107614875895377e-02
1.195534375179209824e-01
1.355953929826053672e-01
1.400835077090941683e-01
1.441799718056469004e-01
1.636683067219639187e-01
1.930374162183317588e-01
2.062104189566176249e-01
2.044396914179511804e-01
2.042809147008783077e-01
1.918725987847199055e-01
1.504221337946991532e-01
8.919131991060409714e-02
5.390089846242476779e-02
1.326573080874179911e-02
-9.440981036384119007e-03
3.685457208331373476e-03
1.404622714769485775e-02
2.817536304246303150e-02
-2.028578118662856603e-02
-1.804930584743865418e-01
-3.390298572894615003e-01
-3.675988725306868488e-01
-3.810352424523386627e-01
-3.614115055921874875e-01
-3.377264018712984872e-01
-2.985754119080592517e-01
-2.488615864554982737e-01
-2.164661877709492810e-01
-1.742255271331333566e-01
-1.777245760941889574e-01
-1.688784349096906501e-01
-1.794001788021359345e-01
-1.937157855771957093e-01
-2.219385129395456957e-01
-2.331950123672850705e-01
-2.281982594915945295e-01
-2.274029389478540997e-01
-1.992205453860423914e-01
-2.076172609635720812e-01
-1.926672622670117241e-01
-1.467934738305264053e-01
-1.350997466335643327e-01
-1.228616298424002329e-01
-1.122452349664053994e-01
-1.158201321901080744e-01
-9.104195020965212895e-03
4.910820920239310911e-02
5.512549612147148170e-02
7.413508233091738175e-02
6.223363497124584365e-02
4.988415887521389924e-02
1.345539174049961012e-02
3.866975306228122300e-02
5.891251434286108590e-02
1.020295025006592304e-01
1.256136013666128426e-01
1.613877135027473320e-01
1.864501846357103920e-01
2.197542019223474308e-01
2.357155058200577913e-01
2.496215832402250701e-01
2.501976113349662634e-01
2.596336163009337894e-01
2.641881621709877281e-01
2.770109296296123791e-01
2.910168367534736733e-01
2.986341682357786520e-01
2.976393052648000914e-01
3.149250975507173478e-01
3.239220317481489864e-01
3.182256548162940013e-01
3.225586846745400749e-01
3.133799137197758600e-01
3.260468719761661083e-01
3.717338937660514264e-01
8.508745626671244261e-03
2.385500385939261572e-02
3.008139130349080786e-02
3.863874647135782242e-02
1.229347037421470515e-02
-5.617599059055113087e-02
-8.006705335033759141e-02
-9.009607720508774897e-02
-1.193271236993258544e-01
-1.268292414666020718e-01
-1.448842396509107955e-01
-1.629012575639864902e-01
-1.645405060440992551e-01
-1.713065762610302689e-01
-1.840142114697977394e-01
-1.670536523560205711e-01
-1.850689988958268972e-01
-2.282780979491280393e-01
-2.500499256922206204e-01
-2.667892027526400645e-01
-3.304051095311385522e-01
-3.483714116769363045e-01
-3.603753672923892259e-01
-3.740307601302104712e-01
-3.752935537096237506e-01
-3.845935736051449005e-01
-3.811946132675572696e-01
-3.805269974925652998e-01
-3.794624671731586241e-01
-3.606595742112698177e-01
5.420992851539175456e-02
6.417631306678105163e-02
5.711407860141054504e-02
4.490638793245925464e-02
1.289949052650794792e-02
2.861578238309693198e-03
-6.084984562306334187e-04
-1.409522946270705054e-02
-1.517477328117354182e-02
-4.881792996731531761e-03
2.064137533726997237e-03
2.571152640318579569e-02
4.640498527760100744e-02
9.838060688902444673e-02
1.744418100896896195e-01
2.087002730350556168e-01
2.471887342422458556e-01
2.737621985902890520e-01
2.654286419180159062e-01
2.571812571917125312e-01
2.290718114928813054e-01
2.202162263763768058e-01
2.205914162808204904e-01
2.555001686018941731e-01
3.057063320203047274e-01
3.646103393878343257e-01
3.630636915344917504e-01
3.668410622409376542e-01
3.834307187228146452e-01
3.557260916094133751e-01
-1.825183743877979714e-02
-1.077489354647963998e-02
-1.790708943304753636e-02
-4.008746588999342886e-02
-4.380447249675039484e-02
-5.164097101700562686e-02
-4.762524774821105117e-02
-4.453886555025256960e-02
-4.666193544303984253e-02
-3.721601307316850515e-02
-3.898715098499084403e-02
-3.304120779136128505e-02
-3.937402647620343726e-02
-5.919147504082337974e-02
-6.549268174210774729e-02
-8.261340818720204482e-02
-9.880272446160059951e-02
-9.876764234953733235e-02
-1.135241586567254102e-01
-1.243870499837057969e-01
-1.676147737019985373e-01
-2.082662971434766641e-01
-2.530131397289562267e-01
-2.961190565817481968e-01
-3.171244277166482828e-01
-3.477156243696916671e-01
-3.352193306724034483e-01
-3.632909358605124761e-01
-3.829854935079599620e-01
-4.155226547421681516e-01
-5.701150367748449022e-02
-1.816873625122536473e-02
-1.636964887734886770e-03
-2.351247477027192806e-03
-7.563803018649856852e-03
-1.095049324273697326e-02
-1.288353349106228368e-02
-1.759852268944837872e-02
-7.146984598730544633e-03
-2.741444941221308357e-03
2.202362223643807709e-03
1.165222438073830295e-02
1.628522169164497990e-02
1.398139983139985200e-02
2.061938996014769238e-02
3.432237421433053520e-02
6.450829216577837200e-02
8.040803011228714325e-02
8.656997401735946895e-02
9.198582344031229485e-02
9.790672644027287319e-02
1.117491804016813028e-01
1.178485761398262305e-01
1.497152859413936055e-01
1.781009279779245114e-01
2.032338179841801373e-01
2.210512853887551254e-01
2.405918519468138728e-01
2.473244616823181141e-01
2.468996196137811516e-01
4.706917579999346513e-02
8.850742483629679691e-02
9.688100015212307292e-02
1.259290347467875715e-01
1.314101019020840477e-01
1.163658161330789337e-01
1.114029082191784481e-01
1.159428597278930329e-01
1.196529665707509738e-01
1.301135953125532319e-01
1.480024641364120763e-01
1.635477368057718928e-01
1.686840070457612251e-01
1.811444993361336075e-01
2.112146235716387821e-01
2.399604990922453718e-01
2.407636179989968428e-01
2.424757937005960207e-01
2.362955958137460954e-01
2.473712750404548077e-01
2.602608987581294664e-01
2.584733768326397119e-01
2.721983507671609237e-01
2.734331091484431542e-01
2.449599085526059372e-01
2.067111807372533083e-01
1.765188651955870713e-01
1.465585058228911219e-01
1.359178553623561769e-01
1.299357825062150695e-01
-4.125364439353098461e-02
-3.850395966135095743e-02
-7.873407751680544520e-02
-1.057061801563786430e-01
-1.572849112482757050e-01
-1.596423644237746076e-01
-1.558154991792493060e-01
-1.146983865549580234e-01
-5.777948887282895185e-02
-4.398037234233859866e-02
-5.380255993398889991e-02
-9.061967931673139964e-02
-1.797575299836478568e-01
-2.576038341782418417e-01
-3.123880178189186174e-01
-3.048949841185267795e-01
-2.818173433632950586e-01
-2.767449070479167106e-01
-2.757890951139794211e-01
-2.658928987396693144e-01
-2.464591790440311403e-01
-2.621150677466533852e-01
-3.180415106719930995e-01
-4.023431871178298480e-01
-5.122764043508262199e-01
-5.389838839857160613e-01
-5.187107981951822877e-01
-4.981776004895176468e-01
-4.274640178681071156e-01
-3.819422987932149516e-01
5.062011917172465347e-02
9.049873793917409537e-02
1.092658857912831016e-01
1.175128760972821429e-01
1.527608121456917878e-01
1.614921646517978593e-01
1.928125393943759813e-01
2.076526938163796021e-01
2.385526343869554255e-01
2.776783024498694630e-01
3.026958632422289686e-01
3.297950228658283467e-01
3.175394350490280959e-01
3.110059066523565563e-01
3.150014169646505047e-01
3.152139390457744383e-01
3.272582398595548225e-01
3.412256940848916731e-01
3.688841001548137655e-01
3.690954504343406106e-01
3.696415453901298886e-01
3.605248528991097934e-01
3.739939015272896183e-01
3.784054343219374617e-01
4.151639814718108279e-01
4.640147758979591419e-01
4.628684472906600678e-01
4.567947782274921487e-01
4.503617106765767097e-01
4.429753285403346674e-01
-2.722975364897609746e-02
2.696118995958062675e-02
4.559022810471012599e-02
8.412993484459424520e-04
-6.407347877196013786e-02
-1.532054342335159025e-01
-2.362581042699223310e-01
-2.383941611706306973e-01
-2.428347695774003001e-01
-2.753476218820790633e-01
-3.085032629627053047e-01
-3.600020204827948378e-01
-4.128413398605405016e-01
-4.433694976600764392e-01
-4.898242164111151764e-01
-5.122008743609886006e-01
-5.166309535040387590e-01
-5.294236996300292208e-01
-5.366074433266936339e-01
-5.467332566889901990e-01
-5.564533117136799545e-01
-5.663013214242473836e-01
-5.705033996184182277e-01
-5.664405565312922164e-01
-5.554082822003773012e-01
-5.340082675608871510e-01
-5.242496517406450840e-01
-5.311333973444253287e-01
-5.432339629665502434e-01
-6.043807593435924774e-01
1.200192816114439842e-02
1.847875178233455290e-02
2.885481462546504380e-02
5.720701947003237892e-02
6.924293973248718537e-02
9.588425169556379080e-02
1.279880735245661205e-01
1.573964641389865304e-01
1.682000901921293645e-01
1.821492811684617963e-01
2.052700964804172190e-01
2.180710299485294212e-01
2.528478570952207294e-01
2.952094393480891865e-01
3.399483337347323775e-01
3.604139862484571633e-01
3.363771879941080400e-01
3.204132775047200954e-01
3.190631669503690704e-01
3.384603598238589139e-01
4.096603553293304834e-01
4.778450320023701625e-01
5.323012252772083563e-01
5.784770762472369876e-01
6.152213833905159079e-01
6.376338831329453338e-01
6.481380754618193407e-01
6.537248882515661608e-01
6.558995771382684081e-01
6.554647879863185755e-01
-3.196514537701360559e-03
7.250799208906130722e-03
5.221339836806739715e-02
8.605213930953094226e-02
9.909077874944619002e-02
1.011722308117273816e-01
9.925327616147470999e-02
9.799523587980717154e-02
1.098807214719961789e-01
1.202397415250542612e-01
1.230894027788752426e-01
1.370326285257183196e-01
1.469525967388486398e-01
1.463108777694098195e-01
1.429144597406468986e-01
1.360923495240911052e-01
1.257565749598285043e-01
1.247765467832141900e-01
1.147961294153343886e-01
8.677855119769095626e-02
7.118655925933188577e-02
6.098579825801146714e-02
3.375003943515482441e-02
1.290913130998822336e-02
-1.683161826380375620e-02
-2.652399263050772907e-02
-4.362945966577676249e-02
-6.126882169796714350e-02
-1.085293536780168461e-01
-1.798245722175002559e-01
-2.586710543141548541e-03
9.771247778524257480e-03
3.440703693224276410e-02
2.025443710824597829e-02
-3.253596304687644131e-03
-3.775442257050438954e-02
-5.694051886191473649e-02
-7.027315576844489486e-02
-3.539170690763755039e-02
3.239626361543398309e-02
2.857197991663684017e-02
2.306656786345159804e-02
1.562111405521602464e-02
8.638394108892992473e-03
1.914869538175011793e-02
1.941935308052821635e-02
4.801627094961481018e-02
5.495662362516624128e-02
5.711756312036792710e-02
4.934535971065825283e-02
8.185523406254009704e-03
-1.023407343709730605e-02
-2.901024795261882352e-02
-6.864221608223507187e-02
-5.365479633366017354e-02
-3.794398585535002644e-02
1.905727203871036141e-02
1.162847884610595239e-01
1.799769256104420401e-01
2.228430977975643656e-01
-1.046800530710476247e-02
5.676626738546306297e-03
1.497228290936103261e-02
2.055795520660287645e-02
3.274435285031762621e-02
4.242037562680381346e-02
7.410944681477429907e-02
7.284593034286876434e-02
7.341798315304749745e-02
8.021312704518528125e-02
8.223512272893178376e-02
9.233695315840209639e-02
1.084522798729209564e-01
1.046580389874550709e-01
9.844390126241059358e-02
1.069194241967772047e-01
1.198474579473198520e-01
1.283117482550153732e-01
1.301260923356348798e-01
1.318563285612431302e-01
1.286635231485584729e-01
1.252406378080404004e-01
1.279498160195704781e-01
1.384554059940290571e-01
1.733946344262780603e-01
1.798066558111490743e-01
1.550005165994829126e-01
1.384954354447292812e-01
1.201774147388220693e-01
5.565011640744244037e-02
-1.228342866812691392e-02
-1.599239885560027954e-02
-3.345872977953935623e-02
-3.281995323703650047e-02
-8.161843491606250722e-02
-1.548544793509848971e-01
-1.862501235576416447e-01
-2.177728393701721943e-01
-2.251034147399751661e-01
-2.115178404774446796e-01
-2.175139641880135533e-01
-2.273202719900544733e-01
-2.447227734137599753e-01
-2.741117285036061002e-01
-2.726515263772295583e-01
-2.606311060820588610e-01
-2.588904235862463654e-01
-2.485968866324582138e-01
-2.643247542241358161e-01
-2.957777279648217683e-01
-2.935135179267299166e-01
-2.904588556864684534e-01
-2.804644686610848758e-01
-2.949968343755317579e-01
-2.979050894880339029e-01
-3.022555023019257159e-01
-2.867055323673423084e-01
-2.748446082784522515e-01
-2.650983962461841981e-01
-2.377719558016785362e-01
-3.094883615431137658e-02
-8.741464783140065475e-02
-1.207558221925369435e-01
-1.072116195290674645e-01
-5.512452557435017220e-02
3.225794899777431612e-02
1.426405288221191392e-01
1.708407744654889815e-01
1.880841137603954105e-01
2.000411652104389648e-01
1.982581506827152673e-01
2.290124572044208717e-01
2.526200157171869520e-01
2.403958493950836273e-01
2.453925095640563381e-01
2.673933811790279447e-01
3.121326914824270604e-01
3.320014091810761792e-01
3.429269975017693595e-01
3.474729679773190805e-01
3.567683509843176948e-01
3.699242421056069818e-01
3.741845249108082805e-01
3.768762366280721254e-01
3.830985028492649436e-01
3.775669368339431009e-01
3.563756720801624645e-01
3.335392680192580950e-01
2.924464605886816226e-01
3.023657758177729082e-01
6.359945224088516501e-03
4.488839430252641351e-03
2.260376128445900148e-02
5.848574350065897931e-02
6.363633315129783863e-02
6.395079485415665344e-02
3.550966220199345408e-02
-4.142912961766472696e-02
-1.205362175861554030e-01
-2.003532952934889422e-01
-2.261149817419394192e-01
-2.408899745453962904e-01
-2.033579757145410616e-01
-2.108306057345680773e-01
-2.485028625838970051e-01
-2.842269723587362851e-01
-2.905859936252971898e-01
-3.089121339924348897e-01
-3.332392932171545641e-01
-3.896255364508544039e-01
-4.118536651784140967e-01
-4.596100370306545613e-01
-4.877394791998222456e-01
-5.190021716267587681e-01
-5.197176857377109327e-01
-5.181580539030050669e-01
-5.109344674671641995e-01
-4.967695496828061219e-01
-4.928740735631683689e-01
-4.821414811120073862e-01
-3.834748008525369622e-02
-5.412665357060722493e-02
-6.677642001958378204e-02
-6.729379451276218393e-02
-6.546626163744258264e-02
-6.579972272695289170e-02
-5.278042256121143194e-02
-3.437410773495867822e-02
-2.406449413779020510e-02
-2.580348615261592038e-02
-3.311616931172781109e-02
-2.669882133663005822e-02
-3.250753141472614155e-02
-3.427944735595665066e-02
-1.863467505052337006e-02
-1.863402639853212195e-03
4.042609262151607846e-02
8.141711179574886992e-02
1.157495208245122587e-01
1.265940941306681888e-01
1.356666631837100678e-01
1.710111609176107605e-01
1.976215781369306534e-01
2.285297312538848991e-01
2.480873453448587951e-01
2.642820439390185516e-01
2.855149272133616911e-01
3.120786523231864895e-01
3.393429103514786771e-01
3.635569202547754841e-01
3.332158799102559465e-02
5.127410723761421929e-02
5.626315476535065363e-02
5.678183193679157276e-02
1.034255100819501533e-01
1.547685088264238451e-01
1.489216307480251134e-01
1.391902215175546687e-01
1.341828809033170367e-01
1.360979476022033119e-01
1.513692426739605690e-01
1.419161555071613012e-01
1.470528389667790647e-01
1.591326861182919550e-01
1.409233715310705959e-01
1.133045312100045554e-01
1.057030511241682652e-01
9.039070814192079473e-02
8.893783954139541925e-02
7.141563458450689295e-02
8.831306845842294695e-02
8.880449148028381201e-02
6.784707186109821542e-02
6.058368479183773997e-02
2.659006798584022391e-02
1.726337360603071719e-02
4.377665379997865841e-03
-9.927738666451281502e-03
-3.742620655105386579e-02
-7.772831931607501743e-02
1.325241394746887701e-02
-1.930712710806978955e-02
-5.108556929776725958e-02
-8.411940700450516728e-02
-1.157890133870298210e-01
-1.190638489235356506e-01
-1.365533131007714840e-01
-1.467036729767554615e-01
-1.351464324285634733e-01
-1.264139718445697336e-01
-1.148478442507091524e-01
-1.377500708914599081e-01
-1.709575154638038330e-01
-1.775515900100263500e-01
-1.825096638265389370e-01
-1.782993900141238153e-01
-1.802020067560332617e-01
-1.777660707792547701e-01
-1.446360514812962683e-01
-1.482924673788559855e-01
-1.533157015106855481e-01
-1.548447094813488745e-01
-1.635827570743413062e-01
-1.888425420194659032e-01
-1.876941144846159537e-01
-1.738160674031945518e-01
-1.627437376890855381e-01
-1.493376857109936229e-01
-1.519731110922358519e-01
-7.619826506888004169e-02
3.002789531701046885e-02
5.989782792921131277e-02
8.227421038031274003e-02
1.090388368935346630e-01
1.397112355760815328e-01
1.630562126228443098e-01
1.492472054573824869e-01
1.481760205969550326e-01
1.494398655183011571e-01
1.688420276445690149e-01
1.870539444793579420e-01
1.955337403135253838e-01
2.143511743733066133e-01
2.072074206660780293e-01
2.177586225837702949e-01
2.070684376277095451e-01
2.219532902723092005e-01
2.233877598139276388e-01
2.252868611250984088e-01
2.388152151485159747e-01
2.385321015626486740e-01
2.388115985485148030e-01
2.169956445434367276e-01
2.203441719146113642e-01
2.119562775414617906e-01
2.102862868606591995e-01
2.197613064642243152e-01
2.109976022913055971e-01
1.620605427489115735e-01
1.390347618884338887e-01
-7.202219939621422318e-02
-9.907659379621887308e-02
-1.288716955045991486e-01
-1.457152749212216603e-01
-1.598728500709967193e-01
-1.974417829112288247e-01
-2.457213731637719611e-01
-2.708325518380465535e-01
-2.984088953444162806e-01
-3.043859019049656167e-01
-2.978629387623693003e-01
-2.789874434480830723e-01
-2.747995655400627957e-01
-2.844823179196319107e-01
-3.605494496664495840e-01
-3.605346272336834024e-01
-3.541718728154343854e-01
-3.498299879908399190e-01
-3.577172135142244191e-01
-3.514822502740930221e-01
-3.596616587821201971e-01
-3.537559292284142010e-01
-3.516449370050133694e-01
-3.282801217394348270e-01
-2.934946029337992535e-01
-3.076543497271003735e-01
-3.403804650778616825e-01
-3.591463334591190604e-01
-3.662964496440281326e-01
-3.698539253421697093e-01
8.669426074934939372e-03
1.256061518596671492e-02
3.929621385047850357e-02
8.816059895506302146e-02
1.132051115813560854e-01
1.652935982164716877e-01
2.009935663734704336e-01
2.337732736067859862e-01
2.309632241658817198e-01
2.235631415172006364e-01
2.851824243875983877e-01
4.111851573835866858e-01
4.530463879653386927e-01
4.956853340424278720e-01
4.987279199488190429e-01
4.946144000049381151e-01
4.907342553046832312e-01
4.928918080662710866e-01
5.286452943955203265e-01
5.369787052726205934e-01
5.328813953182809371e-01
5.232052598438530211e-01
5.275854460507453103e-01
5.352932407172291684e-01
5.715881899491693785e-01
5.881439813196422950e-01
5.917787036433490577e-01
6.031774032938326258e-01
6.109767664775025420e-01
6.148282918398280117e-01
1.039879435168865503e-02
2.133666906347238962e-02
-4.457998260294464277e-04
-1.734364315961411506e-03
-6.786688523871590994e-03
2.962307313302488948e-03
1.416310550164745843e-02
2.358509481405851593e-02
2.802200672515129526e-02
-3.108566052027649657e-03
-1.531185115539893636e-02
-4.892023449555377851e-02
-4.320041775540023332e-02
-3.393234365061076341e-02
-1.090300786875283701e-01
-1.991748916143012971e-01
-2.999914694438817753e-01
-3.245527493634992600e-01
-3.489304022583029075e-01
-3.412035161276767981e-01
-4.294304529344283305e-01
-4.051585754178567700e-01
-3.891391047960364169e-01
-3.798595701942517056e-01
-3.905827085949519217e-01
-3.905013487439436548e-01
-3.761632288108920918e-01
-4.158872384054277394e-01
-4.652883986254933157e-01
-4.321852709082307231e-01
6.438457748071399478e-02
1.307926265760062379e-01
1.382980045582178907e-01
1.041233329360993498e-01
1.019428492599186442e-02
-4.682930219203028377e-02
-5.702065240758953657e-02
-4.759348102171261780e-02
-1.907047345075621458e-02
2.082059820384351417e-03
1.531787372289780767e-03
1.503594607581278109e-02
5.922733850128302641e-02
1.271294989039980228e-01
1.602950198112394475e-01
1.909547530742225219e-01
1.835792029612141607e-01
1.736028777335320017e-01
1.408411041237871419e-01
1.544574835107534183e-01
2.283449449356664274e-01
2.681722399195850537e-01
2.921275185855384260e-01
2.793261421550651824e-01
3.060897816407400773e-01
3.334278260717648545e-01
3.587318712669039789e-01
3.732914761250191171e-01
3.729669279464624676e-01
3.588719862806571959e-01
-9.384499676721161018e-03
1.125815100041337689e-02
2.141086503489191342e-02
2.627455147395272445e-02
1.886467941912600699e-02
2.315595212079673421e-03
-1.868369609942286194e-02
-1.245734405059514827e-02
1.052673627225225172e-01
2.376623719474078578e-01
3.381741604032140747e-01
4.023289423706275514e-01
4.941479810270488215e-01
5.026030940446881701e-01
5.049864819460321286e-01
4.966523439197069734e-01
4.699040332742955850e-01
4.188061948981765537e-01
3.552950989714043772e-01
3.177494688377512921e-01
3.134997620082904390e-01
2.875978261961656957e-01
2.472525281476506409e-01
2.337055314053362864e-01
2.115273083170235158e-01
1.998601433098631253e-01
1.887329969285113651e-01
1.571825258382932855e-01
1.153241688821835531e-01
-3.625323223481519141e-02
-4.155190645598159926e-02
-1.260098030670188940e-01
-1.533512936012185190e-01
-1.768481228548814121e-01
-1.522339843910303914e-01
-1.155063175950043208e-01
-6.573104326703418931e-02
-2.069091404760567410e-02
-3.141647330051461351e-02
-3.149764198566545881e-02
-1.161011848903418381e-01
-1.759356634034218159e-01
-1.723563144853726692e-01
-1.660031017233619399e-01
-1.556442808286856161e-01
-1.530885315576884786e-01
-1.587580917545853565e-01
-1.526131763487724724e-01
-1.264568114647037778e-01
-1.248045867256377117e-01
-1.400586082068077387e-01
-1.509911979852633646e-01
-1.684837325360335203e-01
-2.271508457066896969e-01
-2.409357337328926763e-01
-2.485886550142486218e-01
-1.946351868392073303e-01
-1.332369096983743728e-01
-1.199007741402088323e-01
-1.011689993772182661e-01
1.483342884296614053e-02
5.584855431781329815e-02
6.111137892176683739e-02
4.713994118449281456e-02
6.582285923516946469e-02
8.416386867473410471e-02
1.086863894524349172e-01
2.054325100380038072e-01
3.119900898641607689e-01
3.637834484200215268e-01
3.668413502478163335e-01
3.566910336234853096e-01
3.365887739586650440e-01
3.229510597535792393e-01
3.135804496323610913e-01
3.324772975318241452e-01
3.770784583223238395e-01
3.815240400698631240e-01
4.009866660067668009e-01
3.894563928555263566e-01
4.006308912360253549e-01
3.996901735358894259e-01
3.844502119703510634e-01
3.322305571901411070e-01
2.742351962926488640e-01
2.692818918611967760e-01
3.230838297609409659e-01
3.275675350631072069e-01
3.428811820689364742e-01
3.210733589902218243e-01
-6.397600480118862017e-03
-2.654230386544705750e-02
-4.696462403695660093e-02
-6.812666766792674355e-02
-1.447500707074236281e-01
-3.136967567487898290e-01
-4.559907001045016561e-01
-5.059038480722396480e-01
-5.223424182520832737e-01
-5.284107807981290872e-01
-4.511997310393358052e-01
-4.000782030121672328e-01
-3.710450433793080482e-01
-3.828281987193644098e-01
-4.713800274908790389e-01
-5.510909765873082122e-01
-5.591330630833065696e-01
-5.691329374970052202e-01
-5.665769019437942866e-01
-5.409693965705860697e-01
-5.491456664022955625e-01
-5.546910815350908353e-01
-5.969465927230852564e-01
-6.378320851052220464e-01
-6.650878158759873093e-01
-7.241954971575653710e-01
-7.503869136347969260e-01
-7.724846186840969020e-01
-7.679271325386566316e-01
-7.470732134888006248e-01
-1.736556781621648865e-02
5.122987443404047186e-02
1.580542154581980607e-01
2.191425016997236019e-01
2.543250007834491067e-01
3.132659740418090033e-01
3.714750127650416345e-01
3.923063770275411755e-01
4.050199188785014726e-01
4.110853089142269545e-01
4.235210944067190897e-01
4.364337709081215211e-01
4.437676038565840919e-01
4.756259071777902414e-01
5.157139167009308078e-01
5.558232615228440032e-01
5.879480235920762077e-01
6.108637864261100558e-01
6.260306713851140348e-01
6.143750699702856810e-01
5.703898763557035956e-01
5.572197581943654221e-01
5.308823438284937524e-01
4.801360135253782691e-01
4.321751826057363965e-01
4.985687485327648383e-01
6.256687037515240579e-01
6.377661847374869186e-01
6.253389785497942555e-01
6.687942618216390356e-01
-7.610779807451288799e-03
-1.536063048293764485e-02
-3.320472639599719028e-02
-1.009878473691935008e-01
-1.709197446098857931e-01
-2.112764533925967914e-01
-2.521193045925167464e-01
-2.855659839451495374e-01
-2.995394533899683465e-01
-3.006481276178573081e-01
-3.137607149618120705e-01
-3.397763548410997481e-01
-3.672176921338294875e-01
-4.417869109529642402e-01
-4.936632802888254457e-01
-5.248409224343277835e-01
-4.981426870391215123e-01
-4.641524027177778566e-01
-4.571285446061865709e-01
-4.552250802235215388e-01
-4.640227909484391788e-01
-4.543357337684448272e-01
-4.524026725875533450e-01
-4.454545447861129048e-01
-3.815394593124794009e-01
-3.625127752206075415e-01
-3.806875544660786592e-01
-4.156406467661264981e-01
-4.352163590415678018e-01
-4.325093636599048885e-01
-2.793337265889671295e-02
-8.201843689895158690e-03
3.928279870275027189e-03
2.316556495179880604e-02
3.408697543987371931e-02
5.134860496579760070e-02
6.503784221022841650e-02
7.640218949968655138e-02
7.971802667170641010e-02
8.125553577613651990e-02
6.877411855256340689e-02
8.970773248958444079e-02
1.422345795286068526e-01
1.957591079000643441e-01
2.197901055058173736e-01
2.410380135109487509e-01
2.802490496090546124e-01
3.251145808549644745e-01
3.370841310155074377e-01
3.313031000861598185e-01
3.423632111818590285e-01
3.301169358632866091e-01
2.493077667520962049e-01
2.525830310961313385e-01
2.734318952161327587e-01
2.988726541240226409e-01
3.215804224838402225e-01
3.348395394461369245e-01
3.525090081576219281e-01
3.601394923291018624e-01
9.230623959616530635e-03
1.960660062756802019e-02
1.769988721313058011e-02
1.425525137462736042e-02
1.545323710593528993e-02
3.028606518812718140e-02
1.506410868047632946e-02
1.118232466462738828e-02
1.760085893547195732e-02
2.463111494545065783e-02
4.195161297727886818e-02
6.422149563968103381e-02
9.223219353502867812e-02
1.184911761271320862e-01
1.166037242709826866e-01
1.068770331758802233e-01
1.057069681677049594e-01
5.371160366854556972e-02
6.514725334411733404e-03
-7.101069571913075709e-03
-3.089465057243220153e-02
-6.148605210294189050e-02
-6.885064232080623237e-02
-7.409570603163173619e-02
-8.334602616520170315e-02
-9.672143509749206447e-02
-1.219873467189998006e-01
-1.468899588885516638e-01
-1.865951112326291739e-01
-2.296240384543177804e-01
-1.635706749403746316e-02
-1.564622724021404523e-02
-1.416527882936613990e-02
-1.165008425477075810e-03
6.109172219554735890e-03
-8.279080572586711845e-03
-3.220129492938984817e-02
-5.096725399766979109e-02
-4.603916196611184536e-02
-4.240903229853552892e-02
-6.677881323973736127e-02
-6.259492786942749687e-02
-5.872041179698380547e-02
-5.781613459507958103e-02
-5.168024711003322419e-02
-4.465992004695848450e-02
-4.131487201477433008e-02
-3.401417096887003610e-02
-2.258808153160079060e-02
4.903093594883359274e-02
1.119689717164296522e-01
1.500292682708889436e-01
1.517139341312983836e-01
1.473132985065461198e-01
1.883986988692344378e-01
2.290981469102917056e-01
2.273214704749347004e-01
2.567109808541131466e-01
2.700222269934623442e-01
2.890541915334914336e-01
3.070997717350321468e-02
5.326200108067397770e-02
1.153402733894723364e-01
1.526256249316796931e-01
1.645095916145125348e-01
1.581544520225052763e-01
1.329837875572475181e-01
1.291557651697108067e-01
1.453569682324549750e-01
1.527401347583118019e-01
1.585720545423048300e-01
1.658609072492302217e-01
1.998615147947863657e-01
2.006575710207463281e-01
1.976766609732806546e-01
2.004502549263636746e-01
2.121445619114264991e-01
1.772595298688271481e-01
1.618654245551891524e-01
1.503409135427585253e-01
8.887655237133670894e-02
3.574580992909659471e-02
2.719741926899166273e-03
-3.872129616044470840e-02
-3.204485459353696025e-02
-1.957847046869535743e-02
-1.314862217107443630e-02
-3.664782614544806472e-02
-9.295865747247644695e-02
-1.127880421798908711e-01
-1.019547289842388377e-01
-1.188627780765497549e-01
-1.533504925163528543e-01
-1.635794173363064874e-01
-1.730399990545380406e-01
-2.085372345493329282e-01
-2.573027502400910271e-01
-2.392336412685769909e-01
-2.408653601090180452e-01
-2.356703277551926712e-01
-2.402300810281320920e-01
-2.891631836663239308e-01
-3.501128717147179437e-01
-3.444887962389328040e-01
-3.407197964887161423e-01
-2.999569496850507111e-01
-2.607755348476042956e-01
-2.560014147118772621e-01
-2.547107042939826815e-01
-2.530621521496638771e-01
-2.661894296869098953e-01
-2.657069488067141383e-01
-2.461014977318808916e-01
-2.293529692468362635e-01
-2.291156465626996985e-01
-2.436322035782098605e-01
-2.467467732387758905e-01
-2.178893494148901044e-01
-2.137618224776274001e-01
-2.144077338254611331e-01
1.627198095051054366e-02
3.118041851534438663e-02
5.654992273287058613e-02
8.139241022354951061e-02
7.951795473670920933e-02
5.998513303549055792e-02
7.588895337541792796e-02
7.086018000989149912e-02
1.060101588731793276e-01
1.772802822338747086e-01
2.191757800384577515e-01
2.721697944834209903e-01
2.755347624978141674e-01
2.617443206656512866e-01
2.608396106750071053e-01
2.572177805610033063e-01
2.662945423446329007e-01
2.759308892117575129e-01
2.875054180517768732e-01
3.178516900130206602e-01
3.156308848545029688e-01
3.035278147089262579e-01
3.185187972366931297e-01
3.252640603978036449e-01
3.484837601345544544e-01
3.690637629164659206e-01
3.620841658207114566e-01
3.640184319087950704e-01
3.854725320754668894e-01
3.961623166748721170e-01
3.421287499772326240e-02
3.447331792622568281e-02
3.606116792857867737e-02
4.290273507935459668e-02
2.125804612979610708e-02
-3.834564270597876079e-02
-3.405953308892686188e-02
-5.760848953918927540e-02
-8.881694354755303999e-02
-1.224763524195044140e-01
-1.492981072484065030e-01
-1.804041694584357369e-01
-2.260739884259458377e-01
-2.571997686979501929e-01
-3.062020557487389327e-01
-3.435448225878784956e-01
-3.671311897888535070e-01
-3.759524893404396217e-01
-4.008072174711393987e-01
-3.877639511024502661e-01
-3.878049764252993192e-01
-4.019008792791805562e-01
-3.852714601263395044e-01
-3.878915913907933222e-01
-3.922129055756843896e-01
-3.923982521262755485e-01
-4.107454278462600583e-01
-4.352714521124804725e-01
-4.336993422622040795e-01
-4.197375794481719713e-01
2.971188140872507363e-02
4.888621902891114590e-02
7.216638606291041202e-02
5.359762929740231191e-02
2.498297981025721440e-02
-1.496379006166708575e-03
6.614104997356224508e-03
1.498135656664246682e-02
2.864521167943033172e-02
8.840717607471253181e-02
9.510378719276718629e-02
6.757818866543201242e-02
5.466545648836562687e-02
5.047572262636956797e-02
7.551515850538428887e-02
1.647099061101910955e-01
2.069775260088670688e-01
2.563392596822653413e-01
3.026909501993553797e-01
3.361758968180456608e-01
3.873330190369385639e-01
4.067006169478051825e-01
4.180660558083069134e-01
