5.080573542790759595e-02
5.863977956012718373e-02
6.821555965129982857e-02
7.842264541315582815e-02
1.091528362687068654e-01
1.529139474270973242e-01
1.522621643531311131e-01
1.605881946240936831e-01
1.559922242882481880e-01
1.689034732866918076e-01
1.810507432595071242e-01
1.664890065906778904e-01
1.714450665966941179e-01
1.572093170415050090e-01
1.122584804492491595e-01
1.068442234018011500e-01
1.015993660088840567e-01
8.285844550167402456e-02
6.476682643497458369e-02
6.365113056114482526e-02
6.947447346056231932e-02
8.258955984182006493e-02
4.486591143046044644e-02
-1.226365021908383535e-02
-5.683194790071712833e-03
-3.774138740459604541e-02
-1.207715266859348824e-01
-1.708944426154880847e-01
-1.843324932352242429e-01
-1.269009667751108510e-02
-2.445312670236222605e-02
-3.366168719325461633e-02
-5.621948146642907762e-02
-6.697249085187323425e-02
-7.700501246677941836e-02
-8.001386786381831095e-02
-7.818336264116929057e-02
-8.445052272204714439e-02
-9.748900619735158257e-02
-1.178938088459057787e-01
-1.296077644651504046e-01
-1.376169191304724426e-01
-1.627388660409595511e-01
-1.274472773834457173e-01
-6.208144760239060755e-02
-4.542401065458175069e-02
-3.540350392380570144e-02
-5.089482256160257623e-02
-5.758437970069037876e-02
-5.448779342654860164e-02
-9.705592875954641152e-02
-1.268383740972977569e-01
-1.602313520850917328e-01
-1.949544645401082854e-01
-1.821335668563991983e-01
-1.824736009475330933e-01
-1.689433508165732456e-01
-8.055313464160668291e-02
-5.009659575082316130e-02
7.098044595765568010e-02
1.747774847628786876e-01
2.286750274080149026e-01
2.520414232079560279e-01
3.013995380290339643e-01
3.168406663869663409e-01
3.456640524255630842e-01
3.616344447864616174e-01
4.005867415094166994e-01
4.355493065685415166e-01
4.467610112293762259e-01
4.438457165734782106e-01
4.334761209942541438e-01
4.162692929220153104e-01
4.000297029659727888e-01
3.609685547315251708e-01
3.312660603104516377e-01
3.041298381483095170e-01
3.042454258087748387e-01
3.175253845278495080e-01
3.276898251883980651e-01
3.392452485545546237e-01
3.911334998504256699e-01
3.993667089775067569e-01
3.917469847502889069e-01
3.621057521415581015e-01
3.226693809291847348e-01
2.655664969589931479e-01
2.170234800430820288e-01
2.148754239595690729e-01
3.216933827768869020e-02
4.475331310279802299e-02
9.134291065299776635e-02
4.304203496689517489e-02
5.027614702864717511e-03
-1.556357636679351827e-02
-6.607149139728139831e-02
-7.344110027482003700e-02
-6.013710795468613091e-02
-9.605801337289715525e-02
-1.176713217307522596e-01
-1.306998287555047877e-01
-1.450400137547614154e-01
-1.164705862350836896e-01
-7.880850656219318129e-02
-9.381928413666816569e-02
-8.708089962175370735e-02
-7.932220392753215610e-02
-9.895254471197351132e-02
-7.939456721876131384e-02
-7.564920150725458481e-02
-7.151725948935953869e-02
-6.081921886147333145e-02
-5.697060967390002451e-02
-2.414168071301413948e-02
-1.103860420794467757e-02
3.425000654923316540e-02
8.967465576379030079e-02
1.679113439947573228e-01
2.861612537202266049e-01
2.102696147258803841e-02
1.867802614157918970e-02
1.039484787648603109e-01
1.304551483163184089e-01
1.276740398493544926e-01
1.235096359202015048e-01
9.503151242804835919e-02
8.149172033964342809e-02
1.122709449001677018e-01
1.242756395291874094e-01
1.273013263501693304e-01
1.253049609766380135e-01
1.208109224316351732e-01
1.208417882852506620e-01
1.260686094645433186e-01
1.310381791245657512e-01
2.346296030470568783e-01
2.120798703970959709e-01
1.592457183153408173e-01
1.708956942820468172e-01
1.664135378945606480e-01
1.872103973737608840e-01
2.158292403737540055e-01
2.259136937373790732e-01
2.223614098432135644e-01
2.161635376222743321e-01
1.630638956011069562e-01
4.621986395910146483e-02
-1.908929976831194586e-02
-1.006511270954302678e-01
-9.391342879174917335e-02
-1.197861989163747087e-01
-1.659012975194508743e-01
-1.761729140077887279e-01
-1.849253274443737882e-01
-2.335421147135778863e-01
-2.592761503998155526e-01
-2.696338291126216258e-01
-2.869562763671618666e-01
-3.565265130507276337e-01
-4.570579185554284329e-01
-4.959637248532600129e-01
-5.321692737378963534e-01
-5.880656410652890242e-01
-6.214792805499038675e-01
-6.184453334587192153e-01
-6.226661584899878532e-01
-6.239073525948729548e-01
-6.221013393106926692e-01
-6.156045015829857414e-01
-5.957931823641815505e-01
-5.796051469547703894e-01
-5.683776036686555289e-01
-5.348141197073155162e-01
-4.732408719677971276e-01
-4.525904373464529340e-01
-4.720785030492403167e-01
-4.866904487670506430e-01
-5.064881513634595933e-01
-5.265123892251436510e-01
6.838638538827986058e-02
1.966015228392744563e-01
2.760001668126735308e-01
3.487007074657793582e-01
3.772395678548736697e-01
3.968510957817567020e-01
4.355048661452116110e-01
4.580292116605045871e-01
4.327677706836335347e-01
4.530914191112375144e-01
4.644433768389786832e-01
4.683580842981980852e-01
4.910030704018579217e-01
4.961678310530773239e-01
5.668127198131980293e-01
5.886228316265289529e-01
5.765646847596672675e-01
5.999878887741033617e-01
6.259172765209122247e-01
6.208631924174284888e-01
6.121920692426432442e-01
5.962942540849958117e-01
5.725636754371333792e-01
5.402215798037216521e-01
4.852885981693747519e-01
4.405136354713966029e-01
3.980405936398559996e-01
3.483374397087222185e-01
3.015775529197436966e-01
2.669521851244596178e-01
-3.860564476300418907e-02
-6.905122964715759704e-02
-1.134328191392542373e-01
-1.233494189037677713e-01
-1.117204749536164776e-01
-9.702604028730237029e-02
-1.036594795119613888e-01
-7.348450613236078011e-02
-4.347665726262944785e-02
-1.888604674966799443e-02
-2.138835224702258925e-03
-2.500506472801903787e-02
-2.167440316881323256e-02
-4.716110954531470278e-02
-9.403434904667505589e-02
-1.270232787495418347e-01
-1.625812075076049634e-01
-1.532516613931579341e-01
-1.345817482810641452e-01
-1.105750328752895806e-01
-1.007683011099658604e-01
-8.494993245038008622e-02
-7.808147450877230000e-02
-8.003760990016106636e-02
-7.649577832394660604e-02
-7.222835040232289394e-02
-5.560632022548414599e-02
-4.880328350577514684e-02
-3.627503260085304659e-02
8.796969950967022112e-03
3.220982947911977395e-02
5.107263596714074760e-02
5.778623202238656470e-02
7.001962191462766938e-02
1.579779769535653577e-01
2.443914183806604745e-01
2.900835031902954664e-01
3.180015300381268117e-01
4.253745729411972931e-01
4.519708441805764254e-01
4.365401372064357521e-01
4.188704152763098598e-01
3.927622321769902447e-01
3.907322769798066142e-01
4.170178066829505203e-01
4.351248208080283897e-01
4.561912067218907851e-01
4.520805888866876177e-01
4.519813844326832641e-01
4.637647919984924094e-01
4.627434263741696530e-01
4.686993046968261911e-01
4.666096866098667917e-01
4.182110815257863434e-01
3.825389255785881515e-01
3.971054379418863522e-01
4.397548303613049159e-01
4.471052027526469241e-01
4.565156120682749563e-01
4.544471539227273871e-01
-8.331764667515851805e-03
-3.188791490295927837e-03
-4.507272834795282047e-03
-1.372961428688070779e-02
-3.965643710916617881e-02
-1.062141086290946113e-01
-2.686970328688950138e-01
-3.761240540613189909e-01
-4.542496438254810531e-01
-4.898299842437390805e-01
-5.393936456691647008e-01
-5.450752377291099293e-01
-5.702222330768643710e-01
-5.668128688183229347e-01
-5.249746791186959971e-01
-4.388584767325566793e-01
-3.930399750963992633e-01
-3.084214660794319940e-01
-3.285969861481153886e-01
-3.896675455648946351e-01
-3.755581217759139667e-01
-3.611130452464670348e-01
-3.373683100892040931e-01
-3.329286380872956697e-01
-3.327487748938974255e-01
-3.542403889465759459e-01
-3.543734631745493191e-01
-3.691757183104863449e-01
-3.647963239078088060e-01
-3.058587998246220518e-01
-2.121661585114566900e-02
-1.836808108001207127e-02
-2.197970071352202057e-02
5.197190706234459945e-02
1.733692259142662340e-01
3.381265656901711325e-01
3.880042759442535738e-01
4.311904813363644506e-01
4.449079765260881003e-01
4.754913158522593997e-01
4.904990316871017941e-01
5.252819281821013986e-01
5.964834240293983569e-01
6.606297658893135472e-01
6.638105185524955099e-01
6.261552812698101267e-01
6.273759809544905419e-01
6.306860277074578525e-01
6.301447881412363117e-01
6.286350841161016945e-01
6.330832934137253787e-01
6.573038783400430018e-01
7.018267598095626614e-01
7.225344677305258756e-01
7.565965532573178942e-01
8.275776242522687731e-01
8.984681526294333587e-01
9.226983589958813736e-01
9.346956615021051462e-01
7.845275805520232071e-01
-1.273066970467054138e-01
-2.058283269417311712e-01
-3.054287511525263232e-01
-3.496921966746424637e-01
-3.681596625589699245e-01
-4.001459252648987275e-01
-4.498291232244845395e-01
-5.252604067778752217e-01
-5.975632784298879896e-01
-6.091644989869476889e-01
-6.279086359967236408e-01
-6.244626369304152602e-01
-6.104027021981649481e-01
-5.698950083971081604e-01
-5.516598943851699355e-01
-5.163994044188936483e-01
-5.237417541922423370e-01
-5.280757483589715306e-01
-4.632028192093576857e-01
-3.434554199341636749e-01
-2.592606286972007346e-01
-2.269678119871565980e-01
-3.049700482551983005e-01
-4.328258848150999261e-01
-4.044696308574549093e-01
-3.522254238192900067e-01
-2.248616910046232764e-01
-1.066372048800438566e-01
-6.173670334627567174e-02
-3.686872516418094464e-02
5.333785865385664779e-03
1.727264037049148961e-03
2.518760026524242968e-02
5.612203967463422205e-02
8.986871999498508012e-02
1.101158077517201822e-01
1.062345447653722796e-01
1.003388555064338300e-01
1.444307052878266440e-01
1.992516258900857706e-01
1.880070562446396198e-01
1.650881003905501354e-01
1.633270894970353104e-01
1.763205624120791071e-01
1.718658397830250817e-01
1.800357849444128577e-01
1.456382129855489371e-01
9.997160279371639091e-02
3.545009193846498929e-02
4.067265515179244173e-02
6.997435907605970007e-02
9.945284082782612778e-02
1.244390764226483703e-01
1.154262828556579662e-01
8.115291203922103680e-02
3.933537650920451711e-02
-1.221665318013957086e-02
-1.223100404177455136e-01
-2.659327014080175022e-01
-3.463930677110395595e-01
-4.631076427196838263e-02
-1.352769805032133510e-01
-1.875006388308761984e-01
-1.813096004827900176e-01
-1.706104277104399103e-01
-1.395907280848447118e-01
-9.407255148678117518e-02
-6.008800163218756818e-02
-4.408955383027893943e-02
-3.861564424748763907e-02
-3.590857826354197646e-02
-3.299013085689607438e-02
-3.152025835639891971e-02
-7.381833851866617668e-02
-1.568867206996685804e-01
-1.859854659175965985e-01
-1.838661726796957385e-01
-1.553573328508099649e-01
-1.334206346465769688e-01
-1.258079571709364852e-01
-1.195216850750805831e-01
-9.702159214920527686e-02
-5.136465420198065013e-02
-2.255797285508804109e-02
-9.431041602206391775e-03
-5.831212558800454374e-03
2.875486380545510395e-02
1.293320475105220191e-01
2.322011236661969680e-01
2.788452278682537755e-01
3.187254937111758807e-02
5.809996316889358414e-02
5.342305656130232061e-02
4.726317324071066528e-02
6.001266307623349255e-02
9.851564516933108973e-02
1.068100461596202533e-01
1.040200882311374947e-01
8.968804939736636783e-02
5.771111870597311899e-02
8.698292420894221388e-02
1.427353547703172909e-01
1.770923513123691950e-01
1.924676943808896479e-01
2.027911721607834616e-01
2.070719601148465205e-01
2.355338475705669177e-01
2.539342481832381759e-01
2.746962686894424688e-01
2.988512677609810875e-01
2.764309856902544271e-01
2.386225212882931990e-01
1.781585413710685684e-01
1.397356886848156454e-01
7.206063686459912576e-02
2.348711276207738480e-02
-1.627253660299438770e-02
-4.701860200223695330e-02
-7.557502934423065977e-02
-1.428741013671327720e-01
-3.939589368991487650e-02
-9.532763945146856266e-02
-1.693929433184850342e-01
-2.193765855021665989e-01
-2.779349142865215061e-01
-2.380498308716298417e-01
-1.500187770812341781e-01
-4.886610693638511471e-02
1.048062030409097206e-01
1.557233918541157391e-01
1.754859964232810543e-01
1.282193926195600298e-01
6.967181082448539731e-02
1.076565755588303197e-02
1.477792977623989742e-02
-1.389097627216298592e-02
-3.485507310088956090e-02
-5.422944513614032930e-02
-5.048376879387037747e-02
-3.810437173592150228e-02
6.396847261721728961e-02
1.924478004468712644e-01
3.112242136257138414e-01
3.769924670458431049e-01
3.731791565052360871e-01
3.316019870112395518e-01
3.521388384816975803e-01
3.518799591843110863e-01
3.250311526168317422e-01
3.085796530936973925e-01
1.700275809992097056e-02
3.845415021775853287e-02
6.382914778183941540e-02
9.295617015782470238e-02
1.073474134512578254e-01
1.086734017886342440e-01
7.200800722231415207e-02
3.042671050136223215e-02
2.165842564150627370e-02
5.076392928550544498e-03
-7.768898976313146423e-03
-2.174959112536263214e-02
-1.417762004313367213e-02
-6.833410800704182476e-03
1.701646827232084977e-02
2.490044520923832480e-02
4.387069487333600248e-02
4.420654203878560118e-02
1.086498387626545770e-02
-6.674109310847593790e-02
-8.805842503789509945e-02
-1.131754829423275710e-01
-1.687346739259227291e-01
-2.095099800762031117e-01
-2.637291716028278832e-01
-2.824450373795541203e-01
-3.274391979279225318e-01
-4.057552235984378530e-01
-4.588866901772732931e-01
-4.554239237239342541e-01
1.153919936894420850e-02
5.294270940244791279e-02
8.948751341617705579e-02
1.104083638555776736e-01
1.205784462048321432e-01
1.282916209838598776e-01
1.342556193627588157e-01
1.387630996668106076e-01
1.415331697210196471e-01
1.265851822813865990e-01
9.601289044671193484e-02
8.539765153761118277e-02
8.613575741166562549e-02
1.094084185481928873e-01
1.056047489680689150e-01
1.483656512797050520e-01
1.549877436360002636e-01
1.213668008084519412e-01
1.452500113680679772e-01
1.764569521498564053e-01
2.952987706514072497e-01
4.642713080235449374e-01
5.185374123840490457e-01
5.543088626604923963e-01
5.519358106387620699e-01
5.527353835027751794e-01
6.258700017627338852e-01
7.270092671161088038e-01
7.609943694725940233e-01
8.214401650719008741e-01
-1.815426188988245385e-02
-4.423534710717943325e-02
-1.226776062176691134e-02
4.233014665334355192e-02
5.259329808142070711e-02
5.113269126602944942e-02
5.736920488586704642e-02
4.367280730922720733e-02
4.576690947149277683e-02
4.118157540455058552e-02
4.195321574932428521e-02
6.030964384408851742e-02
7.166890060650760175e-02
3.253146585813532221e-02
1.885562432215500198e-02
1.723032987875606006e-02
7.082253005705195503e-02
4.508970431266801082e-02
2.230284647916980917e-02
-4.679082272523005931e-02
-1.491873928087426859e-01
-2.020106502101436940e-01
-2.734221481725184200e-01
-3.012119519039332394e-01
-3.322681612444611798e-01
-3.725824393149703706e-01
-3.918985043446344130e-01
-4.301867946290736100e-01
-4.625731786641141818e-01
-4.636266402419452759e-01
-2.452991307741261492e-02
-4.122795769665302951e-02
-4.576675827074275227e-02
-3.079535764510418078e-02
-9.104243050704820261e-03
1.573189636052343618e-02
2.856863697349990711e-02
2.747999399016044092e-02
2.554182323521976550e-02
1.573195983226735595e-02
-7.564289648481683365e-03
5.363155406393380412e-03
1.892590651107259325e-02
1.407695802644921140e-02
2.546951935024077684e-03
-2.527635755378826107e-02
1.160344632051428168e-02
5.722469802149884877e-02
1.551904826384760128e-01
2.132269791596875796e-01
2.762829580485901548e-01
3.696423191676749265e-01
3.734514602512526982e-01
3.634118868768431154e-01
3.972523304192874249e-01
3.982879994833853909e-01
3.856670321499467979e-01
3.666525434723063026e-01
3.718681061866818682e-01
