5.245239361140241474e-02
3.195149503055942641e-02
-5.696142315883602480e-02
-1.039121617212386273e-01
-9.878463907566627233e-02
2.105679104795249446e-02
2.185980922522857417e-01
3.764155410581162542e-01
5.281888453166625474e-01
7.097178749785941765e-01
8.855401413126265942e-01
1.053394859776648484e+00
1.222560578470575310e+00
1.456710986877142844e+00
1.643278811467215883e+00
1.898071331366329995e+00
2.108276388299704873e+00
2.299010633855935737e+00
2.459177116618791903e+00
2.536224462311069683e+00
2.647905846506652061e+00
2.773326333430611523e+00
2.981133452900408543e+00
3.148483690827246662e+00
3.350491265144778463e+00
3.617806431990079119e+00
3.744914942506706979e+00
3.899308029005497556e+00
1.749775300750134877e-01
3.295240789905524714e-01
4.280401884934919021e-01
4.553855537308388879e-01
4.482522947259707236e-01
4.628577203562919684e-01
4.414243379255744504e-01
4.799386674850505963e-01
5.292803230867400011e-01
5.610697474236443494e-01
5.170641356823203472e-01
4.272235865171535307e-01
3.805243660789194848e-01
3.374515166846679404e-01
2.751798562108752066e-01
2.606960906072383066e-01
2.610154815062842859e-01
2.410183874211493660e-01
1.949400570202367011e-01
1.954292062830037813e-01
1.950089418465196789e-01
1.835246765397257895e-01
1.128753873077006087e-01
-3.630352645240667031e-02
-1.587861992765852714e-01
-2.064598290042459205e-01
-2.324001021059444450e-01
-2.628025599233150822e-01
-3.144765453482732953e-01
-1.942283762988686324e-02
-6.481687194731039492e-02
-1.737444367695893943e-01
-2.420742811428725771e-01
-2.932424383472120311e-01
-3.252567780741432713e-01
-3.189199879617061195e-01
-2.851036102482328305e-01
-2.486229855857622628e-01
-2.483125672651025628e-01
-3.295221866739912464e-01
-3.756539323457542823e-01
-4.154783734689527774e-01
-4.493403513297290486e-01
-4.597904165304090851e-01
-4.587637514985735687e-01
-4.304742686024135012e-01
-3.465006858394301670e-01
-3.150380017555137191e-01
-3.359481655581930126e-01
-3.742945088626085104e-01
-4.597221432022926546e-01
-5.358750822341944442e-01
-5.660104569916987183e-01
-5.764416949244552946e-01
-5.090815804555554047e-01
-3.459779224688801502e-01
-1.164858903712345239e-01
1.240233929168127747e-01
2.632399671373858996e-01
4.556993340955298732e-01
5.457909035485664084e-01
5.741649280531968547e-01
5.804367820164032521e-01
5.613534018310855078e-01
3.898504403742673041e-01
2.250461119923929942e-02
-2.158867737242022578e-01
-2.324404039233872177e-01
-1.209360329921902594e-01
1.099746476927379174e-01
4.001304283274056961e-01
6.460950029570269315e-01
8.789428017392021397e-01
1.111668392982672726e+00
1.264980972579219598e+00
1.344451243079048286e+00
1.420834280836560604e+00
1.636081653806284342e+00
2.094174047215427326e+00
2.420039637986146186e+00
2.515905077561954251e+00
2.502643869604856519e+00
2.460899775824310520e+00
2.380705965347887698e+00
2.227890949939413723e+00
2.052596981412430743e+00
1.947196661825224995e+00
-1.979417601959897743e-01
-3.187237778674387179e-01
-4.230853418527089072e-01
-5.518953498814139769e-01
-7.200612395190589821e-01
-8.991697798081068616e-01
-1.052011338334679191e+00
-1.129502054483436435e+00
-1.177640131951545266e+00
-1.210850034921778784e+00
-1.235433600274358668e+00
-1.225783423314036336e+00
-1.164930360872404647e+00
-1.124411179866356969e+00
-1.086015842688539346e+00
-1.063499661924193873e+00
-1.032168497016653808e+00
-9.891907134937614199e-01
-9.804694953787080891e-01
-9.332991358343818433e-01
-8.659961547997740983e-01
-7.846464885830437552e-01
-7.529447007206094833e-01
-7.322169604694153122e-01
-6.922683222226402311e-01
-6.515307757187303039e-01
-6.495854529652625997e-01
-7.066294784194048217e-01
-7.457735851986538878e-01
-8.183135201227204406e-03
3.831226234097098032e-02
1.349653486111580258e-01
3.005654633031566991e-01
4.091184187376815662e-01
5.017656575185909240e-01
6.188997060909241510e-01
7.353431021031286985e-01
7.985497282665380281e-01
8.201500867328285205e-01
8.182588320649881730e-01
8.028903670106527501e-01
8.372547511610218818e-01
9.336869211367775367e-01
1.056407346531923475e+00
1.243284432990668265e+00
1.395585575700933445e+00
1.482136094297907603e+00
1.492349928486159660e+00
1.463470408062900185e+00
1.436956651431838594e+00
1.354308073477118679e+00
1.316157700489036353e+00
1.328137503568856514e+00
1.377032391132554379e+00
1.482693922610052395e+00
1.629833783479527343e+00
1.714153985493829024e+00
1.732028326591012135e+00
-2.495939989271791712e-02
-6.832081835402493974e-02
-1.284040436253653106e-01
-1.458477034531558969e-01
-1.637708351026947173e-01
-1.419414871534525058e-01
-2.009644790702354300e-02
5.231931403170130002e-02
5.980347242293852089e-02
6.384984560873546711e-02
7.350942005049487804e-03
-3.446372046319765015e-02
-4.566753854995027340e-02
-8.929500016011041041e-02
-2.103765963391412419e-01
-3.028996605641508522e-01
-3.737423191280495605e-01
-4.486485026873728299e-01
-5.383782175273301718e-01
-5.784284248226559955e-01
-6.203800270860504451e-01
-6.957946675791051305e-01
-7.206781334413417950e-01
-7.155343090672375839e-01
-7.424049207376068882e-01
-7.733072354891360467e-01
-7.637119547826796140e-01
-7.314058929908991979e-01
-7.117382329120685025e-01
2.233766154277704724e-02
-1.388053634547502246e-02
-1.067946921943117855e-01
-2.238364510511747507e-01
-2.488502908016994031e-01
-2.203017938761525352e-01
-1.452601481743331369e-01
-1.190662709136656727e-01
-1.025863852079216820e-01
-8.738044379965556607e-02
-1.204790857288994543e-01
-1.918594874669168893e-01
-2.189292664347873008e-01
-1.994829829553659839e-01
-1.579446298260926418e-01
-4.834106681959179919e-02
9.903157215590130402e-02
1.427462987508315018e-01
7.450066223349804950e-02
-8.094738836670098414e-03
-4.344220440055929222e-02
-6.517802149925433497e-02
-1.543089766420625009e-01
-3.286013163472181198e-01
-4.385834036531539026e-01
-4.550076862630446084e-01
-3.947350008212452410e-01
-3.336357940476237238e-01
-3.208193652962695319e-01
9.637016534498174872e-03
7.880284964631348310e-02
2.572888315785130664e-01
4.148394438385630267e-01
4.816390870127279511e-01
4.901803647853153478e-01
5.091267414985609641e-01
5.258910390914645072e-01
4.928460806809552563e-01
4.703188452947554277e-01
4.809886604513779473e-01
5.254647574079085448e-01
5.912155736758827329e-01
6.697762774430378041e-01
7.313000681630996702e-01
7.594958022826719946e-01
7.653935525971429232e-01
7.931024611298389537e-01
8.828461895657742087e-01
9.869342833223514466e-01
1.043878624010530443e+00
1.104805203969387417e+00
1.180482016132999412e+00
1.330877558990232856e+00
1.509581306948697632e+00
1.601163146058067310e+00
1.668217653376123044e+00
1.718713161072294549e+00
1.734378734666585320e+00
-9.581338265417089356e-03
-3.615492484042671061e-03
9.209056119997508644e-03
6.037832436443388295e-02
1.775002895927678681e-01
3.194580844725455337e-01
4.288595544390856329e-01
6.200858538887907834e-01
7.478629751612118071e-01
7.910531791129030710e-01
8.040904862465610980e-01
7.753234608927944693e-01
7.089594675377249855e-01
5.794135406602389793e-01
4.099765243635341561e-01
2.936150829374410409e-01
2.249893037525309836e-01
1.545288119052817266e-01
7.243052191344831470e-02
1.121696649897065828e-02
-4.882765266860682879e-02
-1.034706599023288570e-01
-1.318920207915395548e-01
-1.326162682821755978e-01
-1.332248046783254258e-01
-1.087848943580283223e-01
-9.746118832807328103e-02
-1.265826834778308596e-01
-2.043499669341595770e-01
-6.169192088226271159e-02
-1.339273169461291935e-01
-1.731689594938390642e-01
-1.789251132909799313e-01
-1.250068122663413606e-01
1.419647471248311477e-02
3.036807550401428024e-01
4.854956071831721953e-01
5.323634347080136164e-01
5.283173014961218827e-01
4.782766407479872584e-01
3.859293224734949290e-01
3.509785473228037023e-01
3.608932597033696066e-01
4.516960925575100871e-01
6.109653277527853366e-01
7.794884677013980134e-01
8.799791501749351097e-01
9.283132583036719510e-01
9.145662494790071095e-01
8.584796720028755601e-01
7.986086952671591632e-01
8.200634298613349582e-01
8.866986663480301845e-01
9.828164750161854091e-01
1.116751910150633353e+00
1.204315309279965662e+00
1.205794291413916586e+00
1.199795831109245148e+00
2.891319460963959198e-02
8.680700967768104070e-02
1.514232131147186244e-01
1.909345612055353136e-01
1.994958000870565851e-01
1.577848574247505686e-01
6.066159635216353263e-02
-1.885675573213868583e-03
-3.792219908938855577e-02
-7.064153903253038436e-02
-7.314680475636799184e-02
-5.454001253826321061e-03
6.038416673288275749e-02
1.504135031011298029e-01
2.512987755315390093e-01
2.971302060856316207e-01
2.870684789290186556e-01
2.255283378028184182e-01
1.303503958694822162e-01
6.504302557869101609e-03
-3.277526507982628928e-02
-4.248534280130832064e-02
-4.769326929109354851e-02
-2.818904686711959720e-02
6.112650365898520538e-03
1.380356623206363195e-02
-1.678511249269998978e-02
-4.579382678468505580e-02
-8.462917535532542279e-02
-1.620479939956652460e-01
-4.169265881381709615e-01
-6.379785912410149695e-01
-7.758836718140775801e-01
-8.452560255349198526e-01
-8.764051758951788562e-01
-8.742797181389132533e-01
-8.612438075361038559e-01
-8.247955929526703533e-01
-8.194825541014154613e-01
-7.874515838856900318e-01
-7.473410717939438230e-01
-6.863050537582595645e-01
-5.906212496928172628e-01
-3.977887305026871489e-01
-2.398374620177599892e-01
-1.057261475525606842e-01
-3.317633472409459161e-02
2.576603250085664210e-02
7.541899120327484607e-02
9.531168054036108506e-02
5.960327715670477033e-02
-1.394589486628727837e-02
-8.272707253796313109e-02
-1.196136921109071938e-01
-1.302836929229844176e-01
-3.636741070911012064e-02
1.223012781436690621e-01
2.661745054464697002e-01
1.227275883955932928e-01
1.706660956551355190e-01
1.882759940133943988e-01
2.229962973134453352e-01
2.688375078579975375e-01
3.283543118182664644e-01
4.175553269108760457e-01
5.010736302063342196e-01
5.292838589906145863e-01
6.201876287008957211e-01
6.566179104307419134e-01
6.428754953306989872e-01
5.633497702093146486e-01
5.207796317545253517e-01
5.220630455380120827e-01
5.539669335895480717e-01
6.368164730921537231e-01
7.409989870443695059e-01
8.360629031430318880e-01
8.913401735750368093e-01
9.112271141811918440e-01
9.270511831427450389e-01
9.160073411884288586e-01
8.258091259422586372e-01
7.048852322287213479e-01
5.484654744038067742e-01
4.595694484378372024e-01
3.961008928608974466e-01
3.762896043639197274e-01
5.213021120347782755e-02
2.112079601153727670e-01
3.607301096525710182e-01
4.393958834252705281e-01
4.478236615297096490e-01
3.954454813226062071e-01
3.288097700937394618e-01
2.508508832360612506e-01
1.908586237676880293e-01
1.204831448299821250e-01
6.526528629708019946e-02
7.785198079001937055e-02
1.054828765676561336e-01
1.107920441505225312e-01
8.215156338506743317e-02
2.752174334690287577e-02
-5.842928127649912179e-02
-1.653924143216706777e-01
-2.989524041834658030e-01
-4.340260639663616749e-01
-5.310635919796463655e-01
-5.722689220117715969e-01
-6.540488605029020075e-01
-7.475708703046338721e-01
-8.463321697127242915e-01
-8.916602595027351974e-01
-8.987632110574288458e-01
-9.004442073147576053e-01
-9.026114182756521664e-01
6.016192959014195381e-03
3.268133858632852468e-02
5.818592098984316785e-02
4.027394393454258870e-02
-3.030530422132149404e-02
-1.119123832691486103e-01
-1.262239130808772147e-01
-1.069027115062039790e-01
-7.997359685612699665e-02
-4.108069064826642969e-02
-2.692381478380198936e-02
-3.269758898781426754e-02
-1.168554993564968614e-01
-3.045526750737876931e-01
-5.884681753423157691e-01
-8.564061491294159278e-01
-9.317708976995491277e-01
-9.104538356764809715e-01
-8.582851606267710709e-01
-7.608519677787310975e-01
-5.889021822495823510e-01
-4.493950925610667446e-01
-3.208596748129842746e-01
-1.747045786557952507e-01
-1.082791971360996808e-01
-9.720257667434140103e-02
-1.135966037659080913e-01
-2.419966894682299419e-01
-4.140840568808632494e-01
-2.185170452983445366e-02
1.039443404857109399e-01
4.338218251234947087e-01
8.768647415117963861e-01
1.353410514295889655e+00
1.726271553321669039e+00
1.926751652739044696e+00
1.956290990845414246e+00
1.927464683334155771e+00
1.791795046661139867e+00
1.670038580991840327e+00
1.509979025722306023e+00
1.438092786298116321e+00
1.461439236268491815e+00
1.543020922646493043e+00
1.728622588114111513e+00
1.940887984396001853e+00
2.101668641696678108e+00
2.230101792150963380e+00
2.388254807388460410e+00
2.608029398226107798e+00
2.727332608193628438e+00
2.784478493395067922e+00
2.828615355245154284e+00
2.816305806420765112e+00
2.691143639791932163e+00
2.542623774909530177e+00
2.497880592152783574e+00
2.551930115864009974e+00
1.098527079661716921e-01
1.272341538377814718e-01
3.874123223771412661e-02
-4.296874570957257000e-02
-3.178016987903369006e-02
-1.530089061322273056e-02
-5.903777342207448819e-02
-1.492213709520776033e-01
-2.021417868642166604e-01
-1.903684143718779032e-01
-1.212208590957168375e-01
-6.026776919556178780e-02
-9.678791560720603759e-02
-2.754808647093774931e-01
-4.618576839765435871e-01
-5.929713525344383340e-01
-7.004937284226440131e-01
-7.929518797390326945e-01
-8.524585669501715257e-01
-8.709498437267543247e-01
-8.690148877602075217e-01
-8.295757930783408396e-01
-8.278357877572538603e-01
-8.501853892985165029e-01
-8.659250812617128590e-01
-8.750518622310157202e-01
-8.489537956683671505e-01
-8.157291709676904867e-01
-7.754096881846433975e-01
-1.781460451939832247e-03
-1.854014251494565807e-02
3.180876983959739224e-03
1.945777612371656085e-02
1.343229879867341783e-02
2.978444782602813340e-02
4.273054923655590642e-02
5.015103626526711683e-02
6.781617114597093821e-02
1.377999304662826663e-01
2.230406944242567524e-01
3.759778164213920526e-01
5.581571631526458521e-01
6.471182198671477925e-01
6.096691295977419989e-01
4.888444285842828974e-01
3.765818141686320120e-01
2.871733686698780819e-01
2.343759770700725165e-01
2.349593427251209510e-01
2.952210831115117950e-01
4.318145800498043307e-01
5.184078156954211591e-01
5.738966703590803187e-01
6.478289570698765321e-01
6.502199128588915800e-01
5.913572315424157066e-01
5.235797880113248759e-01
4.291631336303506905e-01
-8.820218647944871870e-02
-1.677406921411009333e-01
-2.227239446485332897e-01
-2.614974710718937501e-01
-2.461867842806759188e-01
-1.606344911202439718e-01
-4.039853292918306471e-02
1.497460259197862242e-02
5.781869842100600954e-02
7.186022699913156842e-02
1.005817753517860569e-01
2.125114223084558773e-01
3.866443148736845581e-01
5.513267435490629698e-01
6.659625507593929239e-01
7.045541154702354980e-01
6.866926977562994860e-01
6.735539878288702154e-01
6.570318114957341971e-01
6.618862537238922039e-01
7.371323375196581207e-01
8.932367771595587369e-01
9.818337049686466367e-01
1.123993012873644393e+00
1.315112741561644594e+00
1.421299853020548287e+00
1.432621986755092225e+00
1.411208271800659109e+00
1.402581748344243096e+00
3.296833036068572143e-02
6.157128402012815999e-02
8.244069181296483084e-02
1.250684950510426718e-01
8.390633468691949259e-02
-3.889070640825864622e-02
-1.746422107616953934e-01
-3.622165528406866564e-01
-6.181584330727709631e-01
-9.490954639146576000e-01
-1.221083274605120117e+00
-1.335070892365446404e+00
-1.348666829368269537e+00
-1.289242957676282719e+00
-1.160108753597608011e+00
-1.024149798687239876e+00
-9.117411103300675501e-01
-9.560598652293629263e-01
-1.121089477105301047e+00
-1.295335863530481468e+00
-1.431952025328905309e+00
-1.479044064509176026e+00
-1.477216278354307466e+00
-1.440759422025930547e+00
-1.423940584961899569e+00
-1.416605751877893615e+00
-1.414846057191511353e+00
-1.441771278002829115e+00
-1.466569122340661169e+00
6.971977421093413473e-03
4.227128499084484986e-02
1.163553190155679207e-01
2.031140798711452977e-01
2.593616204849710227e-01
2.871061345365618078e-01
2.806980538329295616e-01
2.813428042310728294e-01
2.719945227886955141e-01
2.470102016860589167e-01
2.538629767382176716e-01
2.981392471917349019e-01
4.248148379678240438e-01
5.933333244418949048e-01
6.938792609807074019e-01
7.814996608607033268e-01
8.714207805250603345e-01
9.521403518089407436e-01
9.617982479557988240e-01
9.848566046765276916e-01
1.000524209799763975e+00
9.736251853114428201e-01
9.308258681341657903e-01
9.541852411815160417e-01
1.100276654764389850e+00
1.444599324449204136e+00
1.854651979443287857e+00
2.128920993526721261e+00
2.167318227999777580e+00
-6.249603426422840197e-02
-2.027053436032101030e-01
-3.501180361521711859e-01
-4.894204624493898592e-01
-5.788524384007829315e-01
-6.077338577571878009e-01
-5.351849593157204099e-01
-4.855318753883895444e-01
-4.773604775717907867e-01
-5.110015311131488325e-01
-6.088857065120509837e-01
-7.502400989366816431e-01
-9.415139716748290866e-01
-1.114538424953437801e+00
-1.166762739684339856e+00
-1.175059439279909634e+00
-1.158058292276349155e+00
-1.204460861216759993e+00
-1.276349249485690507e+00
-1.347970974396619726e+00
-1.429967838825255466e+00
-1.555149622538289922e+00
-1.636502214815483747e+00
-1.680154821637546814e+00
-1.685882215320804844e+00
-1.623513111479834237e+00
-1.526848183020117045e+00
-1.519556555243483764e+00
-1.631080385106013830e+00
-1.437794762918709612e-01
-2.266418206847864436e-01
-2.498161536840335928e-01
-2.259081740567946694e-01
-1.961595991092403568e-01
-1.535485797772231376e-01
-3.035115818125519449e-02
7.497327467838905968e-02
8.811310311104618431e-02
6.003831969874407620e-02
7.421640741851037726e-02
1.132981269427515425e-01
1.950007552112321130e-01
3.018703344633006935e-01
3.858356586928823329e-01
4.642671517569286754e-01
5.895541836976641026e-01
7.770794973853534238e-01
9.611166359406123627e-01
1.105297426943864014e+00
1.150302362368406994e+00
1.177857219487650431e+00
1.090917904152767459e+00
8.252456005407267092e-01
4.686154325483410377e-01
1.341977474230476308e-01
-8.813599612425929153e-02
-1.032457316499090644e-01
3.043937522671415208e-02
2.821094142537244887e-01
5.293843504835819003e-01
7.013157027116971864e-01
8.074475436692146735e-01
9.442226702964121587e-01
1.048458228496566669e+00
1.101735001889190046e+00
1.153658044011329098e+00
1.211187839340292394e+00
1.288020466831521160e+00
1.354631099171403896e+00
1.415225066155290756e+00
1.462212326392121398e+00
1.483832229835327698e+00
1.444536250497836738e+00
1.407937794888992400e+00
1.361909468215131591e+00
1.228032323292454153e+00
1.176973577741629473e+00
1.175367486767998404e+00
1.184932641877762816e+00
1.182597576946305518e+00
1.187633883984435146e+00
1.162883160189989606e+00
1.177317970733801733e+00
1.226946560437652378e+00
1.266422931997537082e+00
1.243010245586287255e+00
1.158900646429920522e+00
-1.130163015396790926e-01
-2.409678009014476763e-01
-4.378058008248428834e-01
-6.738343414284259092e-01
-8.541009542988934333e-01
-9.539982465994372163e-01
-9.714560264037644943e-01
-9.800781073693508594e-01
-1.006832956291849213e+00
-1.040356139102966981e+00
-1.051532438323411700e+00
-1.044068984266739442e+00
-9.745142508245410173e-01
-9.184325460780057293e-01
-8.847909352961805807e-01
-8.852166122055948883e-01
-9.364958363174494815e-01
-1.011685795733586746e+00
-1.101755352297570489e+00
-1.177333605332273603e+00
-1.234834134955836937e+00
-1.313908656554014343e+00
-1.314679478956787051e+00
-1.294537927093437402e+00
-1.261453083156463206e+00
-1.267054132653370191e+00
-1.282096694480776122e+00
-1.311401691576761230e+00
-1.325310693729673917e+00
3.879380566506816699e-03
4.986750971749617095e-02
9.872205151886830066e-02
1.456904380790851050e-01
1.851707384694843417e-01
1.775047946706250490e-01
8.786069373403773697e-02
-4.327977965143378625e-03
-6.384802352668952907e-02
-9.046407311072258983e-02
-8.863657560243737299e-02
-5.894576727387695197e-02
-2.783420459269261849e-02
3.580791935368975165e-02
7.317787850132762006e-02
5.856911650477358844e-03
-1.370648851026775861e-01
-2.253700307888411858e-01
-2.527072199722000256e-01
-1.970850661665163872e-01
-1.705634875706160680e-02
2.484801832968497604e-01
4.506800580560652580e-01
5.128263533002129781e-01
5.328073589622973616e-01
4.651652325083463491e-01
4.018042559614232179e-01
3.710260919882521491e-01
3.383195768227966749e-01
-2.604548709813500965e-02
-1.443063066893694908e-02
2.568272049285096059e-02
6.611836777957219580e-02
1.167856811907514863e-01
1.374480305374205236e-01
1.278214969126688916e-01
5.256146109638645814e-02
-1.358016256278795075e-01
-3.344099407377719713e-01
-3.996539634408746711e-01
-3.810280434990051535e-01
-2.635529247822809840e-01
-1.306124699459262073e-01
4.952796019563240892e-02
7.540525363221577126e-02
1.207562977940644655e-02
-5.679089734175161996e-02
-5.071518340094080535e-02
3.034375165967528876e-02
1.385790630334043372e-01
2.105691038749940847e-01
2.900692906219202172e-01
3.770663066454770784e-01
4.051362351173474208e-01
3.711308421697040449e-01
2.858145914698153045e-01
1.965280490282782511e-01
9.542852575267996018e-02
-9.776749084637675891e-02
-1.634688828854226617e-01
-2.042482361380891787e-01
-2.176557132981239984e-01
-2.334483195473531780e-01
-2.206619675700502436e-01
-1.850130908075970360e-01
-1.484563509950175830e-01
-1.116894063401688009e-01
-1.032220255263985448e-01
-1.423170564402039262e-01
-1.911916567713866921e-01
-2.151134213673994988e-01
-2.493777019288156427e-01
-2.612212197987947571e-01
-2.997498008021727278e-01
-3.344989286479964630e-01
-3.841717319171593648e-01
-4.351936419728784644e-01
-4.540207982711300660e-01
-4.459237521156280137e-01
-4.060988761886512033e-01
-3.357742218854539162e-01
-2.973374833582091981e-01
-2.456893314735605627e-01
-2.443358517778954353e-01
-2.718262063471225121e-01
-3.170560838936098413e-01
-3.091695081568327508e-01
6.294105825708970481e-02
1.064612304722288849e-01
1.219078208236487326e-01
6.793777082258013744e-02
1.463511492777031658e-02
-5.324793043096519990e-02
-1.274085756957555327e-01
-1.376437994484086824e-01
-9.911107181099142183e-02
7.990681358634899034e-03
1.481824450102700030e-01
2.650923610810120845e-01
3.739542618733457946e-01
4.418620186898146729e-01
4.609157813741716070e-01
4.075894435484371248e-01
3.687669204498061903e-01
3.692830955903110279e-01
3.538615373095269079e-01
3.523192532252284459e-01
3.608389182216686364e-01
3.645734934151678708e-01
3.777183134309100576e-01
4.085661831149721701e-01
4.302345264589097495e-01
4.524380852155178712e-01
4.404564102815554660e-01
4.616381088608337846e-01
5.079463329326655563e-01
3.244242115125583331e-02
7.087583806284060428e-02
8.772338600663683039e-02
9.221106366500465834e-02
6.309286398628789760e-02
-1.944782247777594730e-02
-9.745973188472832616e-02
-1.446993726035832317e-01
-2.298870700687399016e-01
-3.079770365769174401e-01
-3.007739723768902973e-01
-2.617678500889359938e-01
-2.458113906675490345e-01
-2.401761152847893821e-01
-2.846406123729521287e-01
-4.054617760134011650e-01
-5.232093600567335745e-01
-6.683761625898402281e-01
-7.512860725467807033e-01
-7.919630623946980474e-01
-8.221383906173702627e-01
-8.356842912459530037e-01
-8.313478180028349707e-01
-8.235751972837677126e-01
-8.393962388419324849e-01
-8.646841912792369023e-01
-9.311030382921055004e-01
-9.631703810107832275e-01
-9.571954262848474393e-01
3.177827053130120177e-02
7.430352824855609994e-02
9.015549479169718272e-02
8.818974505454622859e-02
1.066664522322458841e-01
8.527005399885177750e-02
5.926070439871731349e-02
7.258693017781982226e-02
8.534334734080339935e-02
1.139397943515304823e-01
2.093303027224669433e-01
3.538225927359749390e-01
4.489337288733329379e-01
5.063473888837740633e-01
5.469080179592663571e-01
5.568111131683917137e-01
5.666033255697925375e-01
5.531063120417187839e-01
5.216725364260934583e-01
5.416256164442931897e-01
6.064355413247963789e-01
6.643198671830753410e-01
7.839162637021400704e-01
9.346308261037987730e-01
1.013193518020985895e+00
1.036548397523944010e+00
1.044955101788689777e+00
1.067808995777817405e+00
1.085250650698935893e+00
1.952611180844607969e-02
7.454135704436953835e-02
1.371254498126590893e-01
1.950787287967571393e-01
2.420821408728625890e-01
2.616258323531109875e-01
2.418642184794692895e-01
2.204834588476680401e-01
2.299737215002577995e-01
2.397282938581746514e-01
2.253892212626268099e-01
2.272864050375293654e-01
2.329678194022225535e-01
2.526069578399694482e-01
2.731753190318588764e-01
2.622869993323346804e-01
1.900022905653901972e-01
8.753006100388811828e-02
6.401164162588940387e-02
3.204988116561596767e-02
1.271967726379332267e-02
2.736323503218471981e-02
6.838551459866287763e-02
9.995816294638162902e-02
1.195091271497289304e-01
6.514514861083295361e-02
-5.258597872944785478e-02
-1.802706132001907768e-01
-3.230936184553770962e-01
-1.176839472855468471e-01
-2.266701679168209305e-01
-2.942232194962045577e-01
-3.476840360651786144e-01
-3.747299212740147767e-01
-3.910645919304562290e-01
-4.153055323581537617e-01
-4.391363757012916591e-01
-4.587830339566242865e-01
-4.556024130000354555e-01
-3.965746567420371793e-01
-3.509980590864670291e-01
-3.385908673959523441e-01
-3.495211179234145038e-01
-3.712485516519478113e-01
-4.574363053830216019e-01
-5.297027891774453989e-01
-5.954714188283957155e-01
-6.519018988369026379e-01
-7.043890381413369095e-01
-7.460387734035259788e-01
-7.554511777492112223e-01
-7.438139258190841208e-01
-7.512138933072070035e-01
-7.573291073571241094e-01
-7.769751359069917429e-01
-8.243670127643516476e-01
-8.585680187705709843e-01
-8.575842662210657608e-01
-4.823986531334885537e-03
2.958351529280855638e-02
1.009122314748630150e-01
1.538254885833681973e-01
2.923002384027552081e-01
4.787688241171636494e-01
6.978051551255142204e-01
9.523368097900393181e-01
1.129059642542655784e+00
1.197210516247646073e+00
1.239653519670889548e+00
1.249769814169116255e+00
1.252053689511970935e+00
1.268716723307346417e+00
1.303047425003626580e+00
1.315008666103553825e+00
1.307632970008033135e+00
1.306292508355665349e+00
1.311878212145263900e+00
1.320049084930799754e+00
1.347467293069531280e+00
1.422046164217400710e+00
1.539343959740385515e+00
1.625260888811380422e+00
1.674046823252922422e+00
1.698578784331319147e+00
1.676325397889259383e+00
1.618253087156290793e+00
1.556228512479314485e+00
-8.344178112731472086e-02
-1.380128362072171322e-01
-1.165559636488716494e-01
-7.052360827823152267e-02
1.520958903543517815e-02
5.013422234433929925e-02
2.571965845541496903e-02
-4.904865456031220344e-02
-1.219025626714458077e-01
-1.486479016921931628e-01
-1.287312318432915770e-01
-7.809385701641935462e-02
-1.580193050127549903e-02
7.770461551384724719e-02
1.548672429568405118e-01
1.233470613312916409e-01
-2.265708734335858399e-02
-2.113792005490385262e-01
-3.736979633333917805e-01
-4.357629480275185263e-01
-4.809375544841870687e-01
-5.434970412189404909e-01
-5.809941321205341902e-01
-6.396016275268846529e-01
-7.428843994744434021e-01
-8.942109399982548501e-01
-1.003896979733687189e+00
-1.096433127769119054e+00
-1.142953523211919675e+00
2.863253122114694030e-02
9.364774885327888099e-02
2.051265441335302642e-01
2.694786237094569659e-01
2.971975899978933633e-01
2.471079377391824650e-01
1.518330168924139079e-01
4.748987053788128465e-02
-7.796464819110160427e-02
-1.492921146294478585e-01
-1.558300771117455408e-01
-1.213081034588393836e-01
-7.927503695441426301e-02
-5.627184572305087701e-02
-5.501155332492255190e-02
-6.634459812253869215e-02
-6.624383409793901945e-02
-4.076267316255639817e-02
-1.127135412984800467e-03
3.780225676459648965e-02
7.341542539318099414e-02
8.713132311211597980e-02
5.751536635636644856e-02
-7.777020631913419968e-03
-1.134056938179096585e-01
-1.769966647811396232e-01
-1.747572150645927969e-01
-1.607660836254470871e-01
-1.335095856192716202e-01
3.036307278640091277e-03
6.865100872080270866e-02
1.401973919657532597e-01
1.303407152474754527e-01
4.875540372172132431e-02
3.147738648563977448e-03
-5.942600870732571254e-04
2.388167575504854256e-02
8.806147973035889642e-02
1.577608078745776909e-01
1.954261472190966242e-01
2.019965759107627545e-01
2.126364535111081866e-01
2.524743102111819404e-01
3.185557794210534532e-01
4.172749665970764688e-01
5.184655434028697663e-01
5.577660484769902949e-01
6.415496836823586513e-01
7.155493987504124576e-01
7.828601525465229694e-01
7.926992975307811662e-01
7.531650244652727810e-01
7.469671359697391821e-01
7.625016658101898548e-01
8.140858469349653292e-01
9.229708934721316815e-01
1.057378365257152453e+00
1.213554314306461768e+00
1.355498638673084677e-01
1.736941773797723854e-01
1.476342766923568195e-01
3.837042405569479619e-02
-1.484812131935493718e-01
-3.036135571433425939e-01
-3.780349841311984593e-01
-4.333017460873850313e-01
-4.481077790719698029e-01
-4.496233783171805776e-01
-4.366059502474889387e-01
-4.490524910063998787e-01
-4.763130154822789453e-01
-4.199667648801360120e-01
-3.111359837264282002e-01
-1.906398569641004348e-01
-7.893030963748114137e-02
6.145158987506997572e-02
7.809846500650503842e-02
-2.171789518793303120e-02
-2.771949045264561762e-01
-6.844040284263759322e-01
-1.222315240229244981e+00
-1.746388231974125738e+00
-2.180940747876840557e+00
-2.353773499900063015e+00
-2.347160021060056945e+00
-2.143446319674852774e+00
-1.783848530736970694e+00
3.080400743164921074e-01
4.662288482875205364e-01
6.022635544501181437e-01
6.513878238572829993e-01
6.073498081071844190e-01
5.712568075140654900e-01
6.432846932632043657e-01
8.408792878108393154e-01
1.107297166269586075e+00
1.364305286421992447e+00
1.544217277187416304e+00
1.641896471887409170e+00
1.669864995521063600e+00
1.701134522286629869e+00
1.904398374072953315e+00
2.210037807334205073e+00
2.326032627184779322e+00
2.322071506302263888e+00
2.283033791279079239e+00
2.220049363123499653e+00
2.167252674921281042e+00
2.149543377835561930e+00
2.143578601876686029e+00
2.191344578920626063e+00
2.349038091606494127e+00
2.547955167997386638e+00
2.777912049878979772e+00
2.961094091076813761e+00
2.954682689927835337e+00
-1.897532724849013419e-01
-3.278769868980933033e-01
-3.688369067121594069e-01
-3.481166207457293549e-01
-3.001936449642120253e-01
-2.667958287860402455e-01
-1.714252104818727585e-01
7.374696947546793835e-02
4.209369901012430248e-01
4.796160538264500617e-01
4.447580562548395511e-01
4.066887808494873968e-01
4.072293312689821421e-01
4.410791878163104474e-01
4.583495056386735489e-01
4.272314076176297326e-01
3.588902899763510845e-01
2.658950610512916812e-01
1.200419728162607225e-01
-1.391034984859101931e-02
-8.190143131712084024e-02
-1.384798461066141795e-01
-1.981549226749411141e-01
-2.085585951732612520e-01
-1.894699679982897178e-01
-1.686652677106263432e-01
-1.343658291384624837e-01
-1.236457913921303747e-01
-1.098762364709463674e-01
1.436815689080430704e-02
2.818300221972130232e-02
3.537324723822882211e-02
1.503396425912539164e-02
-1.243105300057546075e-02
-3.313799282014216058e-02
-7.172918857475985011e-02
-1.918611991685588436e-01
-2.643965297205438936e-01
-3.452880507758763762e-01
-4.028968112148228475e-01
-4.160952517831680297e-01
-4.288096300450544573e-01
-4.219575537518347463e-01
-4.099205662540904571e-01
-4.011644653402913763e-01
-4.483068041528521230e-01
-5.069474368810866771e-01
-5.233346567715350117e-01
-5.026374003927533973e-01
-4.563809329295272499e-01
-3.902733211931896928e-01
-3.070491893131899186e-01
-1.968183891927960949e-01
-9.587985983525230960e-02
-2.488192950119599844e-02
-1.131478960762861453e-02
-8.653115665200723783e-02
-2.319030653905849726e-01
-9.943591427036517494e-02
-1.703758087107409280e-01
-2.106850089547395999e-01
-1.885996685180581778e-01
-1.059734266556870419e-01
-1.062162039651350365e-01
-1.281946694926188179e-01
-1.789850137016887888e-02
1.508596043301233813e-01
2.354029296906984259e-01
3.263676662782688531e-01
4.183397287739232251e-01
5.944815186937228990e-01
7.783397643188113557e-01
8.717979952678736044e-01
8.835129430087703684e-01
8.796903513236890015e-01
8.018696430017016041e-01
6.566296578406716211e-01
4.333416782020074742e-01
2.126655283782055705e-01
3.757385846905117455e-02
-3.639579127704270500e-02
-3.496527034406841927e-02
3.685219144282250725e-02
1.079368459028403338e-01
1.547683974496035231e-01
2.203028463826181005e-01
2.765349824824897551e-01
2.573155315149677769e-02
3.613256662672512110e-02
1.236729722137303381e-02
-2.987135410004447197e-02
-5.933400421732370339e-02
-6.929762890528270991e-02
-9.312304283131099536e-02
-1.321013350036594203e-01
-2.043160996789641359e-01
-2.788720970117140041e-01
-2.733794786889365835e-01
-2.634442323342948700e-01
-2.517225007709035234e-01
-1.599421709606322906e-01
-5.173699867197049940e-02
2.677957337003100680e-02
5.445411215218564499e-02
5.832791625115666539e-02
6.913483889130492277e-02
8.433326938470077361e-02
1.006243342846861316e-01
1.495255034427338536e-01
2.289644999295517569e-01
2.544135360743352559e-01
2.339981940771827529e-01
1.927814911783259644e-01
1.555528639226794185e-01
1.128067626797321366e-01
8.675548505709053393e-02
4.433545123152862755e-02
1.859637072224959720e-01
3.276331140865066383e-01
4.157276962711086155e-01
4.662601816684485145e-01
4.361727988024389768e-01
3.936238963975765559e-01
3.367666727251952263e-01
2.407060421794656180e-01
1.120429847094021880e-01
1.240603001381536397e-02
-4.340978767661081428e-02
-7.922313573877416693e-02
-9.968261635505563933e-02
-1.092470630582590280e-01
-9.908872597349326072e-02
-8.511399200035348056e-02
-6.395114438158880366e-02
8.607668109811444923e-02
2.147242504155961185e-01
2.598537116930014768e-01
2.749261369539827693e-01
2.842050062153066436e-01
3.164591364245060157e-01
4.036650920996387448e-01
6.168474416359085444e-01
8.435762135259112782e-01
9.947844136534753634e-01
1.030153001891701559e+00
1.214288946141886018e-02
3.936699325152636514e-02
1.410822584131245783e-01
2.088359583728632285e-01
2.554651706758038210e-01
2.755065936276229199e-01
3.423363449503319389e-01
4.185687309025938885e-01
4.660700807071490037e-01
4.802216029122443608e-01
5.154037807191810261e-01
5.451044745119180135e-01
5.217579335676116870e-01
5.299519697062268220e-01
5.167635376182012630e-01
4.656538960542187522e-01
4.255603099625084873e-01
4.198061141381915773e-01
4.328006592642376082e-01
4.673313900425978273e-01
4.881341640009746463e-01
4.787816389303113929e-01
4.148100088539932173e-01
3.154373448278259273e-01
2.374900914203942337e-01
2.078144088068751005e-01
2.040086334255233058e-01
2.223987352310637933e-01
2.386419711294468227e-01
-1.736335408071167791e-02
-8.633804386835797207e-02
-1.375777064651034776e-01
-1.887303111914836184e-01
-2.132683840891741733e-01
-1.760653538979465582e-01
-5.900855439094432331e-02
2.567672440270964140e-02
7.531072816526028502e-02
9.262184800957112829e-02
7.356967698263326694e-02
-1.715613207287525199e-02
-1.014959626195062886e-01
-1.583172956201936987e-01
-1.894028916009896923e-01
-2.134446837772853434e-01
-2.498127800690255751e-01
-2.588894794383039821e-01
-2.460240021358036377e-01
-2.574653552275195101e-01
-3.075544866730419713e-01
-3.867473691876454622e-01
-4.204492408775344359e-01
-3.907050593511726122e-01
-3.552621958697304572e-01
-2.726914014400176889e-01
-1.924060314183312914e-01
-1.647219419723832956e-01
-1.785445843811986344e-01
-4.378697994709782049e-02
-6.675468246117773063e-02
-6.303587925505738099e-02
-3.208475862071891865e-02
-3.088044180635590025e-02
-2.954352998293824709e-02
-3.008170499369033218e-03
3.850501806910740232e-02
4.692781575025428004e-02
1.759149438514749642e-02
-6.450986521690615927e-02
-2.015738022955916031e-01
-2.866152081499779847e-01
-3.443133039753444868e-01
-3.400475711564688308e-01
-3.065787436889785833e-01
-2.456756103543105418e-01
-1.911728673650925081e-01
-1.222169168686977891e-01
-1.380183996032346150e-01
-1.522700154035244724e-01
-2.040263155432111009e-01
-2.495605278438322583e-01
-2.801737154810790553e-01
-2.734050023776826155e-01
-2.518692428345027379e-01
-2.502132238205664883e-01
-2.369950643143418634e-01
-2.776802339207318782e-01
-3.900699855842928304e-02
-6.039753385217326576e-02
-1.655759515727001918e-01
-4.796318639229859571e-01
-8.873396636097594659e-01
-1.118755958128282657e+00
-1.189161347268976376e+00
-1.120079198667411902e+00
-8.131245084139844259e-01
-4.739479797706354636e-01
-2.347292252010965974e-01
-9.957803353670180435e-02
-9.233806805409899843e-02
-2.117040742716584101e-01
-4.095517788337941223e-01
-5.944051399113532419e-01
-7.296812564515477995e-01
-7.435138499543506585e-01
-6.772564410650302458e-01
-6.284454442751641334e-01
-6.145936375002148955e-01
-5.860493443542180714e-01
-5.594572622834573794e-01
-5.257142751671328718e-01
-5.043137633023895283e-01
-4.507332953291114941e-01
-3.672329721776812494e-01
-2.853226576220034838e-01
-1.930102157515843908e-01
5.763719922335081708e-02
5.406776136318654918e-02
-2.583765286818459628e-04
-7.546871172116484394e-02
-1.260301825324106062e-01
-1.441442546279745884e-01
-1.861882824253750512e-01
-2.242526707749575576e-01
-2.590295960582634227e-01
-3.320037486042351493e-01
-4.106291428337177640e-01
