6.527827571788896721e-02
2.014243387025548837e-01
3.228427610296897843e-01
5.520516479537455057e-01
8.238503875237949137e-01
1.108254142973821521e+00
1.360690148196242566e+00
1.452782273469211516e+00
1.521168275252620106e+00
1.691112003383697937e+00
1.816446082353931235e+00
1.876222084525451805e+00
1.955067539372193908e+00
2.015809450322453955e+00
2.009172198093864825e+00
1.939957734949668167e+00
1.870828014652270221e+00
1.776468669503367570e+00
1.594550085361334357e+00
1.334574170976917218e+00
1.106104022631629435e+00
9.737438373743124709e-01
9.273741995905170343e-01
9.230678459248919943e-01
8.974751103536032781e-01
9.444244603718614517e-01
1.111464017883891486e+00
1.382295693733086805e+00
2.905206988730892337e-01
5.937198317670357994e-01
7.886945424534909099e-01
1.004966982160047761e+00
1.191222625726874318e+00
1.228797701984771340e+00
1.198558716551141545e+00
1.110239076023040061e+00
9.754910442116315750e-01
9.082487886817912637e-01
8.326515932870423020e-01
7.214032113946372560e-01
5.109545201167606798e-01
2.609099625521172916e-01
5.120537355416138192e-02
-2.440924971042528202e-03
8.318793919403516535e-03
9.110687125434308031e-02
1.426078542170041430e-01
1.906719049406496724e-01
2.815077617091686912e-01
4.033346902858109262e-01
5.250490470483129002e-01
7.060798684688660565e-01
9.249021299885031855e-01
1.134330321371461725e+00
1.338380927929970099e+00
1.528345115412173438e+00
1.641462727256653098e+00
6.505429808197414621e-02
1.092986129419512009e-01
1.634916410722369595e-01
1.422649531247545118e-01
1.088788297547917672e-01
5.375521922962270965e-02
-1.460903913188906222e-01
-3.203956721125184037e-01
-4.583159257934699138e-01
-6.169460423256012405e-01
-6.902794241528463770e-01
-6.990839193638042071e-01
-6.396843968985409523e-01
-5.342096775698090827e-01
-4.856687002778139473e-01
-4.626704253258538402e-01
-5.160477839403505573e-01
-6.196665880473085641e-01
-6.106722640820005932e-01
-5.031658291369093261e-01
-4.026867882664902365e-01
-2.604906923004796093e-01
-1.090089752761705111e-01
-4.450308992765214522e-02
2.052206629768529855e-03
3.052462225968459106e-02
9.071389996050036736e-03
-9.057269993173702738e-03
-3.675805342518087548e-02
-5.870994819735620568e-02
-1.625184027034841938e-01
-3.414547187313069498e-01
-6.084667979580976604e-01
-9.227903527317864452e-01
-1.081698130146823367e+00
-1.074469314783635943e+00
-1.044218705617844467e+00
-1.046773043572153172e+00
-1.075542386109398008e+00
-1.072051812194498632e+00
-1.055797710529004618e+00
-1.046681743371648432e+00
-1.023391561175717612e+00
-1.029966952000120450e+00
-1.051343655167191971e+00
-1.010867611973958136e+00
-8.065008101541292218e-01
-6.196017781750096098e-01
-4.998679511566493927e-01
-3.150662869891603934e-01
-1.167455900428871762e-01
-7.007688812210038920e-02
-3.109207810430526103e-02
2.985840510485684995e-03
5.883290656940168284e-02
7.476975750354722394e-02
1.440010961288140656e-01
2.746770396084121657e-01
-2.496420802859333765e-02
-1.312063372918791382e-01
-2.340899427130843369e-01
-4.109938794804726125e-01
-6.225780303160863838e-01
-9.167954620896381357e-01
-1.234369641546110508e+00
-1.467082947918380231e+00
-1.689229185969661984e+00
-1.810565856492918568e+00
-1.852090358746460552e+00
-1.782294474057147360e+00
-1.676734524480898214e+00
-1.582703696282353079e+00
-1.413615129940351434e+00
-1.312880081985519087e+00
-1.265025261501018239e+00
-1.201107427474240819e+00
-1.147742133961569433e+00
-1.131007607349158839e+00
-1.123481893277075372e+00
-1.130528949761186119e+00
-1.164625812438971453e+00
-1.163896791191851632e+00
-1.059154752480371053e+00
-9.200966027646708678e-01
-9.272920759114555711e-01
-1.085779667603633758e+00
-1.228883688043050482e+00
-1.388271426544063214e-01
-3.900654192000698739e-01
-6.330028857625942251e-01
-7.211239551848215301e-01
-7.512347980562857908e-01
-7.075911422528984307e-01
-6.157881267084780452e-01
-4.778003968885385921e-01
-3.573261623090556727e-01
-2.921237016632222128e-01
-2.601631174740624552e-01
-1.239340831742595517e-01
-7.515619340036350238e-02
-2.202659553380707236e-01
-4.166651750018992573e-01
-5.650941164314466914e-01
-5.545126560681459260e-01
-4.216557790617746493e-01
-1.045522757046449258e-01
2.407188868065278653e-01
4.840311944744004613e-01
6.831201726552612596e-01
8.918022459204071328e-01
1.139849686207964119e+00
1.237429473477255515e+00
1.196747006735114027e+00
1.057937969880237805e+00
9.406639939964318575e-01
8.563382880903561700e-01
-1.094654286566217570e-02
-8.751490937061668501e-03
-2.654059673678563908e-02
-1.109901624126097552e-01
-2.218514541289544895e-01
-3.569059581422861505e-01
-4.499873452538192264e-01
-5.313201911071014916e-01
-5.840147835352842431e-01
-6.051393034957539552e-01
-6.252401811587487979e-01
-5.065309190868039213e-01
-1.988610944676790782e-01
-9.528918275623114720e-02
-1.105314265076289271e-01
-1.069630774252583322e-01
-7.388604104839485709e-02
2.305427227122625045e-02
2.302471799601814306e-01
3.944103431822587047e-01
5.365209981508233250e-01
7.562800851467513796e-01
8.731597176364284119e-01
8.671101231289537470e-01
7.718970551826376258e-01
7.155841327553436049e-01
6.758139393081485924e-01
6.149682613691495048e-01
5.272083794464061945e-01
-2.311393538053786723e-02
-4.430554570148134003e-02
-1.186769196267949411e-01
-2.027159197185982031e-01
-1.413363657688566921e-01
-2.510708511086709449e-02
5.422243127484968617e-02
1.485816695226995499e-01
1.876426437044275697e-01
1.995953855608514349e-01
1.709948703900905920e-01
1.424596134821348448e-01
2.277826152469641374e-01
4.828014723349025039e-01
6.354986940901005132e-01
7.821912908590947788e-01
9.143262904855803397e-01
9.527192422537286154e-01
9.424372775120890555e-01
9.562270346335496329e-01
9.476891943995481293e-01
9.038423197083313987e-01
8.943102219439839073e-01
8.826455799005847869e-01
9.112181507693721816e-01
9.216849405150754349e-01
8.405146925922877266e-01
7.216668206737190117e-01
6.792767802998368465e-01
-2.660262655126020143e-02
-8.829749171074161018e-02
-2.050203851000019784e-01
-2.601199296105858316e-01
-3.425624442867803987e-01
-4.946969553977462741e-01
-6.277557740465173897e-01
-6.971341775594778190e-01
-6.938456569949997821e-01
-5.539403659831508842e-01
-3.733938102306517681e-01
-2.931053430443320007e-01
-2.559079498391700902e-01
-2.678263491600682000e-01
-2.977551968036303842e-01
-3.731824869641973685e-01
-5.047474002655784053e-01
-5.829518266072919452e-01
-6.442901638588428570e-01
-7.776079619504370211e-01
-8.022785080188403750e-01
-6.757056885547927383e-01
-4.991961166735319200e-01
-4.140844648535201289e-01
-3.721680938486033874e-01
-4.211983907896941770e-01
-5.765456512356423868e-01
-8.248733545297661784e-01
-1.161545166584802224e+00
-2.636008120212901540e-01
-3.463527364983590706e-01
-3.625572646404854327e-01
-2.676665653988691829e-01
-1.063267863156958093e-01
-3.505215892489602081e-03
9.515388545694024314e-02
1.840533610834746425e-01
2.449912944961508687e-01
2.736245631805633849e-01
1.892728044866573700e-01
2.564157988642756236e-01
4.151648530372419321e-01
5.048432413893298998e-01
5.947481113265696839e-01
7.572911522911752735e-01
8.715099110550171835e-01
8.922282154501575135e-01
9.137817422397090938e-01
8.679362676046453728e-01
7.809996444495377332e-01
7.597208621296667186e-01
7.758571600519605926e-01
8.248343101950263989e-01
8.750060827561144672e-01
8.984119385220602494e-01
9.004959389350652987e-01
9.023029667891974137e-01
7.840271525324529200e-01
-2.396843195306706809e-01
-4.729672595176055983e-01
-5.849858048131096888e-01
-6.295045835601374984e-01
-6.763166856951986494e-01
-7.773070169890946568e-01
-7.969677599080986496e-01
-6.804797187671799419e-01
-5.057321164779705613e-01
-4.085694282572824854e-01
-2.535005238465930510e-01
-1.328782760752558745e-01
2.342502639498672545e-02
1.223938932480484465e-01
1.777681903911383365e-01
2.150689131819451261e-01
2.519818738874846087e-01
2.749903419695292617e-01
2.486933045810014453e-01
1.398856453890455209e-01
6.264232514092124560e-02
-1.357366064604000055e-02
-5.684092337043405996e-02
-6.379728813003346377e-02
-1.552029302702612745e-01
-3.362920289105305605e-01
-4.994603565794620836e-01
-5.740153361085175154e-01
-6.501438138886881379e-01
-1.059667949274558790e-01
-1.694742336739627486e-01
-1.672507634439293900e-01
-1.036126752930745520e-01
-2.329504282076566568e-02
8.717505874353126405e-02
2.487593313044389742e-01
4.017233757320894938e-01
5.457318639617212419e-01
6.224640836379529141e-01
6.303426108980842990e-01
5.191928051207657102e-01
4.288527983176836922e-01
4.364587061853129057e-01
4.936131599361991418e-01
4.624557215732270077e-01
4.220148820186168659e-01
3.680192933433805158e-01
3.511400278518306828e-01
3.998094479944155344e-01
4.217767037351984882e-01
3.473182824470312791e-01
2.205961856090377371e-01
1.213780482405093092e-01
8.085349059870580724e-02
6.945678668275585832e-02
9.202135041279524419e-02
1.329748860513204622e-01
1.944341176897713408e-01
1.104289202740157544e-01
2.851443527791351351e-01
3.909729213050968100e-01
4.444078720019923878e-01
4.421973516363204015e-01
4.146962190633952661e-01
4.414126873810721441e-01
4.662465176120250132e-01
5.029697340221918056e-01
5.751919229113705567e-01
6.339416786517625413e-01
6.581235869709869402e-01
7.420961290353749185e-01
7.877274845236649226e-01
7.846059646385081798e-01
8.215106405179759541e-01
9.365161205572729575e-01
9.380193683302301411e-01
8.467525350520530569e-01
7.902259296527279764e-01
7.100360093296211872e-01
4.320058644510931800e-01
1.174642264612301146e-01
-7.082566045700647295e-02
-2.725463147779499939e-01
-4.465150253144081205e-01
-5.022111986989026278e-01
-4.078477262077345733e-01
-1.298986492765716316e-01
2.505124122703080713e-01
3.629548464445768730e-01
4.390548038433426670e-01
4.950593370148118622e-01
5.067373594725479435e-01
5.296636876783884507e-01
6.263383524440093719e-01
7.464821304720513639e-01
8.101661518069097623e-01
9.148455266874008229e-01
1.136604212413857784e+00
1.291818896278136064e+00
1.288340427912655572e+00
1.161546366439890843e+00
1.080837841436935731e+00
9.676476881305737798e-01
7.835718712511062778e-01
6.764286213934257441e-01
6.487948328301433865e-01
6.507881839527637213e-01
6.387383288300038098e-01
6.296706898999749891e-01
6.650311695247003163e-01
7.557947289602381380e-01
8.152419131561641219e-01
9.400682715156887248e-01
1.287439555655391255e+00
1.668291323735604736e+00
1.822684683356565305e+00
3.056601082593155688e-02
1.230014722904570201e-01
1.691529384574015360e-01
1.039799093105392147e-01
1.020575612209176364e-02
-6.311145575423283971e-02
-8.022427033085763326e-02
-8.650565375144442237e-03
1.172520679808981836e-01
2.201433115330884704e-01
2.456168447579805403e-01
2.369082127634687118e-01
1.578840144277079416e-01
7.201750307510863813e-02
-3.786010017349167311e-02
-1.926055638521741720e-01
-4.377517856818401443e-01
-5.584089294773588730e-01
-6.121352456579248758e-01
-6.567600404473674658e-01
-7.432422719158405799e-01
-7.769367832499627369e-01
-7.393581299326913436e-01
-7.500342394403963775e-01
-7.787459693775197200e-01
-7.065897082407568419e-01
-6.220194869897419654e-01
-5.813967465456933992e-01
-5.466272874124475933e-01
6.616842269124073583e-02
7.165816161508276050e-02
4.404886229629602357e-02
4.551511059570807760e-02
3.944515999720633881e-02
3.749939714256893958e-02
9.909059805572029145e-02
1.559796461721676131e-01
1.075186422797304864e-01
1.246633199845190165e-02
-7.835641829268953640e-02
-1.841133142467176464e-01
-2.792981461303485347e-01
-3.587636511886200252e-01
-3.872321138752933267e-01
-4.176004270083639724e-01
-4.292207734551025666e-01
-3.905172838128420643e-01
-2.464025429794328703e-01
-1.334938468282598767e-01
-1.144913833276288428e-01
-1.289294896171031268e-01
-9.632904963465729886e-02
-7.166854336345615528e-02
-4.829525080343616272e-02
3.421437624819231860e-02
1.785703843883773290e-01
2.535869398705158373e-01
2.754845462316279359e-01
2.634070447654369290e-02
1.127191820636916537e-02
-5.833564524803319662e-02
-8.271287672632450516e-02
-8.708003157374803738e-02
-9.717041034503562380e-02
-1.460297431258454348e-01
-2.207752672753450218e-01
-4.412393519112407514e-01
-6.963061992734227434e-01
-9.167351319609722271e-01
-1.041669821520667227e+00
-1.154949714583794140e+00
-1.277456893538625460e+00
-1.312181413444398981e+00
-1.208993838488053196e+00
-1.074104072029336665e+00
-1.039229453992452257e+00
-9.756854289734684382e-01
-9.063947790800871429e-01
-8.299735543639712443e-01
-7.618955184698669170e-01
-6.352976059105632789e-01
-3.715074002907078898e-01
-1.445253629528850114e-01
-5.520575119143066034e-02
-1.467955131065304397e-02
1.027898575419499208e-02
-3.538123154882301391e-02
-1.804462959483269513e-01
-2.938922378546466319e-01
-4.177559846993461612e-01
-5.331963542532754952e-01
-5.965972144184962245e-01
-6.346840662791297660e-01
-6.716381413657570576e-01
-7.045533888409956091e-01
-7.446134363765146702e-01
-8.387807175685901839e-01
-9.016686080754956478e-01
-9.816721215885531038e-01
-1.004225102403639047e+00
-9.019288614351935740e-01
-7.833206020340724995e-01
-6.518890661468557113e-01
-3.632244859201214093e-01
7.112268250899916877e-02
3.934427072013577109e-01
5.197860406815368872e-01
6.454533186518610632e-01
7.478551007911452553e-01
7.409774833406241878e-01
7.217084780224766183e-01
7.206295136668181556e-01
7.196489948244105816e-01
7.258846832588565778e-01
6.750616439726563334e-01
6.064691982304430962e-01
-1.384972885916276319e-01
-3.496120802619294698e-01
-5.733542037801214741e-01
-7.371480936447762922e-01
-8.627186632327314975e-01
-1.031800330376046348e+00
-1.410200933352727892e+00
-1.949954656733368541e+00
-2.491674428052732537e+00
-2.831708910390879907e+00
-2.866542883912825967e+00
-2.697006678490600606e+00
-2.383884292435137997e+00
-2.192859571141788422e+00
-2.015224501573432914e+00
-1.780494461606506151e+00
-1.689635970074323978e+00
-1.644339453700675691e+00
-1.567332203255974221e+00
-1.597434934887260516e+00
-1.592968339350051332e+00
-1.533023643688375737e+00
-1.493371699018908538e+00
-1.383433087293511665e+00
-1.205663333782298619e+00
-9.786486477777617266e-01
-7.920819918873158727e-01
-6.713016809513783212e-01
-6.462705983878439531e-01
-1.353432709146970558e-01
-4.200063272501267653e-01
-7.263790867686572561e-01
-9.260137779410904102e-01
-1.062483276526279941e+00
-1.171037659872008696e+00
-1.204929738697642083e+00
-1.247546799599714928e+00
-1.264601308034347893e+00
-1.132549562127588505e+00
-9.337634857331993388e-01
-8.744678862302396327e-01
-7.574835840805800302e-01
-5.083881099011261506e-01
-4.908721954750346894e-01
-5.833777731736078387e-01
-5.339757608525302901e-01
-4.329083723985541754e-01
-3.675842545358842806e-01
-2.437911526984508082e-01
-1.758384871874039690e-01
-1.655531497880265712e-01
-2.506837081046096039e-01
-3.134112962478822761e-01
-3.220982655337378819e-01
-3.387469824740536595e-01
-3.664417737636236350e-01
-4.072833833212227139e-01
-4.745220936308096049e-01
-1.070794074794238354e-01
-2.667306784478670756e-01
-6.121018021461546166e-01
-9.850631094110571251e-01
-1.152947348355220836e+00
-1.137086762790329164e+00
-1.053044997566330077e+00
-8.623962567509197985e-01
-6.385164018828486387e-01
-5.413218554985473885e-01
-4.625543023118099395e-01
-4.085567747977371655e-01
-3.948600900100875943e-01
-4.098486368648924238e-01
-4.143275055929450668e-01
-3.688961373311261394e-01
-2.071957670609515523e-01
3.407298483085116625e-02
1.111047403858168858e-01
1.222306933710440302e-02
-1.659590113199361783e-01
-2.028606979385714215e-01
-2.435199137322700547e-01
-3.463699509633266782e-01
-4.576137336221934859e-01
-5.445328963001396794e-01
-5.924019778936278069e-01
-6.637971282654001604e-01
-8.147861373271034768e-01
-1.835214274383739907e-01
-3.200270102132384831e-01
-3.624946304142791509e-01
-4.264773771010469949e-01
-4.039967885695387451e-01
-2.415651989191764382e-01
-1.130068275215506679e-01
-1.279337300101377750e-01
-1.701100605991138492e-01
-1.260078713144518470e-01
-9.112257644053455008e-02
-1.133973803172306088e-01
-4.920725836276262921e-02
9.411052193394686682e-02
2.179185938848849369e-01
3.253752381448946629e-01
4.467277231509427238e-01
5.261175608217132371e-01
5.606036379053900287e-01
5.753892706112792022e-01
4.736887952395881785e-01
2.339456740933252565e-01
3.497950581657166547e-02
-1.207745899585299099e-01
-1.857694125820154585e-01
-1.598467751909427859e-01
-9.722746379709910902e-02
-1.814248715989573157e-01
-2.386126307281517256e-01
-2.998289916111239461e-02
-6.774743736745174327e-02
-1.652333988435270018e-01
-3.364145510465588185e-01
-4.191521423896860110e-01
-3.895558546510333175e-01
-3.195641061938986893e-01
-1.900388105405657890e-01
-5.384957311464594332e-02
2.596379287914914180e-02
1.814203731813946452e-01
4.514750465575468885e-01
6.627064485850261422e-01
8.288943067429990208e-01
1.040246986790815953e+00
1.266182721311198245e+00
1.383607776765229946e+00
1.428106790104117563e+00
1.410464039101179123e+00
1.261243152298044290e+00
1.067191826718787873e+00
9.565386797145262188e-01
8.673438307741427877e-01
7.220887129629353085e-01
5.597469888605863808e-01
4.672991998530670599e-01
4.493054525570243651e-01
3.287972805204267268e-01
2.435921858786387895e-01
3.297840319357901728e-02
2.981585228226516296e-02
3.353312693395345961e-02
1.022983534132483330e-01
1.946884393021355297e-01
5.028320514926383211e-01
9.929727774134606832e-01
1.126889418168043333e+00
9.994238358012095258e-01
8.356442046279540792e-01
7.986264446427177033e-01
7.675488313964741183e-01
7.104974315876566582e-01
7.608139425678278611e-01
8.765060711157571793e-01
9.628738469401834088e-01
1.024777300795142398e+00
1.053659388298278987e+00
1.008293554095353484e+00
8.881218530455327054e-01
8.499160446577098682e-01
8.450431364716562976e-01
7.982003124598130439e-01
7.711511540809609100e-01
7.611350107690879607e-01
7.204275799781711953e-01
6.131004899248349016e-01
4.764957956226117952e-01
3.446223540254057527e-01
-4.553660694441721141e-02
-1.546833844373171965e-02
1.781294717474101244e-02
1.740110530710236580e-01
4.767204129510389521e-01
7.580666188248347259e-01
9.757834662712001617e-01
1.009656162217699604e+00
9.039080855253159852e-01
9.144722992176089749e-01
1.044933038367119593e+00
1.165666485968624100e+00
1.278064476068591082e+00
1.404576623393073431e+00
1.492753092689556249e+00
1.564102340355259413e+00
1.582221687019722101e+00
1.478266058973054520e+00
1.311468308088150181e+00
1.269894668681273320e+00
1.222739759754526867e+00
1.101441210079821875e+00
1.063322101453076707e+00
1.063644261029320193e+00
1.062690042608011032e+00
1.133575808322245360e+00
9.839685490134947310e-01
4.556555829088878573e-01
1.227021349665602945e-01
4.224326025885519892e-02
5.237589890124816350e-02
-7.756624424280780805e-02
-2.991245025365411037e-01
-4.881206361224345591e-01
-4.391549282908147611e-01
-2.725770810797077948e-01
-1.791264327993978833e-01
-1.026675670207173041e-01
-3.383470227605947511e-03
1.782269534180832560e-01
3.304844375570596404e-01
3.527681913778025757e-01
3.225464625872609958e-01
3.127780101065113505e-01
3.443938807136178171e-01
3.880480075286385500e-01
4.576992800783297177e-01
5.797977104950026161e-01
7.361120539132575136e-01
8.244670234133153475e-01
8.358310184585976410e-01
7.809689512373296782e-01
6.218854529797306352e-01
2.001887489384248653e-01
-2.713471058802188196e-01
-7.206377981785015985e-01
-1.034386314492104386e+00
-1.180560305434970036e+00
-6.139476658931303926e-02
-6.810415787952575628e-02
4.128596705111026166e-02
2.276564200874197919e-01
5.009444496538620895e-01
8.837440701228842510e-01
1.163435522767179542e+00
1.328228399001854854e+00
1.476061126561851067e+00
1.562354038965330538e+00
1.569267836168946273e+00
1.508342503598247175e+00
1.506474166787517222e+00
1.529342884665626068e+00
1.632123999943909443e+00
1.744244756215748149e+00
1.800374213654295730e+00
1.825635452806535497e+00
1.837877838140429265e+00
1.732687346978680765e+00
1.649536114560162359e+00
1.681691403367542748e+00
1.703556422220766198e+00
1.645969430367318909e+00
1.584837369053161638e+00
1.518118762684301126e+00
1.410352595856206648e+00
1.342863930977027609e+00
1.333283160615299501e+00
7.161932700908403560e-02
1.602944343025153318e-01
1.649323227435274541e-01
1.090129161190004081e-01
9.537362202123705890e-02
1.237060749486189742e-01
1.643785882021991662e-01
2.213072190658165739e-01
2.834531822033352078e-01
3.462907997550516703e-01
4.210931968442822027e-01
5.809420001686536050e-01
7.336397246469205102e-01
8.257928804252251398e-01
9.795417488014103169e-01
1.079187296909815963e+00
1.075329677287516716e+00
1.036848515578527863e+00
1.047990004521831331e+00
1.062589145003140390e+00
1.037656905288730336e+00
9.943811213082733858e-01
8.678841992779673387e-01
7.076329423294018817e-01
4.646604869460410070e-01
1.916219490608052634e-01
5.977171856498464386e-02
3.653016509315452215e-02
7.114020122629059750e-02
8.393235942356271073e-02
1.591131611094848131e-01
1.914544358616382669e-01
1.338894334286546417e-01
4.209942159894067282e-02
5.315965622180439387e-02
1.080371666581845524e-01
1.848000017995062860e-01
3.082177635440202512e-01
4.138815396361947285e-01
4.837396970005375385e-01
6.042151370327862869e-01
7.339273992971039329e-01
8.211740322638240164e-01
8.835371021349364140e-01
8.990042021235361558e-01
9.015398081423100507e-01
9.204789853479079520e-01
8.484171421024622184e-01
7.687047980050689677e-01
8.329032889279812668e-01
9.366457119167208578e-01
9.375574382724864986e-01
8.993361328903085594e-01
8.741359803489587854e-01
7.766380988806080854e-01
6.470566315860298845e-01
5.974392647774965370e-01
4.781048702924367566e-01
-7.469104724885831936e-02
-8.698285316534390410e-02
-1.252369050126390937e-01
-2.291289055657216855e-01
-2.939108200458014353e-01
-3.397712408152647745e-01
-3.778830106017254664e-01
-3.852828136794455571e-01
-3.059419650082606523e-01
-1.654915231077976889e-01
-5.825652276027358523e-02
6.882917095661690576e-02
1.759063298340136083e-01
2.957030469756111168e-01
4.080794415264155095e-01
4.847423858565431676e-01
5.874374149118373190e-01
6.070827397870822706e-01
5.648343286517452100e-01
5.253709428151868144e-01
5.388850455720510801e-01
5.183483670006986399e-01
4.666122708971272570e-01
4.422515872094482936e-01
4.828144237499698566e-01
4.516366288807741602e-01
3.144719152839769993e-01
2.455404032482340904e-01
2.664397796826100118e-01
8.770485996141224802e-03
-5.510275692627986457e-03
5.212488113409100704e-02
1.857270696123298204e-01
2.809956439284450047e-01
3.536176682029749663e-01
3.847739888301219824e-01
3.952918347469441263e-01
4.469246321502101105e-01
5.172014439840302291e-01
5.640088443835450382e-01
6.048086774407082089e-01
6.099357305235771909e-01
6.067535400123759137e-01
6.440781707410055956e-01
6.276876948682148516e-01
6.368923855997700167e-01
7.057164877417889670e-01
7.134609601228920628e-01
6.878910259806598759e-01
7.023592909042870591e-01
7.030265376065656380e-01
6.776739192819452029e-01
6.123792568854401486e-01
5.419240370439015742e-01
4.273509319310936916e-01
2.866301273286212536e-01
1.967581831979172968e-01
1.312671543782035211e-01
-9.815932096595367251e-02
-2.349890352351696743e-01
-2.877916418871562798e-01
-3.482627964460741632e-01
-4.364553401739080796e-01
-4.719412264489484810e-01
-5.562698668891560283e-01
-7.217800680172876682e-01
-7.339016216129200521e-01
-6.170617537392828478e-01
-4.546548240255843254e-01
-2.516420168803200075e-01
-2.477467767505359131e-02
1.142561401843174007e-01
1.369063062367609218e-01
1.183522368769098082e-01
8.742941110282526074e-02
2.948153380867565843e-02
-2.504595056908442974e-02
-5.165094544205024035e-02
-5.636082757763782175e-02
-3.607826011373771458e-02
-2.994052508501905685e-02
2.591135333393073531e-02
5.900531935179188087e-02
-1.424016278201351710e-02
-2.132008643252864821e-01
-3.593288039268560108e-01
-5.094644196651729740e-01
-1.363228725637200822e-01
-2.139850868530223105e-01
-2.939515696744119944e-01
-3.394641287343762026e-01
-3.827665812110444543e-01
-3.969994770047307608e-01
-3.690140143228236580e-01
-3.678353003639182051e-01
-3.839188523628730421e-01
-3.338800590054017969e-01
-2.611937753070424639e-01
-2.644879711945501977e-01
-2.887312533263171055e-01
-2.586001471615669289e-01
-1.824671594604361513e-01
-1.600660709915264213e-01
-1.121040347256605368e-01
-1.809025645594275478e-02
1.011251425273053395e-02
-8.163237064048377983e-03
1.577577520465087840e-03
-1.128562411169094400e-02
-3.778400274038482692e-02
-5.550701610030462502e-02
-6.235236826869543919e-02
-1.021726708927287453e-01
-1.487022539367488239e-01
-2.008449493343616166e-01
-4.025973932148802503e-01
-2.592654685143170878e-01
-4.760309246565735952e-01
-6.141154010437470667e-01
-7.345715011525525417e-01
-7.498755703739067302e-01
-7.303811843983842866e-01
-6.550641897980783446e-01
-5.043601537942492552e-01
-4.259848909268665884e-01
-3.777947318223237039e-01
-3.182706416571005614e-01
-2.762615480416849567e-01
-2.453280409975624188e-01
-1.750034334915473999e-01
-4.408222506097486670e-02
4.655086807732601584e-02
5.805677381836905904e-02
-6.107274223892533715e-02
-3.224777709960756078e-01
-4.916485130851596108e-01
-5.299047063525896828e-01
-5.070931256776216589e-01
-3.128294985352881863e-01
2.626332578844231547e-02
3.647909139544220358e-01
5.408253188769209796e-01
6.761959532038822607e-01
6.883383410309462658e-01
5.644254632220585544e-01
-9.295319483517312797e-02
-9.824944479227316896e-02
-9.841580606993136082e-02
-2.956922417485195742e-02
1.373633173658411755e-01
2.812765695386733045e-01
5.398076771037437771e-01
7.892595195590577095e-01
8.154362754621827802e-01
5.689613708671118486e-01
2.831662397977149359e-01
2.143197041324292063e-01
1.799284060099619054e-01
1.311622163037266808e-01
2.631855640513205419e-01
4.313588475779827069e-01
4.543435545019720578e-01
4.580953606525691724e-01
4.526711403194401129e-01
4.038687723602604196e-01
3.830620310886888591e-01
4.132914544378370469e-01
4.903338904273166765e-01
5.950437849388956479e-01
7.324970944982147625e-01
7.479348854306540062e-01
7.560477773287643810e-01
8.296526169564909514e-01
9.007874987376506271e-01
-1.013036089325128064e-01
-2.715464124249375999e-01
-2.895126464645376707e-01
-3.046582959110618605e-01
-2.969388250529162443e-01
-2.154156507823369315e-01
-1.944430295859849722e-01
-2.339557426259403494e-01
-2.812782884092366875e-01
-2.394607545467445919e-01
-2.275880898378669359e-01
-2.432546795055899880e-01
-2.348068123187086187e-01
-2.077649209581394762e-01
-1.276869482577070447e-01
1.785551285176173453e-02
1.394776239636076089e-02
-5.203544571894070520e-02
-8.814860131901502971e-02
-1.065742540173532926e-01
-8.633885763756853071e-02
-1.232111725606152564e-02
4.379770994705507736e-02
1.112660426133723762e-01
1.708004052378151172e-01
1.881600773990156072e-01
2.042510741719573142e-01
2.211813849930458487e-01
2.022978367547368928e-01
-4.893941283194532671e-02
-7.165920521393029374e-02
-1.089098471620967290e-01
-1.782279990691613969e-01
-2.392152685907124599e-01
-2.761428369526363613e-01
-2.849882163871004792e-01
-2.503428299164444648e-01
-2.216802969238338417e-01
-2.117933547880283818e-01
-2.439159101740450697e-01
-3.216377879041951715e-01
-3.688842267663398067e-01
-3.961562925456983963e-01
-3.595553359630989099e-01
-3.090713369618285356e-01
-3.005938183637005823e-01
-2.537008999587486713e-01
-1.678136205966430650e-01
-1.239418629293129182e-01
-1.137569882008933192e-01
-1.019538736781182009e-01
-1.641735052993695265e-02
4.815885664984310977e-02
5.808705876397597667e-02
6.296678680885181567e-06
-3.827949420113832546e-02
3.090745834795817493e-02
8.172764424374028003e-02
4.966845849455365537e-03
1.872539017304543016e-02
1.869713719591122730e-02
1.356289254267863120e-02
-1.780071603497701549e-02
-9.001402336782926561e-02
-1.552815861619222249e-01
-1.982166926589073730e-01
-1.846571465300956838e-01
-1.062954425410602699e-01
-2.462242527015469362e-02
1.735033426363850884e-03
1.841923581083976941e-02
4.991465387868766063e-02
8.109445868085629616e-02
7.428076294336226348e-02
7.355455012159120565e-02
2.089243502691178478e-01
3.413384878631894326e-01
3.938171803382746750e-01
4.813774519276790009e-01
4.900663563798629552e-01
4.159300369034481526e-01
3.783560757837547417e-01
3.635104693625552108e-01
3.657166124628536408e-01
3.618893451700119224e-01
4.085959658429147434e-01
4.542035328706911512e-01
-8.798171020344096663e-03
-4.010733931492373172e-02
-1.391702997482731352e-02
-1.451237597753856669e-02
-1.037356448599310865e-01
-2.340741916337271966e-01
-5.060590182785856816e-01
-7.099007565400194952e-01
-7.063588903176732936e-01
-6.179514432181933969e-01
-5.805040107193363275e-01
-5.308495462703543000e-01
-3.906550893852520079e-01
-3.043385877006549722e-01
-2.487491816548052792e-01
-1.194386257682955310e-01
-3.969374544562351281e-03
6.310266391308775452e-03
2.556016804381800248e-02
5.732684621740256892e-02
4.562547962651974931e-02
2.867282032088864716e-02
4.402734814759858700e-02
7.660201033646762969e-02
7.976592685122342596e-02
1.945285273093710215e-02
-1.029790909820645639e-01
-3.157596487130296392e-01
-5.263432246227366385e-01
-1.134284587113996157e-01
-1.744934184691413204e-01
-2.630511162017430404e-01
-3.938009353636380272e-01
-4.551186896248760050e-01
-4.976068553011698814e-01
-5.293960016885395081e-01
-5.198898114394823189e-01
-4.518394078960850657e-01
-2.894097876383778800e-01
-1.328845142496317966e-01
1.262362678192247012e-02
1.450309119013585835e-01
2.499182780983710828e-01
3.133916455446970062e-01
3.967316823178214102e-01
4.295209611758078472e-01
2.914046802048140816e-01
1.250079195153241951e-03
-1.603152161830269026e-02
2.394596367278112661e-02
1.329068404818383765e-02
1.077061215845736761e-02
6.189593899522384535e-02
6.335938425979828481e-02
-1.543095563636377732e-02
-2.246338813539917045e-01
-4.841110783075402435e-01
-6.524204182969072230e-01
-6.059154859181562630e-02
-4.761392220130402503e-02
-1.558241883749270085e-03
-1.150842544819162712e-02
-1.404333070305576261e-02
-1.757055107599330562e-02
-8.839875817360887816e-03
-2.213213008735410298e-02
-1.326231227586804201e-02
5.679034521048959699e-02
1.572814735461840752e-01
2.334065648187589326e-01
3.960905869715619643e-01
5.722314299521147340e-01
6.528191333848896161e-01
7.280610340547440940e-01
8.438641789870238163e-01
8.791194547543312865e-01
8.241134785807900931e-01
7.198856318596187354e-01
6.045362530395019807e-01
4.384346737866525734e-01
3.040716135158439970e-01
1.820531539689696499e-01
1.116115988587555730e-01
8.342670674234875516e-02
8.956213144965789741e-02
9.804211476247368107e-02
8.276558171586105572e-02
-8.078248297428090863e-02
-1.761636728128711527e-01
-1.572579280880012920e-01
-1.522890857977098056e-01
-1.882933817169757662e-01
-1.517663239531796548e-01
-2.587223342394961989e-02
8.462639350206613287e-02
2.549896754914107722e-01
5.027432240600376856e-01
6.310454112374669355e-01
7.470352547822577405e-01
8.229938624945203340e-01
8.333691446367424982e-01
7.902572994367111914e-01
7.858399636151749412e-01
7.808537749001102091e-01
7.903113637012884052e-01
8.070862208124237602e-01
7.960838421649404362e-01
7.210577568261606896e-01
6.821238695872364755e-01
6.003397530601500831e-01
4.834708177822810704e-01
4.196438264451050615e-01
3.439587285503000191e-01
2.826382294227787195e-01
2.422799431987836538e-01
1.958958836950968063e-01
-7.084426735451954116e-03
2.817478606601387520e-02
1.043788380419586811e-02
2.973621962550168293e-02
1.739748682209801278e-01
3.369469228114716497e-01
4.579366071725546328e-01
5.694161906850245813e-01
6.218995659851523916e-01
6.411881695675621939e-01
6.717096446842447666e-01
6.765851717562649803e-01
6.805490805869949256e-01
7.407050876395000483e-01
7.756300586246914763e-01
7.557937843353280671e-01
7.627220292988616812e-01
7.459457059494063458e-01
6.640540985096734516e-01
5.858739578425274930e-01
5.139358324015278479e-01
3.723477488455214091e-01
2.608742133027708299e-01
2.043912542654063580e-01
1.821487813814375578e-01
1.549766696439441038e-01
1.456920070431922398e-01
2.245509959209346373e-01
3.535018621924410076e-01
3.291077999465713555e-02
1.015692522720007679e-01
2.597415906709856226e-01
3.759146179435984281e-01
4.716857287402577703e-01
5.205544208508581239e-01
5.159287104937004820e-01
5.005062243821567503e-01
4.536919334913617763e-01
4.235606067507773909e-01
4.079981872220388994e-01
4.075596289303137221e-01
4.098146540030822016e-01
4.462179307078581458e-01
4.627555466201329071e-01
4.530708564233112412e-01
3.394930368122727748e-01
1.742623941981785163e-01
2.275730399418107730e-02
-1.044031855353091676e-01
-1.468747104518268731e-01
-1.369764013868983443e-01
-1.409297334184509698e-01
-1.556508651186062908e-01
-1.303292401295473579e-01
-1.381505595402041098e-01
-6.898971783745802555e-02
1.193722613271162580e-01
1.786922674958586199e-01
-5.507354060542622026e-02
-9.739688866072451767e-02
-1.065617497928907087e-01
-3.460601589839591707e-02
3.110123102453420108e-02
1.766277424390244044e-01
2.874990772083499957e-01
3.405025476782763127e-01
3.686101321026249988e-01
3.770659898572867874e-01
3.314275657490510785e-01
3.351634651084297034e-01
3.701342078188493145e-01
4.021322009403197062e-01
4.196681706809867740e-01
4.104217033592045816e-01
3.249549716743344585e-01
1.928383772171585464e-01
8.605149303938718075e-02
2.845802486241143237e-02
-9.458727475915153227e-02
-1.268412774072616711e-01
-1.011457012855319776e-01
-4.273660401094655364e-02
3.602393638904701628e-02
8.308647571390939679e-02
1.469789102898720889e-01
2.210015612791614292e-01
3.257572496327569844e-01
1.396362734020031859e-01
1.479643517633010830e-01
3.007255333224343463e-01
4.396658919995484194e-01
2.905347333419301403e-01
7.231745758525789936e-02
8.651889066752335711e-02
2.088968490304573822e-01
2.963301308624181063e-01
3.875344985694972877e-01
4.451797588477071632e-01
4.731160092260632832e-01
5.008055617082529665e-01
4.876300775002840315e-01
3.575423019553423121e-01
2.464302062295141427e-01
2.067424461955513215e-01
1.893055905102747349e-01
2.030557195180924257e-01
1.769573724941144455e-01
9.939507246598776324e-02
2.228664530432145074e-02
-1.023161894738999628e-01
-2.494929850150082729e-01
-3.119650809639989419e-01
-3.029488353189020988e-01
-2.577965965543522753e-01
-1.832002957535149301e-01
-1.187738170060970155e-01
1.897074734976242003e-02
1.443078387637247717e-02
-3.174713556915936125e-03
-6.115175241602201217e-02
-1.989779245220553161e-01
-2.235955447104863436e-01
-1.446673391837119405e-01
-1.329570352466891148e-01
-1.493608859920364240e-01
-1.229546804541467586e-01
-1.582174438783491843e-01
-2.171149239065632841e-01
-2.463080711125380240e-01
-3.611937335258096349e-01
-4.911271184169919701e-01
-7.039413951904190947e-01
-8.714807900361446480e-01
-9.129280379706250503e-01
-9.273186459342687149e-01
-8.587081245922234540e-01
-6.808380023519550184e-01
-5.109797239269978641e-01
-3.527309334955198716e-01
-2.294023268676188554e-01
-1.641839576041390081e-01
-1.555240246985396813e-01
-7.261610166250279108e-02
-4.540362270702384684e-02
-8.747819150915009390e-02
2.006418473897718727e-02
1.517968218652955212e-02
-5.977001966410423056e-03
9.110187484748727763e-03
3.634887029234042111e-02
-6.223946110485358008e-02
-2.795306965365194629e-01
-3.911515743217995333e-01
-4.379669334752551157e-01
-4.285266610842750623e-01
-2.869036403664254054e-01
-1.512725330688613201e-01
-1.861564456253870514e-01
-2.060531471412383187e-01
-1.300371694224991548e-01
-1.982306381108312476e-01
-4.067856995854122193e-01
-4.879556071748918922e-01
-4.609628527442514168e-01
-4.459480119140906140e-01
-4.434269277901615181e-01
-4.088218295031602056e-01
-3.788678300943670862e-01
-4.000117327329669736e-01
-3.161944614648335428e-01
-2.319957062572484685e-01
-1.918913327136272384e-01
-1.049218244312989101e-01
8.494966467028378099e-02
1.825555609637608268e-01
3.432285519477247804e-01
5.310209659747283650e-01
5.856235833275980074e-01
5.926813064789999697e-01
4.660834715380557380e-01
3.122128844034497419e-01
2.627534013794136092e-01
2.172410795434485398e-01
1.375983941257264143e-01
9.256240864019910086e-02
2.258703038730791590e-02
-9.803011013114043548e-02
-2.377419014927276142e-01
-3.509900934251873328e-01
-4.396740025844699251e-01
-5.073956448005251252e-01
-5.458684334291616924e-01
-5.405292702795382320e-01
-5.334661861437406394e-01
-4.438203741067836550e-01
-2.480830378957326610e-01
-1.477498982062063759e-01
-5.414743229737026264e-02
6.718437883060293658e-02
1.234182900818968781e-01
1.541348025208969241e-01
1.478284839359571001e-01
