9.259413211975574265e-02
1.425562785219554041e-01
1.536583171576159368e-01
1.346987487763000868e-01
3.149081560760562393e-02
-5.385634875774435171e-02
-7.765050301375928110e-02
-7.613635277155704484e-02
-9.393107616040795305e-02
-1.237342201121155449e-01
-1.787488540433297135e-01
-2.117400274899285673e-01
-2.045935149526033892e-01
-2.194445231619069625e-01
-2.843165543418577079e-01
-3.782328210260264001e-01
-4.449784049868120706e-01
-5.433650526743244447e-01
-6.435022388966923357e-01
-7.070840085798829611e-01
-8.049711795818732529e-01
-9.546716564478325839e-01
-1.092657736599312646e+00
-1.173910962813081049e+00
-1.215177459101402402e+00
-1.248883114809270722e+00
-1.261540306776341103e+00
-1.303098796839880169e+00
-4.128481387300725336e-02
-2.076285858633568349e-02
-2.565209588929523443e-02
-1.394238360227916529e-01
-2.448098384316030884e-01
-2.705224645523836013e-01
-2.299698440415236522e-01
-1.751535618816353057e-01
-1.192037159186473683e-01
-9.749929978885683857e-02
-6.142435636240365510e-02
-4.673659004017947927e-02
-4.571160679571755620e-02
-9.092563632680659980e-02
-1.762664892514445303e-01
-2.641790450698457415e-01
-3.306795866724695498e-01
-3.622692537226921972e-01
-3.596874531069759184e-01
-3.253846299390653618e-01
-2.785195383238551758e-01
-2.512263882687004735e-01
-2.434074975750357139e-01
-2.113952507397049152e-01
-1.780981824623432408e-01
-1.712504216648184641e-01
-1.484709404293573232e-01
-1.305936929338934738e-01
-1.169830856978185257e-01
-1.908606936032693820e-03
-1.074715972735463404e-02
7.258865751988592685e-05
8.828306827824492289e-03
-6.259588951371419102e-03
-4.452678195377975101e-02
-2.921934411029485437e-02
8.040572512197047966e-03
4.971879612328758413e-02
1.334471785084778428e-01
2.476953616963810667e-01
4.050332704218779778e-01
4.822607194883610782e-01
5.509168128082126970e-01
5.463437776433669457e-01
5.409372355500067231e-01
5.155429227027921169e-01
4.977627208542366732e-01
4.722402886864590088e-01
4.374201028321784146e-01
3.783972124372093071e-01
2.679855650945532908e-01
2.011977983680093285e-01
2.054606820948485235e-01
2.245687982908040614e-01
2.601885900870343216e-01
2.887932598105409920e-01
3.356928230522728818e-01
4.148582299704570708e-01
2.589979391920433846e-02
3.879226352411808271e-02
5.172015036759819440e-02
4.999403112329404292e-02
5.501581410941501493e-03
-4.929642650978884738e-02
-2.064151873614997468e-01
-3.927747217008663583e-01
-4.913936009937140970e-01
-5.309879873514814497e-01
-5.598892795827437041e-01
-5.545238377647354611e-01
-5.196636584365090794e-01
-4.456281474265528786e-01
-3.497047637035455292e-01
-2.070227057924828029e-01
6.056577984478631049e-02
2.146792400900558173e-01
2.088164241466448079e-01
2.083076892514454659e-01
2.486432706133309689e-01
2.768349600647940778e-01
2.896044720870832312e-01
2.685989711118734746e-01
1.595873256503634596e-01
1.028198531622005890e-01
5.721380348025226215e-02
5.673399780079587534e-02
5.356609854411556459e-02
1.970258706624100978e-02
1.118842379143569071e-01
3.037923683572997802e-01
4.725757230704294987e-01
5.324148906234862366e-01
5.355643898236157607e-01
4.838515363916879863e-01
4.320673175251860121e-01
3.890132375303386181e-01
3.369988535014989406e-01
3.082885787861477933e-01
2.920536097382429586e-01
2.326060401964165636e-01
1.841183264932317876e-01
1.756468110314905740e-01
1.604723629581208122e-01
1.413409677780908258e-01
1.378112458766780901e-01
1.539565677103817976e-01
2.097864150674214057e-01
2.084741136206556267e-01
1.754945550182668845e-01
1.698941736523500168e-01
1.544822538233770470e-01
1.742989685157992352e-01
3.141022316671583936e-01
4.147133987638579877e-01
4.687716120570177836e-01
5.319220634632925160e-01
6.734229224375105904e-02
9.249948170381766532e-02
9.282616763223361378e-02
6.071914099925726505e-02
1.632830799491074431e-02
-3.283812414786564660e-02
-4.390105077847866744e-02
-4.061624252058915197e-03
2.756132439494948794e-02
4.368304152150334629e-02
7.194777306117275395e-02
1.147975386475990206e-01
2.687692580397429976e-01
6.884882665688858427e-01
1.104840367507338383e+00
1.237450256449510233e+00
1.279499457453232125e+00
1.193747902652996906e+00
9.941903356198990016e-01
7.716417165080464713e-01
6.242254735044994174e-01
4.941758641064390445e-01
3.352920811312832816e-01
2.953434492986736770e-01
2.896667700734267270e-01
1.880112708580466419e-01
5.465207719199174918e-02
1.281531084518794383e-02
-1.864438213821566909e-02
-2.760530590942312373e-02
-6.184612275248655561e-02
-1.212635881959965023e-01
-1.785042971805320677e-01
-2.178337705346382880e-01
-2.276619849082353597e-01
-2.072630850458368756e-01
-1.864906890252909788e-01
-2.013291089253536892e-01
-1.460832798398760124e-01
-1.574053116177520639e-01
-2.492594838447611538e-01
-3.214705474422680509e-01
-3.416541688048647107e-01
-3.847367601527971748e-01
-4.676983247997930637e-01
-5.210106442744628641e-01
-5.529555037469167100e-01
-5.190869359032379560e-01
-4.197147623154015017e-01
-3.234470904506637212e-01
-2.424783980432687613e-01
-1.880059247063466665e-01
-1.585361532553719033e-01
-1.160157596275413622e-01
-1.139080794918062717e-01
-2.090960993176149141e-01
-3.797022281943437383e-01
-6.007738423247489523e-01
-2.805143992620695026e-01
-3.577162677280743552e-01
-2.867393679683875596e-01
-1.653575076776794550e-01
-6.397034779278952532e-02
1.746024659522128764e-02
1.446778869116142618e-01
3.108042171226270689e-01
4.574699900583881762e-01
6.812904119942967407e-01
9.638044543757919858e-01
1.106620556167253522e+00
1.163868270419471607e+00
1.235813169844534265e+00
1.279526840655641706e+00
1.287483469353454701e+00
1.256091749409525615e+00
1.233139330700802727e+00
1.246030598993028260e+00
1.298506416522441809e+00
1.377027205151772904e+00
1.444245731351277984e+00
1.477735870013187514e+00
1.493733282383795880e+00
1.526042924136591150e+00
1.538606523491189870e+00
1.509549040210068860e+00
1.467271039979709979e+00
1.433235975713281762e+00
-3.529696151398015180e-02
7.713943406447779094e-04
1.480842675428821302e-02
1.109148485053123787e-02
1.882104036238249276e-03
-8.083038838453955599e-02
-2.154222589617403316e-01
-3.505640793972952807e-01
-4.904818798752300646e-01
-6.123907516323872091e-01
-6.669657657648456750e-01
-6.867954713242343523e-01
-7.299333171170141465e-01
-8.155869092881473659e-01
-8.937980066190898132e-01
-9.067356570682463257e-01
-8.985931873378982804e-01
-8.855233507865906128e-01
-8.500089595863624670e-01
-7.499621102082538737e-01
-7.262464354791167143e-01
-7.372392134613272585e-01
-8.106139162764719464e-01
-9.305595641091350956e-01
-1.043393780823177686e+00
-1.121096325488210477e+00
-1.149493143839700471e+00
-1.152534008837862611e+00
-1.120498193018280464e+00
6.100307904082954286e-02
8.529701256938670983e-02
1.239164212791990238e-01
1.854887870231392011e-01
2.431410969797932475e-01
2.622244901369807923e-01
2.791993307897157051e-01
2.946429147584040398e-01
3.163819108398284174e-01
3.256412431260310436e-01
3.826900218527164999e-01
4.214759211752121537e-01
4.366718508147058864e-01
4.692240196820861575e-01
5.649894633990650838e-01
7.077043357923893385e-01
7.878936823581964566e-01
8.027628364911297831e-01
7.849281407552697321e-01
7.368787086251405993e-01
6.927223833483667770e-01
6.653083883145336497e-01
6.341528416784162347e-01
6.364489858841128056e-01
6.526406958232469080e-01
7.014797543213692199e-01
7.205700705676659767e-01
7.109541233610927602e-01
6.577545353500141578e-01
-4.051274201576694767e-02
-8.870481295569886127e-02
-1.109679222053170100e-01
-1.073546340647539843e-01
-1.220059800682412182e-01
-1.500751245334349948e-01
-2.085363518665356020e-01
-2.712948822109342295e-01
-3.287000497445339842e-01
-3.928600735766705765e-01
-5.035568927273659234e-01
-5.694130370483849735e-01
-5.813099516668689404e-01
-5.480634687627244928e-01
-5.328218541383004103e-01
-5.212008750247731914e-01
-4.932265455810060928e-01
-4.829707767518215400e-01
-4.920643658094757122e-01
-5.138497422124318481e-01
-5.975573174715458347e-01
-6.901739446133376976e-01
-6.769045285267522027e-01
-6.545642000490191625e-01
-6.050939043090932667e-01
-4.903780521366136180e-01
-3.683371782579867304e-01
-1.781338585425610299e-01
1.799435253696474168e-02
8.830369022638430432e-02
1.725217002925420462e-01
2.542788231341701621e-01
3.144213185109017705e-01
3.786886749334249513e-01
4.424329417274021070e-01
4.785694522732182876e-01
5.021787964402240068e-01
5.392982299033405313e-01
6.249370561298803750e-01
6.843626563612630331e-01
7.128950094228366785e-01
6.757133109727444520e-01
6.328777664534346314e-01
5.803789808590003041e-01
5.425623632219068737e-01
5.642242191373890714e-01
6.388965841933982315e-01
6.771664901052030228e-01
7.646338530972633940e-01
8.795396546806248939e-01
9.352429482849581310e-01
9.266910562546216701e-01
8.846488205788376469e-01
8.205207260372615607e-01
7.042053200094501308e-01
6.509999634311552930e-01
6.414778751349952124e-01
6.103359905381067207e-01
-2.707692435725064795e-02
-5.645651047347181178e-02
-6.413056389830837367e-02
-6.533138344352798499e-02
-6.430988186007516316e-02
-6.053697905178907074e-02
-6.572599984721062827e-02
-1.064499313700918159e-01
-2.216478733907265020e-01
-4.186043794003273533e-01
-6.956791153895615087e-01
-9.488219733308850268e-01
-1.070781466066501819e+00
-1.097548682139513510e+00
-1.086010223058246460e+00
-1.059586695613165208e+00
-1.015252383624118071e+00
-1.059447556474864882e+00
-1.154550881061165990e+00
-1.255565075109873696e+00
-1.307883944550580102e+00
-1.345220649857987949e+00
-1.387963094526114771e+00
-1.416640968073712648e+00
-1.402305786801792742e+00
-1.382511514300228894e+00
-1.356033858004878301e+00
-1.391151669939554969e+00
-1.555797819292144224e+00
-1.560218093481405832e-01
-2.678670035258878812e-01
-3.538190349494692022e-01
-3.754387074879566022e-01
-3.715951879593477614e-01
-3.544975444254729879e-01
-3.263215196382218686e-01
-2.798991836418391888e-01
-2.517445204416487448e-01
-2.580076670430258567e-01
-2.668671369560471351e-01
-2.411758754848368491e-01
-1.188767931739140304e-01
-1.588702985185479200e-02
5.571472467457531941e-02
7.619609658942275154e-02
1.001232834982376807e-01
1.193227670320848310e-01
9.252897714691113440e-02
5.368162259631277522e-02
5.833282443356173352e-02
8.667610260931783717e-02
1.641891365432797123e-01
2.231836190842599599e-01
2.635947710475499695e-01
2.433775633231091418e-01
2.394753495378895147e-01
2.293499797126140882e-01
1.983937300296262640e-01
-4.089666402634403730e-02
-5.146403309330533499e-02
-3.070075852176554210e-02
9.416486016747183108e-02
2.469619375120166715e-01
3.139343261639837568e-01
3.159363158546956152e-01
2.927127593480199907e-01
2.366947727773034416e-01
1.431045281357017362e-01
4.570769330113239048e-02
-5.415767174726111854e-02
-2.656293785989760070e-01
-4.603270055895775648e-01
-5.269900924238600792e-01
-5.034886347998888123e-01
-4.407821852289214304e-01
-4.591088842350511956e-01
-5.575475038990856946e-01
-6.650296301071837446e-01
-7.332451404857841526e-01
-7.290933222328388474e-01
-6.034466670882285833e-01
-4.745973476385607626e-01
-3.604510502336467637e-01
-1.957718204288068642e-01
-1.624534327539326195e-01
-2.517674009087115250e-01
-4.756398965890811237e-01
-8.912817484067790674e-02
-1.441221301458926740e-01
-1.853539767158120521e-01
-2.085324267965063261e-01
-1.798510681955493296e-01
-1.357805509099461183e-01
-1.454785422817022333e-01
-1.575376210580988756e-01
-1.231574450299882661e-01
-8.807190803165501625e-02
-4.006157803564167758e-02
2.047984579536485383e-02
4.582926646554005834e-02
7.262680521917441734e-02
1.594813158473477044e-01
2.649463193450486420e-01
4.388554950830901302e-01
5.718575794784849231e-01
5.472926365064103571e-01
3.440564079630452632e-01
1.773058579703199744e-01
8.737924855192244489e-02
8.478254732734082089e-02
1.102085538471719167e-01
1.885836801041511079e-01
4.329243256098341819e-01
6.303406139687409704e-01
7.168845539137536083e-01
7.648989071042029408e-01
-8.829689446321532798e-02
-5.049482491702702580e-01
-1.040869126493551011e+00
-1.414486500321141760e+00
-1.636176341981891769e+00
-1.744379744218340189e+00
-1.787662513498919914e+00
-1.714074871872074413e+00
-1.462508481428170581e+00
-1.245587594364203632e+00
-1.229153549648449584e+00
-1.355245380632821517e+00
-1.740292168917804361e+00
-2.089653472678571156e+00
-2.213221651541111168e+00
-2.277245319183563321e+00
-2.209420726525857859e+00
-1.887243053709527274e+00
-1.261713726714455586e+00
-5.848085170439397684e-01
-6.971859172185845832e-02
3.220444725210406256e-01
5.681703216551576840e-01
5.934203622575286996e-01
3.115577845420055558e-01
7.004191120968475404e-02
-2.315811232921760610e-02
-7.093955170257233711e-02
-1.379417563049847306e-01
-3.578828348744087645e-02
1.859700337228297612e-02
9.752277297110001700e-03
-1.818751310203486071e-01
-4.432269566425874885e-01
-5.162175754601400213e-01
-5.706973992727444323e-01
-7.653180087247515306e-01
-5.063146935765887591e-01
4.334341416642473188e-02
3.473446793822271284e-01
4.485969854057918482e-01
4.632665677037005048e-01
3.451904766077895648e-01
2.254189053694948819e-01
1.871633810077608651e-01
2.781725026364457731e-01
3.987990281390835223e-01
5.049835996533250659e-01
5.772882362569224934e-01
5.251764243312810887e-01
3.962303490324013411e-01
3.033748655634894154e-01
3.022815150244936855e-01
2.889714114053077432e-01
2.480594583272688058e-01
3.759739255051812723e-01
6.311359524803454857e-01
7.461500206429729776e-01
-2.552962472359450452e-02
-2.195164705715288989e-01
-7.213009940143654264e-01
-1.365837264518491079e+00
-1.799520555219259910e+00
-1.846646103083386503e+00
-1.754726576463207843e+00
-1.486045739689014766e+00
-1.022235818041952182e+00
-4.994069487926069417e-01
-1.588622614912977848e-01
-2.037297870916407461e-02
1.282619929571765516e-01
3.957311556290210586e-01
6.957523989722306235e-01
8.460963374289887096e-01
9.117450679909373523e-01
1.030174882920649626e+00
1.196730784843623940e+00
1.341844283829248363e+00
1.418182725137460798e+00
1.396223831941805216e+00
1.252081199899314878e+00
1.069886651267282218e+00
8.812906179355217695e-01
7.760036336344493524e-01
6.736818724526720814e-01
6.419259615246507567e-01
7.847778976192245626e-01
1.853906404965570687e-01
2.031074518228063175e-01
2.053479268456948892e-01
2.088636931111479966e-01
1.256615331669155289e-01
-6.996320850860274221e-02
-3.105226532745268830e-01
-4.620803888405360937e-01
-5.365667569562236894e-01
-6.108898892779954792e-01
-6.443342893913046598e-01
-6.943317502865292701e-01
-7.744986070102863884e-01
-7.886667402322702358e-01
-8.343540345824828064e-01
-9.422253083940432816e-01
-9.878311099528619410e-01
-9.908325077111523882e-01
-9.715904932467887001e-01
-9.148955003244638728e-01
-8.880245186384345679e-01
-8.806059334970125496e-01
-8.431380208895449258e-01
-7.668227422765224732e-01
-7.043515783998857138e-01
-6.680926193164299365e-01
-7.556698893896981462e-01
-8.354357642167212772e-01
-9.639020215282159132e-01
-1.699525634562144560e-01
-3.078723849663607126e-01
-3.155564026855324222e-01
-2.853820483066538682e-01
-2.128211095624194527e-01
-1.584886870503215417e-01
-1.265640912080042702e-01
-1.335513953886683092e-01
-1.718498162211164471e-01
-2.791915507840040944e-01
-4.118705578862454919e-01
-5.309153049521321277e-01
-6.114865204203622229e-01
-6.680703399185908831e-01
-6.856218008897155824e-01
-6.518114197940896304e-01
-5.754593807938439554e-01
-5.949443918899081085e-01
-6.837295258824835908e-01
-7.059868822737171978e-01
-6.889419759825957668e-01
-6.483969844519549275e-01
-5.975006095898712788e-01
-5.524331152122161637e-01
-5.312467356037592348e-01
-5.398850632243009651e-01
-5.674977422817525374e-01
-5.910935092724624029e-01
-6.090425884611794238e-01
-3.317959761313652584e-02
-8.725639440684360149e-02
-1.198154888578197852e-01
-1.262593799567672537e-01
-1.424184569723849214e-01
-1.703181857380892950e-01
-1.751607972087136922e-01
-1.772425253901521447e-01
-2.150294471635798288e-01
-3.250247014797393863e-01
-3.710597581039699611e-01
-3.356474257937979155e-01
-2.934880532625280258e-01
-2.539643691874020615e-01
-2.386434899190854331e-01
-2.600135763597865024e-01
-2.772034694977716929e-01
-2.867955114656885462e-01
-3.129879867888373801e-01
-3.392801740105827468e-01
-3.267436521668648508e-01
-3.166079255316959773e-01
-3.388547643107106544e-01
-3.904916344915363990e-01
-4.224315126099109641e-01
-4.382941846566515420e-01
-4.720646689296914000e-01
-5.041617204662948160e-01
-4.849435693694765792e-01
-1.219196021575287558e-02
-9.532795086344859892e-02
-8.751633429125860175e-02
2.771122061666173031e-03
7.604003948849967498e-02
6.478942110518523534e-02
1.252612782354103199e-02
-2.986276343266434236e-02
-5.334651005277678271e-02
-6.453842375498664019e-02
-8.980336423888357622e-02
-1.660933041361370988e-01
-2.310237701697783752e-01
-2.015248655114126319e-01
-1.240666214646794913e-01
-6.211920865459900215e-02
9.545628170096734366e-02
2.476938288752517092e-01
2.881022989191642236e-01
2.610840978026673365e-01
2.780537882991865328e-01
2.545248981510064845e-01
2.184935362252050928e-01
2.171407413673729914e-01
2.257531129829008776e-01
1.988393515399677347e-01
2.080366772169944811e-01
2.223478367800136857e-01
2.279700301454186395e-01
4.669991908853289575e-03
7.245848146142630508e-02
1.090844054169214372e-01
8.954574118256591886e-02
4.563804288725754887e-02
2.125809450736470749e-02
-2.207928951167737949e-02
-5.238216180592501769e-02
-2.104704647853083976e-02
2.377646199068320088e-02
1.739773192440624214e-02
-2.063118780863740925e-03
-3.703373165674488099e-02
-6.643876747191379550e-02
-1.328003165879471092e-01
-1.504383472923912224e-01
-1.237696114666746172e-01
-1.123900831933139222e-01
-1.201240208407253901e-01
-1.495784865284900678e-01
-1.822291003240100737e-01
-2.310900230679073797e-01
-2.582524189414380777e-01
-2.765976697081582447e-01
-2.868340514835082122e-01
-3.063092645995401653e-01
-3.325354007402179790e-01
-3.568421909782324986e-01
-3.571560958347327341e-01
-4.883500408344548099e-02
-1.175678306451845567e-01
-1.599459698077134728e-01
-2.054889714685529389e-01
-2.262776680412982022e-01
-2.078551289065671548e-01
-2.160714399445215761e-01
-2.330842950109165701e-01
-2.262677467842915680e-01
-2.341631716484030290e-01
-2.502382678172163089e-01
-2.673391917744120105e-01
-2.858840843172462676e-01
-3.295452085617727178e-01
-3.406925426344239449e-01
-3.280319322262350012e-01
-3.010143421595827262e-01
-2.984948574716502767e-01
-3.201007822457702101e-01
-4.541324001459504656e-01
-6.304349063423315691e-01
-9.421448419101244864e-01
-1.182390486236041927e+00
-1.272608423316057724e+00
-1.265946306074124061e+00
-1.183344962826835323e+00
-1.037138773511251166e+00
-8.983979088425146919e-01
-8.310239892116401128e-01
1.235436865238631055e-01
2.150389749918061866e-01
2.422526299600751276e-01
3.349279450410841408e-01
4.715354206273169591e-01
5.480878661106899363e-01
6.447212639775979914e-01
6.675568010685369869e-01
6.713041364731943128e-01
6.181363749651149764e-01
5.303698285894807851e-01
4.917015293557745470e-01
5.235744590121825803e-01
6.227268454136608566e-01
7.394378791971003562e-01
9.178766218461158477e-01
1.027043937294477072e+00
1.054998503306502577e+00
1.035412129158576722e+00
9.982513320002255330e-01
9.066678988130574268e-01
9.081100156210516472e-01
9.572915811733213598e-01
9.521219011557872092e-01
8.581768264173326166e-01
8.631211287150936107e-01
9.738172587594304819e-01
1.052653085350470086e+00
1.177856224083872805e+00
7.409225995474513771e-02
9.270567895936332459e-02
1.297502330864428455e-01
1.786743087563395782e-01
1.132985143143498685e-01
-3.141552023978161357e-02
-9.606829440939913811e-02
-1.252418050163769114e-01
-1.255473793814228245e-01
-1.308970324666379470e-01
-1.100897556522776322e-01
-1.000508252807097986e-01
-1.618812411526624195e-01
-2.039624543087002750e-01
-2.638161687110543996e-01
-3.454276698334191598e-01
-4.048488519642988170e-01
-4.407228425520302584e-01
-4.554866414625515780e-01
-4.434960723029078844e-01
-3.820363301168470116e-01
-3.056849855250890480e-01
-2.735294719897176097e-01
-2.717601121329536462e-01
-3.049576730369784050e-01
-3.703246351794444169e-01
-4.506121932751073755e-01
-5.291465060192692693e-01
-5.831029563479857014e-01
-2.629501574594729496e-02
-2.436252777308964973e-02
-6.045920883643699645e-03
2.092253684406998257e-02
9.579657557769649667e-02
2.394865037925007489e-01
3.166133416810144596e-01
3.769488134337710683e-01
4.373448766917032993e-01
4.474273330184684871e-01
4.707094204058154263e-01
4.818247122441697838e-01
4.879825155214583821e-01
4.501111347718080857e-01
3.617060573875631180e-01
2.847981208013550258e-01
2.889101900595800743e-01
3.437416308208589566e-01
4.319811004621495476e-01
5.126887953402577969e-01
5.523683514780022286e-01
5.490231240926266576e-01
5.450964839107493853e-01
5.634593090157322681e-01
6.014885975681540931e-01
6.495417805120732302e-01
6.872169882334285829e-01
6.849600130941166931e-01
6.620697213260386960e-01
-4.520164950896739253e-02
-4.659036358118944648e-02
-8.239946961776073442e-03
6.641806071781178322e-02
1.306708085469525660e-01
1.823242476412369473e-01
2.079331122471073656e-01
1.361099268684183849e-01
1.361933853531928362e-02
-3.672573529566535572e-02
-5.594572227559584804e-02
-3.886360596890810204e-02
1.074538200502033608e-02
2.091427788125118162e-02
-7.484858644974830277e-02
-1.428314189795690803e-01
-2.398755509123839946e-01
-2.732651152494132707e-01
-2.775014917382737090e-01
-2.754555936459320287e-01
-2.976489724795948200e-01
-2.818785259724108649e-01
-2.098520286337560714e-01
-2.413411679512586228e-01
-4.037042064085951676e-01
-5.065956585581964378e-01
-5.501654810564056142e-01
-5.947953263233293209e-01
-6.168541067032108360e-01
2.646638441969790395e-02
6.980013122852463114e-02
5.229976378504415380e-02
-3.921426149806056527e-02
-1.111064264116006783e-01
-1.270107794313300453e-01
-1.311154879454570488e-01
-1.211721264678735366e-01
-1.166588270104119834e-01
-1.062036577943989424e-01
-7.759094363333250699e-02
-5.020844606375871044e-02
-5.148072388076533473e-02
-4.644752426899496217e-02
-6.090541964491919674e-02
-7.334795985686023978e-02
-7.273431261798235514e-02
-1.640933578257640635e-01
-3.903594813249934292e-01
-5.030486302755092787e-01
-6.121738618331314941e-01
-7.237830709941741603e-01
-7.377591830910141812e-01
-6.322095825318373441e-01
-4.921293187963445837e-01
-4.140720716757453901e-01
-4.094887246060440189e-01
-4.115696003586458152e-01
-4.090143979942451047e-01
2.660210471752674777e-02
9.826534554533639110e-02
1.919818957250588320e-01
2.918155100878809249e-01
4.162267629370511313e-01
4.309507666511588897e-01
4.156666613487634554e-01
3.810104903013944999e-01
3.381917171167214131e-01
3.238825071778924647e-01
3.415201291366355418e-01
3.923661776885821739e-01
4.344383186413105502e-01
4.597658846934096766e-01
4.860844732681198765e-01
5.589990696449866903e-01
6.306743722306430433e-01
6.859558142018474802e-01
7.061224017956465593e-01
6.785742252499985527e-01
6.764501393791144679e-01
7.115639008777525643e-01
7.186837093361789774e-01
6.997178284630289902e-01
7.047228079312319871e-01
7.088026795447693873e-01
7.034602674781100795e-01
6.925365541349652876e-01
7.169829175907742602e-01
-1.037123907633507669e-03
-5.591124392757107486e-02
-1.196472137340384712e-01
-1.580121702068291167e-01
-1.861317419023274244e-01
-2.276903673259001171e-01
-2.182806406572965763e-01
-1.434719295245663884e-01
-9.851997967011902335e-02
-6.310215460224949391e-02
-1.427886734913457606e-02
-3.805239548462941920e-03
-8.477532748040490784e-02
-1.500179418958913491e-01
-1.589619958017427503e-01
-1.503422706455813940e-01
-1.134480513369019450e-01
-6.928557441144982121e-02
-4.815762800186104697e-02
-1.087825572453166023e-01
-2.570281912503306065e-01
-3.819967652031693861e-01
-4.478610431687028437e-01
-4.933053614748283966e-01
-5.450507019964845323e-01
-5.770088025504324092e-01
-6.053251619087518520e-01
-6.464520324168688825e-01
-6.625057804565420705e-01
8.320570274613747763e-03
5.889797050477420248e-02
1.540783560043613720e-01
1.808969992859238429e-01
5.896717594204813062e-02
-7.915751673730887783e-02
-1.405440871738527775e-01
-2.306082745139939605e-01
-2.821082008503649763e-01
-2.984783319884675712e-01
-2.960040542756414705e-01
-2.969629480502105068e-01
-2.626869326876853927e-01
-2.118843942799255031e-01
-1.694401008583961143e-01
-1.451924601813414095e-01
-9.440116560968213333e-02
-4.909929114897396835e-02
-1.629049871148826462e-02
7.809146658554302900e-02
1.723775465978737431e-01
2.163038500818471321e-01
2.362359536027403006e-01
2.820369401000488163e-01
3.167443034085853371e-01
3.356284917924862166e-01
3.018146728471524654e-01
2.519773489455415794e-01
2.294491093841367346e-01
-2.537409035554388445e-02
-1.832125068540774518e-02
-1.739273972908666338e-03
2.554130713129636188e-02
8.210594341610061297e-02
1.150032512272920748e-01
1.290569247273900544e-01
1.365028882393662102e-01
1.032885759775532264e-01
1.202900433986756473e-01
1.983809635224314527e-01
2.167475238778527324e-01
2.367307670341493586e-01
3.636451727809227319e-01
4.382643747326495087e-01
4.305715858719697531e-01
4.001892940984547176e-01
2.995728009060690811e-01
1.669724928247670881e-01
1.106109733255667971e-01
9.093850114433460474e-02
1.736609653079784210e-01
2.104660467180482497e-01
2.337213306980489569e-01
2.455799413455456992e-01
2.474397782451965011e-01
2.270187522803925606e-01
1.824738489685489018e-01
1.287634157472346552e-01
-8.625788791066691871e-03
6.301553095704970353e-02
7.172869539759077484e-02
2.663820865901592172e-02
-6.499240587977950234e-02
-1.904847458383954473e-01
-2.719707042871386538e-01
-3.042240785536282077e-01
-2.612271345333057049e-01
-1.724650571283219413e-01
-8.539679803722247109e-02
-2.626760667589175813e-02
1.972438924483319728e-02
7.742791363094291002e-02
1.315561591641065675e-01
2.249819346129069975e-01
2.565920544692141814e-01
2.777030498122823876e-01
2.865528136511983903e-01
3.313452998616792100e-01
3.680086618324184822e-01
3.861739839814654629e-01
3.755784350949295525e-01
3.400770431854460152e-01
2.851813791339045112e-01
2.660466097842886235e-01
2.530833724918156724e-01
2.552085614758446419e-01
1.937647648009759860e-01
-9.036812646972523788e-02
-1.092858876421770598e-01
-1.234670151542748562e-01
-8.698075526299309246e-02
9.691088077654938515e-03
1.526820106158207069e-01
2.328945404096258165e-01
3.134098915729912616e-01
3.451884367637371165e-01
3.093533275567793006e-01
2.605703386182257053e-01
2.343511780969764202e-01
2.125717709814607670e-01
2.216506260068746570e-01
2.495508890537152524e-01
2.735167866859776198e-01
3.180385033978515574e-01
3.383442102288742315e-01
3.158568515372160990e-01
2.619882438581763728e-01
2.107821972866793236e-01
1.780637669565847403e-01
1.323684118062335713e-01
1.406502103545967941e-01
1.974160391343380005e-01
2.387611866517002079e-01
2.469550451305720928e-01
2.381240560318481914e-01
1.862151713025684552e-01
-1.121442818563404970e-01
-2.610492446605081063e-01
-3.144419866655769336e-01
-3.326682810015123004e-01
-3.001645251261613190e-01
-2.336162609073058893e-01
-1.985057625860931207e-01
-1.835468230588986338e-01
-1.939453128869524923e-01
-1.735384972713347185e-01
-1.381496644508819205e-01
-1.494115549901142981e-01
-2.105751354542786946e-01
-2.488837509956182137e-01
-3.281434730345901274e-01
-4.110355007967593788e-01
-4.213445765880602378e-01
-4.055067182023933681e-01
-3.989432911176937768e-01
-3.663437710843453488e-01
-3.401195827533153304e-01
-3.127123499716090715e-01
-2.871147718721603903e-01
-2.844135389769780753e-01
-2.790849617746517519e-01
-3.113210974719289315e-01
-4.553960643006312869e-01
-5.721244978482977750e-01
-5.420613993048553070e-01
1.233943519731416499e-01
2.519255559359470653e-01
3.522288267867166867e-01
3.756316192569739143e-01
3.634762371077326359e-01
3.034788109285163071e-01
2.315109155047888057e-01
1.894045964820565975e-01
1.904444404620986575e-01
2.200867931780831899e-01
2.568728442961226710e-01
2.856113967510937046e-01
3.098947124096704253e-01
3.546931114489896286e-01
3.734101647102452959e-01
3.885613213192556370e-01
4.463096631813376902e-01
4.918459927427965561e-01
5.338584272596548219e-01
5.587313188084417348e-01
5.499783467600988240e-01
5.202233302250769409e-01
4.743194984573494422e-01
4.260586818361782324e-01
4.081286797136782774e-01
4.577586062306366332e-01
5.161173408909679461e-01
6.042634779816737911e-01
6.693081028208371919e-01
4.185451893126749395e-02
8.130935782752313212e-02
9.522463920911369839e-02
6.971445075601356844e-02
5.074515132648144133e-02
-1.361100855019047040e-02
-9.929471983136729796e-02
-1.669905562539021615e-01
-2.275677436328359393e-01
-3.367849572939148883e-01
-4.808108505351983419e-01
-5.413780362931424062e-01
-5.569548431851574222e-01
-5.574799173366138394e-01
-5.274485131957413753e-01
-5.091562727233844843e-01
-5.322396787247734018e-01
-5.767809308678605307e-01
-6.441344115448145446e-01
-7.431054795876178565e-01
-7.766117863651981201e-01
-7.794687527451015230e-01
-7.704782777606619115e-01
-7.674230839419978745e-01
-7.513606905761335275e-01
-7.388007233982063493e-01
-7.655349222080474192e-01
-8.330674591708098209e-01
-9.113008315235148205e-01
-3.262485673256990820e-02
-6.472289636746303421e-02
-4.863174767284293709e-02
-3.844812806989543474e-02
-5.607543980596516736e-02
-2.133937569591388972e-01
-3.227684969205267818e-01
-3.723477109646615713e-01
-3.541022746329713922e-01
-3.539484173686682777e-01
-3.601800791886616837e-01
-3.448443373651896571e-01
-3.308094465738874446e-01
-3.357211285585456895e-01
-3.359886603342224776e-01
-3.423869965310004648e-01
-3.547265958599159497e-01
-3.729711899751537718e-01
-3.831367391158355673e-01
-3.752075886361861956e-01
-3.721183889571648695e-01
-3.714879825084360099e-01
-3.557680101268575479e-01
-3.484018896356752548e-01
-3.851252665329407687e-01
-4.175084646296697288e-01
-3.959008662189830718e-01
-3.039459959062730254e-01
-1.885366720473054258e-01
7.040182355066292030e-02
1.457386576921431698e-01
1.964691490824593267e-01
2.326604256624396905e-01
2.317197835336291534e-01
2.396669121815133974e-01
2.585703120082381012e-01
2.891443127822224124e-01
3.416997760379270055e-01
3.824814714225180934e-01
4.480641326156596382e-01
4.937027026282633235e-01
5.081139407485799619e-01
4.837168645101688758e-01
4.754691628157313166e-01
4.985539233655005842e-01
5.565731199307233368e-01
5.775605017976542799e-01
5.804905515194456189e-01
6.042567601881182471e-01
6.496250034901235315e-01
6.805023019820765073e-01
6.813165498020798960e-01
6.629369100605058129e-01
5.950042988333523741e-01
5.175010088689058207e-01
4.480435711421180689e-01
3.937499494853027859e-01
3.993727811949482898e-01
-3.085376795115530799e-02
-4.587925988324172144e-02
-9.942466243038697304e-03
2.309843553618080164e-02
2.140284564198350475e-02
3.710809508805676393e-02
4.503030682959581477e-02
4.720803471550218122e-02
5.415999724274832283e-02
8.079895437580718320e-02
9.059726504408910364e-02
6.454521615540492752e-02
2.450428247243310181e-02
-8.493917927005947832e-02
-1.393336299845219506e-01
-1.660040104776423775e-01
-1.779800381007463073e-01
-2.054164535501474265e-01
-2.368256954515298718e-01
-2.661287025074734469e-01
-2.714016094851521288e-01
-2.536704620003862876e-01
-2.004366069979871268e-01
-1.673968849470476583e-01
-1.159691581829092183e-01
-3.836555575834602050e-02
3.197548814282963336e-02
7.295309453073384187e-02
5.432712924386763620e-02
-2.775472750779701611e-02
-4.080257022978277942e-02
-1.753296387414378030e-02
6.175014781375504080e-02
1.324469234133949791e-01
2.068949242898783514e-01
2.542732115625031541e-01
2.607968486901461325e-01
2.337658255827481657e-01
2.084939812871433873e-01
1.819012303071172176e-01
1.896986002032075291e-01
2.048884174224439858e-01
1.977509763713669044e-01
2.112501614160283425e-01
2.224561697126864468e-01
2.293613003505653447e-01
1.871221445186749266e-01
1.476446033343362663e-01
8.595330008628698781e-02
4.168676692386724669e-02
3.956843535421199209e-02
2.182434176957920649e-02
-2.424207355505935899e-02
-8.100152664560328342e-02
-1.737846597882610200e-01
-2.338341974769954090e-01
-2.580020628410140127e-01
-2.533425218493292608e-01
-5.266969999736497397e-03
-4.546303990787947669e-02
-1.079062298290760780e-01
-1.530018163994660563e-01
-1.780534163028460182e-01
-2.220518010793164909e-01
-2.904884015369446626e-01
-3.485308764356755407e-01
-3.963190536539516473e-01
-3.895444482676398423e-01
-3.828113769617970674e-01
-3.950590634947787616e-01
-4.222745798309032739e-01
-4.816290675631537122e-01
-5.293532913388687700e-01
-5.530272528638692231e-01
-5.359674015321321816e-01
-4.819823986275462158e-01
-4.672347920486811801e-01
-4.895716637511309810e-01
-4.961377180552252186e-01
-4.774390519322424531e-01
-4.526629646239166971e-01
-4.553168764358860310e-01
-4.308121907310733523e-01
-3.701682509911749519e-01
-3.715446142922309569e-01
-3.812219722905300090e-01
-3.705301342840219836e-01
1.759896192775860582e-02
4.033130973356773008e-02
6.893781882615779288e-02
1.320195436099976805e-01
2.140524184892458326e-01
2.714669937662454458e-01
3.540122699405085505e-01
4.720469445136055153e-01
5.690928031805654319e-01
6.636570555001652938e-01
8.178238831264861286e-01
1.004209040534358222e+00
1.080101474875417411e+00
1.049823567840284966e+00
9.390871024609107609e-01
8.208652002375051993e-01
7.460184581402076187e-01
7.142060775142244911e-01
7.377165586686015297e-01
7.736366586296825609e-01
7.835944909228163002e-01
8.125531312405359641e-01
8.887710135344820683e-01
9.150436595834960940e-01
9.059636146643313959e-01
8.668593395722337114e-01
8.383488088533184168e-01
7.821147636395622271e-01
7.760165448749146710e-01
-2.323877671416880314e-02
-5.364573255861536383e-02
-1.053030730989836100e-01
-1.335003559121350214e-01
-1.564366656410645096e-01
-2.496918391020302441e-01
-3.219900784499319379e-01
-4.046281918309455605e-01
-4.804461602647909224e-01
-5.360779794940367937e-01
-5.956718671020301281e-01
-6.297525107088358665e-01
-6.488487227832097082e-01
-6.460015972011281526e-01
-6.247015759198213392e-01
-6.134731798716250850e-01
-6.158343645616416451e-01
-5.905550080444886829e-01
-5.556173274433984233e-01
-5.398410265908845096e-01
-5.669036378357391603e-01
-6.091048176814422010e-01
-6.575755116216412954e-01
-6.582920672743204360e-01
-6.355645874048876376e-01
-5.954555406137360674e-01
-5.278757332588327467e-01
-5.478555273225741429e-01
-5.799593638501665538e-01
-1.156505842224070900e-02
-3.852988774253928578e-02
-6.781196448597968940e-02
-6.242684668657077357e-02
-2.300689690278399230e-02
6.234493206776054591e-02
1.127193005663540415e-01
1.106311939263695532e-01
7.326529505099713124e-02
4.622508320062731352e-02
7.762094130261423808e-03
-3.460788024225872755e-02
-3.630874675226433701e-02
5.448466980931862547e-03
1.312762369485850206e-02
4.936639973390761701e-03
-2.204482489444159476e-03
-3.079322347805622459e-02
-4.487820864250216535e-02
-2.574233506167981217e-02
7.497505488266079099e-02
1.500742096840038953e-01
1.920234597600625759e-01
1.926986850944339413e-01
