1.209459000680884050e-01
3.117145556650375848e-01
3.344281218413394097e-01
3.261257610150070652e-01
2.941457113930359690e-01
3.091821727251995444e-01
3.733760654718445426e-01
4.715827580479469705e-01
6.256186241037180462e-01
7.713118249249909519e-01
8.571943374431625351e-01
9.238030490336185396e-01
1.026441076158000287e+00
1.170923718040900674e+00
1.272942756419914279e+00
1.278576487936993633e+00
1.254522813559373562e+00
1.243712409513936024e+00
1.264089660250907077e+00
1.258901713897051744e+00
1.193642392646882655e+00
1.181067990920423139e+00
1.167930492984463609e+00
1.154716231153906758e+00
1.231336383386507638e+00
1.303442533867247954e+00
1.170203496126113185e+00
9.874687511570353626e-01
-1.665370738467274181e-01
-3.339426516763015496e-01
-4.781446456971621961e-01
-6.248033170344317044e-01
-7.333075793484812310e-01
-8.769127107117447029e-01
-9.523008841772853117e-01
-1.009156524431635393e+00
-1.067131502131702270e+00
-1.061806541771430412e+00
-1.047338298004372614e+00
-1.088123772509273834e+00
-1.066786554054690361e+00
-1.090556132832141145e+00
-1.054891097741034178e+00
-9.125169093314731139e-01
-8.612539902695856009e-01
-7.319484764341338545e-01
-6.456851390651461298e-01
-5.576443140073020777e-01
-5.200018869299659618e-01
-4.974624382280808943e-01
-3.813237792546047555e-01
-3.668717155580853428e-01
-3.669324256464258083e-01
-3.229237290539496708e-01
-2.637533885799493438e-01
-2.389310983852441783e-01
-2.595658465388245295e-01
1.910432345832357992e-02
7.541750552239193106e-02
4.821769710145289850e-02
1.607266513243597594e-01
1.055416668300297178e-01
1.316271155756314759e-01
1.270208199098327162e-01
-2.953280643298880626e-02
-1.858944837112836979e-01
-3.460735920775026564e-01
-5.045842874533377209e-01
-6.297657426033882455e-01
-7.865368571482816984e-01
-8.437400301097315314e-01
-9.660922256958580645e-01
-1.047211226920167215e+00
-1.056612840118331009e+00
-1.158435558553315481e+00
-1.163422473497262466e+00
-1.079771676231368271e+00
-1.038031195402078666e+00
-9.788928139351875668e-01
-9.434265130112143849e-01
-8.812064082343885607e-01
-7.458292629243178373e-01
-6.821056921720911603e-01
-5.842314308108533805e-01
-5.084883915714303315e-01
-4.836501310143977439e-01
6.299594352864552882e-02
9.354700619683947727e-02
1.070511993674841816e-01
1.269723551378563187e-01
1.360378850162723974e-01
1.326924832287947886e-01
1.140138647481323542e-01
1.138931975387467710e-01
1.781501155746691989e-01
1.536098785882623052e-01
7.938308721331277518e-02
8.207875074770484836e-02
2.627393520627685497e-02
-1.009094820288849725e-01
-2.210166081738991761e-01
-3.402868816115366402e-01
-4.263279118643018006e-01
-5.211796530156002083e-01
-6.439684195375026121e-01
-7.211699902016889263e-01
-7.734960560075577751e-01
-7.876742293950234064e-01
-8.178023297824539295e-01
-8.098784852245236587e-01
-7.935114386793861163e-01
-8.183662059065837102e-01
-7.313852219877493566e-01
-6.446750725622778511e-01
-6.275218460156081202e-01
5.328291505758099567e-02
4.804666644180254076e-02
1.033313726785192732e-01
2.111191048032792783e-01
3.677073794406368057e-01
5.230682541623414838e-01
7.069700513026581090e-01
7.824673936839556809e-01
8.122946420694764358e-01
8.752168992817671578e-01
9.218694219111360777e-01
9.850125154105301428e-01
1.022513684030022407e+00
1.055177195452327910e+00
1.149888362072511994e+00
1.236666263448828129e+00
1.291338550031960963e+00
1.228940941646357032e+00
1.251410054354725743e+00
1.206775735845437181e+00
1.170096327301285877e+00
1.233199194139199317e+00
1.139334588416413441e+00
9.890351001124391139e-01
7.715539947632165108e-01
4.669002621647458939e-01
2.903109590062434298e-01
1.917031612701616816e-01
1.738584297680877411e-01
-6.309514835375794328e-02
-6.020493246913506680e-02
-6.484293942796935661e-02
-3.645031257208421194e-02
4.595454724229763865e-02
9.574976285745215310e-02
1.366153235645798381e-01
1.792566617480188529e-01
1.562112959051523975e-01
2.801520433340212723e-01
2.745369523006624402e-01
3.622606381534555497e-01
4.936339309434650269e-01
4.845440949418153287e-01
5.203937506494289433e-01
5.396314972465409143e-01
6.023900072541397144e-01
6.528509464066755141e-01
7.448140168952696039e-01
8.474394909446669732e-01
8.621868405354545795e-01
9.709062817635566445e-01
9.414346843974381596e-01
9.650812144388057900e-01
9.608996928373421120e-01
8.389968862965641039e-01
7.900562565446546115e-01
6.109352945801316270e-01
4.502584922434365589e-01
-1.707221094901148206e-01
-3.290943985936037874e-01
-4.439018437224154789e-01
-5.230043493231038010e-01
-6.200264469362621877e-01
-7.560357999482019142e-01
-8.159405840709545998e-01
-8.311743262807238519e-01
-8.444626510920565376e-01
-8.054358146488580505e-01
-7.901899156450800099e-01
-7.649593500047082717e-01
-6.661186659207032346e-01
-6.228593819241250440e-01
-6.092822885597172222e-01
-6.169253987852292287e-01
-6.162259892553508811e-01
-4.946130484918093706e-01
-4.692474263325528971e-01
-4.268517837082833055e-01
-3.371954273703567928e-01
-2.487526650363824920e-01
-1.365664371656665210e-01
-5.786474392803911404e-02
4.870472781618556679e-02
1.798549290318944838e-01
2.328376342346497596e-01
2.534040449479570967e-01
2.851905613673698658e-01
4.216847356020303472e-02
1.007918827443033405e-01
1.704638634084582327e-01
2.279739054965940204e-01
2.253332091841574458e-01
1.642748093283453170e-01
5.117346526248126026e-02
-1.370796621389537562e-01
-2.418534067428980694e-01
-2.974937292287859192e-01
-3.621348399214425751e-01
-3.785022169503871048e-01
-4.146967770361769667e-01
-4.756647744123079780e-01
-4.739178062551003268e-01
-4.804446869744027349e-01
-4.774970327058564723e-01
-4.269882146611331253e-01
-2.104855833190616698e-01
-9.936626089444121346e-02
-8.424118679193645653e-02
-9.208088124462941726e-02
-1.089681088110012880e-01
-1.258443530659594800e-01
-1.305710325169425479e-01
-4.713065703335753143e-02
9.309819646965832030e-03
4.330150884837374869e-02
9.910075902609730147e-02
5.202575403681217181e-02
1.187553615696563813e-01
1.940424226603719715e-01
2.626439651265954356e-01
3.026310461600087987e-01
3.408359401389289278e-01
3.936628202568857593e-01
3.900464973735692786e-01
3.802352334976947246e-01
2.765312492533117394e-01
1.151283442072216223e-01
2.717284743047161666e-02
-9.169117773397103544e-02
-2.546036049807248736e-01
-4.103745142391431733e-01
-6.121029407721949589e-01
-7.022348923908702245e-01
-7.095916692557278083e-01
-7.227329867270028130e-01
-7.412763826316838278e-01
-7.474927722417666898e-01
-7.536140727362031777e-01
-7.404448802015939357e-01
-6.530315181900444577e-01
-5.740173956334562178e-01
-5.473819721607213751e-01
-4.941865197396896892e-01
-4.445724749278449073e-01
-3.927101373770143788e-01
1.233426057852905072e-01
2.393483981993905496e-01
2.771412309682469433e-01
3.253478231060690784e-01
3.722767209685304834e-01
4.252605143163766255e-01
4.956017521579405560e-01
6.078721091742369520e-01
6.979777484644732466e-01
7.612582272811577733e-01
7.346680844285504719e-01
7.327787639376327489e-01
6.954952963195421001e-01
5.952526587992885698e-01
5.280187565217095980e-01
3.690877731561149622e-01
1.880092810174240903e-01
-1.304900784920082213e-02
-1.407292853249183240e-01
-2.042774016060562303e-01
-2.387873250036210704e-01
-3.100792136686865708e-01
-4.144437187499211972e-01
-4.137979694565125932e-01
-4.095416797975388046e-01
-3.867221578691298900e-01
-3.400971121136870390e-01
-2.871505256489890190e-01
-1.398973415199071535e-01
1.476488548430398284e-01
2.627789750945642711e-01
3.650604360172351459e-01
3.702719567048671223e-01
3.919855560150530827e-01
4.614130228883979723e-01
5.861103834908731880e-01
6.813864908937123932e-01
8.189198562319643937e-01
9.422821865167019251e-01
9.854008866385699505e-01
9.977903681305210215e-01
1.032878170555156405e+00
1.058484513880990407e+00
1.120923062089677291e+00
1.160417603324926272e+00
1.199512984796747617e+00
1.195428999718038732e+00
1.222964840782128304e+00
1.208548731460227010e+00
1.021705454169664407e+00
8.424461149635055213e-01
6.898606792824566458e-01
5.316745879545978770e-01
4.605166960986404323e-01
4.431416754856961071e-01
4.288529495120779744e-01
3.092047332755897271e-01
2.730316862896365881e-01
3.305757295940675577e-02
4.785085722400039127e-02
9.118552360984091831e-02
5.992807874819902625e-02
6.610333157646644531e-02
1.061500076810081572e-01
1.435783673884925005e-01
1.923234896077542777e-01
2.301433482643038264e-01
2.188419549887240800e-01
2.372111049826686746e-01
2.772677661087257217e-01
3.351800795346281947e-01
4.098760748837235734e-01
4.598821892849142556e-01
5.444329092962270078e-01
5.889474346240561875e-01
5.818338990570517399e-01
5.848562835820830808e-01
6.185444659042111937e-01
6.417500916469590644e-01
6.117138809517448372e-01
6.016250927271631355e-01
6.113255495090632596e-01
6.052862217540361245e-01
5.377370277875690441e-01
5.055965507009995141e-01
3.655334420440439214e-01
1.798916352063790747e-01
-1.400769339011661008e-01
-2.649259660313833531e-01
-3.411366110341770286e-01
-4.153015113430358340e-01
-4.972490493378419196e-01
-6.010179774950757947e-01
-7.258663210670749377e-01
-7.580008387217098687e-01
-7.788672632837556620e-01
-8.015518012248928903e-01
-7.982150137035536330e-01
-7.971629344616375512e-01
-7.539691968352812967e-01
-6.374928703707349875e-01
-5.607452848334362194e-01
-5.329490273109378506e-01
-5.310552454321866289e-01
-4.889217770956683085e-01
-4.210329582981035546e-01
-3.969109870694118580e-01
-3.608084236200519435e-01
-3.574856386608657455e-01
-3.471670604222336087e-01
-3.393327688909114070e-01
-3.364198330383831870e-01
-3.108503948289759733e-01
-2.743237624550232123e-01
-2.508600991350925513e-01
-2.701153301856622502e-01
-2.410231948410087970e-03
2.011025214993676126e-03
2.037019743931501106e-02
6.069467637123564241e-03
-7.785216838557371122e-02
-2.123950714299918663e-01
-3.475848257367160632e-01
-4.365771211668252327e-01
-4.963186193672575186e-01
-5.317877941446808032e-01
-5.232630870482041230e-01
-5.167417601723138798e-01
-5.042238002541582498e-01
-4.880732823237119433e-01
-4.877585806805531665e-01
-4.819708660263948841e-01
-4.767684229757854220e-01
-4.352635321650380473e-01
-3.825854307767745932e-01
-3.102506637790613531e-01
-1.728503796218343325e-01
-1.456208443855036561e-02
7.359593150680865392e-02
1.475624542938868966e-01
1.859937656086924906e-01
2.263971735898954729e-01
2.925787353865948459e-01
3.152051877361430332e-01
3.359989161989573869e-01
6.383008792632755349e-03
3.220812125609313729e-03
-1.390707396328080131e-02
-7.438662820676267273e-02
-9.675341270363155277e-02
-1.143497792817937120e-01
-1.612513340882192614e-01
-1.936239452566374253e-01
-1.766544696327468356e-01
-2.378259397630706762e-01
-3.657954626483307381e-01
-4.699743679446682365e-01
-5.991067269034178189e-01
-7.411828539316998032e-01
-7.951372108368274239e-01
-8.576560288508878749e-01
-9.362616699621525429e-01
-9.838602798700701868e-01
-9.935980984287615669e-01
-9.547714248683490945e-01
-9.355318980322964162e-01
-8.078961908163495576e-01
-5.799386567010673676e-01
-5.073789061547072654e-01
-5.598225686731741479e-01
-6.222233671894825680e-01
-5.799740162039018765e-01
-5.680342980541194242e-01
-4.978523538187792363e-01
1.305825007125995252e-01
2.210845795439453643e-01
2.346539722395663830e-01
2.552438664945390068e-01
2.394502997041030590e-01
2.305882613461833208e-01
2.325588541448717905e-01
1.847939967567174546e-01
1.445783823285951564e-01
8.770442548509843617e-02
1.285868343530624514e-02
-2.026591418067272277e-02
-9.426581907252172543e-02
-2.173900453134082755e-01
-3.714607055793270329e-01
-4.603315838293918771e-01
-4.973906515324530986e-01
-4.129626077370200932e-01
-2.066242329361135388e-01
-5.470814151518271773e-02
-6.782914664362808821e-03
1.982611655655482433e-02
1.456412281800517627e-02
-4.677560039363167638e-02
-1.040125502157966397e-01
-1.879506766797152673e-01
-2.573668500689375582e-01
-2.862296473606553704e-01
-3.042979698536795730e-01
3.296743508425655639e-02
6.630635747627797172e-02
1.941461174350419261e-01
3.309652600493097063e-01
4.329127139964618620e-01
4.932205918989400750e-01
5.585965192335610174e-01
6.334593627669725668e-01
6.874615059750349699e-01
7.754638892666717576e-01
8.157014514072778999e-01
8.465323751100787275e-01
8.865340766867556566e-01
9.266918252460947247e-01
9.289275685559250650e-01
8.765733933098477371e-01
8.841240005592866380e-01
8.252935064475711568e-01
7.146172453821925119e-01
6.871353759985459053e-01
6.117514420077128090e-01
4.932052053702030703e-01
4.432237301448633815e-01
4.546037305285811070e-01
4.686872376279767050e-01
5.548091696863506339e-01
6.065387013407271821e-01
5.745756738034762945e-01
5.346181503735545348e-01
-6.234621080923576780e-02
-1.093895641111558292e-01
-7.306579553322301024e-02
-2.126700625444433862e-02
6.163247494956194256e-02
1.482186856730111357e-01
2.295177874933449491e-01
2.572634272558482760e-01
2.830188529363372729e-01
3.110539214015415888e-01
3.292018599382235400e-01
4.734391481902000542e-01
6.868626715047702058e-01
8.481380156956893623e-01
1.041582403588722006e+00
1.177744457283279367e+00
1.177131037024369276e+00
1.057377590458332239e+00
9.536049479701835807e-01
8.581122326967733915e-01
7.564610614303803882e-01
6.540268263026716156e-01
5.120440623426365523e-01
3.674476925716427811e-01
2.459137860700379430e-01
1.128719783666844445e-01
4.304696567768255544e-02
-7.809493517999525902e-02
-2.141015781454115863e-01
1.853338466166372725e-02
4.816891125907043353e-02
6.229632827904560410e-02
1.152327717513267624e-01
1.492013599925657574e-01
2.141097489684727351e-01
2.692045719132478143e-01
3.208298850971504912e-01
3.952561473233667799e-01
4.523233977896428115e-01
5.468065064648574003e-01
5.894189361604397215e-01
6.405598416909261683e-01
6.850101826827607043e-01
6.908652659392708895e-01
6.803895517786087144e-01
6.590408555560970383e-01
6.431545537034615290e-01
6.029840110556206056e-01
5.923294204895817039e-01
5.740521031227089344e-01
5.209841298618338445e-01
4.545958523312995658e-01
3.146921813997288209e-01
1.270689414670816975e-01
-4.976605675424988773e-03
-9.063954084294775781e-02
-1.204731875891510429e-01
-1.744711819534003894e-01
-2.488413189574002413e-02
-6.396204036854685748e-02
-9.207476678338376297e-02
-7.532147141993404682e-02
-7.460745861133333268e-02
-3.662013064200143886e-02
-4.773018086214919631e-02
-6.488492942187085166e-02
-1.967332605343068835e-02
2.958735364819867208e-02
1.048551228751116865e-01
1.820812309399756912e-01
2.320685432404173687e-01
2.752319405911069494e-01
3.358393741433670088e-01
3.570803193422046329e-01
3.959748560855615995e-01
4.188577826801898607e-01
4.542260921968159781e-01
5.501691267786045225e-01
6.503388017198952209e-01
6.880625781631587445e-01
6.937248986759163571e-01
6.741711321100977150e-01
5.839921251424318172e-01
3.812326590937904491e-01
1.845060030176388088e-01
7.747235785059317092e-02
4.644701708325084388e-02
4.333503859380052198e-02
7.063228563371036495e-02
2.299178541839988488e-02
-2.720169165152046958e-02
-5.781046021867956158e-02
-9.195759014390324226e-02
-9.743777978769040116e-02
-9.395365238070059466e-02
-9.475434880462235698e-02
-9.653823605486605564e-02
-1.092176339110052519e-01
-8.131404828761326642e-02
-3.170324223097706340e-02
-6.529539810901163754e-02
-1.596778165452529819e-01
-1.069691381982608297e-01
-9.046927869912743669e-02
-1.478454500026781804e-01
-2.136003980772817890e-01
-2.397698824497835890e-01
-4.181850976073520076e-01
-5.802687291425419058e-01
-5.712291050448538021e-01
-5.729349408153714407e-01
-5.267615783670551721e-01
-4.285759497847114186e-01
-4.601435424832424625e-01
-5.298575197766909328e-01
-5.967644722668817847e-01
-1.032037511763247289e-01
-1.956365883926559912e-01
-3.018773248418632482e-01
-4.256097841547890059e-01
-7.012514053173626305e-01
-9.615392115765817316e-01
-1.158732044997703881e+00
-1.226837579453791571e+00
-1.224963439595879944e+00
-1.216137927106321959e+00
-1.204827728111027341e+00
-1.336075984086752211e+00
-1.388594221107352977e+00
-1.326166790252282901e+00
-1.255824970834054977e+00
-1.196812457432415044e+00
-1.128794656690417009e+00
-1.079566708764899019e+00
-1.004874471985824469e+00
-9.057188177894928138e-01
-8.279181467094994806e-01
-7.024059807938720645e-01
-6.235476746250725455e-01
-5.070765044983553960e-01
-2.034668468231695670e-01
5.517441194365840795e-02
1.011519340596230554e-01
1.210049274183613438e-01
8.880863616928108550e-02
-8.742468348011546431e-02
-1.257861247908014235e-01
-1.429446252261025729e-01
-1.682456286195876394e-01
-1.797637862825443855e-01
-1.952978079443835890e-01
-2.372035032873627269e-01
-2.502654984193001808e-01
-2.754048173819893530e-01
-3.752282190398124051e-01
-4.689637579129644629e-01
-6.056566870223086818e-01
-7.666522490518890010e-01
-8.399799060032494546e-01
-8.710763124064589968e-01
-8.759313861915264399e-01
-9.211539054117334757e-01
-1.006947591740117831e+00
-1.025546396342873257e+00
-9.983373873828473855e-01
-1.004779971669331085e+00
-1.010469574937479242e+00
-9.648174742343428312e-01
-9.414661939304241889e-01
-9.436596024722886389e-01
-8.787989213380110742e-01
-8.144109091868467765e-01
-7.865820502907805434e-01
-7.436744869100959665e-01
1.324338700594202001e-01
2.609752286386257669e-01
4.079175345487193738e-01
6.097217937382376496e-01
7.900518119218895574e-01
7.711728741973336021e-01
6.427053659797175023e-01
5.812107371152164248e-01
5.286318404937379034e-01
4.650683532709458667e-01
4.339220972937683496e-01
4.592262018970298953e-01
5.681930652410360771e-01
6.097664451089168658e-01
5.445183498724154303e-01
4.571507402699662159e-01
4.022210225126255367e-01
3.092586725246375678e-01
1.961826933260021055e-01
1.518513210327513407e-01
2.120603222466203031e-01
5.176057749131709462e-01
9.067800847649374330e-01
1.385002309894173278e+00
1.712023899361763357e+00
1.714468076589054757e+00
1.574177857917099077e+00
1.419276831427082719e+00
1.339353963077057452e+00
-1.563809336100651509e-02
5.920185120512554827e-02
1.953885715051167926e-01
3.027936003544562382e-01
3.837587754381074356e-01
4.216904317563867632e-01
3.818347049284299133e-01
2.812057603380949677e-01
2.316840377552106256e-01
2.052778890512900467e-01
2.357013645005198166e-01
4.112295588658997358e-01
5.468288503538401013e-01
4.839568302803207156e-01
3.511591140084536211e-01
2.640014419127219014e-01
1.559148362500581420e-01
6.933588775063417864e-02
-3.694501705430987271e-02
-1.329673142087377524e-01
-2.735257421088380103e-01
-3.649796332300743740e-01
-3.947036287990549064e-01
-4.309820446570229446e-01
-4.899473108815863842e-01
-4.929949755075670459e-01
-5.021498351730151466e-01
-4.910194925902885421e-01
-4.169891351185065487e-01
5.047452531913450280e-02
7.245566070690656613e-02
1.157621199627542619e-01
1.423790829122494606e-01
1.711076482619490469e-01
1.830270720537274798e-01
1.730129561309388109e-01
4.135927561867275282e-02
5.788386750152101079e-02
1.236516642007627620e-01
1.674721741692477006e-01
1.999638373737738228e-01
2.327884950194029634e-01
2.599599818118391026e-01
2.007129873946006671e-01
1.391401636126318175e-01
1.435971126109231444e-01
1.462644034987853336e-01
1.340349094595677804e-01
1.385409535619877008e-01
7.742387831849822932e-02
-7.085610584212700958e-02
-2.914469534542851736e-01
-5.698176785936108768e-01
-7.549466706517177217e-01
-8.243107929045039306e-01
-9.337119615117392968e-01
-9.916288952661539424e-01
-1.008405377074895082e+00
-1.125863401494768719e-02
-3.584881424585029119e-02
-1.403204058957288336e-01
-1.990544733944607791e-01
-6.889162219464678438e-02
-6.658421397166609801e-03
-4.845678141047923132e-02
-4.456089056015274941e-02
-4.858985660618225788e-02
4.290152029352449492e-03
9.801779741436614235e-02
1.424326952325655204e-01
1.302302666686437349e-01
2.813921206590060953e-01
4.323654099695659059e-01
4.616244847680374686e-01
5.000617140577451325e-01
5.160385035504995166e-01
4.438255159144642303e-01
3.379133207028218178e-01
2.848943718779293199e-01
2.887520987673334316e-01
3.802439728032763755e-01
4.549902016400604876e-01
4.918089428514619832e-01
5.834243942507716385e-01
6.036754879368281257e-01
5.660178388140634231e-01
5.190530844885391515e-01
-9.242951107246462350e-02
-2.203206547620930600e-01
-3.154232591503434158e-01
-3.585132923644738234e-01
-3.388552203123691431e-01
-3.049157883618198728e-01
-2.502666211963174847e-01
-2.319814047779376887e-01
-2.623736699516306392e-01
-2.541840851002820645e-01
-2.499474114789916601e-01
-2.436038927512529095e-01
-2.026088250555294623e-01
-1.886721677315311707e-01
-1.189528355730472831e-01
6.070614044720834546e-02
1.764418124840224644e-01
2.573766312888922103e-01
3.281430848627208130e-01
3.854501599589300609e-01
4.446929832273645578e-01
4.964696341668404789e-01
5.526145971621112540e-01
5.709279969392856424e-01
5.299498402654355678e-01
4.700183021034060049e-01
4.645349320183947972e-01
5.034688783368326259e-01
5.170268253424673555e-01
2.340753558319406957e-02
2.208311278240751921e-02
-1.134078217355223225e-02
-6.749669458096893560e-02
-9.742696170287976076e-02
-2.970190377252545089e-01
-4.757947668773382377e-01
-6.036713699930406074e-01
-6.336666767798962985e-01
-5.881045925018798526e-01
-5.192149299101251891e-01
-5.135334292821246427e-01
-5.697900240045790099e-01
-5.910710380125697716e-01
-6.144052266901408599e-01
-6.463928581688072050e-01
-6.299866195709789007e-01
-5.806477942991284946e-01
-4.725171575967026527e-01
-3.393041760651740457e-01
-2.383547101597432993e-01
-6.227523468389678518e-02
4.371117786249045789e-02
6.699105663537831268e-02
7.310953740632776532e-02
3.721076029480729214e-02
-1.054571941686597430e-02
-4.521570655468789418e-02
-1.098292409378054113e-01
-2.087429553997818821e-02
-1.056358306346300360e-02
-7.504423422479953448e-03
-4.378147340476488958e-02
-1.610994883524147214e-01
-3.280122341377385564e-01
-4.714530924259914269e-01
-5.295596848709847038e-01
-6.456147306055792789e-01
-6.979816136569858553e-01
-6.590294593959455938e-01
-5.744247477243940025e-01
-4.758697059995736778e-01
-4.889234302965602685e-01
-5.583527615024334034e-01
-6.272524482482534358e-01
-7.401204952633384515e-01
-8.621484830003826039e-01
-9.415137451311170746e-01
-9.629604325451701641e-01
-9.649642108733532675e-01
-9.833514873058690764e-01
-9.539848939843571518e-01
-8.934297414926929415e-01
-7.766479069647905797e-01
-6.043008075086713227e-01
-4.573354855221499760e-01
-3.353129010966340307e-01
-2.131828257951035033e-01
1.892777325029943725e-01
3.215503269423282129e-01
4.651857945848507647e-01
5.596062054702184430e-01
6.436323512563892901e-01
6.534419824187526205e-01
6.610583799405738148e-01
6.997083244935420332e-01
7.465507209888316842e-01
7.105357683630997290e-01
6.805836067263735245e-01
6.655646300732639409e-01
6.211216859038611871e-01
6.217974878158244456e-01
4.674065136611491589e-01
2.371768680425823672e-01
1.350265480989245037e-01
8.589969491429105819e-02
6.271304211339774615e-02
7.447591349700019570e-02
9.576940137159940802e-02
5.921801457972620392e-02
6.137000138202663990e-02
7.332358874869833454e-02
4.589842298744990778e-02
6.953905403749706393e-02
9.708282160028204599e-02
5.927317583788952599e-02
7.721092286714476005e-02
2.463767710154306581e-02
1.236315599363877332e-01
2.568885697593292772e-01
3.003905032663706232e-01
3.590044297191844480e-01
4.418902869133048417e-01
4.575083960613411938e-01
4.530673811283725816e-01
4.847199491897610790e-01
5.329947660426442857e-01
5.410076223203651447e-01
5.185086451664312479e-01
4.871460196632927953e-01
4.328713307883983452e-01
3.288552445429795967e-01
1.953289676265091701e-01
1.009882811904368322e-01
-3.146167984145233076e-02
-1.644022693107049515e-01
-2.715822866898943144e-01
-3.023182205611188444e-01
-3.252683347311837725e-01
-3.844196956208656424e-01
-4.074684392737341621e-01
-4.168763776273938237e-01
-4.058466449358700268e-01
-3.346158518962015771e-01
-2.843658204374028831e-01
-2.975316459658605139e-01
2.815294478554525304e-02
8.310952841472597774e-02
1.145149019572347243e-01
1.730434599326483025e-01
2.520661920188608796e-01
2.749162928014415308e-01
3.222892199124386958e-01
4.607836486385618047e-01
5.958079286154462917e-01
6.047232080455487990e-01
5.314783558586125833e-01
4.998448979107667500e-01
4.802325698713108548e-01
4.163928507930811929e-01
3.608958152063184710e-01
3.685503016743585381e-01
3.443880008553786287e-01
3.500937610034302039e-01
4.406499259582761230e-01
4.051888094360707737e-01
3.165587076041079251e-01
2.016022099000164824e-01
-4.825882447269164155e-02
-4.813527699650080316e-01
-8.514955915860100699e-01
-1.130099933984218818e+00
-1.328448831195678803e+00
-1.330386321301283870e+00
-1.366742619407856685e+00
-5.002174651661034366e-02
3.710473310950665460e-02
3.180733442578766168e-02
-1.437247983692671593e-02
8.060892568610825148e-02
2.033534987516370518e-01
1.735439302703089270e-01
2.147511560345649606e-01
3.849538518958912636e-01
5.310131102700748063e-01
7.311991155557453492e-01
8.227100225161608771e-01
8.786198916170975259e-01
1.005490599932712614e+00
1.125130966490101692e+00
1.155678096865923710e+00
1.112951151856327980e+00
1.073865257508090920e+00
1.065551388138090250e+00
1.117900850307279148e+00
1.125794091792212903e+00
1.102698548157972747e+00
1.140589516208257104e+00
1.095400300080652034e+00
9.321244696611437064e-01
8.223002942691974848e-01
7.522320023184647653e-01
6.632303132614377761e-01
6.315024966120736938e-01
-4.862254902249344563e-02
-1.841622302609600137e-01
-2.294565074788826875e-01
-2.234209713322144186e-01
-2.217469258132932775e-01
-2.732775529278180793e-01
-2.848187904606577781e-01
-2.622761278898676496e-01
-2.848063198037377175e-01
-2.996785255764682354e-01
-2.089271727402177148e-01
-1.288850095094477011e-01
-6.511955504251815130e-02
-2.993344496656902970e-02
-1.109325955980827033e-02
-9.978654168989312123e-03
2.252610202768327852e-02
6.884421768562490329e-02
1.357371049422826659e-01
2.628559338384764965e-01
3.016662464799709231e-01
3.112322208873652407e-01
3.482150353402211351e-01
3.216757380488186047e-01
3.240437445695428242e-01
3.448040125109744225e-01
3.360630022967147634e-01
3.322370046788054032e-01
3.437450046246099400e-01
-2.070436251741941680e-02
-1.398681481005185634e-01
-2.606248110586181221e-01
-2.982349592197172106e-01
-3.862805022283574141e-01
-5.735562648265913888e-01
-6.776039164914867685e-01
-7.879458408289542470e-01
-8.556820820348314260e-01
-9.221342817606072995e-01
-9.399822614678013943e-01
-9.424387753416640923e-01
-9.774109291753669826e-01
-9.768874593769870662e-01
-1.003599884053986813e+00
-1.013421943349639198e+00
-9.592791444954593683e-01
-9.152897342470300845e-01
-8.473686092542318526e-01
-8.141680643402159356e-01
-8.335756775589143741e-01
-8.795836618218841885e-01
-7.748658954286100631e-01
-6.830465089065356210e-01
-6.100002196011716782e-01
-5.205393672419504902e-01
-4.812331065619279147e-01
-4.756608156897655926e-01
-4.613885034257042550e-01
4.410681614986869392e-02
6.483825226501728489e-02
9.647846901621501270e-02
1.015363247400277308e-01
4.542384593966525275e-02
3.508386110561753646e-02
4.686298331747267010e-03
-5.025322108363643181e-02
-5.436425478346948448e-02
-7.941415815821306623e-02
-1.492534654590711718e-01
-2.780826263618325633e-01
-3.859711910954529701e-01
-4.728065894680106296e-01
-5.385013435165962870e-01
-4.887654149587443153e-01
-4.492532576533089239e-01
-4.594583955792498342e-01
-3.428925143582272628e-01
-3.310937107622358155e-01
-4.205293743923992356e-01
-4.354911701010621972e-01
-4.384232992676697638e-01
-3.916522028680809453e-01
-2.472962557753758117e-01
-1.693542396642145342e-01
-1.191475604270355315e-01
-3.878531430664654278e-02
9.426579554714152598e-02
1.059358075254361320e-01
1.441417371475363085e-01
1.748407629868765356e-01
1.903298463004736152e-01
2.008132229240160160e-01
2.370908293355079299e-01
2.435893696266656916e-01
2.772423464202426469e-01
3.136521712780175886e-01
3.397039616103794124e-01
3.591967196681885577e-01
3.625555401114565202e-01
2.588574358954327526e-01
1.359073420653275910e-01
1.102819212191597786e-01
4.295997724227927639e-02
-8.037199922266981267e-02
-1.858585648751918673e-01
-2.699733277476222271e-01
-3.281000226666394015e-01
-3.733123280278679568e-01
-3.487336041996857428e-01
-2.609324601240747832e-01
-1.757360903232341454e-01
-1.073465759724521185e-01
-1.489847661913116239e-01
-3.043642194169438042e-01
-3.649811749830378926e-01
-3.905447051744280751e-01
1.960796013562645171e-02
4.790157912639340237e-02
6.615216238223223244e-02
1.463732237706578121e-01
2.008840208859558052e-01
2.115733180125609070e-01
1.767158356869109326e-01
2.978648464243929816e-02
-7.067031435213447232e-02
-1.643801736685435722e-01
-1.804912152032995543e-01
-7.642370566520803599e-02
-3.698473291782904127e-02
9.547078882059314986e-03
5.624030311919277908e-02
6.795070944886254238e-02
6.801992288790101315e-02
2.522434459235616683e-02
6.639926359809078527e-02
7.798984369732170352e-02
-2.060119494081302793e-03
-7.309151064410992008e-03
-1.271292667775539287e-02
-1.372444676532388885e-01
-2.473463968007321712e-01
-2.907153696268176546e-01
-4.998214000123575862e-01
-6.564042318300558065e-01
-7.083137018663729911e-01
-3.970671566557075483e-02
-8.226349962378423641e-02
-6.442410920506662364e-02
-1.896065028038787514e-02
-5.427512930042791700e-02
-5.166880621158899400e-02
-3.352804858799761367e-02
-3.444774002481090780e-02
-7.154627100015676505e-03
4.236863546668707958e-02
3.693902490006121392e-02
7.596355967277360066e-02
1.721818975512683370e-01
2.851234447487121515e-01
4.180796628256078229e-01
5.861050097811724147e-01
7.379050636034444333e-01
8.566316065671314428e-01
1.043159786860136551e+00
1.320425837846050054e+00
1.489244285586779348e+00
1.645461046253075210e+00
1.725528606973713686e+00
1.671988558559722504e+00
1.643607881092716383e+00
1.621423976727941918e+00
1.454105264000431053e+00
1.408099233028978992e+00
1.437182034254992580e+00
-5.345473876860245763e-03
-4.082947521721814153e-03
-9.726488000966579395e-02
-2.914465440780700245e-01
-3.852084147018565163e-01
-4.412509686390737595e-01
-4.752791107501560530e-01
-4.593343918373298806e-01
-4.966959312470900501e-01
-5.376788283834369464e-01
-5.556540923052026848e-01
-6.948780007303274608e-01
-7.539267182086593078e-01
-7.629492070987254904e-01
-8.373727317081975929e-01
-8.350818507614173880e-01
-8.036829996267090825e-01
-7.878894104795380882e-01
-6.979076717006583719e-01
-5.591118014900713362e-01
-5.045420428351602427e-01
-4.794208741498569570e-01
-4.050049775147852582e-01
-3.984496961685017324e-01
-3.870885305074555638e-01
-3.262395701414603777e-01
-2.803641666650044106e-01
-2.283722392091009912e-01
-1.281715594886580489e-01
3.771004137480374330e-02
8.770051546007261167e-02
1.474867210554748898e-01
1.321902775499352589e-01
1.201459457169986728e-01
1.168158254927169348e-01
6.009874398773662474e-02
4.411317109083701116e-02
6.406712112627914457e-02
2.145549651349222542e-02
-1.225766826004713178e-01
-2.291854337771521144e-01
-3.258939964045257098e-01
-4.435017370562377992e-01
-5.154471872243047148e-01
-6.292416822817925581e-01
-7.083323476976330912e-01
-7.656626411422918776e-01
-8.122977245919128508e-01
-7.878218027072078078e-01
-7.785049549586071649e-01
-8.481798846639962974e-01
-9.663207186700621953e-01
-1.195905305278434083e+00
-1.258922404142802876e+00
-1.291481854408092156e+00
-1.340085758637382218e+00
-1.402532346025143539e+00
-1.476810699017204298e+00
-7.142293075435812710e-02
-1.017390511733982927e-01
-6.765208485141745165e-02
1.195861723484924199e-02
1.424975998315824444e-01
3.755024639413880871e-01
7.137226647352050701e-01
1.074483795006529796e+00
1.379695633611437211e+00
1.464706779887863242e+00
1.396621190206619234e+00
1.375503788425212592e+00
1.362660372301808920e+00
1.346218325155975837e+00
1.348706199556279017e+00
1.313689290558520462e+00
1.285806939900717927e+00
1.307651207890669909e+00
1.290598979089178755e+00
1.241195963636556376e+00
1.239400001907045024e+00
1.224165156898215923e+00
1.203416075794260909e+00
1.097776672496306949e+00
9.672584300659984313e-01
8.318982275690836037e-01
8.086602344195567005e-01
7.757259866360831646e-01
7.542478590593366672e-01
3.801383263526733614e-02
3.859353450155841164e-02
5.008459277878642146e-02
1.932089007807924474e-01
2.953211283871523540e-01
3.052728923399035121e-01
3.012098249970190933e-01
3.191280994125678117e-01
3.237433752363833572e-01
2.561292372506002168e-01
2.663265428323541850e-01
2.651076888616080152e-01
3.327420718625667129e-01
5.601794633472854112e-01
6.018524811110776973e-01
6.371659783812700928e-01
6.849846220900396299e-01
6.722239424901217397e-01
6.803632798661563008e-01
6.833452761575230516e-01
6.517498323539359095e-01
6.642172099416644437e-01
6.875712409405838610e-01
6.686259133807193056e-01
6.496922660120251214e-01
6.004136441713705530e-01
5.193776444223985322e-01
4.999111922985559064e-01
5.106400374492038319e-01
-1.222092398289046679e-02
-1.501665585645430359e-02
-3.563624512053545357e-02
-1.115251482916393977e-01
-2.909653399782597960e-01
-4.063093889691881122e-01
-4.526028831210876513e-01
-4.769782046833779821e-01
-4.823264578612581621e-01
-5.265634695690296629e-01
-6.008486476456567082e-01
-5.943082216175413768e-01
-6.167844968961612162e-01
-6.790906493420073575e-01
-7.054903122314920560e-01
-7.361834641836847437e-01
-7.521840688501251204e-01
-7.842480964383229392e-01
-8.341894962771458921e-01
-8.534971799657096181e-01
-9.002233624617019814e-01
-8.885074065276900024e-01
-8.141583605706013138e-01
-6.696857823008857125e-01
-5.109489119732485429e-01
-4.041826551889318164e-01
-3.088449146460976458e-01
-2.224360609454892335e-01
-1.621621344378095519e-01
3.475877425206326532e-02
3.059073417962591621e-02
-2.709577082367960882e-03
-5.493483737421431257e-02
-8.303941361846911562e-02
-8.981003494823930344e-02
-1.426250277442498438e-01
-1.445474334970445751e-01
-1.396251213476325248e-01
-1.354903649513225505e-01
-1.516490678249088342e-01
-3.168742621815707206e-01
-4.921570228401356273e-01
-5.645214447148226844e-01
-6.435691464090796954e-01
-6.944702667250414185e-01
-7.760374998885652964e-01
-9.074807657684104134e-01
-8.837471777086488567e-01
-8.132835117405357028e-01
-7.443437329584701168e-01
-6.917549357628581808e-01
-5.988114479592518968e-01
-5.173280052509625637e-01
-5.480453722895197721e-01
-4.904715697448370770e-01
-4.478307846336871956e-01
-4.466798998762087636e-01
-3.786419126424963588e-01
1.022151124090423108e-01
1.602116186422473665e-01
2.809804979667200886e-01
3.424958830913519270e-01
3.026112442251805978e-01
3.332668072457296571e-01
3.797531539104220255e-01
5.294375789830974011e-01
6.701662874586419294e-01
7.094574906974723261e-01
6.782521431840647930e-01
6.777280482959477936e-01
6.466067685495507922e-01
5.734954250676391752e-01
5.749027645481491477e-01
5.834522435371833904e-01
4.761381231253754009e-01
4.180592718940241981e-01
3.920963981363524420e-01
2.389115534886030179e-01
1.237664385978123754e-01
6.397953913692780437e-02
-1.867862312727262830e-02
-3.638666464358979169e-02
2.898068635131652304e-03
-1.317602034221126289e-02
4.285330121982362100e-03
4.375957962146068136e-02
1.009592177784492811e-02
-8.479335991799864802e-02
-1.573775696112962030e-01
-1.642912772569025681e-01
-1.969777448968060285e-01
-2.097446251905773218e-01
-2.077758819287219838e-01
-1.967221422748510751e-01
-1.427944321901184477e-01
-7.130759311967355130e-02
-5.810207981264788046e-02
-1.765488401641952809e-02
6.073576576877212641e-02
1.077154876774762127e-01
2.059546066147588950e-01
3.377184538956501392e-01
3.894918586787974313e-01
3.874453709618123631e-01
3.917179402406562039e-01
3.828510299421054586e-01
4.113442979422917700e-01
4.552163797609226070e-01
5.541367987343859269e-01
6.334765476618855473e-01
6.754230859040519785e-01
6.317596786075638793e-01
6.098782863692153722e-01
5.671395995017586289e-01
5.092763019470978314e-01
4.918832948779024439e-01
-2.080598600765165562e-02
-6.066810540678833907e-02
-8.670499212914521692e-02
-1.130460890324664902e-01
-2.835734774640943923e-01
-4.651862412021543491e-01
-5.359850397262893029e-01
-6.776876151737858400e-01
-7.530352241644072686e-01
-7.897776292162833611e-01
-7.861276469775189124e-01
-7.802300494979593770e-01
-8.085660168892404576e-01
-8.284950905826173884e-01
-8.402010349553339363e-01
-8.761346699492931211e-01
-8.545381597780596916e-01
-8.371438752274781292e-01
-8.192252375879924831e-01
-7.873997609990350810e-01
-7.832502768408060589e-01
-7.636524285140731116e-01
-6.572929646884322352e-01
-5.462770306383483154e-01
-3.577025769223152185e-01
-1.034730679880258575e-01
1.339638428442836982e-01
3.058132103979983030e-01
