-2.756727306629176422e-01
-7.828662032216885391e-01
-1.218479192748889828e+00
-1.527791186297611459e+00
-1.740017694183805030e+00
-1.764184549417892711e+00
-1.515845525957087325e+00
-1.094639927937581358e+00
-7.334537595780379338e-01
-4.686189980206951211e-01
-2.592603694571052331e-01
-1.867813006173538182e-02
2.845099964608296395e-01
5.300247910193034429e-01
6.899939129717140851e-01
8.249705532608579972e-01
1.033255437683241240e+00
1.144387932067337355e+00
1.245837749380307224e+00
1.483869307344790833e+00
1.769205618629347221e+00
1.917677734471512796e+00
2.078335441506804493e+00
2.212409272428661922e+00
2.344868440938217002e+00
2.431196599086382193e+00
2.425085065230550452e+00
2.306764504760424384e+00
-1.765015349799254063e-01
-3.543504801862804032e-01
-6.047176656900513647e-01
-7.819906847243985881e-01
-8.277987058469298276e-01
-8.539902219317884180e-01
-8.399448022365844091e-01
-7.018898641975639396e-01
-6.186854130074770364e-01
-6.269041235837461423e-01
-6.326244937521400269e-01
-6.503556214958361448e-01
-7.544593408817203972e-01
-8.563291314228302920e-01
-9.231638960665276006e-01
-9.695563277274859004e-01
-1.075434217109798807e+00
-1.242891467685599993e+00
-1.392206963410499210e+00
-1.340284155606733529e+00
-1.003662349875337423e+00
-7.244652189316076463e-01
-6.372991895502870818e-01
-5.777954727497168763e-01
-4.876488665076986750e-01
-3.945450124910319101e-01
-2.980630315101558403e-01
-2.142476187321591397e-01
-1.692407234310547293e-01
1.031615727686942124e-01
2.392766720377642597e-01
2.762612941142812417e-01
2.960016786288782731e-01
3.297685823664937566e-01
3.570890407077121353e-01
3.709279885872537874e-01
4.405950210748889040e-01
5.019939733149229033e-01
5.113136735876215866e-01
5.461257182805547838e-01
6.039642249755579062e-01
6.823182112656356324e-01
7.067351000092050306e-01
6.952730619644779120e-01
5.682789020650289569e-01
1.796775892155692556e-01
-2.224701438239476414e-01
-2.476123677190265604e-01
-1.321665256773732477e-02
2.394248499830822496e-01
2.775944584490434575e-01
2.053952320754696692e-01
6.233952367929621041e-02
-3.481339253450414783e-02
-1.401285232601017783e-01
-2.882163380032727318e-01
-3.608119050596529376e-01
-3.895583183304173747e-01
-1.441013638692252054e-02
-2.899006202016383982e-02
-1.185183025318330488e-02
-4.660630823276078194e-03
5.340810890930654947e-02
1.194167540501679392e-01
1.929124623174642839e-01
2.282235610326455721e-01
2.383164861523971167e-01
2.333687368178713750e-01
2.391073251744038897e-01
2.369251690515190578e-01
2.468137269295447855e-01
2.632644338291313391e-01
2.707349747055601275e-01
3.031441349053972112e-01
3.442997339145634217e-01
3.668259141050680960e-01
4.257709342365933458e-01
5.017868422246742899e-01
5.846948222937191630e-01
6.619904772772584600e-01
7.495874913404677597e-01
8.499735341341907446e-01
9.188484469472246730e-01
9.551203607963536513e-01
9.439611042944466845e-01
8.734613464235023716e-01
8.389458761359217531e-01
-1.516894224627113492e-02
-1.468853838034448259e-03
8.215570206075394760e-03
-2.094001651723019497e-02
-5.913120493847882214e-02
-8.122953736372556799e-02
-8.774144234958745903e-02
-7.167276803259804707e-02
-1.130027458778421756e-01
-1.888999723504600770e-01
-2.423491607621265920e-01
-2.136225273524740287e-01
-1.859046257499217258e-01
-3.283517825694436953e-01
-5.593154862945317607e-01
-7.027628147947388992e-01
-7.409172191567864330e-01
-7.504815900665249284e-01
-7.582958453571025936e-01
-7.511662649195174346e-01
-6.843606013001140020e-01
-6.481544996795076674e-01
-6.071532745444315760e-01
-4.606899657079693289e-01
-1.763652677773511757e-01
2.286912903798083430e-01
5.007647668632169147e-01
5.885970577176925511e-01
6.296510105027002258e-01
-2.093660055615184645e-02
-8.978710004080872609e-02
-2.366750650661470778e-01
-3.013029200596371027e-01
-2.918490165508667578e-01
-1.491981322991037529e-01
-2.174248782842172489e-02
1.085033726597074699e-01
2.174380933912682112e-01
2.676230043777335643e-01
2.731595741286276247e-01
2.271253779352457591e-01
1.663231708139810694e-01
9.239121112941181546e-02
-4.404758654841675614e-03
-4.574408540529897871e-02
-3.426841821608552635e-02
-2.615921161490116637e-02
-3.623049263371584672e-02
-2.162261204942172998e-02
8.726676671577050792e-02
1.649200590107121611e-01
1.387903324649864545e-01
6.245306675944563291e-02
3.607973131083397345e-02
2.992972742087314161e-02
-3.561829933989656138e-02
-1.046974160885095206e-01
-2.344243650339780938e-01
-1.254724185133580111e-02
8.800970071603539391e-02
2.338743135361593117e-01
3.614993494945452079e-01
3.408878309409898444e-01
2.411790717357270575e-01
1.448700652787827114e-01
1.138808516112709279e-01
8.208847430242255383e-02
-1.717034976927229173e-01
-4.932154799944198365e-01
-5.557413596580920156e-01
-5.893902173584185666e-01
-6.040961388385209796e-01
-4.928566947258671282e-01
-2.493299802029935452e-01
-2.442655237772276000e-02
8.828734710625417426e-02
1.906358234888046177e-01
2.952786918026281682e-01
3.147706991590034642e-01
2.805073903237441657e-01
2.595515298102661905e-01
2.883398907308173942e-01
2.968992457956671216e-01
2.882068892979817165e-01
2.861082304383762986e-01
2.439941725626316171e-01
1.108188308619950657e-01
-9.302890891149052932e-02
-6.200677334991440415e-02
4.934491063224931418e-02
7.111995097822890188e-02
7.704322698993529284e-02
1.832510479232367373e-02
-7.898026077523828681e-02
-1.547842452224867660e-01
-3.065377134411427784e-01
-4.746230484675766359e-01
-5.447032503150067706e-01
-5.622591382039061614e-01
-5.949688343471200014e-01
-6.249586706442292749e-01
-6.530981438277451145e-01
-6.370306548758684073e-01
-6.020699431226774756e-01
-4.681139687011733885e-01
-3.418972075260985344e-01
-2.790503956861799528e-01
-2.350920444088642203e-01
-1.719046568403265474e-01
-1.359985439930110340e-01
-2.216520261631093058e-01
-3.277398492133072327e-01
-3.190666544381128844e-01
-2.687984783046009629e-01
-2.405338383619532172e-01
-1.990373764848603622e-01
4.884352750166308377e-02
8.011400237444171735e-02
1.330171634193224872e-01
1.213803104422331025e-01
-5.369486194227363063e-02
-3.609783162280882918e-01
-5.481671117242613578e-01
-6.760349268305316794e-01
-7.206899727888521623e-01
-7.466007891663132279e-01
-7.490324171083502236e-01
-6.799842984926196543e-01
-6.475628229429259974e-01
-6.770288187753795706e-01
-8.476360988166047328e-01
-1.209462598167431846e+00
-1.607999261246776390e+00
-1.886615230775126273e+00
-1.991916585296404918e+00
-2.031029022468330947e+00
-2.004843447455343597e+00
-1.913644426485365813e+00
-1.835896832513194354e+00
-1.841521633420394544e+00
-1.917280282452469287e+00
-2.037685675483171810e+00
-2.148669970354655678e+00
-2.230522071121065597e+00
-2.269781704535740463e+00
-3.024142958866903388e-02
-4.339635112985506388e-02
-4.458589390453208262e-02
5.063718237699121189e-02
1.327914794478302352e-01
1.242450722054398438e-01
9.358028568291565374e-02
1.047226158391935391e-01
1.160815260012584005e-01
7.270986842615313750e-02
-1.564867145814649585e-02
-1.695800742977116859e-01
-2.929859208270434445e-01
-3.282953234111598562e-01
-3.025697223852061302e-01
-1.966778811649682601e-01
-1.288020589834551477e-01
-5.899539455911947949e-02
-8.408938617865693854e-03
1.086471135425377266e-01
1.879955034181555185e-01
2.068107030593613616e-01
2.020359652014849794e-01
1.883739486657718953e-01
1.505743007563475067e-01
1.642102203788756154e-01
2.031511062843290583e-01
1.702716715446891405e-01
5.010205733841595344e-02
-5.806058382783736010e-02
-7.933067952994141137e-02
-7.506694057319296398e-02
-5.915641220556132340e-02
-7.464862895405911802e-02
-1.305456927657065447e-01
-2.052270706962725788e-01
-3.125411496334504213e-01
-3.278278038052152565e-01
-3.832477878535296978e-01
-3.968148358063834369e-01
-4.411794926347849533e-01
-5.240420300181654056e-01
-5.869621614293500933e-01
-6.404070262725508611e-01
-6.690059388508744487e-01
-6.065294492911678104e-01
-4.780962678318538828e-01
-3.953814114615767372e-01
-2.422963001513950831e-01
-1.058363827098461052e-01
-3.704052626587558961e-03
6.907638940478663669e-02
1.466171989402921261e-01
2.397064705414519159e-01
2.773152839941498415e-01
2.789547853347117412e-01
3.103203849794561875e-01
4.493365757791982773e-01
1.573970923810906475e-01
2.195216555040777340e-01
3.125242873943407940e-01
4.817900866254108405e-01
7.547122021706316186e-01
1.054972677438608120e+00
1.378514642857998185e+00
1.553416682499123125e+00
1.595502322654061444e+00
1.580928773454252756e+00
1.471283114489624122e+00
1.335450741398752195e+00
1.225793605091050065e+00
1.090123997767887598e+00
9.684870633433022569e-01
9.055980991311745054e-01
9.064960104429399257e-01
9.150425592418965914e-01
9.674644143448345446e-01
1.009768897638987584e+00
1.047411139566271743e+00
1.075006289055699282e+00
1.060921161581485306e+00
9.860271783960434799e-01
8.590359953465493970e-01
7.880934587913677181e-01
7.422639462258679988e-01
7.552910314481754428e-01
8.328042503367130145e-01
1.035234920217959348e-01
2.367361758424632590e-01
2.934197831360343400e-01
3.268037408747189732e-01
3.704791406666756437e-01
4.476876827388214242e-01
4.975116857614533261e-01
4.217248042911320716e-01
1.959579583457384255e-01
1.229748918251246520e-01
1.798186014664386045e-01
2.704389573778264166e-01
2.988908341284322590e-01
3.571306840119576331e-01
4.473592447586789977e-01
5.362289833247507742e-01
6.052447708736319321e-01
6.616363578748108987e-01
7.960333137563099237e-01
8.695173246411977974e-01
9.147798361636334530e-01
9.091906271461385192e-01
8.103853620654273282e-01
6.898787572876602381e-01
6.942696815339371996e-01
7.440021427258379783e-01
7.342326319833254455e-01
6.625933122271181475e-01
6.257784925694802602e-01
-4.043218685462903611e-02
-9.737935288758789443e-02
-1.902675507699626012e-01
-3.065400333841513114e-01
-4.128944395978342286e-01
-4.889200558555150677e-01
-5.370017292469475567e-01
-6.884311756088741241e-01
-9.060918357742224760e-01
-9.528746445532975118e-01
-8.537390254406268530e-01
-7.645347295183879677e-01
-7.334064171954169931e-01
-7.323774091619873472e-01
-7.281219069466816629e-01
-7.479901095299236191e-01
-7.626549344860963364e-01
-8.015187962332411820e-01
-8.383685607136224238e-01
-9.148045156496126262e-01
-9.536375513105369572e-01
-9.504506453789549614e-01
-9.295820927597515659e-01
-9.410834008085269264e-01
-9.609287256771549268e-01
-9.144084129421901075e-01
-7.969282617260964319e-01
-6.898905130244864514e-01
-6.198699551712121281e-01
5.587896890901349056e-02
1.379513348049493660e-01
2.632959723570507116e-01
3.639461622518320727e-01
4.475275275855135071e-01
4.840050822865974989e-01
4.897085538764333057e-01
4.196627931931856681e-01
3.211529603497747520e-01
2.682137960281066325e-01
2.108824771306571089e-01
1.857879041505082207e-01
2.340664487047995623e-01
2.956431298039204902e-01
2.686567149257987341e-01
2.914158105250143072e-01
3.512676721258928270e-01
3.522729334313213778e-01
2.943803242158020694e-01
1.975402016551764950e-01
3.705556235765905537e-02
-9.958036789304403058e-02
-2.506574522141112871e-01
-3.797718351591491404e-01
-4.400369304002535453e-01
-4.491427651265543219e-01
-5.375256818862140795e-01
-5.945658442263253018e-01
-6.064303860685441583e-01
6.775672041967757339e-03
3.693699568653369125e-02
9.939042190428915013e-02
1.723569731705781316e-01
2.596272419153805577e-01
4.305825611920047757e-01
5.099454468329380763e-01
5.237495197859821650e-01
5.582666212597756639e-01
6.202444845156949160e-01
6.435187539633525633e-01
7.119931256649396634e-01
8.048408981024686160e-01
8.880278451478973434e-01
9.753355727287086330e-01
1.044224662087692712e+00
1.071338072771772509e+00
1.137334430518742945e+00
1.155927167240075049e+00
1.183288538300594217e+00
1.201212669725701954e+00
1.252358361056338021e+00
1.254037661721773000e+00
1.236044922893031250e+00
1.208971018263351960e+00
1.155037280614163331e+00
1.097420425241923070e+00
1.062146670111828506e+00
1.033843283640773825e+00
-4.577307509219191717e-02
-7.584720052560811610e-02
-7.445700964220991480e-02
-5.825697614561263504e-02
-9.398851188091013331e-02
-1.455561558331348870e-01
-3.717184498651796565e-01
-6.262704960044396252e-01
-7.649857508202815293e-01
-8.157351525099505452e-01
-8.229027205452390525e-01
-7.485436233320643673e-01
-7.022248779197939328e-01
-7.079541531326039028e-01
-7.376033118790292775e-01
-7.519602085579375483e-01
-8.029101314974970149e-01
-8.926823958221781208e-01
-9.293398564258361638e-01
-8.958900626668374612e-01
-7.902092546934039730e-01
-7.737066970638399876e-01
-7.820561255490489083e-01
-7.693755736814983370e-01
-7.094506642170723687e-01
-6.858608223022959471e-01
-6.533727660528030334e-01
-5.634521255449824739e-01
-4.576796723824922419e-01
1.651500216855722181e-01
4.264208941707371414e-01
5.886600357997853195e-01
6.417311043822666594e-01
6.532811026573367430e-01
6.593934258503860724e-01
6.727361666254334516e-01
6.626950037257218762e-01
6.060864386704817308e-01
5.931760379134182193e-01
6.357279351662590283e-01
6.737330746039914553e-01
6.799924167016730969e-01
6.912507528506435239e-01
7.024042956967405660e-01
7.423424511245791946e-01
8.064456221356468557e-01
7.987595425860687381e-01
7.634827246750948149e-01
6.623301750647404562e-01
5.364291066813868802e-01
4.940606736517506037e-01
4.455424948559316145e-01
3.816607488249642577e-01
3.676909121067793440e-01
4.085756741373411383e-01
4.211196999033546273e-01
4.554583420948936090e-01
5.108612230532620924e-01
1.259381790217893073e-02
-9.848532938186225008e-03
-4.105582971603056325e-02
-1.909707015438035504e-01
-3.417909195357294871e-01
-3.561989055050220343e-01
-3.721008084633514734e-01
-3.188389934917733037e-01
-9.057965529572861718e-02
1.562952378322612079e-01
2.758338004643289265e-01
4.297215853506104466e-01
5.369572986255146674e-01
5.561439059968008580e-01
4.666246538235925279e-01
3.727600837034358294e-01
3.601693928330170769e-01
3.538880030246577824e-01
3.747100930273540298e-01
4.233124327728999825e-01
4.796882164200494958e-01
5.145906617223264812e-01
5.116570940735906126e-01
5.050232265948767507e-01
4.970458197399362787e-01
4.940442073230866260e-01
5.065903676479504014e-01
5.410126654000347868e-01
5.522379100919261319e-01
-1.162102397525305135e-02
-3.216483833788674057e-02
-1.283175924596167972e-01
-2.994760327615862971e-01
-4.190998388043201683e-01
-5.474325771528428808e-01
-6.564483067669240057e-01
-7.212380620101686013e-01
-7.628526395290942119e-01
-7.826438276965492769e-01
-8.087702957222789868e-01
-9.120208895698621587e-01
-9.845980709975119538e-01
-1.027208007367373277e+00
-1.052399623821246522e+00
-1.058265678717691616e+00
-1.043329543274656324e+00
-1.057090574691974760e+00
-1.094602877042365918e+00
-1.093540593591621368e+00
-1.072936204994772824e+00
-1.023614284447513789e+00
-9.280742763910058146e-01
-8.384747719525526000e-01
-7.815403113226272458e-01
-7.071369911847145140e-01
-6.173813830380833201e-01
-5.759727956195713761e-01
-5.872895070551419350e-01
-8.726218500290924135e-03
-9.084430241622972607e-04
-6.767385379819766678e-03
3.576172993327599720e-02
1.314103788126561867e-01
1.784784958430146451e-01
1.870085974373288662e-01
1.910752679413684207e-01
1.918185790746130825e-01
1.654613053272860068e-01
8.451119452545617639e-02
2.003552766969922405e-02
-5.209154383636596664e-02
-1.091358641857046313e-01
-1.791911879805918595e-01
-2.101486916525557858e-01
-2.373150835750709453e-01
-2.619469777450987857e-01
-3.444544846569864704e-01
-4.183114435767819606e-01
-4.882289375891235572e-01
-5.934929438158347281e-01
-6.603611447361205089e-01
-6.514794527591258877e-01
-6.068194965115895068e-01
-5.696910847391577493e-01
-5.350321666074356886e-01
-5.216712781728025661e-01
-5.142056783338478931e-01
-1.169770815874696286e-02
-5.543596056751338985e-02
-1.240793601282403485e-01
-2.362899904024237108e-01
-3.666649295264250430e-01
-5.249971326642093317e-01
-5.939969929651682801e-01
-5.149281985676475992e-01
-4.294542318091806310e-01
-3.442787179372726603e-01
-2.266112465963170119e-01
-1.599092332618773649e-01
-8.708146175380869491e-02
1.382840093246616442e-02
9.872566753966789677e-02
1.601176926231115960e-01
2.188596187261274140e-01
2.675837046072919168e-01
3.031473351674277561e-01
3.609375581081636364e-01
3.898927960745937615e-01
3.824686702311818065e-01
3.683049127141261869e-01
4.066371535227238931e-01
5.049882949273840627e-01
5.535041636653735830e-01
5.618256940488708384e-01
5.275715348932283888e-01
5.084560394736938882e-01
-1.899114204478351275e-02
-5.951017306359850101e-02
-7.512243717348016103e-02
-3.513389158696772485e-02
-1.684097757092043249e-02
-2.089752000287335709e-02
-2.514473460850578587e-02
-1.177322256352407587e-01
-3.122205529502175003e-01
-4.529924997832528444e-01
-5.283110225879253941e-01
-5.639364948473850614e-01
-5.864112882185810172e-01
-5.967279822578778203e-01
-5.980999784219069859e-01
-5.789050004094807855e-01
-5.918691260044912639e-01
-6.726215093338143713e-01
-7.772461914609914979e-01
-8.401122213884725243e-01
-8.784931298101429364e-01
-8.811603958735747533e-01
-8.661280642711476352e-01
-8.555042615263236394e-01
-8.190872932026930231e-01
-7.840459879554905198e-01
-7.716871038060890697e-01
-7.734820105991453421e-01
-8.100348627106300770e-01
-1.120000589667412456e-02
1.902851265785788365e-02
7.081412406393124137e-02
1.619767820415696225e-01
3.089025169066813570e-01
4.045535635866631119e-01
4.574067222395283849e-01
4.826848811598786204e-01
4.767029756462305978e-01
3.897496573460769720e-01
2.344380476703668559e-01
2.092495114426581315e-01
2.593578623159785712e-01
3.500692036619810765e-01
4.278933732059183037e-01
4.963202039985037950e-01
4.985729531680601068e-01
4.450997826223166420e-01
2.988776652097790421e-01
1.465239333637265440e-01
2.747951639386565781e-02
-7.653819990775577453e-02
-1.873422749804000420e-01
-2.539135167888898481e-01
-2.669677695704599785e-01
-2.619989109105590463e-01
-2.463231055275634795e-01
-2.477789516300886175e-01
-3.235587848271775924e-01
-1.744836056208832198e-01
-3.497850037737000317e-01
-4.599988134058023426e-01
-5.451006290734509152e-01
-5.914592283801517469e-01
-5.955973282677133884e-01
-5.658651579556016609e-01
-5.065666978786587116e-01
-4.073018887660149745e-01
-3.376720852131046557e-01
-2.979094729604650493e-01
-2.570536183596962565e-01
-2.520673473605050674e-01
-1.453277191243738664e-01
-3.724981299896060194e-02
-2.161528713021762527e-03
8.576349830497760618e-02
2.204454493836882634e-01
4.067696326131542417e-01
5.929170800969079114e-01
7.650975063373391949e-01
8.346590826105031447e-01
8.353175610799845607e-01
8.330866750674112975e-01
7.784854233268135859e-01
7.259092992132066824e-01
6.425419149909766814e-01
6.104535834686561913e-01
5.706256771789635085e-01
-7.563654576379244543e-02
-8.158638569982434863e-02
1.430665452420430139e-01
2.830818880620332711e-01
3.085296581475394095e-01
3.078300009768103473e-01
2.230905336845645237e-01
2.844427338966806773e-02
-7.720767171608064472e-02
-1.483167395600920591e-01
-2.311602005690805983e-01
-2.855076939645546652e-01
-3.978603110644278740e-01
-6.269440048739592930e-01
-7.537675066112760058e-01
-7.737065748169763557e-01
-7.440107577029145824e-01
-6.494430864321064645e-01
-5.727234893204330435e-01
-5.104533290773721754e-01
-4.085484567706547665e-01
-3.769252253583080248e-01
-3.557866748197219819e-01
-2.874827115977526826e-01
-2.122306866693604577e-01
-1.313213847952127700e-01
1.020483535314010426e-01
3.941120251073360059e-01
6.350877207208348585e-01
2.115469085683994444e-01
3.775407405939106287e-01
4.703044468008272805e-01
5.010231939417273406e-01
5.055075606411993938e-01
4.792148048152683470e-01
4.414744621519766099e-01
4.341150257018403513e-01
4.331001183193013970e-01
4.034179417150926539e-01
3.197681983626550206e-01
2.881075278610875090e-01
3.406402015421801655e-01
3.969476887481935834e-01
5.304214581759917335e-01
6.508660340889896867e-01
6.749059298783638416e-01
5.992331129712711313e-01
4.874118700180785080e-01
3.745534225793623051e-01
2.376832337435670073e-01
1.488354562670207715e-02
-2.220516920195997057e-01
-4.210134976118195538e-01
-5.460885149572716202e-01
-6.388355961906884151e-01
-6.779417438839241417e-01
-6.570519483502947899e-01
-6.202356792855369116e-01
3.135066532388982447e-02
3.835132040946144516e-02
-1.673882530685005116e-02
-9.417573648342986159e-02
-1.171566292352569094e-01
-6.287326934901163455e-02
2.847935126057976607e-02
2.096083428796766679e-01
4.892894664921282333e-01
7.671090417482157031e-01
1.037196706350787645e+00
1.147026466592299787e+00
1.088343113806063078e+00
9.020247658943415514e-01
7.740916878163011106e-01
6.927132563029083645e-01
6.290908907311001386e-01
5.645388384811764748e-01
5.290989390949614180e-01
5.234768201874585580e-01
5.531837412517087715e-01
6.416487586850003755e-01
7.700795240068785130e-01
8.844232408828185399e-01
9.469003523600705297e-01
9.713089971477161244e-01
9.117098222462697299e-01
6.944278611122619571e-01
4.818774742151470947e-01
-1.653589776875226403e-01
-2.473630797853989538e-01
-2.744965166770355069e-01
-2.115347935742287744e-01
-1.405510529094588512e-01
-1.417579570600611405e-01
-1.568566709083896171e-01
-1.694991714779418568e-01
-1.975149707276570021e-01
-2.785129075084763484e-01
-3.782143426243091411e-01
-4.227476699253401859e-01
-4.222205478453707195e-01
-4.153313433233083996e-01
-3.985491280788490132e-01
-3.388278978146493370e-01
-1.659007241788497677e-01
9.299455938233391894e-02
3.455932192046573537e-01
5.796438538630932502e-01
7.545022796072893279e-01
9.191499614134818197e-01
1.163007832077321169e+00
1.467409130087308666e+00
1.573562850185338480e+00
1.411659140998903439e+00
1.062352429700590406e+00
8.349441984103420644e-01
7.565974129227321932e-01
-1.017136227184859548e-01
-2.641733564959327651e-01
-2.855979193624956225e-01
-2.324050003116155394e-01
-1.965585253790408382e-01
-2.117441574047611574e-01
-2.564173964443148268e-01
-3.497078894626571843e-01
-4.586259953347436857e-01
-5.402657313536582961e-01
-6.530927434804788545e-01
-7.365474529977291684e-01
-7.696453731841461643e-01
-7.672222780431621203e-01
-7.283269379178640701e-01
-7.188012760420109393e-01
-7.266828128974794909e-01
-7.181236766241119174e-01
-6.953203715030402687e-01
-6.581191032274927855e-01
-6.110353810005104691e-01
-5.164950199481866955e-01
-4.775955958071259611e-01
-4.172721919950387326e-01
-3.251844840450422991e-01
-2.620161932847868691e-01
-2.267298041186454893e-01
-2.216330196369052097e-01
-2.440990110099358068e-01
1.095157723942035907e-02
7.703869868689816602e-02
1.867855517255093412e-01
2.636066480853076488e-01
2.595289146029636229e-01
2.436906947226206155e-01
2.616367006334536782e-01
2.294647538985334356e-01
1.720229959637162298e-01
1.751870718578577568e-01
1.692724247663606185e-01
1.337751417797373721e-01
1.167385179432647718e-01
1.084143421433413496e-01
1.570012543787963066e-02
-7.561911619608999158e-02
-1.626528603721857369e-01
-2.748618059581023898e-01
-4.392263532155062933e-01
-5.139878026994265658e-01
-5.508950456675196783e-01
-5.517734340323988684e-01
-5.565371469071901389e-01
-6.127387358319573707e-01
-7.191633732505436916e-01
-8.588136175921854409e-01
-9.529916165916314519e-01
-9.417932231018815159e-01
-9.193510937636621971e-01
8.645062788205185381e-03
3.236641962264898836e-02
1.023087751437705140e-01
1.738926508467440457e-01
2.575020122917652809e-01
3.512779169836166560e-01
4.268398833008005822e-01
4.550656850258554820e-01
4.374253667069584739e-01
4.341821543944938133e-01
4.346614923328448454e-01
4.491008209201750589e-01
4.956488110986030371e-01
5.420394758967271853e-01
5.152866999155413241e-01
4.622247741596719472e-01
4.050710575722182849e-01
3.580335001899155323e-01
3.148363419957679876e-01
2.984407682694350528e-01
3.108536202315026475e-01
3.293046885136349244e-01
3.169538337012042239e-01
2.679042334589457619e-01
2.055466689040583161e-01
1.214598963346375099e-01
4.113417492867416092e-02
3.388715569995423560e-02
5.584808378475884794e-02
3.569820192563308986e-02
6.415228082639165552e-02
-4.285908695341561492e-02
-1.532535065959196030e-01
-1.633298184803159137e-01
-1.117520687799934548e-01
6.643114179760989391e-04
1.176804513876702207e-01
1.707767399564915078e-01
2.068015910446529826e-01
2.792848168756141281e-01
3.694800479977199403e-01
3.803195053635319844e-01
4.006026059387733373e-01
4.016758527764102138e-01
3.959525260758673948e-01
4.110732389529002662e-01
5.199705078774409239e-01
5.610487381179348754e-01
5.901166958622023895e-01
5.826393612046948389e-01
5.981457048997020909e-01
5.968554261381783244e-01
5.502878729099898170e-01
5.236443751921329159e-01
5.214853779282782043e-01
5.146716645510688304e-01
4.964727389367720733e-01
4.681997394283526348e-01
-3.142225362405239725e-02
-1.031920547538508204e-01
-1.603805973992252776e-01
-1.915989957509770247e-01
-2.273145524417789498e-01
-2.440100694805189541e-01
-2.591851965723638851e-01
-2.490847190402326605e-01
-2.204069892028659994e-01
-2.437322725997545514e-01
-3.378090542246914296e-01
-3.972987033659323153e-01
-4.364388447308870655e-01
-4.601339704154278065e-01
-4.622555219164668494e-01
-4.558488686781121957e-01
-4.435004741005654227e-01
-4.139775797024544679e-01
-3.949403727704245970e-01
-3.892644472601866079e-01
-3.275203158097841349e-01
-1.708093996126400782e-01
5.288687910385767021e-02
2.628118213390547853e-01
4.142935191180825427e-01
3.879561354032013409e-01
2.576216164459106950e-01
2.221186136256574906e-01
1.937619520198292367e-01
-1.010697703051177676e-01
-1.688711622599005091e-01
-1.951613978172126174e-01
-2.312718602660717160e-01
-2.287320836628437548e-01
-1.969927682360173571e-01
-9.877857003767387400e-02
2.914859419594392764e-03
7.945066487686314183e-02
8.822365870489914941e-02
4.469838005951063536e-02
-7.709785092639123705e-02
-2.145871868635312041e-01
-3.957307376833961721e-01
-5.607627757728246287e-01
-6.485372275414406085e-01
-6.887187790335462800e-01
-7.017931506043473266e-01
-7.222536936610099989e-01
-8.070565965150954257e-01
-1.047695054158407579e+00
-1.302616725573457312e+00
-1.327092895100312919e+00
-1.130921172203673830e+00
-9.338954306432351027e-01
-9.175735401210659559e-01
-8.853939165104941500e-01
-8.033190438549226986e-01
-7.435014628512544022e-01
-4.706135597255190796e-03
-3.301451131781748399e-02
-3.550947119110876848e-02
-3.795244568960756681e-03
1.219397756734967170e-01
2.440691066739000825e-01
3.120064742167533156e-01
3.554268466790526659e-01
3.885947717374606536e-01
4.018051709418724582e-01
3.896406977572385855e-01
3.538948961728444198e-01
3.321278129163007242e-01
3.462541939903726051e-01
3.848124229559201637e-01
4.345894317275014740e-01
4.523387584393581684e-01
4.292958031295496801e-01
3.780939935852449807e-01
3.154133191367504141e-01
2.441494975173296722e-01
1.918115237079489055e-01
1.105338133904321257e-01
2.887862914803776548e-02
-8.439273414910528071e-02
-2.233899932832385804e-01
-2.660733174227608022e-01
-2.485719214470713256e-01
-2.017387029178879521e-01
9.833230030401636512e-02
2.337948027772597803e-01
3.642382532655255023e-01
4.315311249306271746e-01
5.331352505804236586e-01
6.498869274131199303e-01
6.806291415944127898e-01
7.274103303359844563e-01
7.394858138093578503e-01
7.168876337857500447e-01
6.913782488864894660e-01
7.079586738976203497e-01
7.872742683477618186e-01
9.100294357855442939e-01
1.130231145528868497e+00
1.238453284197716942e+00
1.293118525081195180e+00
1.308255643431567306e+00
1.316721461657383241e+00
1.319438766563186149e+00
1.301800585375849417e+00
1.290303265856796111e+00
1.296318438663870420e+00
1.279319980882394292e+00
1.258349571450106064e+00
1.253637026515316943e+00
1.220487939932887844e+00
1.169506873452238693e+00
1.035799830208277594e+00
-1.554118755050283851e-01
-2.301027930563041557e-01
-2.235180236043367019e-01
-1.651583837356751516e-01
-1.057352387029599911e-01
-4.693530087914034310e-02
-4.068262113506877775e-02
-1.143010368347603389e-01
-1.539159515128128708e-01
-1.756095100212134719e-01
-1.941081669016197497e-01
-1.976202307970125749e-01
-1.600676307808413246e-01
-1.096851180152341593e-01
-1.546918813766251510e-02
1.249387416315149990e-01
2.240962409867774396e-01
2.641932848230941211e-01
2.776663363392137263e-01
2.835251215509173583e-01
2.955211982610739252e-01
3.168490118097173069e-01
3.409928716015674932e-01
3.724093664732771591e-01
4.306519374304151881e-01
4.630905885893116802e-01
4.017738305714879110e-01
2.918814540302852589e-01
2.438884972650189331e-01
-1.892663623165081761e-03
1.453092960176572204e-02
4.419165705495700647e-02
4.594905607892013633e-02
4.312433136008725354e-02
1.365326995929748433e-02
-8.355055409232353680e-02
-2.436974907730813655e-01
-3.277405937196201102e-01
-4.424885726643438266e-01
-5.334856322452612432e-01
-5.712148956890290563e-01
-6.091594185174250553e-01
-6.417065715167618034e-01
-6.739587304684760971e-01
-7.933343382036266433e-01
-9.575366190979851533e-01
-1.052404899152343365e+00
-1.061466638341542312e+00
-9.284900152562998166e-01
-7.667223336581519000e-01
-7.729837921510441801e-01
-7.636990337544594665e-01
-7.008915469946165322e-01
-6.263938814436083025e-01
-5.620501571709891619e-01
-4.771329467715779704e-01
-3.973892351712869364e-01
-2.934254517782776128e-01
1.129163441536521484e-01
1.981647183172553506e-01
2.107520793855389152e-01
1.899802363604339572e-01
1.341718226184377416e-01
7.243812604951418987e-02
1.853651668765330524e-02
-1.627889305251336433e-02
-3.280885421721763118e-02
1.918370374107492005e-02
1.123114212772002435e-01
1.380164810418545995e-01
1.265192424222852108e-01
8.375936927973962054e-02
-1.879393392244745054e-02
-2.183681226528778607e-01
-4.461945215405918597e-01
-6.138261365271862058e-01
-6.782699001180683140e-01
-7.008669665737315979e-01
-6.266574024978402990e-01
-5.324306275659391741e-01
-4.667826268893765507e-01
-4.406832236739129938e-01
-4.233360382440909953e-01
-4.221853759483635837e-01
-4.483157274894813971e-01
-4.709064594591593766e-01
-4.200725084792583663e-01
1.281548514970985708e-01
2.757305140631957641e-01
4.137528189333383732e-01
5.179133265164427291e-01
5.546079172684414971e-01
5.064003515333689309e-01
4.682091568608315879e-01
4.401015481181326794e-01
4.058343288512163416e-01
3.843601495655435962e-01
4.107381637018366338e-01
4.631085951275047963e-01
5.386752575628077633e-01
5.902422739704100696e-01
6.305515702432406000e-01
6.419272344458915036e-01
6.433391360629532318e-01
6.773112673194539024e-01
6.993084310519954716e-01
6.660237346927572188e-01
6.365718757616841694e-01
6.591220010033508325e-01
7.073203325019472576e-01
7.019846447067918938e-01
6.539803353381568041e-01
5.789145089496681162e-01
5.205369411951119574e-01
4.720730368458110338e-01
4.396066229232427069e-01
-1.917539295189990621e-04
4.314774476532956538e-02
2.033577253424537906e-02
-8.209633342952393775e-02
-1.452583758287583904e-01
-2.449476294093201056e-01
-3.055567373912754792e-01
-3.023456967544879137e-01
-3.022778514249929160e-01
-3.162982369241322811e-01
-3.310359932866701049e-01
-3.600774577779733976e-01
-4.524729509784519155e-01
-5.767088898057997071e-01
-6.421449432845994787e-01
-6.587628660335678177e-01
-6.554640238777722505e-01
-6.521521679830648566e-01
-6.202623116089081012e-01
-5.717762478522332437e-01
-4.750256963183292491e-01
-4.228136528938698513e-01
-3.803977068237838766e-01
-3.417766138416722388e-01
-3.135324543918374673e-01
-2.531914659221501940e-01
-1.288113022841869126e-01
-6.524676194047611399e-02
-6.746797592130557297e-02
-1.194531053497234138e-02
-5.653062783514477274e-02
-1.186062283129393768e-01
-1.860675204463075882e-01
-2.425780503589763659e-01
-2.948996343328947889e-01
-3.644952642189737135e-01
-4.272586863766352772e-01
-4.210408966439077583e-01
-4.701287840436854104e-01
-5.602786805627710809e-01
-6.813468173921635174e-01
-7.285879470927451029e-01
-7.645509385277216019e-01
-7.723634189483402634e-01
-7.819656226246743946e-01
-7.675038048438301841e-01
-7.761998025138657775e-01
-8.333256424227668546e-01
-8.686810370868269793e-01
-8.438584952767067549e-01
-8.083653589305979104e-01
-7.654273646160703048e-01
-6.964377632398279783e-01
-5.537008945663544068e-01
-3.721226869755137057e-01
-2.451390591786693773e-01
-1.734976775458002551e-01
-1.002575842974647302e-01
1.695874392453088422e-02
-5.911453332665097399e-03
-1.086940665510953072e-02
-3.726188665787033560e-02
-7.564305497758727626e-02
-3.595502605721362377e-02
2.596746909236800904e-03
1.427527296009106425e-02
2.386768189068619664e-02
5.065325115582429427e-02
5.127563574221591369e-02
2.624618633576901450e-03
-5.286125653970367294e-02
-8.351215740377290753e-02
-1.359632553973275648e-01
-1.993011012742990085e-01
-2.575245254173554876e-01
-3.264234956888956152e-01
-4.653274046761597948e-01
-5.448341713257874863e-01
-5.637961792090702140e-01
-5.674402779499255756e-01
-5.763078814522569759e-01
-5.647345639995986488e-01
-5.619873141416275031e-01
-5.942609604755233477e-01
-6.089191414796809587e-01
-6.136557282729245832e-01
-6.027953495576047205e-01
-2.774572418721317490e-03
-2.064912102292361037e-02
-4.984614741838056667e-02
-5.435898622189844209e-02
-2.458680435737749248e-03
1.054308551977490294e-01
2.541739152132140855e-01
3.301810342874967885e-01
3.984583894021453965e-01
4.324437136061083931e-01
4.306026128820578114e-01
4.428393170584146166e-01
4.764692226704793643e-01
5.303281827681860516e-01
5.409112925196117860e-01
5.869655033461812499e-01
5.914782126938192830e-01
5.311486915483746296e-01
4.294051162460738591e-01
3.800247338442652723e-01
3.508389482923843228e-01
3.478217537451022134e-01
3.984904178227737792e-01
4.696171131845431335e-01
5.045670475797019439e-01
4.760435769266978534e-01
3.161364826107164183e-01
1.727095079043285963e-01
1.019011991904995862e-01
-6.560389744391940947e-02
-8.312452741270121015e-02
-3.462474697552177932e-02
-1.036396145927881429e-02
9.448016727220426292e-03
-2.251484586242735036e-02
-1.329153820275769671e-01
-2.477844773761774255e-01
-3.557129144158013290e-01
-4.911474605560449680e-01
-5.402384016616583740e-01
-5.405296778996471208e-01
-5.211922657859776598e-01
-4.703345769652541586e-01
-5.004537448865371552e-01
-6.205192028416304240e-01
-7.205700502593967993e-01
-7.566096086861030523e-01
-7.511742915322209280e-01
-6.965694975582445991e-01
-5.313935440951988998e-01
-3.645188047692772826e-01
-1.224358654785407396e-01
5.842429517117675442e-02
1.623365216254771815e-01
2.068031914245936909e-01
2.047356529002830883e-01
1.850842467277489800e-01
1.482567722342348626e-01
-6.201426363001162449e-03
2.851588821573171860e-03
2.423288544866609995e-02
8.199000582493085054e-02
9.771616708204806934e-02
1.010942819949188498e-01
1.114230886143857679e-01
1.355119917341981728e-01
2.074136921055811378e-01
3.186343006696024105e-01
3.772839477181530454e-01
4.013425075176214607e-01
4.117645155375872501e-01
4.063110547807242123e-01
3.285351880516105272e-01
2.257415661953053598e-01
1.792685051768147242e-01
1.777135319445009298e-01
2.347983749749303350e-01
3.010285478631285483e-01
3.077455026606334410e-01
3.338077953765483108e-01
3.229544125102103425e-01
2.055852074230772319e-01
6.699389549873957517e-02
-6.642695632060427458e-02
-1.407660237840129280e-01
-1.294540375949065625e-01
-6.491654234225058273e-02
2.428200386728270391e-02
4.070151804521680849e-02
1.749397279656290244e-02
-5.695772993274442891e-02
-1.451826792239023223e-01
-2.078756607520818589e-01
-2.483215102034145860e-01
-2.550703211019768046e-01
-1.904468647618378641e-01
-1.010709152202270977e-01
1.740468253944252308e-02
7.786055588974372110e-02
1.204891230482990488e-01
1.828775634528338190e-01
2.157902516143315186e-01
2.811116016560555320e-01
4.375175309658925205e-01
5.208098478581941748e-01
5.849408204103424547e-01
6.532735399070260796e-01
6.900138482809627938e-01
6.865686299710804796e-01
6.607428303098924482e-01
6.181547334359656087e-01
5.871725277493364814e-01
5.809568596481206049e-01
5.910049033781146210e-01
6.111405019454837495e-01
6.429343854350260123e-01
1.933900795785355479e-03
-3.389200943397387145e-02
-8.424612198574503441e-02
-1.335502740248245002e-01
-1.580606121765726624e-01
-1.285852631554922354e-01
-1.166906584736228242e-01
-1.528746902548586695e-01
-2.060601540732114323e-01
-2.657383347347653801e-01
-2.839192690592295398e-01
-3.388975643414902095e-01
-4.381764746418337353e-01
-4.637698562921334644e-01
-4.752300069627363732e-01
-4.771943869016406770e-01
-5.355906888819886857e-01
-5.907205782254040249e-01
-6.349042912966019747e-01
-7.086690188608870677e-01
-8.134499455073730401e-01
-8.715920945578782275e-01
-8.600320319862785334e-01
-8.187982483150193502e-01
-7.955606887041914987e-01
-7.879268888261422576e-01
-7.749216059728695205e-01
-6.975178864349634855e-01
-6.080970090654019833e-01
1.794148396779168516e-03
2.955876750812479886e-02
1.031244018703796061e-01
1.312287400026892481e-01
1.400363100653025106e-01
1.642775775436129404e-01
2.156899842017740154e-01
2.914318203467419766e-01
3.458960252067579955e-01
4.094737630660546523e-01
5.094572482500072663e-01
5.233607740248499285e-01
4.822867456866958835e-01
5.205565707124595320e-01
6.164264670932256829e-01
6.569428354895732181e-01
7.418707723199758908e-01
8.788025486155981447e-01
9.518479047224425171e-01
9.454593133051409914e-01
9.324254480789323507e-01
8.996188540590780436e-01
8.681315495812352845e-01
8.734921694828261529e-01
