9.523626634249798828e-02
8.908462662130817167e-02
9.382961078555857037e-02
1.903043179474359081e-01
3.190671388355247884e-01
5.908621814814307704e-01
7.557860224362279444e-01
1.077190422718355745e+00
1.444204788835062425e+00
1.833259310991669722e+00
2.067118590986197546e+00
2.314490635027093290e+00
2.474273899662319920e+00
2.688446961587842576e+00
2.934590401645032820e+00
3.276908493100378017e+00
3.509318940644074125e+00
3.857600058979546720e+00
4.295597992386452901e+00
4.672397202817332840e+00
4.901218394933868794e+00
5.023186743753323746e+00
5.042323056543373205e+00
5.093583727325579069e+00
5.114299993521299825e+00
5.081643899860229574e+00
4.975338066972883055e+00
4.798366114284825734e+00
-2.874178743119294444e-01
-5.608980407041780358e-01
-7.667946625759114454e-01
-9.644589336911658650e-01
-1.130006785521146639e+00
-1.206777317671661631e+00
-1.350940068047325582e+00
-1.476755192604580325e+00
-1.639211066119859117e+00
-1.794114430384071257e+00
-1.869808693943556754e+00
-1.854781834494546588e+00
-1.880385001029972525e+00
-1.869927622273718226e+00
-1.851521660057869223e+00
-1.856827872757534470e+00
-1.903885486531105453e+00
-2.093817754175433254e+00
-2.230106945117472428e+00
-2.220150003132515426e+00
-2.213703650556208213e+00
-2.104196517812869871e+00
-1.877927818149827788e+00
-1.756309718231750860e+00
-1.738288528270736766e+00
-1.771148506584055093e+00
-1.827089391412183517e+00
-1.851826525784231237e+00
-1.825477360540027405e+00
6.573602247756547834e-02
2.313096405986866388e-01
3.499620371640206895e-01
4.041682853527350794e-01
4.327857425361739119e-01
4.275900536786433892e-01
3.891709496237629184e-01
4.000790378718871443e-01
4.456428928351415797e-01
5.195099523459338897e-01
6.276420638006087183e-01
7.451288458244328394e-01
8.014858840946519347e-01
8.053980408362295673e-01
7.186902161086459184e-01
6.158397492544520624e-01
5.449744919095964590e-01
4.141155142994548122e-01
3.835534042237344621e-01
4.525814301047135779e-01
4.711353236527685562e-01
4.732655148690558811e-01
4.776889439848414631e-01
4.258611048644926345e-01
2.886174137903221859e-01
9.929501600299897590e-02
-3.475613362213236801e-02
-1.949398626386634470e-01
-3.136527502491959218e-01
-1.004331379025700105e-01
-1.504454302514053599e-01
-1.493797900145863722e-01
-1.469623440591604491e-01
-1.917265580342416009e-01
-1.976486333873024026e-01
-2.239637528261482768e-01
-2.297050521059280370e-01
-2.220527126174479116e-01
-2.011134590082847839e-01
-1.792276345169422636e-01
-1.531345528584014126e-01
-1.378213909419154226e-01
-1.390347430561124364e-01
-1.702093656338156957e-01
-1.941845481943181295e-01
-2.299402764158722245e-01
-2.209842025451742020e-01
-1.581652810690157840e-01
-2.926581857967860967e-02
1.070023106202213914e-01
2.948325157882456526e-01
4.143326149426213023e-01
4.925621590847334419e-01
5.640322479163811797e-01
6.691409435326188815e-01
7.689981698540588884e-01
8.349300722874198888e-01
8.858916237084760725e-01
1.118930374781504367e-01
2.452137956853889800e-01
3.607067201847924398e-01
4.185249927515399260e-01
5.025252851341004412e-01
5.420287362689077959e-01
5.182177623895201091e-01
5.021288503257205216e-01
5.119624019152306804e-01
5.551914626599067093e-01
5.754706016218484876e-01
5.884168852311697506e-01
6.340854872223019578e-01
6.661533459156151471e-01
7.130696116630913517e-01
7.220773987819233408e-01
7.489291087957451465e-01
8.258996666191327218e-01
9.069527384750368793e-01
9.698587592607132990e-01
1.065944868823840652e+00
1.088851583742960205e+00
1.117063097438226071e+00
1.068712533970424872e+00
1.051575174628010867e+00
1.064602600005044364e+00
1.025822056959587059e+00
9.331599168400693811e-01
8.191380767762392878e-01
-9.562318909655753707e-02
-1.272678499660704066e-01
-1.775209933838279852e-01
-2.225727426744682491e-01
-2.982693361902264417e-01
-3.931774082666721348e-01
-4.499110289947609864e-01
-5.201537597433666393e-01
-5.611942754251547649e-01
-5.401203212060499137e-01
-6.378609459745119281e-01
-6.494294997610968734e-01
-6.354384698265628240e-01
-7.106145486394849220e-01
-8.028554910255771837e-01
-8.070496134535355415e-01
-8.177920414328265775e-01
-7.873593515272506727e-01
-7.028521496541623170e-01
-5.465755997746312156e-01
-3.634838747679337567e-01
-2.715096127942527304e-01
-2.478967950753190874e-01
-2.055074657261204141e-01
-1.247510561903706489e-01
-8.185429603322644243e-02
-6.531444819601081586e-02
8.988663224449577882e-04
4.674141315018921772e-02
5.396807844584027708e-03
-5.979670894350763016e-03
-5.752246976234762221e-02
-1.119359786830269876e-01
-1.570197156736037603e-01
-1.672389405820757791e-01
-1.496651005361278042e-01
-4.769584268204057897e-02
4.383652972555192318e-02
1.167848896571253015e-01
1.820400952467297606e-01
1.459188930133755724e-01
8.622514625488104933e-02
9.417366706158998568e-02
6.391017829849296450e-02
-5.740464017878255110e-03
-6.643349781221885575e-02
-1.258989884747431787e-01
-1.892899613484028964e-01
-2.980404838337000761e-01
-3.518209716028685707e-01
-3.689990805073283253e-01
-4.495697724234417048e-01
-5.268254372692898757e-01
-6.214050145712852746e-01
-6.640284187366785051e-01
-6.954516630174134573e-01
-7.353115932935945231e-01
-7.421177971199356405e-01
8.515523299574943861e-02
1.978971593910148763e-01
2.867146700477956611e-01
3.123321778279129490e-01
3.036126581787867984e-01
2.877321150600675170e-01
2.740219646859138880e-01
3.042140066223890105e-01
4.313025286301988559e-01
5.376382207787653300e-01
5.815112680868117501e-01
6.780970581043455070e-01
8.200499322536868307e-01
8.782738447950276806e-01
9.033880575712960326e-01
1.015140465401718872e+00
1.102340689567880005e+00
1.150084439476439346e+00
1.198458917608536511e+00
1.301836681995405476e+00
1.451264112646019511e+00
1.552570512967663685e+00
1.581125854213069948e+00
1.663552362417356267e+00
1.703028439497714874e+00
1.738226081897695341e+00
1.745187855756524575e+00
1.723948240290986922e+00
1.730891051703693728e+00
7.835928488302072725e-02
9.837358514366811857e-02
1.052846828773534998e-01
8.066886131868758469e-02
8.151438603463942445e-02
6.310073927377826686e-02
5.156308930283097502e-02
9.569581242658170561e-02
8.824299320649080236e-02
3.377597656716496699e-03
-7.098189138830060529e-02
-1.115944704529139020e-01
-1.780215383599269841e-01
-2.178622307402895975e-01
-2.760774824223726220e-01
-4.636022060933485678e-01
-5.871433660579777891e-01
-7.207339490556794459e-01
-8.741089699399404722e-01
-9.679416249051217003e-01
-1.032239972465290423e+00
-1.049614006614281392e+00
-1.034940982625844885e+00
-9.861036133272375048e-01
-8.707668834032276095e-01
-8.055328259846548100e-01
-7.166704489949973222e-01
-5.931379560311158539e-01
-5.190643351688928320e-01
2.097680174230151669e-04
3.694424123541965692e-03
5.918252774854546039e-02
1.125361461669072416e-01
1.135236450670056296e-01
1.460672323127349403e-01
1.945268760936019747e-01
1.369203684399455667e-01
4.757939906364855309e-02
2.372762985205107561e-02
5.780368422229861802e-02
1.259658276323102066e-01
1.888780669994781503e-01
2.863589825152546564e-01
3.680946383853343495e-01
3.982401889668852335e-01
3.949434192445493985e-01
3.724863746413907828e-01
3.662458268142358420e-01
3.549080294112106349e-01
3.846915314692668231e-01
4.355782846077900783e-01
4.396454704550306625e-01
4.422343252559234328e-01
3.854380599909378313e-01
2.827399783069106110e-01
2.272916939848271534e-01
1.543648266481062459e-01
1.307406541768378061e-01
-2.560538433274332781e-02
-9.517051174897221688e-02
-1.625850359046319416e-01
-2.005200641474197965e-01
-2.766900459275627999e-01
-3.412652294729546787e-01
-3.982496411414419013e-01
-4.656247715679314725e-01
-5.084335742272571013e-01
-5.180623361964616924e-01
-4.781912467227846797e-01
-4.458095518428196180e-01
-4.836349239120513177e-01
-4.966983769949233629e-01
-4.773911568222620194e-01
-4.865459030303958543e-01
-4.686652927122463841e-01
-3.994034801799670187e-01
-3.026625488615932169e-01
-2.029274028254194340e-01
-1.340677460080170746e-01
-1.036103385273195454e-01
-1.185212053418092382e-01
-1.095689259302135982e-01
-1.098580836035992492e-01
-1.343486643571144001e-01
-1.701130497221989835e-01
-1.595761725258415253e-01
-1.675209248758223746e-01
-5.242784136055973244e-03
-1.921049606899371230e-03
-2.343500094851711651e-02
-1.922791133057070306e-02
7.464672431197211244e-02
2.523428276886682808e-01
3.713079274403279784e-01
4.499577504652347848e-01
5.368499276814775456e-01
6.212987354328443068e-01
6.582752701424792185e-01
6.476951042678545933e-01
6.018014948716200463e-01
5.410365899043667604e-01
4.961348690498094127e-01
4.821520454325760596e-01
4.798484037242941036e-01
4.685185848398055186e-01
4.687467333450102691e-01
4.495462784687469515e-01
3.923291097244495651e-01
2.600258422325915642e-01
5.388267969387930401e-02
-8.710533618229834851e-02
-1.938999312951967813e-01
-2.430718297267808747e-01
-3.077031226603791914e-01
-3.064852070412352747e-01
-2.550464027599753103e-01
-5.378116868319108082e-03
-7.558947860256629708e-03
-3.360330268927131520e-02
-1.080694000914305397e-01
-1.605414665615541303e-01
-2.235762955059517609e-01
-2.581781526059053200e-01
-2.255254584022793052e-01
-1.619423995027203800e-01
-1.436855399040198045e-01
-1.515751447522011019e-01
-1.873904407485496582e-01
-2.426808302440669474e-01
-2.594035968524922575e-01
-2.275470501500014286e-01
-1.293950355246114015e-01
-2.252267536746649368e-03
1.111954493644405489e-01
2.639769078856631368e-01
5.065699911129710742e-01
7.118911992906139519e-01
8.224485491686776006e-01
8.470485805608451990e-01
8.426530730030482585e-01
8.409252588850969490e-01
8.195816918732972134e-01
7.707851754022128077e-01
7.096485742876669223e-01
6.699136957188561725e-01
1.046260047682508361e-02
4.405155055672931030e-02
3.717058785662073761e-02
2.608900919092338455e-02
3.398343028336718585e-02
2.798893614972354851e-02
2.472213405067289621e-03
2.994025747803280915e-02
6.497898163265913851e-02
2.898646943623507943e-01
7.504649723995677757e-01
9.597235394620912130e-01
8.811480733300853796e-01
7.118533957175492421e-01
5.583193847600683712e-01
4.215743629211694543e-01
2.734050892380471831e-01
-2.727293297360577906e-02
-4.053686286185847476e-01
-6.664927987035353940e-01
-7.228671317191223133e-01
-7.500533199677152929e-01
-8.546018953521453687e-01
-9.860506800205806055e-01
-1.022112642738681743e+00
-1.009687011650683308e+00
-9.626435003960336356e-01
-9.114769142454685058e-01
-8.912061885625482960e-01
-4.719149271178035149e-02
-1.588607024478385088e-01
-3.017835405343875510e-01
-4.847721700324399974e-01
-5.353632824894829501e-01
-4.453766387231091750e-01
-3.203536231416080349e-01
-1.298466114217435019e-01
1.064786853831885538e-01
2.910309275709244137e-01
4.206736866543003828e-01
4.862095507269216799e-01
5.371837368140229829e-01
7.548908033810124429e-01
1.146705702928939141e+00
1.420096781555688192e+00
1.470640593338166102e+00
1.478894404046182887e+00
1.514051047161087737e+00
1.556003388618120820e+00
1.613158601192415720e+00
1.648023855405582605e+00
1.694294619934920476e+00
1.740130968175960247e+00
1.809960277855926059e+00
1.823724413356599738e+00
1.803803852343046632e+00
1.765158224919031182e+00
1.756513010353822901e+00
3.180274667350984491e-02
6.544139832822459812e-02
4.586088902554853741e-02
-1.203798278837579089e-02
-8.277335551533887559e-02
-2.085975796203896060e-01
-4.450116516168327596e-01
-6.259934158666102810e-01
-7.601579223411119024e-01
-8.721481120681024990e-01
-9.405742912564837299e-01
-9.823354687434671106e-01
-1.009638370760251647e+00
-1.030665008124364679e+00
-1.053304495984680678e+00
-1.098209012047057120e+00
-1.138841002995254037e+00
-1.084446756528951283e+00
-7.375487010234463847e-01
-3.823801124110046690e-01
-3.431372547583100285e-01
-4.179998183632235298e-01
-4.244111296824488178e-01
-4.317246451881755487e-01
-5.514360466284125017e-01
-7.593891365063003551e-01
-8.570462630458035580e-01
-8.887070432532548914e-01
-8.665498123205332970e-01
9.181393507878399252e-02
1.480959197226676682e-01
1.682068579397645036e-01
1.699611730371675955e-01
2.043078725471811630e-01
2.817168041943662882e-01
3.833893934329791198e-01
4.275665225235801281e-01
4.531407745275850552e-01
4.974104127443313983e-01
5.536052619348474924e-01
5.806248903732764699e-01
5.742275407033241574e-01
5.837099519625822408e-01
5.950886627147570218e-01
5.876052154761032265e-01
5.560767517884688260e-01
5.260535519710460850e-01
5.015491372356570832e-01
4.455385089096016715e-01
2.517670223479295810e-01
-3.883328043821848707e-02
-2.441235979457412331e-01
-3.204110652790738145e-01
-2.869690252308556566e-01
-1.623416041106198471e-01
1.209519309142609300e-02
9.385345157924841752e-02
1.775116755709608973e-02
-2.532063472185459019e-01
-5.124480606460735110e-01
-7.202149900523838744e-01
-1.041364657807539063e+00
-1.509610987629436796e+00
-1.951836669623117526e+00
-2.264555361558661772e+00
-2.525185358863129448e+00
-2.614015108118123543e+00
-2.590102892432640136e+00
-2.429812292370598037e+00
-2.304059191942263052e+00
-2.334492413529507093e+00
-2.766878736892454782e+00
-3.593945086936895184e+00
-4.253590736997012733e+00
-4.639531044833514528e+00
-4.901418883908164936e+00
-4.935416814131127872e+00
-4.764458527539922272e+00
-4.550858086942572989e+00
-4.492894219822773039e+00
-4.318320129432430043e+00
-4.138454982628552159e+00
-4.016193441289292565e+00
-3.881217500590180336e+00
-3.751677956768213917e+00
-3.657662081329361659e+00
-3.560167975568695464e+00
5.289687233849125342e-02
1.294292169947451887e-01
2.742049936298335266e-01
4.843017826967518369e-01
7.025098234679736375e-01
8.506974012778583116e-01
8.112317129535485671e-01
5.146800333449668141e-01
4.785017685152315181e-02
-4.517828878641165780e-01
-7.557766973919809450e-01
-8.149449332461345952e-01
-8.071653069190969365e-01
-7.398354042191424007e-01
-6.898132870337407851e-01
-7.761131918444433841e-01
-9.668998948557998574e-01
-1.042688870780563493e+00
-1.068109187531505633e+00
-1.111010717394037783e+00
-1.117565897328698155e+00
-1.058677305446388939e+00
-1.026417861642700435e+00
-1.025707389826216120e+00
-1.063309814448283763e+00
-1.087758486886249987e+00
-1.166038754541346867e+00
-1.216519925036891880e+00
-1.231265359429501771e+00
1.014992200804841482e-02
4.839177907249819083e-02
1.226167345924415453e-01
1.768643353108123040e-01
1.741114913417576293e-01
9.613780565024929170e-02
7.309663589719536669e-02
7.712378270680730896e-02
7.429638844852147483e-02
1.003486414206619104e-01
2.450842225873197389e-01
4.015460408110217427e-01
5.462766301118268109e-01
6.189478430019917932e-01
6.306974561055622708e-01
5.737723436897229634e-01
5.197467261913916170e-01
5.202759313270032271e-01
5.208203718861561526e-01
5.063450626571317503e-01
5.083767325167498630e-01
4.990206806454401955e-01
4.914008867907143085e-01
4.844977496200760791e-01
4.657815196688146475e-01
4.258938649567534651e-01
3.880126263850592339e-01
3.784476277699732605e-01
4.143139046641428624e-01
2.795284365221006179e-02
4.792452800610667168e-02
8.102298953706912887e-02
1.574409951227668525e-01
2.810314240865986468e-01
3.317640977485847853e-01
3.577748796037703571e-01
3.516485055585402697e-01
3.285645240630376551e-01
2.999121415450790584e-01
2.869043877396498798e-01
2.702175086046721408e-01
2.236502558241491301e-01
1.407949904047843814e-01
3.721531306281734841e-02
-5.532691278641074795e-02
-1.313836049878956969e-01
-1.897591741811983646e-01
-1.931926940378068114e-01
-1.671816449831988738e-01
-1.815319240798522749e-01
-3.033583072442178619e-01
-3.693680843210408460e-01
-4.286073976877095015e-01
-4.606888856805875232e-01
-4.991309744314495478e-01
-5.440351069584905552e-01
-6.162769324283337014e-01
-6.538526471552448260e-01
-2.036398168586868451e-02
-1.306667553254984605e-02
-2.596131708471244998e-02
-3.661811917619181567e-02
-1.820106215770118940e-03
3.095338129639148284e-02
1.982569942514013639e-01
2.453946757870480444e-01
2.327120915662464207e-01
2.795704851857675477e-01
4.112924803714126387e-01
4.849398583461961287e-01
5.495234232050776324e-01
5.737113026771216706e-01
5.740948969718377981e-01
5.662625197017376877e-01
5.950039034777585556e-01
6.558236291624740533e-01
8.184220470912387801e-01
1.050664481623398094e+00
1.369702035396385353e+00
1.622529123776931703e+00
1.818025136237667372e+00
1.918612585042569485e+00
1.960808794929193910e+00
1.982113817396991662e+00
1.981388277902838890e+00
1.967362003720798613e+00
1.999541985593391358e+00
8.867134217877521707e-02
1.596644988666262588e-01
2.811684786138368697e-01
3.988339358985206751e-01
4.660028677239100858e-01
4.699716771000636562e-01
4.478672306966784422e-01
4.019189766955910681e-01
3.123468000669152866e-01
2.479088271953318601e-01
8.201359909335162457e-02
-9.362861978440198407e-02
-2.699298590571560519e-01
-4.302939534240372565e-01
-6.040187075554157570e-01
-7.637281804554050257e-01
-8.737907213924128724e-01
-9.193426254211484183e-01
-9.425189900443471380e-01
-9.321785236265890395e-01
-9.176150046397015814e-01
-9.295744711111921799e-01
-9.258762273437544099e-01
-9.317901305434365122e-01
-9.655181262069753023e-01
-1.033728887279142139e+00
-1.075263364027195134e+00
-1.077357078323521344e+00
-1.046535327151111749e+00
1.289831550596820704e-02
-1.191151185634812745e-03
-3.822984536523875432e-02
-2.247962816906494063e-02
-9.764846804041514561e-03
3.062394181953480982e-02
8.235567496339417370e-02
2.138749515539589696e-01
3.954858767210834847e-01
5.621422220547113158e-01
6.879167795343330560e-01
7.865347476221611345e-01
8.205117451652920169e-01
8.191188163787556098e-01
7.600962457570098474e-01
6.668285865436084370e-01
6.115233032182223472e-01
5.937925608272850431e-01
5.930080587012747095e-01
5.862267731226977752e-01
5.890396642314850162e-01
5.794011799280228692e-01
5.727232464002596224e-01
5.472818223422151185e-01
5.191910506953806292e-01
5.065453876542305167e-01
5.090683165817300182e-01
4.654583156959782864e-01
4.060882676246038159e-01
-6.457194337539681750e-02
-2.112256569873232626e-01
-3.546830264800038823e-01
-4.983213184761193792e-01
-6.093437282414607692e-01
-6.595493873142355135e-01
-7.188283929127033955e-01
-8.077115417987978940e-01
-9.033410823388221544e-01
-9.917004818431618407e-01
-1.061272301884863767e+00
-1.104891591195245937e+00
-1.174052097281430340e+00
-1.262174117848061439e+00
-1.307368334998589621e+00
-1.328476672138697134e+00
-1.326385031642775214e+00
-1.274540365481530158e+00
-1.247245897824829752e+00
-1.216955477357504645e+00
-1.169098547422425360e+00
-1.142920945113116149e+00
-1.139040755501375068e+00
-1.140765426891401368e+00
-1.068156812527379262e+00
-9.578630723475942688e-01
-8.560006848583892047e-01
-6.996314111530030910e-01
-5.291537336111229450e-01
1.669367846221413154e-01
2.690951038651893112e-01
2.967082751534142471e-01
2.867515763021005193e-01
2.497664971457968508e-01
1.764831320144996385e-01
1.768378819590179230e-01
3.104565068364761316e-01
4.980579426417673927e-01
6.918653501648772686e-01
8.605686560566401244e-01
9.580474518232737768e-01
9.526792345188874744e-01
8.909612238209709822e-01
8.119219794390869493e-01
7.050430791297384037e-01
6.192195964526850949e-01
5.774484866461210286e-01
5.799755861244056954e-01
5.866276405878133593e-01
5.731661905016446346e-01
5.300245122473538073e-01
4.410578065703676942e-01
3.613226457389254187e-01
2.494599689644621254e-01
2.129096011927065768e-01
2.572246401182220477e-01
2.388432150175315016e-01
1.707463385543257495e-01
4.138255518938226823e-02
8.352623904570961877e-02
3.783974861950292756e-02
-9.976217329399936218e-02
-2.346539902192785743e-01
-3.540144667431979197e-01
-4.082943261751816322e-01
-4.550077990551114615e-01
-4.720645160280012020e-01
-5.042313955570484341e-01
-5.558742694061902245e-01
-6.334950479734807738e-01
-7.005792952078510050e-01
-7.348406631375905551e-01
-7.067203775722130654e-01
-6.516495871040240973e-01
-5.587161715178347032e-01
-4.730611632410769984e-01
-3.720114190368624674e-01
-2.745153876690736294e-01
-1.734123600861746661e-01
-9.364680387728131772e-02
3.562157354961854872e-02
1.511216105770762097e-01
2.260901847314140678e-01
3.050397842286132755e-01
3.536413309504785607e-01
3.116902278258178449e-01
1.434045050826603940e-01
-1.726050455683346141e-01
-2.924753485586397139e-01
-3.427947217651690082e-01
-3.506248393105414474e-01
-3.425481850002279338e-01
-2.964386608660150579e-01
-2.301551303579522922e-01
-2.174270208932389536e-01
-2.490820912875819637e-01
-2.564385063366859119e-01
-2.772479890049049378e-01
-4.275282105030007163e-01
-5.241630051716362759e-01
-6.627813662604493672e-01
-8.406498034317333445e-01
-9.484166326109209066e-01
-1.021654478221224016e+00
-1.125175129276676289e+00
-1.287520384999483625e+00
-1.412438054701900647e+00
-1.502534992768189248e+00
-1.621926359177297439e+00
-1.716034211016618238e+00
-1.767954726072036076e+00
-1.786971696580155644e+00
-1.765536391238775149e+00
-1.763281667348771675e+00
-1.772849933274197154e+00
-1.782352894904913221e+00
1.891230024405567492e-02
5.859325606904221273e-02
7.890886670579456974e-02
1.358882123353244431e-01
1.912209965078082718e-01
2.417755955437331239e-01
2.653675650774252603e-01
3.189765459814923321e-01
4.077128436797986533e-01
5.128463409807783036e-01
5.697438660924892817e-01
5.828521796142833722e-01
5.817172950074405158e-01
5.645141423253653423e-01
5.998407564700528605e-01
8.099573587131597696e-01
1.163913615893225062e+00
1.402584909777758515e+00
1.560945228156098485e+00
1.645594791239042731e+00
1.658315903439416816e+00
1.665594775756777501e+00
1.682957527073830395e+00
1.756415153549174324e+00
1.836295532038278999e+00
1.908091708415308618e+00
1.956194439811507424e+00
2.011402998689484800e+00
2.050535169716847683e+00
-2.169267129546561743e-02
-2.164190300851698626e-02
2.884122201205284799e-02
5.232232022143856742e-02
9.519481683158720342e-02
1.637640176762810429e-01
2.246515121611968868e-01
2.179195363981632771e-01
2.339917168299381067e-01
1.826351226479289713e-01
7.249766708261361214e-02
-5.317190092158015358e-02
-1.248908912830430512e-01
-2.163870443184899850e-01
-3.818466761279604160e-01
-5.891000562118239303e-01
-7.083471773566208940e-01
-7.766385827928951047e-01
-8.327969354412693148e-01
-8.883573998257745519e-01
-9.751266654863937067e-01
-1.108213159516528545e+00
-1.208015520222899042e+00
-1.253878589666066690e+00
-1.232745357340122361e+00
-1.184610369602400848e+00
-1.060352481947553160e+00
-9.906089159289863666e-01
-9.131263157609973424e-01
5.137617263678883467e-02
1.135606918023352591e-01
1.697056124781663455e-01
2.265081857387335473e-01
2.999309596834512370e-01
4.027333206583985081e-01
5.260396083833202008e-01
6.363974890080973390e-01
6.532460207278795172e-01
6.302893892825482958e-01
5.494742212137190274e-01
4.710362264406123267e-01
4.342822266665902209e-01
4.474980701746636425e-01
5.406064111319088816e-01
6.678655679681759771e-01
7.711677599698506524e-01
8.228561635888359538e-01
8.882839154215226296e-01
9.493616036113974310e-01
9.636196577091534765e-01
9.799316778775747361e-01
1.067212149364997087e+00
1.069848313689506281e+00
1.006965330474092868e+00
9.593138577266698830e-01
8.945356036244165310e-01
8.044004480091637710e-01
6.906796684227322070e-01
-8.679318822803955280e-02
-1.482491545773458319e-01
-2.926325221092695994e-01
-3.850352810545967785e-01
-3.821147364860759121e-01
-3.982074720385433420e-01
-4.679991305368340626e-01
-6.039703840324482931e-01
-8.976861152330410931e-01
-1.197590519974955470e+00
-1.416084408984049414e+00
-1.544631992279487775e+00
-1.588203328116087221e+00
-1.643843733550713004e+00
-1.661599644429935907e+00
-1.642861882847892030e+00
-1.650596244984389172e+00
-1.656876086873143583e+00
-1.705766333144073554e+00
-1.809299220513491013e+00
-1.895034408207506571e+00
-1.963134828797416853e+00
-1.960080106399651800e+00
-1.949155077879407783e+00
-1.897739828204499712e+00
-1.800504197819402741e+00
-1.634838397384053454e+00
-1.542748419174201580e+00
-1.489854144610854858e+00
5.095738358338013779e-02
1.743325849043761422e-01
3.462022813672742116e-01
4.434154499827501206e-01
5.113672383197594984e-01
5.911515404238610882e-01
6.166279162799028768e-01
6.037121544409328466e-01
5.530767848897684136e-01
5.155450902185283457e-01
5.720216180760684388e-01
7.257573545375374247e-01
9.185743984086717218e-01
1.190597376307122035e+00
1.445905039095637168e+00
1.560191423103248543e+00
1.668666942184823476e+00
1.768217699880061167e+00
1.781402210260370600e+00
1.753123686927708480e+00
1.766545884010531919e+00
1.840246556004765388e+00
2.002206418682924927e+00
2.153856689436517868e+00
2.359000321513967435e+00
2.419788849992916102e+00
2.404376517262158508e+00
2.320352780927327885e+00
2.265873264935915010e+00
-6.327517558554557331e-02
-1.111478973322252428e-01
-1.127792205570020412e-01
-4.718041944791921682e-02
-1.366897621838848720e-02
-2.540195135447844560e-02
2.340208016134659452e-03
3.244166349264434365e-03
-1.009034365703523062e-01
-1.956941380350742943e-01
-2.319980114098096624e-01
-2.259299962522643146e-01
-2.452872740070204671e-01
-4.044868499993331534e-01
-6.055037794405193630e-01
-7.388955301229862549e-01
-8.647328483603340388e-01
-9.997827990533899589e-01
-1.140586814953393757e+00
-1.247647352633121542e+00
-1.314293219436359905e+00
-1.367522620262838107e+00
-1.348722839917395833e+00
-1.346145263615543097e+00
-1.390436049237575800e+00
-1.374663761251316840e+00
-1.380429192183606713e+00
-1.443960008516364857e+00
-1.557668548700961608e+00
-3.880404514542343253e-02
-3.173891952454291343e-02
-6.836865862723903731e-02
-1.021575850596596058e-01
-1.034530291789226703e-01
-1.133115191521906207e-01
-1.257432833818179496e-01
-1.725816898661357568e-01
-2.196887813565140957e-01
-2.372683207500810576e-01
-2.216716197915852282e-01
-1.985446592526095289e-01
-1.253478793743934561e-01
4.885622158593494468e-02
3.155023822340971007e-01
5.746752652560989105e-01
7.455885104062790480e-01
8.552157825450106277e-01
8.878655065983613870e-01
8.557685448296482589e-01
8.090382732721669301e-01
7.612868183566634528e-01
7.251351933845592290e-01
7.458679834176968892e-01
7.484808650924666962e-01
6.943997749168633327e-01
5.935455858186413636e-01
5.391232722196948046e-01
4.715307960679714916e-01
-6.835547061468216778e-02
-1.082221291851931111e-01
-1.312864614117203454e-01
-1.505089076611367538e-01
-1.737942780441197044e-01
-1.913219362981875005e-01
-2.189189502464732318e-01
-2.502232248117040037e-01
-2.962874458929453114e-01
-3.520749029593381874e-01
-3.796635457248548340e-01
-3.796447099056179386e-01
-3.549549272764735974e-01
-3.905274253270976104e-01
-5.144999905631797432e-01
-6.302871354252300717e-01
-6.834851988088607166e-01
-6.539327985841423274e-01
-5.453620558351793823e-01
-4.101471790029890263e-01
-3.406349085360068640e-01
-2.440378552280171309e-01
-1.483092216920135487e-01
-7.427266449674513327e-02
2.378427668205576606e-03
7.113170907645566254e-02
1.633185235468636587e-01
2.058205825505448894e-01
2.042473589929156008e-01
-2.122597545825650328e-02
-6.041775436335880545e-02
-7.674632907492004441e-02
-7.693871476089335359e-02
-7.288216907969297109e-02
-8.767476804378904198e-02
-8.017914840974113555e-02
-3.271354052942389290e-02
6.844150544440220918e-02
2.291765389694246924e-01
4.087754870136057761e-01
5.551432378447351823e-01
6.028792994393740168e-01
6.047530296213621259e-01
5.818312237253195907e-01
5.643101882812436854e-01
5.182346196340652522e-01
4.285329324769985293e-01
3.827520186610293695e-01
3.537952688711542559e-01
3.592387411572546818e-01
3.646025058490947601e-01
4.099869503176044039e-01
4.500471854896406221e-01
5.030218169052996791e-01
5.840763357415983403e-01
6.727806780157852273e-01
6.925115445738355691e-01
6.801385939358189914e-01
5.287892571248607211e-03
-2.521669990370415532e-02
-9.665740325255661736e-02
-1.854172369237790385e-01
-2.752778839986183557e-01
-3.327833581534436758e-01
-3.494757077718869120e-01
-3.737756877020539381e-01
-4.892139140569360389e-01
-6.066674156916203042e-01
-6.673910208366283792e-01
-8.096441539420179412e-01
-9.402866262975502210e-01
-1.052824958859614579e+00
-1.100383153543072812e+00
-1.114407182809325159e+00
-1.095817865769488364e+00
-1.033225081635636533e+00
-9.539517830732385795e-01
-8.776399786701856165e-01
-8.556720778722401999e-01
-8.635066891428693214e-01
-8.704252156033929211e-01
-9.056218209454708346e-01
-9.248254535710422886e-01
-9.136953782707127880e-01
-8.572955560644122119e-01
-8.446604068400013210e-01
-8.293110427140245600e-01
1.386940395922623033e-02
-2.236786276511879695e-02
-1.019165114004744743e-01
-1.407021239323655304e-01
-1.413740083586163543e-01
-9.802682145561485150e-02
-8.653613837032202161e-02
-8.204168053987011267e-02
-2.602152170531440989e-02
1.358824341603083463e-01
2.207505262793884038e-01
2.571927859849104658e-01
3.065999329037875643e-01
3.352390967641773467e-01
3.617562037816836051e-01
4.016286914813791409e-01
4.585318265613445021e-01
5.061890479269729459e-01
5.839614601174790698e-01
8.536407466918194409e-01
1.312111052446579773e+00
1.705590474415354718e+00
2.007972528205153040e+00
2.214961170968979598e+00
2.411040380933546778e+00
2.410364129457271964e+00
2.293166030897962671e+00
2.112990551500686376e+00
2.050945895238990513e+00
-3.502858489074713727e-02
6.499210080245690357e-03
5.428137766551453108e-02
6.830248697325641549e-02
5.184326928675352109e-02
6.286729686355987945e-02
6.622510883236772117e-02
-3.982182824435626101e-02
-1.413985279414445850e-01
-2.357388049716836742e-01
-3.687725149210575037e-01
-5.045953907194715704e-01
-6.208548989313111832e-01
-8.259143855753556807e-01
-1.049014559418765868e+00
-1.099535351099845348e+00
-1.073001816208002168e+00
-9.798437319084103425e-01
-8.411332418332373440e-01
-7.498511707303516793e-01
-7.428760021919919021e-01
-7.759952120341225834e-01
-8.846331677169985142e-01
-1.029824905786613121e+00
-1.172246109465714614e+00
-1.216113018917208910e+00
-1.226235659811907741e+00
-1.216850022639535567e+00
-1.173348524269310023e+00
6.323441322083334093e-02
1.116582553188236737e-01
1.044232344010482538e-01
1.073094762731340301e-01
1.317333504842460312e-01
1.519341727422623134e-01
1.872754554405807736e-01
2.647745697651400221e-01
2.801334717033495125e-01
2.790283011627764931e-01
2.294284694252796686e-01
1.921065714833998517e-01
2.271786308373680563e-01
3.397971137689331789e-01
4.239537932367433704e-01
4.860896151773730911e-01
5.175520483270439343e-01
5.031636207622971479e-01
4.249439947810130791e-01
3.510052103775911370e-01
3.549521616588059425e-01
3.886800672701554160e-01
4.814210459050486945e-01
5.877768280535171641e-01
6.264189686019270287e-01
6.325903137616538663e-01
6.081329745477203064e-01
5.499108925044636775e-01
5.317392514606780196e-01
1.703360262335575472e-03
1.739324756521901105e-02
7.018526152057255607e-02
1.065939441433670781e-01
1.036694608518409777e-01
7.709890904404015366e-02
-1.887831939684900262e-02
-9.941400398951899531e-02
-2.679892726652007284e-01
-4.026428617473790106e-01
-4.701379558643182799e-01
-5.012469601901294869e-01
-5.286550207321893957e-01
-5.519279225114248622e-01
-5.969357029228810063e-01
-6.489338449841285383e-01
-7.165747603387625508e-01
-7.591517528887409272e-01
-8.784474030542477330e-01
-9.349545016951941179e-01
-9.829173203553098759e-01
-9.763754926741338158e-01
-9.790436772237620655e-01
-1.014907314930138638e+00
-1.110654376146585687e+00
-1.232679502449514963e+00
-1.316010557271300563e+00
-1.378918947414648155e+00
-1.403045648999071471e+00
1.162482047276835843e-02
1.489702386668890002e-02
5.181843411462197513e-02
8.851952736024865098e-02
1.708883686637823196e-01
3.065770333733003894e-01
4.092585033469871014e-01
5.102766831092915290e-01
6.307239527087956654e-01
7.214995904006863414e-01
8.592590068081102928e-01
9.567803867100458382e-01
1.044996989427038114e+00
1.048162457718100127e+00
1.025967704722253515e+00
1.032556338530452589e+00
1.089162683298126710e+00
1.208823127506677864e+00
1.369829015868625710e+00
1.534679425733035618e+00
1.605354651839188351e+00
1.707318036626751745e+00
1.756682036404759506e+00
1.772346306336261446e+00
1.786446613286424512e+00
1.806196068458486126e+00
1.809265177103569489e+00
1.862705447585222274e+00
1.957559340799117420e+00
-6.094643750221093864e-02
-1.544585464406912079e-01
-2.220235943161366632e-01
-3.370742596840688443e-01
-4.558484183280157587e-01
-5.451426872488087660e-01
-5.838726114527994504e-01
-6.057021740728811832e-01
-5.951759552173619960e-01
-6.012578542335105247e-01
-6.155155151763599397e-01
-6.443739783609990779e-01
-6.751801104899416428e-01
-7.922715049181242586e-01
-9.047852199449254451e-01
-9.135234381983043939e-01
-8.875107468052672033e-01
-8.139952459924868489e-01
-7.456960111182242557e-01
-7.167070054770152687e-01
-7.005850222477367772e-01
-6.896319742291152632e-01
-7.139631375416510828e-01
-7.522196578808461043e-01
-7.580392915119453789e-01
-7.356866203121230630e-01
-7.371598618994235075e-01
-7.317406555310915772e-01
-6.664034292348356425e-01
5.236017272804224104e-02
3.501628769585448525e-02
2.960036326120935035e-02
5.125958968351347622e-02
1.315361394184806354e-01
1.706338577219391195e-01
1.741803289442029334e-01
2.209687999465516917e-01
2.338990335897978001e-01
2.116531136951959602e-01
2.092726935409345568e-01
2.391653413319413946e-01
2.761965430412459122e-01
3.281515927619374495e-01
4.125176160437398210e-01
4.711530918506874333e-01
4.970334218132042015e-01
5.302231223383556680e-01
5.225840959371144123e-01
4.497775813004363243e-01
4.206178728778032228e-01
4.225722692037617301e-01
4.075440112473920351e-01
4.034743383098537972e-01
4.128641920441947222e-01
3.907394242728908229e-01
3.474957322408262494e-01
3.030785682885927534e-01
2.930369876891107950e-01
-8.023000775381074201e-03
1.622904480732376836e-02
6.733878301058425497e-02
1.335083684536259585e-01
1.371319370920523750e-01
1.301126051998258704e-01
1.409267982505399974e-01
8.450566562604988619e-02
5.926996769613321336e-03
-1.416624648736432637e-02
-5.301862166166623758e-02
-1.311503018633452256e-01
-1.631176933080245028e-01
-1.805930285733086116e-01
-2.281576452374188546e-01
-2.977544629713120283e-01
-3.270313361899147009e-01
-4.220698666568850621e-01
-5.558694692882171218e-01
-7.245587237817703308e-01
-8.178940065505716506e-01
-8.704656457347673681e-01
-9.031651112341354537e-01
-9.428762946456470395e-01
-9.541182737576254791e-01
-9.504973037948666326e-01
-9.608118918931878305e-01
-9.688314288674553243e-01
-9.766346510342968079e-01
2.681502449706089919e-02
1.126073808885911520e-01
1.913283512648966123e-01
1.962410005010543357e-01
1.783050924549111904e-01
1.413028166317765177e-01
9.697732904074274352e-02
1.143704941508782019e-01
2.025673261906034694e-01
3.108521249029062572e-01
4.327761304602384396e-01
5.870705858168796532e-01
6.651861746639227135e-01
7.227235871358654862e-01
7.993774692331755416e-01
8.607012931350341844e-01
8.651109301362408521e-01
8.537558593034249022e-01
8.650046063858731760e-01
8.725359179012053268e-01
8.849388879873540947e-01
8.770635571449310053e-01
8.448015714338130699e-01
7.715349908347348684e-01
7.608691881002379587e-01
7.580017703522727857e-01
7.816397685857897626e-01
8.333089611593742507e-01
9.365152532451286316e-01
1.348662468747695298e-01
2.110468038100065113e-01
2.566489802475772630e-01
3.269095973272804212e-01
3.166292322349039123e-01
2.275398771058042002e-01
1.545014267617738080e-01
8.982527999224089454e-02
2.250521753660018887e-02
-4.687166785057772511e-02
-6.684043458427853246e-02
-7.546981034425730150e-02
-7.603625668058160147e-02
-5.029897501445199093e-02
2.655232709431067095e-02
5.663272733691823713e-02
6.241433372703726612e-02
7.058477215200731347e-02
8.575027791570448421e-02
9.694920602966530798e-02
9.955846331581884312e-02
-3.210741205269711240e-02
-2.563809038412203090e-01
-3.716752756153353654e-01
-4.745786602514764918e-01
-5.416327279566927055e-01
-5.761698253841867068e-01
-5.912870386999348193e-01
-6.551243671546344016e-01
-6.493567052972183673e-02
-1.526421461441305194e-01
-2.287791089557590918e-01
-3.217631719012137292e-01
-3.839056250245336810e-01
-3.880815238756440966e-01
-3.638762234732574874e-01
-3.656693093949299755e-01
-3.999753302604553418e-01
-4.238469216346573698e-01
-4.098037104920516649e-01
-3.753048148625473535e-01
-3.110339949108189006e-01
-2.152578197325910325e-01
-5.033495777037269581e-02
4.820710933583674529e-02
4.996678102796824061e-02
-6.179493141124971223e-02
-1.289070575562012433e-01
-1.626472128862408162e-01
-2.527190028923399501e-01
-4.150852623677013242e-01
-5.266970084954731846e-01
-5.315221458088399409e-01
