-7.542065679358543606e-02
-2.562953563375251764e-02
5.077468714554754514e-02
1.017431524919743813e-01
5.910041402032576580e-02
-1.191931673463091784e-02
-9.137843733100392551e-02
-2.869273983241698023e-01
-4.806679990540504432e-01
-6.429642086282260083e-01
-6.082655937497736254e-01
-4.846712646579924288e-01
-4.051045784489234469e-01
-2.861111509434796085e-01
3.313783892869021086e-02
3.585033323206072708e-01
4.915413924962531711e-01
6.188771503574942434e-01
7.571749653193725615e-01
7.629540157988696780e-01
6.442667615543417048e-01
5.834982526564886918e-01
6.029512941380814617e-01
5.505132661629547064e-01
5.173464650481908178e-01
4.317941472361338517e-01
3.088519532206986939e-01
2.318387114075927680e-01
1.819392199103490315e-01
4.006153250300517610e-02
6.015822475917440015e-02
-1.769795972653719074e-03
-1.448544802142642252e-01
-1.432852559375036861e-01
-1.969950334920257118e-01
-1.938905939218352747e-01
-6.925983525757230252e-02
1.294198920339602599e-01
3.355620390201913272e-01
7.061247831708820089e-01
1.038860356950617847e+00
1.275614894287127488e+00
1.409531671800380526e+00
1.559007343785977717e+00
1.534184130801987678e+00
1.406277162109356826e+00
1.285555873265288973e+00
1.302884320854188482e+00
1.166362202033183415e+00
1.009903598431470817e+00
8.858910225124703164e-01
7.607121371860386949e-01
5.483023497233174837e-01
5.489399649267828751e-01
5.019149487071015159e-01
4.323373542757888432e-01
3.916390588196931311e-01
4.287591728369113397e-01
5.148034702962110964e-01
1.019000595145669597e-01
1.723128404253389256e-02
1.179513019492833270e-01
2.810253703671604097e-01
2.683134938987837281e-01
3.022454981609358771e-01
4.392759090596480287e-01
4.919740989821172472e-01
5.512585697953135133e-01
6.284982390570859057e-01
6.214829523574010306e-01
6.378507490093539012e-01
6.883321038782321821e-01
8.084268818017735780e-01
8.781022687813996308e-01
8.139935943739802227e-01
7.320464796032474242e-01
5.647254050602186215e-01
5.201036043058322456e-01
4.148861176200299150e-01
1.896577560309610777e-01
2.654894656560422006e-01
3.616166307933779134e-01
4.035300761402114134e-01
5.303185851649030447e-01
6.718013497001832368e-01
9.701601452019574801e-01
1.087556301005064618e+00
1.209658457262109188e+00
1.490351642808070309e+00
2.633839370082780018e-01
4.322235088204928743e-01
5.384788958946371551e-01
6.221390843908498614e-01
5.210758291851415036e-01
4.259524456494531153e-01
3.803843444214625724e-01
2.070580923281896690e-01
7.495845106510137801e-02
9.996181305385135052e-02
7.665432626956222850e-02
-3.331506571104658754e-02
-2.498403300883431100e-01
-4.043228883652850714e-01
-5.142210092189634096e-01
-5.604010861148056577e-01
-6.313813269135993833e-01
-6.477520745447949979e-01
-6.098478741409666393e-01
-4.774113311627716794e-01
-4.498526590235565892e-01
-4.045111134362309735e-01
-2.574641884920654267e-01
-9.476642743274751868e-02
3.346312247110047600e-02
6.863187764025020787e-02
9.654003988505634182e-02
1.160177603933520707e-01
2.343674510034656489e-01
2.066019763171593193e-01
-1.161830183966747199e-02
-5.659984782932268171e-02
-1.978204012553041458e-01
-2.092221313945122341e-01
-2.693324790023693960e-01
-3.146347271238561505e-01
-3.449056688942366833e-01
-3.507645243668820467e-01
-4.721326734536957503e-01
-6.022725682531970826e-01
-6.496882772143890428e-01
-7.382900332996433779e-01
-7.744165139725069924e-01
-7.395686088020176907e-01
-6.521451277530859736e-01
-6.094445760282647395e-01
-5.604635811196054807e-01
-5.175194831546057195e-01
-5.904698719058238954e-01
-4.751793766394883933e-01
-2.793083771848091645e-01
-1.594432692733325774e-01
-2.990497543488548904e-02
1.767259219453087837e-01
2.304351271184387207e-01
2.698137043126077605e-01
2.913745370902240950e-01
2.918957339099389481e-01
2.777479139381219264e-01
2.352883660449129888e-01
2.417711546772552747e-02
-8.139178859396996313e-02
-1.075083876684634621e-01
-1.301141814059938728e-01
-1.766080262513815280e-01
-3.117480894734702135e-01
-4.973997952495907704e-01
-8.253482971063921259e-01
-1.010897215461649346e+00
-1.017797774632500651e+00
-9.843045191101514879e-01
-9.988181227124474093e-01
-9.316916074922585445e-01
-7.979361013082831855e-01
-6.655877329089143757e-01
-5.264976272279084935e-01
-2.770696806005399360e-01
-1.427831572166246843e-01
-1.586443128790965273e-02
8.994110131380943229e-02
3.087528091116503726e-01
4.290076734736459341e-01
4.148819226665472759e-01
3.632294413491455876e-01
2.486548723335870736e-01
2.448491877258930360e-01
2.746209304823630237e-01
1.320969792128316722e-01
-2.119275615851924643e-01
-3.411435159722029375e-01
-7.464409344597383589e-02
-2.454900828252425948e-01
-3.055292854099595501e-01
-3.503211014914501820e-01
-3.970971814692066393e-01
-4.518339170057884546e-01
-4.365124330060895508e-01
-3.280718118382922044e-01
-3.027747820019832115e-01
-3.521436540495093692e-01
-4.361048475772331678e-01
-3.906393300759007925e-01
-1.719958271464614163e-01
-1.706701521395059817e-02
8.214496168247502339e-02
2.226161265860107097e-01
2.610163902208324505e-01
3.092252913183211049e-01
4.563144851682765513e-01
5.603487730636513842e-01
5.931589514418247333e-01
6.033331237990366969e-01
6.412673124898780053e-01
6.762168900788866344e-01
7.619854953728137925e-01
7.511592080534414961e-01
6.240930751834679047e-01
6.023322646465059105e-01
6.477862503608100564e-01
5.090734274409611793e-01
-1.069351072133729041e-01
-8.194921407925545576e-02
-1.842216298340371150e-01
-4.066610821338855208e-01
-4.208367410101759853e-01
-4.521766292098010065e-01
-5.370700723471260041e-01
-5.417261857615676135e-01
-6.433571243281492880e-01
-7.707624291479113765e-01
-5.917414238803088145e-01
-2.783260093938261792e-01
-4.877557436606233532e-02
8.823447971965986403e-02
1.683091463820332034e-01
1.792929674781816307e-01
2.727349220832469556e-01
3.576664002812766641e-01
3.220369171318593904e-01
2.128945050458298793e-01
1.985831561981908355e-01
2.223063704875927749e-01
2.262183033760053474e-01
2.998665188720125441e-01
2.646963962150863381e-01
6.169359368805965582e-02
-4.720550856193087008e-02
-1.085563763330811005e-01
-2.074350864421672935e-01
-2.729303807845079310e-01
-9.791882695451980742e-03
-2.713497100356700997e-01
-3.277909432765552245e-01
-2.418086027860124887e-01
-1.632474813004895497e-01
-1.084569868445679902e-01
-1.002522848983471992e-01
-9.246125238214696063e-02
-6.109472883386909969e-02
2.352094841898199895e-01
3.776474891138531520e-01
4.106527389060419253e-01
3.912878471892023979e-01
3.913430355555342355e-01
3.664975808787455658e-01
3.733823281256225535e-01
5.064635924804424816e-01
4.729424725646173555e-01
4.070582688678190397e-01
3.337665659731909873e-01
3.829944075896988820e-01
3.031782230382982224e-01
2.259749815630693881e-01
1.440265898391458188e-01
9.397534015883442227e-02
-5.559729882258875044e-02
-8.270091480329228029e-02
-7.668758894257883540e-02
-1.493859546877540079e-01
-1.716922409210639155e-01
1.184124419454196109e-01
1.682396437327181582e-01
2.574722560392638249e-01
4.205353357277072934e-01
5.355523540936366622e-01
5.696780794445549523e-01
5.916627045998861245e-01
8.091540682260027761e-01
1.075579952934684780e+00
1.237261944070881858e+00
1.307887603075080341e+00
1.517570940890350828e+00
1.818821367865274485e+00
2.051583021570761556e+00
2.201523195023885826e+00
2.100989030312748085e+00
1.746728533319464649e+00
1.272463346358684078e+00
9.606534058582463231e-01
7.595506751900507059e-01
6.059219791786067955e-01
5.701133332035512868e-01
6.439393880246947477e-01
6.662516256692302408e-01
6.891374710466779963e-01
7.590087331425812156e-01
7.713266361241186697e-01
6.506720523910162202e-01
6.040729167638869690e-01
7.386282266867224555e-01
1.194629719892176672e-01
2.353163366980723092e-01
4.339299985442240937e-01
5.531963244909857691e-01
6.140052509535464109e-01
6.938130114792748770e-01
8.456789000515290144e-01
9.081329472211994158e-01
8.648162252780750014e-01
8.062423676940124739e-01
8.254291655136327677e-01
8.068203567733293058e-01
7.233719045539396264e-01
7.236416612245848423e-01
6.442078518440873536e-01
5.321121054820858731e-01
4.746902556964059383e-01
4.984573544423631097e-01
3.333527296868967760e-01
1.088958866449611929e-01
8.591190703848838872e-02
2.965984596799526307e-01
4.628806065373698431e-01
5.480124284702576620e-01
6.784124643038416114e-01
6.569619855682088394e-01
6.644264639965952179e-01
8.222922260883138712e-01
9.791367376119159971e-01
9.587097434164282284e-01
4.223488057467088969e-02
7.384819934195938074e-02
1.594398968133095285e-01
1.417190261041432753e-01
6.997927451766333684e-02
3.749629631220621762e-03
1.302386633713248365e-01
2.557671566435409938e-01
3.218226122893932395e-01
3.558779595896452985e-01
3.773395388093115921e-01
2.234700665920918983e-01
1.328479417312533606e-01
1.089965211811849549e-01
-1.574643713917270316e-02
-1.364936695609666739e-01
-1.670810853128044671e-01
-2.771767828044026660e-01
-3.501018694828014755e-01
-2.758937297253183374e-01
-2.801534505163414401e-01
-3.718226350697658722e-01
-3.428625282946971553e-01
-2.009687511303612228e-01
-1.414079147864186203e-01
-1.121339953490377572e-01
6.433805045759732888e-02
1.626867076014550106e-01
2.628750112559533059e-01
3.656449611073112616e-01
1.896177140586871868e-01
2.882349215709033574e-01
3.725100329256636478e-01
4.407409170870683623e-01
5.389144306326523193e-01
7.060076006230736612e-01
7.517410002626164767e-01
6.354127523854069537e-01
4.562110115153196199e-01
2.912541369508840350e-01
2.087929046113213283e-01
1.505307279348369331e-01
6.512831293697451951e-02
-4.154434022110978231e-02
-1.101422782601171185e-02
-5.301958476755689459e-03
-3.263259741578386931e-03
7.421651107784647816e-02
2.286747749999548662e-01
2.952768792347753024e-01
4.166009638867515519e-01
5.175654682602920387e-01
6.431766245034367113e-01
7.009790921729801561e-01
8.314293949200241007e-01
9.174651215692565254e-01
9.453236332192005431e-01
1.008787925207507152e+00
1.091479708564877749e+00
1.082825992648206892e+00
8.320388625965924323e-02
1.465214552673704262e-01
4.002326956627344501e-02
-1.216542045735012900e-01
-1.811909919612575970e-01
-3.158985124449714132e-01
-4.109451604823940452e-01
-4.932944742737086496e-01
-5.368878521616691213e-01
-5.498224347577789217e-01
-5.817616765663007339e-01
-6.270760172662068754e-01
-6.017287584569441794e-01
-5.179956979223199198e-01
-5.521396420882543898e-01
-4.606441849242521314e-01
-4.230496716225308762e-01
-3.569852982586828039e-01
-2.476987854335968575e-01
-8.078414472242154143e-02
1.051664221842026070e-01
1.048423823756542694e-01
1.147888057530407346e-01
1.937415998827011210e-01
2.252900365133650440e-01
1.801662901909381886e-01
1.403811752031158822e-01
1.413955053241169879e-01
9.803752178738542322e-02
-1.094748744215649217e-01
-1.725693945097334925e-01
-3.347517429718191995e-01
-4.850823276523336114e-01
-6.182768671946585748e-01
-7.647903940810434342e-01
-7.345928156199484915e-01
-6.782425027006504514e-01
-7.103049349904896337e-01
-7.110239706169154683e-01
-6.915556176764733332e-01
-6.955424488329966515e-01
-6.355351673906488585e-01
-4.249620162373113907e-01
-1.784242003272042409e-01
-6.050860085140867539e-02
-4.356452113986020169e-02
1.449110147114754388e-03
1.624341135423355495e-02
-1.499656925737482757e-02
-6.406035711118923670e-02
-1.139878266773349802e-01
-1.871921169060266066e-01
-2.302766589981442569e-01
-2.352344005889053791e-01
-2.410718545374136434e-01
-3.514527763149258854e-01
-3.748526589812010701e-01
-4.033242729483293432e-01
-4.482753170341251536e-01
-5.530644255970035283e-01
-1.477618866221703207e-02
-1.705609024146366448e-01
-2.786835420147384390e-01
-3.316051035869570507e-01
-3.350190370495323977e-01
-2.797647785083472449e-01
-8.782137261701852826e-02
1.571292316756077445e-02
3.985137820858440649e-02
1.689115912145780496e-01
3.278267157742843496e-01
3.633728015215856311e-01
3.431703815216585740e-01
4.229810914876300787e-01
4.767293323339033551e-01
5.700230548357075877e-01
5.901479511763412233e-01
5.629075807296374245e-01
5.969221322925908346e-01
5.670255783931870130e-01
4.947914516816204200e-01
5.030029163573168649e-01
5.300724043491424897e-01
4.677779344560049068e-01
3.549408892361036738e-01
1.945947518505616314e-01
6.741797561027296215e-02
-1.424253345310784458e-02
-5.040342987164049895e-03
1.718265468197014562e-02
-8.749748279039866461e-02
-1.751352778125268017e-01
-1.607061323362256045e-01
-1.630319950633425385e-01
-6.541892879841229580e-02
-7.023536487047321586e-02
-2.103964639584071095e-01
-9.850721298238433732e-02
2.067688017510844745e-01
3.215405955183399667e-01
3.507491960285197274e-01
4.514702554556795921e-01
4.697972307064764985e-01
4.451558383989943635e-01
3.945347810855023285e-01
4.013152117114516804e-01
4.077446847546096209e-01
3.902193126331880979e-01
3.721011828538081656e-01
3.727760374425352907e-01
3.083868525227254076e-01
1.598095944429157034e-01
1.894468187361866840e-02
-2.620751807386106219e-02
-8.454443907747215270e-02
-1.181626960299058393e-01
-1.594365624994167341e-01
-1.007532732880914161e-01
-1.858699991544185415e-03
7.003735072667204020e-02
-3.496195845637590019e-03
3.601783693538720271e-02
7.050030300649011428e-02
3.004513357263433604e-01
4.926361769745772889e-01
5.740410587070600146e-01
4.864505401319372258e-01
1.420112240218429633e-01
-1.315460188442557632e-01
-2.267175429630720607e-01
-2.535235665812284322e-01
-5.291297565611871589e-02
1.484815285391905548e-01
1.855960325955805512e-01
2.143230468181520632e-01
3.125962202855090410e-01
1.614980877294796002e-01
-2.652105038428720363e-03
-1.631096987341908167e-02
-9.917980645094184866e-02
-2.548926698668599888e-01
-2.845367344196264581e-01
-3.621885752102207423e-01
-4.776385897361745680e-01
-5.743912785286701128e-01
-4.012169800059581792e-01
-3.148953650415604044e-01
-1.806409093156698120e-01
2.617453912621992007e-02
7.326079909803742685e-02
2.644137331657500298e-02
1.325699974791342550e-01
3.340199960044626382e-01
3.293839034200025662e-01
3.987273842671414936e-01
3.927615347481739350e-01
3.282592195856424699e-01
2.488554023597709663e-01
2.051523943448446408e-01
1.932145532529108978e-01
1.767705282543700629e-01
1.538665058155195831e-01
1.032243209794722616e-02
-1.380005646458374591e-01
-3.125467601795951511e-01
-3.335757686881529738e-01
-2.763733555814033571e-01
-3.005965192660311480e-01
-3.023588156888251111e-01
-3.326803235636598410e-01
-3.947660575483642464e-01
-3.279991024352230666e-01
-2.592610912239648457e-01
-3.165781572648486142e-01
-3.449166695042095721e-01
-2.480435219422101878e-01
-2.613214427979430599e-01
7.561306880809526287e-03
1.977416194022098006e-01
2.471807602109036828e-01
7.475119617486683521e-02
2.764517200665555507e-01
3.225683696898496433e-01
2.580643376704671033e-01
1.957625087583560741e-01
1.387551305037901805e-01
-4.102782663736803670e-02
-1.016845241206819073e-01
-5.513428859430134776e-02
5.292244838082717229e-02
-1.170663473782689451e-01
-8.719810218107911792e-01
-1.440412006673917444e+00
-1.661957578193094642e+00
-1.691367874986924091e+00
-1.701227941029696211e+00
-1.559768604120777225e+00
-1.426750053783680139e+00
-1.272380396089604293e+00
-1.122559686278844282e+00
-1.005753198909597135e+00
-1.071025821487154417e+00
-1.093140423257738414e+00
-7.559696770351287398e-01
-4.528140934494745973e-01
-3.678322922107072346e-01
-3.287191802418488740e-01
-3.622142771064742472e-01
-4.081725594473197827e-01
-5.354564466048268301e-01
-1.687217981128153188e-01
-2.899714867098409643e-01
-2.397162281273405027e-01
-1.958484401453421953e-01
-7.503081614006201772e-02
5.793148636693892795e-02
1.065616068162858476e-01
5.736957108178272757e-03
-1.092451099297540515e-02
-1.416470053910388327e-01
-2.719268248851854364e-01
-3.530852922380581238e-01
-2.977464573036612272e-01
-2.022949564653280241e-01
-1.096712288931325913e-01
-1.490200797067776084e-01
-1.248045451227863395e-01
1.304443036366724484e-02
1.007571622248795706e-01
8.206996170090891107e-02
1.040002817540015972e-01
2.894607307261447549e-01
4.171095846961940246e-01
4.437215961073965320e-01
4.129425718188080574e-01
2.889495019366297712e-01
1.948062822624438417e-01
2.468328256859691205e-01
1.663487861170317439e-01
1.522580140009946459e-02
-7.008259518340593727e-03
1.069727178691033814e-01
1.464749783408011985e-01
2.726723428563364582e-01
2.525695435852474136e-01
-4.878405984496181347e-03
-1.550795216045363634e-01
-2.368867929253361260e-01
-2.767959903542051014e-01
-2.605755671190080336e-01
-1.866250014033350446e-01
-1.759796642436880221e-01
-1.325794997525216179e-01
-1.154192189205700408e-01
-5.433535220208150773e-02
1.924608531580838944e-02
1.186105132798134509e-01
1.155342851249069602e-01
3.652135861733860067e-02
-4.454952630361189159e-02
-4.246472360479626451e-02
-2.160788509893787554e-02
2.143824534513349145e-01
2.756233813470101990e-01
3.180456452261111733e-01
3.411700915045047244e-01
3.326329464416671322e-01
2.756975378811650224e-01
2.483390692029615876e-01
1.861620109062354089e-01
-8.081634239794940888e-02
-2.616394099847337007e-02
2.105778860187710461e-02
8.147473131946494918e-02
1.952073835833542104e-01
2.456101228007302739e-01
1.021176381655927445e-01
-1.257792757927921057e-02
-1.314517794381485083e-01
-2.001202494641109997e-01
-2.474635580283659486e-01
-3.752660032597379125e-01
-3.645447519886287902e-01
-3.605789516771668590e-01
-3.200241057135828626e-01
-2.762363523373491669e-01
-2.245721486816651680e-01
-1.914998283022469605e-01
-1.608020390336850625e-02
1.835886705971808419e-01
2.274119082026773986e-01
3.483746842449523817e-01
3.971244611925651147e-01
4.641616431733155412e-01
4.675938310489379246e-01
4.943533796032427152e-01
5.075323868211361056e-01
3.907898540145957056e-01
2.004245871662171941e-01
1.642742395919615517e-01
-6.622708914844321892e-02
-2.560027392074298858e-01
-3.088641282425813595e-01
-3.074779748761028442e-01
-3.539700316771590138e-01
-3.340413755970501608e-01
-2.270214248076287133e-01
-2.316007153233960447e-01
-1.829393992525309431e-01
-1.745269308166969291e-01
-2.540191456913886703e-01
-2.628930987360589278e-01
-1.594223266185738619e-01
-2.434046223379998097e-01
-3.337343658042948302e-01
-2.445305015535498838e-01
-2.175326334743558909e-01
-1.828007289354771081e-01
-3.582768257644303178e-02
9.090074365657629940e-02
8.034177235220833768e-02
1.136255026639917953e-02
-5.659589950855982432e-02
-1.738018018195920389e-01
-2.175054895940761734e-01
-2.080260265676824316e-01
-1.750356589560759790e-01
-1.875905110563572675e-01
-7.011442183416921603e-02
-5.255993937366625068e-02
-2.419031471206080364e-02
-8.952272218767004519e-02
-2.304175116974870596e-01
-3.754502465370180841e-01
-4.609787636391994847e-01
-4.928459233364306802e-01
-4.659465894750406956e-01
-4.093231261136385246e-01
-5.558644720300972564e-01
-5.391538992262842056e-01
-4.684610981892599613e-01
-3.756510625139062864e-01
-3.608637543561090122e-01
-3.779481250716589247e-01
-2.892522294896027746e-01
-1.760507069921153078e-01
-3.012673160752563084e-02
2.073393517937886787e-02
6.329991239880511378e-04
-1.639034775324263449e-01
-1.614688676585352700e-01
-1.344836131953939251e-01
-1.485595147386797599e-01
-6.574704782299936601e-02
2.078862666360165035e-02
1.198338884916584982e-02
-3.482137040561147923e-02
-2.536871761898112920e-02
-1.618741242693032545e-01
-2.785079520335640435e-01
-4.514074123280036044e-02
-3.918513987464033316e-02
-4.846710772310004051e-02
-1.175721189319307303e-01
-1.925731753797196300e-01
-2.078608203762497275e-01
-1.581501251406656205e-01
-1.759083377849998964e-01
-1.082156265202677548e-01
-1.091668937305733111e-01
1.142368742187607755e-01
4.051022800321909534e-01
5.333139099802612915e-01
5.429895489547943432e-01
4.977899843143062109e-01
4.745243932011878329e-01
4.637667102496756955e-01
4.334896872488335218e-01
2.900861537350332142e-01
1.609688499287840469e-01
1.785658559188409988e-01
2.128843325029040889e-01
1.309116669348751594e-01
-9.562513140824421831e-02
-2.786914511493100988e-01
-3.358017648703269797e-01
-1.513050248587395341e-01
-1.479584942051018481e-01
-2.110293338210873226e-01
-1.065112956905760189e-01
8.676405621156609016e-02
1.362493771188818537e-01
2.084163268208205078e-01
2.476087911641097761e-01
2.838704451082075253e-01
2.699071431174119295e-01
4.822493797403624716e-01
7.038730619501392116e-01
7.857578077600294586e-01
8.377651204928848738e-01
6.951828011430309928e-01
5.403040407221217922e-01
5.195846597117471655e-01
5.315965223373741999e-01
3.117794292737678385e-01
3.053293212543768953e-01
3.834200570320367429e-01
4.484878846915302253e-01
5.153476631813138642e-01
5.180453862090729222e-01
3.020704112163673516e-01
1.229396052999703337e-01
-1.139710887666747496e-01
-5.394945206841964547e-01
-8.620232219502781401e-01
-8.048906032863747395e-01
-4.635225443590439420e-01
-4.301801378517287056e-01
-3.744730218092010010e-01
-2.275779698935768425e-01
-2.588304747521921571e-03
-6.387164021666849600e-02
-1.221898801405184309e-01
-1.995004948692007118e-02
2.212164198695479866e-01
5.461566635712062912e-01
6.834930253954671908e-01
6.645167562180082088e-01
6.358342988352136960e-01
6.281138242647756886e-01
5.519986345030197805e-01
4.538012755134314125e-01
3.546384623289758897e-01
2.622278327368467998e-01
3.540989461467372035e-01
4.584712456161288419e-01
4.898065850475281646e-01
3.163467167759700382e-01
2.025283642721970589e-01
7.619089102728340834e-02
1.474796046242274339e-01
2.460145400304038499e-01
2.019889653897353754e-01
1.709988326809644132e-01
2.083347961845679608e-01
2.191678003210198455e-01
1.737767433524931848e-01
2.000050787976715150e-01
1.234057534847364385e-01
1.705327224864360003e-02
3.138234344432581091e-01
6.058659798993566437e-01
7.138133510518713809e-01
8.039657092154529616e-01
7.946381594061501241e-01
8.048992785539197392e-01
7.553888272900424194e-01
6.414552904261617838e-01
5.128546766930499601e-01
4.741240566138039125e-01
5.054151845172278890e-01
4.634204969516402262e-01
4.819262906171929428e-01
5.137276320836315913e-01
5.037553563047658667e-01
4.951384981610830183e-01
4.265870595890318695e-01
2.911317098272939718e-01
7.508090051869795167e-02
-2.796256600720994911e-02
1.856439732060443520e-02
-3.416525615816512484e-03
5.783123768028838180e-02
1.482912116622874532e-01
1.470826879222097705e-01
1.845424926032799284e-01
2.757886029134700712e-01
1.581284863538306440e-01
7.042891072954249321e-02
3.897550248857792332e-01
2.269456767135412112e-01
4.503758538999690364e-01
5.578456418513377812e-01
5.622467387633128810e-01
4.103579477463554226e-01
4.074351870005856191e-01
3.572965250365217615e-01
2.415623791018250976e-01
1.658079226298191100e-01
2.445155969693742215e-01
3.119841253824723881e-01
4.129747285285437775e-01
5.293640431306851912e-01
3.949634391001080047e-01
1.559470908210874029e-01
8.509883813040380884e-02
1.086864352928258309e-01
1.515777830186628705e-01
1.746088980171393856e-01
2.604990123524066337e-01
2.061352027684371091e-01
2.385799396684838980e-01
3.126567552661713156e-01
3.640909156482213804e-01
3.862303550278471942e-01
4.431522194850703866e-01
4.453576336572742100e-01
6.961387812686679055e-01
8.627028999025592171e-01
9.743300220850797944e-01
2.635150625460222495e-01
5.997439033983278378e-01
8.318496595023827656e-01
9.851502241704984675e-01
9.878354342480737404e-01
9.115893404734142225e-01
8.658756964856635374e-01
9.000224032037873467e-01
8.183454117080509738e-01
8.059872606958603525e-01
8.524318922914350116e-01
8.538520904455692007e-01
7.953915226981743691e-01
8.094779812703921662e-01
7.982466552936228199e-01
7.275884780129316942e-01
6.812436338237344291e-01
7.083201036221461466e-01
6.125372595985965063e-01
5.325283756313180517e-01
4.380829974900374846e-01
4.114630115442555192e-01
4.123901222121367782e-01
3.548283133629162589e-01
3.314166220152634512e-01
3.297647277044955527e-01
5.410467475066316201e-01
7.117405323508242398e-01
8.991602167838927961e-01
9.669339860877380621e-01
4.984399005578032428e-03
-7.372757578512416365e-02
-1.026935533631434805e-01
-1.615172882329324044e-01
-1.993212682407198011e-01
-2.101568488056626827e-01
-1.510197381864899768e-01
-4.127607916959255552e-02
-8.772793367755007954e-02
-2.791440678289086597e-01
-4.626045703346650662e-01
-5.628838430397066217e-01
-6.414531300562533733e-01
-7.731499406127185781e-01
-7.779663584870880610e-01
-8.088429607260418930e-01
-8.034508545507338395e-01
-7.571450622056761226e-01
-6.702555029923262797e-01
-6.402448730457793724e-01
-7.065070736908536375e-01
-5.746591262278200052e-01
-5.999038348986526215e-01
-6.964828276831458442e-01
-5.929766161161773574e-01
-3.824603315997042730e-01
-2.924327396431131154e-01
-2.674073603455460746e-01
-1.248609397205776850e-01
-1.251787711473618947e-01
-1.920944041727816812e-02
-5.946903610784470828e-02
-1.196319615285938165e-01
-2.310916879135753998e-01
-2.320882718897716579e-01
-1.824167627958247773e-01
-1.297282079401921029e-01
-1.663410704208396484e-01
-2.830798110613216290e-01
-4.252468900008006258e-01
-4.868054932504354282e-01
-5.594550686477884893e-01
-6.390183195584639986e-01
-5.864145619430476408e-01
-5.536937171572154925e-01
-5.311347428665563752e-01
-5.039229880803771655e-01
-5.602505960904293758e-01
-5.946267104744878962e-01
-5.478905001072909009e-01
-5.690219901320549001e-01
-5.691481834974140286e-01
-4.798596140646870789e-01
-4.786165382358882336e-01
-2.949219666279563334e-01
1.437039410534321493e-01
2.727916597898405460e-01
1.818697185851791964e-01
1.628549552686391344e-01
1.999236748782703410e-01
-3.573274897076275658e-02
-9.812932200215015999e-02
-1.311409928624370780e-01
-1.788772888712629738e-01
-2.548090390798541938e-01
-2.570584041661547192e-01
-8.672570919973859871e-02
-7.225641069682320339e-03
-1.513904978377018651e-01
-3.826035470028635310e-01
-6.369962951746872548e-01
-7.157431931852978879e-01
-5.955825036559065921e-01
-6.937131832010126065e-01
-7.412366795203267911e-01
-6.394512207822538041e-01
-6.640218477097212801e-01
-7.702237532131001041e-01
-7.969049529504648177e-01
-7.737807144519607272e-01
-6.556375271050879361e-01
-3.556018069484545019e-01
-6.554170572980921872e-02
1.277153238830011639e-02
6.718829501879178268e-02
5.918555769006065420e-02
5.208202263675278804e-02
6.326018460414292721e-02
1.417713411737950846e-01
1.687574823656375345e-01
1.520914000693605536e-02
-1.405801923088022959e-02
-7.632670032993557618e-02
-8.071647780592206001e-02
-1.542474249286533150e-01
-4.519906115238180311e-01
-6.042718084329450345e-01
-6.134611388580167857e-01
-6.199006255787750108e-01
-6.312022300234838568e-01
-6.119078056443824076e-01
-6.162278293856030542e-01
-5.327884525465812482e-01
-5.370112631846568618e-01
-5.768433162462508479e-01
-5.687361358076782336e-01
-5.726145216737428267e-01
-3.697946639147979830e-01
-1.879670511679823464e-01
-1.323549181031786204e-01
-1.495924442358924911e-01
-2.150165890046372152e-01
-2.574095139657752163e-01
-3.012958569126454877e-01
-3.636453705543897241e-01
-3.930092442974165157e-01
-3.157228762149529855e-01
-2.792204017776359071e-01
-1.883831517957584578e-01
-6.772845037518651634e-02
-8.308854517457267205e-03
-7.164615055548399780e-02
-8.566286160360553348e-02
-1.448622958086463464e-01
-3.925546257921194715e-01
-4.487601234569270625e-01
-5.014577337717753824e-01
-6.673173899686715149e-01
-7.409436914523007678e-01
-6.841225930281025214e-01
-7.531710363051840051e-01
-7.170569252952927464e-01
-6.411326785842821341e-01
-6.802340391050353263e-01
-6.328580487642254671e-01
-6.153618409281603752e-01
-7.226572125879546782e-01
-7.470957959130938297e-01
-3.956204383058187224e-01
-1.913942103498653124e-01
-1.967351898325994664e-02
8.867339731666126768e-02
1.772427138483173570e-01
1.561213315211350539e-01
8.394136554472456102e-02
1.728612781934528442e-02
-3.866268245950006677e-02
-8.907855546051968165e-02
-1.069740411801020918e-01
-5.400088905634004011e-02
-1.623719585939326082e-01
-4.131802189772605383e-01
-4.921015430434453886e-01
-4.720389703194539099e-01
-5.584797865828603491e-01
-6.964869830321644972e-01
-1.001376601298028746e+00
-1.152186417610745028e+00
-1.302493284084433878e+00
-1.356865332010019021e+00
-1.307284586594174014e+00
-1.187153062793947056e+00
-1.145941698102435957e+00
-1.104221230073112014e+00
-7.647198411744805524e-01
-6.093196486418117619e-01
-6.041363272843177645e-01
-5.955614245947047358e-01
-6.191198561228261621e-01
-6.088302769028256511e-01
-5.253947947131291096e-01
-5.516691143950340770e-01
-6.338589842901770632e-01
-6.352753599474227908e-01
-5.136795485398129024e-01
-3.535734871782219013e-01
-1.022843214693217040e-01
-1.266995562276252429e-01
-3.819687354345212560e-01
-4.480446793065988587e-01
1.628002005908013236e-02
-6.685199755377869979e-02
-7.545170980607326938e-02
-3.176099741935915766e-02
-1.162975107424739918e-01
-1.162167885577288368e-01
-9.716679930999322368e-02
-1.150633611931110578e-01
-4.265802284514236264e-02
1.615936401083918339e-01
2.848965066081313169e-01
3.139906708800444535e-01
2.704303478140281380e-01
1.754199019402218895e-01
4.200487974147931736e-02
1.219076805917990516e-02
-1.135961321155800133e-02
1.452769164064976123e-02
1.007089433417965169e-01
9.043914012599216234e-02
9.721915437359329726e-02
1.645268582094298049e-01
1.721090518940557035e-01
1.145768829076098672e-01
1.042820988947658761e-01
9.343247836524362637e-03
-1.001559071016614733e-01
-3.005809478002027246e-01
-4.417311209167468222e-01
-5.479044825944461294e-01
6.563739451251465740e-02
1.197487124645104928e-01
1.163531156984183995e-01
2.648198694123303498e-02
2.833997331188743002e-02
7.220005924587810653e-02
1.862641640542741506e-01
3.725917820797320923e-01
4.859336874627914749e-01
4.937651486299424186e-01
5.425391467889724151e-01
5.134436887301403463e-01
4.702674421151314954e-01
5.186971283877547245e-01
5.692722003144661258e-01
5.479155326514120183e-01
6.334754712667298726e-01
7.806770885374640923e-01
5.100870015562107840e-01
2.609355502063143706e-01
1.427041363057294787e-01
1.557950124420107163e-02
-1.743264676284353443e-02
-5.844316178657044114e-02
-6.904336441167843730e-02
-2.844183501492167365e-03
-2.144868121264440625e-02
2.880077981672042597e-02
6.811516259947864027e-02
3.878235906370833264e-02
1.114839881068162564e-01
3.098019786052027547e-01
3.221584373393656664e-01
3.936862852031178250e-01
4.779018496491528323e-01
5.923501675156188639e-01
6.275476997871706208e-01
5.617418994394204335e-01
4.983735372502504646e-01
3.910680925274929165e-01
3.320496476546061504e-01
3.423530239812873632e-01
3.959015167533173618e-01
4.399564836083352803e-01
4.733072116044302335e-01
3.183918202262713271e-01
7.154033376863258575e-02
-2.501982531478752492e-02
-8.368136438560550006e-02
-5.666737142348059197e-02
2.944392872711805442e-02
9.499535898596180028e-03
2.726036720247203629e-02
3.807407222076822362e-02
1.716032314893909533e-02
1.103691221724015792e-01
2.239172833166220289e-01
3.344576556809340517e-01
4.455926142217611630e-01
6.050936851064923072e-01
6.508503034689749889e-02
1.195585472517725900e-01
9.103283612232045130e-02
7.252418847076727570e-02
4.883048596361534710e-02
8.894343742454055568e-03
-1.231955679324168301e-02
1.647834915286142121e-02
-1.650916331673964871e-03
-9.062412522906669599e-02
-2.442338923899145531e-01
-4.085249569164730588e-01
-4.552672060773818030e-01
-4.622894247079164520e-01
-6.191006925220847723e-01
-6.835196230382033500e-01
-6.067135943945680676e-01
-5.832414472410124562e-01
-5.079554551824755348e-01
-4.840293788958582866e-01
-6.087358596882705974e-01
-6.502315476876275868e-01
-6.066362891279066805e-01
-6.376379335006864268e-01
-5.255421210787237785e-01
-1.336337436448710170e-01
1.794019774838276904e-01
3.733452534967529601e-01
4.124739385735600727e-01
3.573530879895022716e-01
-1.388063820390899317e-01
-1.252373601006446235e-01
-1.610133462620274292e-01
-1.501803935918715749e-01
5.212628104177224886e-02
2.936645266211550948e-02
-1.793018276774309416e-01
-4.124266580637084290e-01
-7.119053690645538168e-01
-1.064747877119447850e+00
-1.276341452306795743e+00
-1.471300718044267875e+00
-1.654764312566824547e+00
-1.637844989878602719e+00
-1.588545827207775929e+00
-1.443311546009241608e+00
-1.360192119696393975e+00
-1.446975641266423640e+00
-1.370190619217416694e+00
-1.083559468519019742e+00
-1.057991821219638418e+00
-9.548315831696300160e-01
-7.824437846664524798e-01
-7.530454795142715874e-01
-7.541311708465078256e-01
-6.572454479362384028e-01
-6.242482252032035550e-01
-5.526988594519475217e-01
-5.061301567524492118e-01
-3.895598982125221266e-01
1.583913615776308959e-01
3.186192496306654576e-01
2.374129455301141056e-01
-9.413025270533142974e-02
-3.590971752731137445e-01
-6.864900589591373947e-01
-8.392778269967451354e-01
-7.812025380026695887e-01
-7.907232516049941262e-01
-7.610256918324460607e-01
-7.181122503872187091e-01
-7.979040334151131786e-01
-7.903098183201553439e-01
-6.723825890650704240e-01
-4.162725287243531080e-01
-2.036689837291176253e-01
-1.802519889203718639e-02
9.452163212269645842e-02
1.214072161795254345e-01
1.477708888812296339e-01
2.665023963184324218e-01
3.051238878145902111e-01
3.003342998932355123e-01
3.727271078165002027e-01
3.813811700559959217e-01
4.541789518199947917e-01
4.819929301961799473e-01
4.741126239730502068e-01
3.722433803778149031e-01
1.978269906366149633e-01
-3.164824024271759018e-01
-4.872129366308818876e-01
-5.313086505448695318e-01
-5.821584523361871266e-01
-8.500777641578910471e-01
-1.027820147090029668e+00
-1.016307976283902459e+00
-1.025938653735125161e+00
-9.573920697005968705e-01
-9.481235669216619977e-01
-9.701940673106166368e-01
-9.512435881206697807e-01
-5.901509929434803903e-01
-2.417511895889091211e-01
-1.555013982367625114e-01
-1.688718559586262769e-01
-1.449322931623813482e-01
-1.014651675203145087e-01
-4.814216091850763435e-02
8.527953160397976073e-02
6.094834119164864450e-02
7.522779380843787334e-02
5.996368071329349902e-02
6.891533304322081110e-02
2.911994822888701318e-02
-8.535268321160693894e-02
-4.096906828988483018e-01
-5.420726885683486707e-01
-5.286897979359453936e-01
-6.033701443267792675e-01
-4.204065774373315356e-03
-2.288447516751237337e-02
5.484601228203413170e-03
2.716750274084184236e-02
1.003601329719220753e-01
9.673538470007451984e-02
1.281634894669617108e-01
1.190555501157745250e-01
4.389146227389854049e-01
6.605481023434826016e-01
7.717534091624773662e-01
7.518859726356106332e-01
7.336108226764247453e-01
5.040684361013122450e-01
3.187221841677003731e-01
2.959754187915358825e-01
2.873120061216885013e-01
3.326743087857611525e-01
4.242113071806993263e-01
5.156909551149674309e-01
5.486293628308631654e-01
4.062056864689393976e-01
1.476849394467685817e-01
-1.419409654589974257e-01
-4.913404201206414412e-01
-6.343100015753984078e-01
-9.128438936775522539e-01
-1.260608419413824510e+00
-1.235612931926387992e+00
-1.003406223386492213e+00
1.793221805290676485e-01
1.762566413142635513e-01
2.830930517421911263e-01
4.726828729698184794e-01
7.437939903987057511e-01
8.202467672173388014e-01
8.704129518608122451e-01
8.648447829574569257e-01
9.127655878955901469e-01
9.580163352208426186e-01
1.011714986784532311e+00
9.369014196652305504e-01
8.165484702112769666e-01
8.063288392934995219e-01
7.421558536127352834e-01
7.709204867277474893e-01
7.145389658216839690e-01
5.544066006426455750e-01
4.362143772144135845e-01
5.910602594007495769e-01
7.942417371654330038e-01
9.326154213114241642e-01
1.017271244447921497e+00
9.483980733580611444e-01
9.670334794183548244e-01
9.436653151247919036e-01
7.630796257683167827e-01
6.925647012028277594e-01
6.278795422897740508e-01
6.239817845916155736e-01
3.988406622497107090e-01
7.744831167436095898e-01
1.003986340679012823e+00
9.883386143925262379e-01
8.287450428972635841e-01
6.327843243096087367e-01
6.006510109092634275e-01
5.503795312205804757e-01
5.053189665175008560e-01
4.709219081981503296e-01
4.859314762375032681e-01
5.047116433656820833e-01
4.094971894396313150e-01
2.961482751653682910e-01
2.119174851109283941e-01
1.489807081746143402e-01
