3.249135233166093317e-01
5.547886597843214584e-01
6.879198349637616339e-01
8.783892897269898192e-01
9.938981780919913245e-01
1.028110792356822900e+00
9.570809993227941126e-01
8.903186802134588351e-01
7.930227109689960141e-01
4.539740672983607062e-01
5.776509670072582647e-02
-1.733376853682188634e-01
-3.702305548692853554e-01
-5.041120243600611950e-01
-5.917918700456674674e-01
-6.302548091195723234e-01
-6.504071683577004048e-01
-6.149382725705598851e-01
-4.773979685742281709e-01
-3.537163904441271711e-01
-2.602871596859060999e-01
-2.057713613968103761e-01
-2.106405847977455281e-01
-2.503791607052874291e-01
-2.856484691926833852e-01
-2.762769317536926117e-01
-3.718595705375171145e-01
-3.940923879859958290e-01
-4.345881376413309738e-01
3.546399009050090617e-02
1.048188000914113127e-01
1.887043725916854875e-01
1.561239680621627490e-01
3.848250141922779366e-02
-3.832670425097778333e-02
2.689405796019127270e-02
1.662372627624594257e-01
4.122674252110782867e-01
5.501207161955599112e-01
6.119583268957303757e-01
7.755383264947487421e-01
9.660236906121935085e-01
1.131028581679207612e+00
1.293902624161384241e+00
1.455595030423752156e+00
1.555026369778740314e+00
1.611795099321141400e+00
1.645961941313916599e+00
1.580081430806871801e+00
1.525838625478832311e+00
1.524226023054547463e+00
1.604284120964585281e+00
1.642543482508924013e+00
1.679351110223678667e+00
1.762138116823718459e+00
1.798171889955348934e+00
1.803252520546522630e+00
1.875377945598277751e+00
1.936993186176144910e+00
-1.402319984991085879e-02
-1.596741916959161164e-02
2.845423918700304075e-02
4.434665215853071663e-02
1.284749538658186419e-01
2.345663690000089063e-01
2.237569216498987990e-01
1.300493114407057504e-01
8.162083942403294823e-02
-1.950903301486665853e-02
-6.630227941361718780e-02
-1.173729550359638441e-01
-1.683613601913226954e-01
-2.279184857706787470e-01
-2.314759686690068263e-01
-3.584762150288667293e-01
-3.333423028240482533e-01
-1.887828417891380672e-01
-9.787537229765479185e-02
-8.470080493404444355e-02
7.952789577381977337e-03
1.042238886592849051e-01
1.399672381143235167e-01
1.713365558602477912e-01
1.355319656693312336e-01
9.086315124140019461e-02
4.596151124619112655e-02
-4.210000956060879623e-02
6.541444069988473775e-03
4.077525747386303440e-02
1.197966850203696816e-02
2.602523192653586129e-02
1.042216348732646070e-01
1.878110383989927690e-01
2.804166689221614384e-01
4.068257714383929913e-01
5.198765725865712728e-01
5.957436399003142036e-01
5.913224764652272869e-01
5.459216229458185854e-01
4.888863066611655595e-01
3.903517387923768345e-01
3.417147982263982753e-01
2.864261230949990411e-01
2.604701368802944117e-01
1.925235753244111669e-01
1.928679733391953921e-01
1.695625043904781248e-01
1.532152575708391473e-01
2.585171908083784276e-01
4.337208988392424192e-01
5.704174078891931510e-01
6.407188569698415437e-01
7.079333412126797009e-01
7.446917762674015728e-01
8.629951295461887328e-01
9.550136808399785071e-01
9.504717962274734644e-01
9.787956261181540718e-01
1.025940776930200693e+00
-1.950716896544897605e-01
-4.085968905550658725e-01
-5.171337298194015331e-01
-6.488370117296080597e-01
-8.151225276729847646e-01
-8.777558122242025140e-01
-7.825415129683070958e-01
-7.197737116665579027e-01
-6.117165209193120567e-01
-4.377033658310255926e-01
-1.095362567803481180e-01
2.989370339614361161e-01
6.522159417170729778e-01
7.546247461172207460e-01
1.012413502451318115e+00
1.235785068270189413e+00
1.244954670538064745e+00
1.281407486123311124e+00
1.371289968957612126e+00
1.413192736770218172e+00
1.507991588258016158e+00
1.541274691886252324e+00
1.210160761761598813e+00
7.812301294146173358e-01
5.189822382678582757e-01
3.481910217704423660e-01
2.439194229386927315e-01
1.759806993382465323e-01
8.644456906104251714e-02
-3.141999377339162181e-02
2.156063109212599631e-03
1.129462551567387424e-01
2.444681677428992006e-01
4.240736693602655816e-01
5.354311577514477838e-01
5.433777044286562941e-01
5.604733021655229352e-01
6.141205847705304421e-01
6.766005031247580570e-01
7.070387286621632184e-01
6.937171553766162679e-01
7.047789283321014286e-01
7.818455840026046211e-01
9.429278477803731962e-01
1.030369146598578034e+00
1.013917244393419681e+00
9.719604650029864956e-01
9.458028675635050675e-01
8.830486202298639675e-01
8.397349611272897363e-01
7.652814050481093755e-01
7.127022974046579584e-01
6.026067425586273396e-01
5.234476295001763146e-01
4.969880401473067977e-01
5.408019921204503255e-01
5.390029522498012149e-01
3.937412153259803871e-01
1.649291836593573535e-01
-8.341568424398759785e-03
-1.691222321549811780e-01
-3.487434347996036799e-01
-3.275310194669399100e-01
-2.765600533034592301e-01
-2.968133421464997923e-01
-2.967079554316285894e-01
-1.649427603698771505e-01
-1.240001019232037233e-01
-1.030456127316088932e-01
-5.111261660827570025e-02
-4.907265943143978432e-02
-1.214276973892779721e-01
-1.273827747397389687e-01
-2.645290459221852353e-02
1.881820658186043188e-02
1.933074619926925669e-02
8.197046950049538538e-02
2.271586931726120029e-01
3.195980293106012171e-01
4.821494259117958814e-01
5.522840130784183454e-01
5.022903619785897833e-01
3.410125306762771258e-01
2.190146883978349446e-01
1.448684878476055871e-01
1.322019502762704912e-01
8.800088302443509480e-02
1.003469433299836594e-01
1.090815273574688438e-01
1.367828698730914616e-01
3.327872512367047869e-02
5.962193485124714365e-02
3.373447132589234287e-02
2.638585104984786725e-02
3.198735108006055261e-02
6.802511925741003274e-02
6.958146953465682572e-02
8.932865310468315889e-02
1.193858148281550791e-01
1.102483315977608735e-01
6.712208535281685706e-02
-2.393709098806942603e-03
-1.882914411023849793e-02
-2.189650430433906156e-02
-1.074794519892385142e-01
-1.735062717741055471e-01
-2.345985425779963662e-01
-3.426642745553756808e-01
-4.663922991560373599e-01
-4.950830837749805591e-01
-4.288141001727155954e-01
-3.672518673476637963e-01
-3.327719556906257869e-01
-2.301384776308990077e-01
-1.026696959978950219e-01
-5.821156463645866391e-02
-6.231491801737980285e-02
-8.944976258526080026e-02
-1.693572926737560713e-01
-2.154004792925170164e-01
-4.729788960013531218e-02
-4.709173744825141672e-02
-4.839311111207440091e-02
-8.546630509027368372e-02
-8.930868292747154435e-02
-2.947957300856099416e-02
-4.995527658506349750e-03
-4.517306271996676670e-02
-9.298781720548945917e-02
-9.564741845057363190e-02
-1.157279509345517793e-01
-1.409224256162839861e-01
-1.126470395222752552e-01
-9.290429468146563230e-02
-1.356612216799668036e-01
-1.488354873504834364e-01
-1.902857405856840933e-01
-2.223048148796418766e-01
-2.324120060725084480e-01
-2.244079980781413797e-01
-2.586689619085985603e-01
-3.241010749956046433e-01
-4.308442395058426078e-01
-6.602834933703949361e-01
-9.572765221434696992e-01
-1.172683076275060854e+00
-1.344151077273274542e+00
-1.434280286940859961e+00
-1.466710584699087550e+00
-1.607714731705543576e+00
-2.132562798556289774e-01
-2.955523077334641924e-01
-2.013562035143391937e-01
-7.463795932235092745e-02
1.190377771671470852e-01
3.726634152268577527e-01
5.522059803176779802e-01
6.608690711453775180e-01
7.025678246813324979e-01
6.892374362351325612e-01
7.126257395485716684e-01
7.857820287136638715e-01
7.966968873554177710e-01
6.883379667239998279e-01
6.348820372959251834e-01
6.708322601004216290e-01
5.888677505258614886e-01
5.156905307743984146e-01
5.010877045474346758e-01
5.806228346871543655e-01
6.120249585535496584e-01
6.966164670240899692e-01
7.277966178219977822e-01
7.585918157038816778e-01
7.470932844542675921e-01
7.330084852983667076e-01
7.825393647233712668e-01
8.113452605720693489e-01
7.547073116465093934e-01
6.851224973525464890e-01
-2.719523021883483299e-02
-7.254913060714059114e-02
-1.328224792551431499e-01
-1.124165057384348132e-01
-7.961061274128444776e-02
-6.700031350572697997e-02
-6.256271713534887480e-02
-3.196014635078826827e-02
-2.654384413384256597e-02
-7.341287219240877349e-02
-8.531595003844888447e-02
-6.798794124125458194e-02
-2.438231567309245840e-02
-4.246755424985652200e-03
-2.771734409309315264e-02
-1.407904318674847444e-01
-1.830134429557660203e-01
-3.052768444321184438e-01
-4.016414095428536002e-01
-4.468745749819484914e-01
-5.467173402221527923e-01
-6.520561901082282397e-01
-7.525124680230724783e-01
-7.897672033268466896e-01
-7.894000522345547832e-01
-6.814187918808758404e-01
-6.027672361654785593e-01
-5.045047577234166303e-01
-3.476029666864191570e-01
-2.338713841570227436e-01
-2.364752140055153759e-02
-4.459031119297177104e-02
-9.125424953682777229e-02
-1.740627271880861304e-01
-1.398301936520760513e-01
-5.634953799477573910e-02
-5.700097189739966597e-02
-1.661423928292824481e-01
-1.777629170098501965e-01
-1.222370114480349490e-01
-6.251106623780608440e-02
-3.644073683495872157e-02
-3.773452158575443804e-02
-9.963880487603579694e-02
-2.396455805444441534e-01
-2.578909991412416947e-01
-1.623565454259161822e-01
-7.761378452886145973e-02
-8.238746750361361504e-02
8.522033826419045388e-02
4.136260572852591411e-01
5.999356654333131145e-01
6.889212514376521490e-01
9.441617133298683129e-01
1.109568290173845506e+00
1.037538948633204283e+00
9.836815960371724232e-01
9.063112845512601989e-01
8.720612377969900741e-01
8.440133083440027884e-01
4.550651572791793165e-02
-1.828030754865518637e-03
-1.359766616171883269e-01
-2.309773316473555382e-01
-2.897695128445947343e-01
-5.152171651779573480e-01
-7.412398468071556001e-01
-8.106044219224196601e-01
-7.483999989002537712e-01
-7.468863332892422546e-01
-7.293048572502761617e-01
-6.796075637897869282e-01
-5.719796688987213162e-01
-5.672538020771681344e-01
-5.482624433831387867e-01
-5.630048886031950861e-01
-6.174508877574668153e-01
-7.517325781220534076e-01
-7.258968259476883400e-01
-6.257571197735614099e-01
-5.891919242558711911e-01
-6.207230547183620883e-01
-5.752310157770479382e-01
-5.773656369409946310e-01
-6.072972776300681330e-01
-6.311380296338285900e-01
-6.346982970749435182e-01
-5.974998574960910247e-01
-5.979541167344794017e-01
-6.124122715169578735e-01
2.420483425638230573e-02
2.541883273377927924e-02
2.373562286774819063e-02
3.740326256212418016e-03
-2.683773554867290717e-02
-8.323651485161123742e-02
-1.298184901185627516e-01
-1.199361720712382312e-01
-1.198591250838180328e-01
-1.128695975937636098e-01
-1.130181368621357985e-01
-7.678342340174518221e-02
-6.961518503876945596e-02
-7.939957609908629421e-02
-6.883164351297171857e-02
-3.745277808868806985e-02
-1.174033088754750931e-01
-1.625933639649586593e-01
-1.984781497152632579e-01
-1.826651385477185696e-01
-2.005665488815083219e-01
-2.492247653588707534e-01
-2.831000630377736860e-01
-2.936482575210117574e-01
-3.065068728082085414e-01
-3.084796495857782261e-01
-3.283907337233537560e-01
-3.404333476264320701e-01
-3.393875043559143601e-01
-3.195365749934565014e-01
-1.975176933927818776e-02
-9.302848543554856353e-03
2.781608620109020380e-02
5.614312700123450656e-02
1.989340394051952038e-02
6.785867597203187190e-03
-2.702449739208763121e-02
-3.798820279571474279e-02
-3.334877435250081096e-02
-3.841205496624122001e-02
-1.919874629692755463e-02
-1.320884435477263572e-02
-3.031920051152439330e-02
-5.330692264523949342e-02
-9.837499932973180206e-02
-7.398550217583343969e-02
-5.416820856211494728e-02
-7.888233199159544462e-03
8.342678108939652337e-02
1.481465470835190146e-01
1.381763691546556150e-01
1.164760326395765794e-01
7.660950439636333986e-02
1.015863733327231622e-01
1.362981813450613866e-01
1.751010091255010837e-01
1.623464299864769700e-01
1.418365237799100453e-01
1.056359405716187638e-01
6.082446809872280036e-02
-3.781434218728701308e-02
2.581384197504165562e-02
5.682188143280540726e-02
3.235771236812233498e-02
7.524158555986398822e-04
7.156166875034643965e-03
4.467736017956539830e-03
3.634690275898488920e-02
-5.276247657577867733e-02
-1.623406378932073513e-01
-1.915664795925262343e-01
-1.157655302245619439e-01
-1.058492870498625726e-03
6.519737379993566229e-02
1.069098893402972983e-01
2.231074164506355872e-01
3.203845007390747068e-01
4.091600960172845358e-01
4.974095775290252042e-01
5.487772039397511570e-01
5.781252827155669571e-01
4.851117643618029218e-01
5.054592621647804318e-01
5.153524042457974241e-01
5.733957040609676259e-01
5.434846401118317294e-01
5.327912414846571743e-01
4.577519671267141765e-01
4.610553293380466044e-01
4.629681360277188573e-01
7.443110008269570102e-03
-5.674002241762252097e-02
-7.189516217616970239e-02
-7.477087635656075315e-02
-7.795788331780824365e-02
-1.072671121514915116e-01
-1.852850835990096368e-01
-2.413762455106342741e-01
-2.057118506825073578e-01
-1.861123115656992122e-01
-1.317260637281015556e-01
-6.220122134513648982e-02
-2.078217947678714927e-02
-1.724414159359195092e-02
1.024323193713674862e-02
-2.548507609070625735e-03
-2.811443752156328468e-02
-1.209700534799105637e-01
-2.920225991827138379e-01
-6.346957196712761373e-01
-8.809260152318967307e-01
-1.108260307229607333e+00
-1.262475219394854298e+00
-1.385901677641485197e+00
-1.413020024366419047e+00
-1.460328198615505446e+00
-1.427394077750755663e+00
-1.418618813618286678e+00
-1.425019515848542584e+00
-1.494982690552896454e+00
-8.724814914137726460e-03
-8.155631388426634598e-03
1.021740011655128400e-02
5.297270094835064037e-03
3.468302914155835595e-03
-2.344969221837030909e-02
-4.081983181567341162e-02
-5.559815070018168937e-02
-2.014871555929528824e-02
-1.712604264753597727e-02
-2.987192035830712328e-02
-7.101192496883634853e-02
-1.016832850887454121e-01
-1.210108347246017790e-01
-7.755368643252380512e-02
-4.529457190530290084e-02
-1.539380865523786932e-02
1.135611542833226545e-02
9.557220680420788761e-02
2.525425172000653751e-01
3.923925639516072650e-01
5.013511182666116062e-01
5.645637496295913271e-01
5.993350896547663398e-01
5.766337748811132258e-01
5.466660590696806876e-01
5.024826849505686921e-01
5.869489785077435240e-01
6.711065379784588725e-01
7.883178599290350252e-01
7.044608467103996574e-02
1.571899872700835976e-01
2.507185406932848082e-01
4.105459426374775678e-01
5.843309278052557509e-01
6.206488284345751394e-01
4.849166815969396249e-01
2.039847123862811862e-01
-9.291112689438635330e-02
-2.406808871067297462e-01
-3.614818505962688611e-01
-5.012338317399137599e-01
-5.954005984034880239e-01
-6.152258143079305519e-01
-6.444825025048069866e-01
-6.643399748698405327e-01
-5.692025390410958563e-01
-4.811849059976298082e-01
-3.993484997142290882e-01
-3.624221044381166768e-01
-2.719943185886414261e-01
-2.375597239881581946e-01
-1.819811308429286623e-01
-1.269657271935052123e-01
-1.446952632398354477e-01
-2.174394804724383290e-01
-1.973443715813323340e-01
-3.997817208954129731e-02
1.295356005620078993e-02
-2.209781816569203819e-03
-4.808556809426158679e-02
-9.399811544081780601e-02
-1.033594690547219863e-01
-5.100604231752029621e-02
1.548885289685291572e-02
4.370162203552711844e-02
7.018172903188245326e-02
3.655804304342477606e-02
3.319411270761324362e-02
-7.757116356100457466e-02
-1.552304333225585364e-01
-3.142307984882678484e-01
-5.165675202841188973e-01
-6.518997471276699596e-01
-6.738742992500891260e-01
-7.091439701974828758e-01
-7.533890703085371898e-01
-7.749972666732872772e-01
-7.580664434278280295e-01
-6.957018699281132257e-01
-5.448886446225762459e-01
-3.960821368480953453e-01
-3.492593596250314625e-01
-3.287478874850681132e-01
-3.168266679186331203e-01
-3.360665596723435011e-01
-3.705803172022770209e-01
-4.292443992801983632e-01
-4.976771490027864786e-01
-5.066057290905077171e-01
1.058876053055769484e-01
1.954963081266830605e-01
2.330855659604372521e-01
2.431738404415882959e-01
2.679309608466472481e-01
2.358053956873248369e-01
1.929986301123203796e-01
1.820523448599534466e-01
1.526055303055353640e-01
1.690610311897619567e-01
1.311321907015366717e-01
1.556987169655140169e-01
1.808435760703245021e-01
2.793961323967268928e-01
3.280708758647432610e-01
3.334391754707443645e-01
2.665523376876000050e-01
2.510972112837736581e-01
1.672121878570124731e-01
1.730891242034033328e-01
1.561171498643879607e-01
1.870451143304039110e-01
1.630969846639200305e-01
1.999693833044570157e-01
2.653795976722480576e-01
3.078853540708167413e-01
2.972208242998878869e-01
2.880762125271165153e-01
2.089712948434843121e-01
1.601277464089787550e-01
-8.036642751824764341e-02
-9.357367947086484006e-02
-1.063300746177594791e-01
-7.023459828503728075e-02
-8.300103819629998936e-02
-1.194845422624393472e-01
-1.347742634723965161e-01
-1.586891931881249385e-01
-2.011349728825082284e-01
-1.978277790834620797e-01
-1.094395052809451208e-01
3.883321551398924432e-02
1.430825709391137512e-01
2.491784473007069289e-01
2.463150100181894508e-01
2.800376599815173617e-01
2.904896140912025526e-01
3.880439234036934804e-01
4.403625363511462498e-01
4.982251359359697318e-01
5.179371722648096199e-01
5.083249210146137953e-01
4.700299679538804121e-01
4.051681872144349827e-01
3.016607167515680255e-01
2.636766172326037161e-01
2.588834838488969781e-01
3.154985690080096550e-01
4.167445572656925945e-01
4.989309280257264723e-01
4.219279010563042193e-02
1.462030063186630507e-02
2.107492441452725462e-02
5.297651163674252373e-02
1.081397885987739060e-01
1.279632693669370824e-01
1.448689850782516331e-01
1.169740199612141901e-01
1.295700222799699153e-01
1.628600131784178340e-01
1.724453244276764607e-01
1.352478922304829745e-01
5.401203525985030784e-02
2.440573456225549401e-02
2.595425678123704921e-03
8.930236568068277564e-03
5.432114625272325970e-02
1.807388870142470072e-01
3.771011346681693022e-01
5.399693933011618929e-01
6.434918453406397454e-01
6.534975669800321407e-01
5.942160363222022124e-01
4.650399317575457103e-01
4.093168613060305105e-01
3.267175231564253268e-01
1.299966238487355596e-01
-1.196087854486904689e-01
-3.042398002200442653e-01
-4.193303484897934474e-01
1.261942097499892668e-01
3.005711059081443981e-01
4.426473044136554069e-01
5.266139206132034456e-01
6.385005519681488106e-01
7.825790185723298098e-01
8.363398146591426441e-01
8.505371126054273034e-01
8.628068387285733332e-01
9.736119798469249353e-01
1.004104491329807836e+00
1.038015716826055534e+00
9.974925014566480286e-01
9.985378921902881011e-01
1.005954606002976481e+00
9.433099987965948285e-01
9.505321378443953861e-01
9.236408849233235241e-01
8.884650696847309348e-01
7.996096619347516921e-01
7.580652057401477961e-01
7.366066751122961609e-01
8.379371645786605205e-01
8.794229429903765993e-01
9.414323851720768355e-01
9.549856495573825210e-01
9.652955172131207906e-01
9.288794653605049190e-01
8.933424758365678953e-01
8.320211633763568981e-01
2.910738212497777141e-03
-6.074130729730885248e-02
-9.499949676086232031e-02
-9.492059057904576880e-02
-6.740980826440827467e-02
-6.371344230369489769e-02
-9.188359707787996378e-02
-1.144275529630290056e-01
-1.745264177455653209e-01
-1.849569368593743379e-01
-2.134357722086182851e-01
-9.853337607672178755e-02
-2.268586482880723121e-02
1.281276948172448971e-01
3.644434827368067120e-01
6.037078730643872237e-01
5.655882275198533815e-01
4.112762039282566451e-01
2.959724624657382730e-01
2.076263918716034218e-01
1.506142738666678693e-01
1.021415881571885731e-01
6.871000940077293118e-02
7.628425984011201477e-02
9.799508408922369407e-02
7.827130585410108088e-02
7.816918228374343525e-02
6.230014359501282600e-02
1.362412119672745947e-01
1.032513906938323789e-01
8.490418028397006545e-03
-6.140909357373536270e-02
-9.414949613961362540e-02
-1.275694060941575392e-01
-1.690103080400983671e-01
-2.557350265233315767e-01
-2.871678754468202088e-01
-2.162726979668945226e-01
-2.936234437015368126e-01
-3.123402493527745460e-01
-2.967057932785540642e-01
-2.822057152769594235e-01
-3.416652554067156622e-01
-3.141493199371695466e-01
-2.752406859567734787e-01
-2.085022580468775810e-01
-1.799375118029552800e-01
-2.077131390338324557e-01
-2.368369890592525173e-01
-2.354986564316266240e-01
-1.895029327359334381e-01
-1.202276349292213803e-01
-5.704633474864490017e-02
2.637507091250393398e-03
3.719037431790873233e-02
8.997815778619669413e-02
9.023734141462617930e-02
9.547475056771534407e-02
5.201104407960383674e-02
1.009573260466632011e-01
7.801957367538935040e-02
9.080431230289420785e-02
1.029076039186112568e-01
9.740260358285315889e-02
2.733266098412734380e-02
-8.489119519611319775e-02
-1.604028625315498391e-01
-2.112994453425545427e-01
-2.228477414934842415e-01
-2.333516245868839101e-01
-2.465699548057890822e-01
-2.552790806896797493e-01
-2.817641982989435023e-01
-3.220350066052686255e-01
-2.995132521664665703e-01
-2.190378296051406215e-01
-1.655285948934817897e-01
-1.765993246956168439e-01
-2.711285421006696117e-01
-3.664258684240879194e-01
-4.757729957977687718e-01
-5.038506522908019480e-01
-4.553985642830902236e-01
-4.033454654438609066e-01
-4.307039176840467554e-01
-4.400073320236902452e-01
-4.543451336012119812e-01
-4.575827395143360898e-01
-4.103385908393210602e-01
-3.827441322947697788e-01
2.536945228498291120e-03
-1.084791007196064458e-02
9.099495342777626228e-02
1.880056030179034499e-01
2.625777765194035052e-01
2.541369314647019539e-01
3.056979742336414230e-01
3.465539105529185648e-01
3.218735724013794819e-01
2.487961197571051386e-01
1.764490538639507666e-01
6.589624172221153486e-02
-6.305928769220006669e-02
-1.621936948637485998e-01
-1.384080613459336973e-01
-1.477752884258061450e-01
-2.174980056068105405e-01
-2.872013365577573141e-01
-2.153650886091003080e-01
-1.300146269608835614e-01
-1.188959883950017338e-01
-1.896952517763922930e-01
-1.380348515659715614e-01
-1.002402479242898020e-01
-5.836834963401787979e-02
6.398982679470267831e-02
2.553950879886898173e-01
3.665344083452024004e-01
3.580890831549010112e-01
3.308869791650038694e-01
-1.151915495007932964e-03
4.871731709801029736e-02
1.251008333734897060e-01
2.451346035903284870e-01
2.218281350386657469e-01
2.142514922326534121e-01
1.930351650867052904e-01
2.796126386625676918e-01
2.784059700748940380e-01
2.889800754888565137e-01
2.633075083943328121e-01
3.066567173422690695e-01
2.932683208003341591e-01
2.756864633721942126e-01
2.447620119839630792e-01
1.908898790180418858e-01
1.136981049229701252e-01
4.837875211147421584e-02
4.958296623977524742e-02
5.285413777996987583e-02
1.458028904999653097e-01
3.481862138394904438e-01
6.442805278582419692e-01
7.924346577673977432e-01
8.568262694184655137e-01
9.567665325090064510e-01
1.047332671816798566e+00
9.593209538834014394e-01
8.441747471909532008e-01
8.142989601511575470e-01
8.579193523980936653e-02
7.832721689645016916e-02
-3.250834897683316238e-02
-2.469274834521767159e-01
-5.639562579672530163e-01
-8.318660079489115233e-01
-9.476369617478707097e-01
-9.244859977996217060e-01
-8.928205544036210695e-01
-9.507867275740807811e-01
-1.065848767266058594e+00
-1.122639490018211506e+00
-1.177458564993136836e+00
-1.163962144726878867e+00
-1.176277298720560971e+00
-1.084599394697418617e+00
-1.071084099387630273e+00
-1.008871210796622453e+00
-1.024432227700078801e+00
-9.743423311268545328e-01
-9.863034095305536209e-01
-1.085455584917801364e+00
-1.190626744525124625e+00
-1.265786616139590093e+00
-1.287132512377816784e+00
-1.341644420443932173e+00
-1.373559121824731832e+00
-1.398207581267656652e+00
-1.357193127917990516e+00
-1.299029507722083920e+00
9.707128302287706956e-02
1.742185748396567202e-01
3.225842533680518542e-01
4.075265572797320268e-01
4.692389974123363228e-01
4.525178928929896593e-01
4.410169350535989019e-01
4.785821410248236041e-01
5.040791061491550762e-01
5.499146236419564238e-01
5.685512351588343227e-01
5.828915630627818922e-01
5.678631872014189286e-01
5.457239062753809211e-01
5.235992835040299553e-01
4.941232650064979470e-01
5.038917664171282951e-01
6.193791521823776014e-01
6.825652528156225252e-01
6.792110426147197622e-01
6.892901538985176657e-01
6.910212283559562518e-01
6.787041055972881098e-01
5.653764493494046750e-01
5.270545752501709647e-01
5.161852409214627846e-01
5.109801786102221577e-01
5.186119912986235647e-01
5.083902253141096006e-01
5.082387610397989253e-01
1.212427248354711398e-02
3.066031743517237673e-02
2.570815173679508875e-02
-6.120720945608851271e-03
3.967952095134009288e-02
3.932397587739711736e-02
3.489896030163806839e-02
1.481355227181696543e-02
5.065185629293643410e-02
7.135629108018493039e-02
7.305475329565666587e-02
9.573296646365117568e-02
1.130566296027983031e-01
9.649092987701393676e-02
6.964510165072748671e-02
6.949877046611152576e-02
8.501496047859150029e-02
7.667689499277532961e-02
2.569617815508846298e-02
-8.169823119665617361e-03
3.834419966221878917e-02
6.111718126976764531e-02
5.912755098639200374e-02
3.844324658709229181e-02
5.470427929951877932e-02
7.210939961068744963e-02
9.184933614644151534e-02
6.221727426437824449e-02
5.573562354858096340e-02
9.634887009154510795e-02
1.054695178830697133e-01
1.754709609962649686e-01
1.944595491870514392e-01
1.862222456792212155e-01
1.897425336609055158e-01
1.229572446406828334e-01
9.644437410537570754e-02
8.173395818011791603e-02
1.177133849042476532e-01
1.153113994956685706e-01
1.027261847245488774e-01
1.144770912452570955e-01
1.632462096053611811e-01
1.983912970885973737e-01
2.345943100455117059e-01
2.387846866267965551e-01
2.799682471625871139e-01
3.396833247930723387e-01
4.250674910557598052e-01
4.003897124732057056e-01
3.815922851254936465e-01
3.737775372777252803e-01
4.318298872923010956e-01
4.487746412208968860e-01
4.511644439965596387e-01
4.990212192003730673e-01
6.082093850330556606e-01
6.829624675575231008e-01
7.162452071452191094e-01
7.044805706670693723e-01
4.097223960768113515e-02
5.012493389507410163e-02
5.484671278096771296e-03
-1.342261121364624610e-01
-3.724522052515337744e-01
-5.794553286094454858e-01
-6.005985569954623848e-01
-4.816662412406536031e-01
-3.633007398480781469e-01
-2.704649500274739493e-01
-2.224139631640551507e-01
-1.123034299579842993e-01
1.163965399325532502e-02
6.132836876440857926e-02
7.048631979439157202e-02
7.075179776942239207e-02
2.959730893143375230e-02
-4.072450133742602785e-02
-5.344627258875135623e-02
-6.130045751421338285e-02
-1.037814666544957243e-01
-2.458407020462206605e-01
-3.450907408858038261e-01
-4.474147018215701710e-01
-5.004439600735416382e-01
-5.972458230287409631e-01
-6.667632252364914525e-01
-7.540603618694101673e-01
-7.604396002393108978e-01
-7.052361578552854837e-01
7.995753291665311235e-02
1.370222805150787260e-01
1.288517325046687756e-01
5.455739628215412751e-02
-4.879587503044895136e-03
-2.898683716920951933e-02
-2.344748274773889030e-02
-1.395510290114710186e-02
-4.262543079989533634e-02
-5.952046522729163847e-02
-1.055508159883729868e-01
-1.696044566226566908e-01
-2.574131748327073144e-01
-3.501352098059204998e-01
-4.363956793687511770e-01
-4.924213056208035511e-01
-5.484554924991659197e-01
-6.349252933909685925e-01
-7.410233372471145552e-01
-7.551345223999947898e-01
-6.910499300911974174e-01
-6.143525246733703149e-01
-5.357104145802918937e-01
-4.584900363016616298e-01
-3.661760071759399549e-01
-3.233633893850353380e-01
-2.973129742341298343e-01
-3.305285622202032703e-01
-3.142427776698286102e-01
-3.460413736480668634e-01
-3.013934582698209186e-02
-6.956940955396206938e-02
-4.110815657410726853e-02
-7.653708972599475302e-03
8.644520160335364412e-02
1.594241986668517019e-01
2.333012514587619601e-01
2.766158307554483775e-01
2.992997336261574715e-01
2.850098142075188634e-01
2.583349805800717602e-01
2.290665353225259937e-01
2.107957174714696902e-01
2.584719482478733399e-01
2.480748847738866447e-01
2.758603453295836450e-01
2.654459518637948268e-01
2.482171756478254998e-01
2.591006357467501853e-01
2.990254016499624967e-01
3.068777381343304467e-01
2.895924671619095614e-01
3.049572937290845331e-01
3.210297226158383976e-01
4.417952879480218087e-01
6.314119602484493665e-01
7.951040204601544925e-01
9.269534027983339364e-01
9.768931948178634084e-01
1.100351789065114883e+00
3.095150520089905433e-01
5.142427212975437811e-01
5.627543066442871611e-01
5.959763138734216481e-01
7.601711098367168740e-01
9.260277139643300348e-01
9.881076834801473252e-01
9.359086332514892081e-01
8.345643397001955011e-01
7.542041317895122887e-01
7.738653241288430129e-01
7.744458645636709271e-01
7.039524239728687238e-01
5.843936199348397365e-01
4.757029562628771746e-01
3.597706944242156646e-01
3.149999428010296088e-01
2.827526143850129792e-01
2.386800389676373979e-01
1.673689724601793993e-01
6.759010897879011437e-02
1.809332708570279835e-02
-1.867410396876547501e-02
-1.878855572644560698e-02
-2.243177811482455208e-02
-3.644635488911424082e-02
-1.147339091556174445e-01
-1.084361591284768583e-01
-1.818547549259366680e-01
-2.067531969421550209e-01
-5.314952054599895309e-02
-7.562716128549060168e-02
-2.105198334617355282e-01
-2.550575534643515496e-01
-2.729049440399728410e-01
-2.632485212437958855e-01
-2.551608044885866344e-01
-2.009841692224917375e-01
-1.999169822559924703e-01
-1.469521013858983149e-01
-1.510400354925754141e-01
-1.504267663963153867e-01
-2.053293757370430739e-01
-2.216270535811458720e-01
-2.986212693835087473e-01
-3.873538816387251948e-01
-4.291193445514810967e-01
-4.656456265563179153e-01
-4.564726885359982056e-01
-5.325221174846919148e-01
-7.364050921572901087e-01
-9.618089821275123130e-01
-1.050524030940098275e+00
-1.056953317340827203e+00
-1.108398994171674756e+00
-1.113200111623895650e+00
-1.072217455353836613e+00
-1.134995355688284580e+00
-1.227135416465440887e+00
-1.247984999880690671e+00
3.978558919919858439e-02
9.187727577539860080e-02
6.172736291721260538e-02
5.216400105306254892e-02
5.944502566485476702e-02
9.636740602173779480e-02
1.314095072220149707e-01
2.059979695670470790e-01
2.779164385675310101e-01
3.616158747663772433e-01
4.457353835700212930e-01
4.797411159291644078e-01
5.041485532712124407e-01
5.070787010386615945e-01
5.669034921610736077e-01
6.029823455989881120e-01
6.233080011740921300e-01
7.330261100701107591e-01
9.746682015492225126e-01
1.135481778214584736e+00
1.141905135696221540e+00
1.120113063771922324e+00
1.026268167964140332e+00
9.784999783807107887e-01
8.757406699353716961e-01
8.495103683018127017e-01
7.163347140672652325e-01
7.104178373450668049e-01
6.679732991878002402e-01
7.143674085990471267e-01
3.756160886205214822e-02
7.857455771516697052e-02
7.411842506301495603e-02
6.780500204035103118e-02
1.149503540898840631e-01
1.747069269397185654e-01
2.184424435855974178e-01
2.342871435745561837e-01
2.371011476088170922e-01
2.169236898207629882e-01
1.697977646499497784e-01
1.000349232626670665e-01
2.035666191519805435e-02
-1.735966653738772736e-02
2.266436146696137327e-02
3.583564546112364552e-02
2.130967385384196361e-02
1.625129000978513955e-02
3.797799332627033175e-02
3.409834332345342001e-02
-2.278061153269075878e-03
-7.153945037384044914e-02
-8.206211676349124684e-02
-1.374061877262111042e-01
-1.513578081412046694e-01
-1.680476545902470087e-01
-1.607660307617068685e-01
-1.756839124258837703e-01
-1.798424333121637353e-01
-1.604324696634056302e-01
7.758647325255448035e-02
1.314221285804780814e-01
1.569757739653071249e-01
1.867329352521374664e-01
2.140911765238631137e-01
1.977073944120452120e-01
1.257792094324057808e-01
1.847410748549271897e-02
-7.130877511455707696e-02
-1.166066215718372101e-01
-1.404549010038714796e-01
-7.474019613708861309e-02
-2.028858746029783139e-02
1.224468891709143414e-03
-1.000532607485899068e-02
-6.777532132319577518e-02
-4.811065855893170706e-02
1.325347091756038514e-02
5.180915075383007995e-02
7.757703288181561074e-02
1.441126206671702881e-01
1.594680939793472196e-01
1.605515058089941882e-01
1.207217437608501392e-01
1.537903183535428153e-01
1.505404066354148751e-01
1.431839636808995286e-01
8.578209483933760260e-02
4.921314361999440390e-02
4.434233315485293370e-02
-1.062736598868629402e-02
2.720753859257699775e-02
4.190972519869421570e-02
8.387096861425943906e-02
8.091214545941802228e-02
7.087168028761085814e-02
-1.524808315336513564e-02
-3.126604290374287998e-02
-1.906850185814689888e-02
7.119640634553131564e-02
4.500636033303617028e-02
8.246575715504075865e-02
4.061328325335124279e-02
4.028719935075385228e-02
1.412057545545578746e-02
5.508909394814240357e-02
6.352169906467022842e-02
3.251506401802031071e-02
3.986748113215671241e-04
7.854869518812005943e-03
1.054559858421039685e-02
-2.440510728230201737e-02
-2.664353578867998187e-02
1.528798236637504346e-02
4.220853619893296521e-02
4.725338687667861304e-02
-3.109513368693710145e-02
-1.503129484764834101e-01
-2.317632971972703460e-01
-3.248462201955172324e-01
-3.776209982382846414e-02
-3.674251595830439060e-02
-4.030577120551609438e-02
-2.388891985426598585e-03
6.252309954665580261e-02
1.067906901932841324e-01
1.349346230827969118e-01
1.544562889297803054e-01
1.951093128827522394e-01
1.989929493118430259e-01
1.892587215612297480e-01
2.036046973591686682e-01
1.805107775238573020e-01
1.843175953521853649e-01
1.549075527271727704e-01
1.506618537340627395e-01
1.811224186976277684e-01
2.297203807909279638e-01
2.129540653238010672e-01
2.157910048944417236e-01
2.099971499986583168e-01
2.531907528905011917e-01
2.701418784238274751e-01
2.919830638490141794e-01
3.002962461538222216e-01
2.660174542623445770e-01
1.705384420770033327e-01
7.657358239728069560e-02
7.177133831494650340e-02
4.106475265121529994e-02
3.114557902354232136e-03
-2.703366665793977691e-02
-5.789166649021795785e-02
-9.145391624323773172e-02
-8.708260133730802433e-02
-1.033280886612643890e-01
-1.388998387100035536e-01
-8.577739285058674779e-02
-6.064267315102893352e-02
-5.644557567634844730e-02
-4.381611053420197965e-02
-1.463766938852342769e-02
2.898955436813890202e-02
2.981413674883301793e-02
2.105996382627598612e-03
-1.709470374764074374e-02
-1.533167686444675791e-02
-6.241762388058333388e-02
-8.783802162372786326e-02
-1.203105069924884918e-01
-1.385327768455637543e-01
-1.415521236006885009e-01
-1.409709054662353633e-01
-1.286085346157425369e-01
-1.213069251380477082e-01
-5.811955401308549485e-02
-3.457851742791309690e-02
4.198821341265357443e-02
4.847089215644194427e-02
2.954981644930341350e-02
-4.065523178180045077e-02
-1.185295198868789868e-01
-1.209879281643745641e-01
-2.613392528146582516e-02
-1.449807697751838952e-02
-1.908067869407462785e-02
6.125768211530553675e-04
-4.823903505173016137e-02
-6.185833575610658053e-02
-7.037623790652398903e-02
-1.070668683902778473e-02
2.935881514644802376e-02
4.067669667032012409e-02
4.348270134876012355e-02
2.553859077516069942e-02
4.313559278758113957e-02
5.787276576845434839e-02
6.291202345170525401e-02
6.746615140318236448e-02
3.404811556836769698e-02
-1.424741077841285009e-02
-5.526322950331325617e-02
-1.381630235400451434e-01
-2.017276858515903437e-01
-2.463734766239732699e-01
-2.912493041980340758e-01
-3.253628512000972250e-01
-3.009856391305948398e-01
