1.920933127878735741e-02
1.108588218146083770e-01
3.374580027886646127e-01
5.697832445695636405e-01
7.042044336484867273e-01
7.946786238783032363e-01
8.860263459983231948e-01
9.069291491637702096e-01
9.122085129601921194e-01
9.809260805173832809e-01
1.083569076313013024e+00
1.188379573634557484e+00
1.276077932640572010e+00
1.405471397483338158e+00
1.629130230514717947e+00
1.924663634380958221e+00
2.196667079210007145e+00
2.346589621115426461e+00
2.392480233962162917e+00
2.341084809872524541e+00
2.165537896621615221e+00
1.857127668163215617e+00
1.683653137616874851e+00
1.610858317685379903e+00
1.569978727445303646e+00
1.575640931089617780e+00
1.670878867002957291e+00
1.777928769853783120e+00
1.868275298226229841e+00
7.816636296874934775e-02
9.897027525803073211e-02
5.424169283100809674e-02
-8.831805198470671359e-02
-1.223573674005738188e-01
-1.691923893067661111e-01
-2.553048334034412337e-01
-3.714808905076914525e-01
-3.736747696959566989e-01
-4.200822791223142172e-01
-4.231660557496264019e-01
-3.609607642413671935e-01
-2.754748601087019244e-01
-2.564386264123509895e-01
-2.536261561157704403e-01
-2.625066132744239278e-01
-2.735888375716745147e-01
-2.668110123279899826e-01
-2.560722630926409171e-01
-2.018253551712550220e-01
-8.290891124686206037e-02
-3.326827876945742668e-02
2.773900183434781924e-02
4.960970309976206472e-03
1.349684305284212238e-01
2.136935176866337216e-01
2.589852753111700490e-01
2.537068597040213480e-01
3.436013668479408478e-01
3.516244468345353646e-01
1.286948273800333185e-02
4.370203859258683238e-02
2.100982922951930357e-02
2.079540392806124294e-02
6.569745876446045352e-02
6.567011530397320884e-02
8.220943154814630560e-02
1.643313348868678248e-01
3.270252574690027947e-01
4.253451196982380722e-01
4.954737312965558083e-01
5.280328739665954840e-01
5.089586523356596226e-01
4.929879640430788745e-01
6.828649379769612393e-01
1.046068278410484886e+00
1.379307003532299847e+00
1.709474531754825000e+00
1.910885141618756222e+00
1.812684200431852632e+00
1.387102608118800706e+00
1.078454722264375665e+00
7.942019127796657862e-01
6.165066963414245205e-01
4.975894036256939823e-01
4.464386048686527220e-01
4.113467124309606593e-01
3.416041078764234240e-01
2.290198436578783636e-01
1.422170248794165093e-01
-9.271044862158785149e-02
-1.974916409123309569e-01
-2.857314976815785723e-01
-4.689318090099987568e-01
-5.245526230068103812e-01
-6.923050875525742498e-01
-7.595748929270208505e-01
-7.809883285455229140e-01
-7.822570726218133208e-01
-9.266439487237445594e-01
-1.155630396718092756e+00
-1.662609143064387451e+00
-2.199500580265668859e+00
-2.574942581647931217e+00
-2.723613451503060556e+00
-2.849838756880529012e+00
-3.059421426922965814e+00
-3.166021176478001298e+00
-3.121326055878026029e+00
-2.937593765523657918e+00
-2.670229994303118470e+00
-2.353907685291658947e+00
-2.052469110645296801e+00
-1.753100085672692154e+00
-1.595260030454656919e+00
-1.512662118943650436e+00
-1.403755767461961401e+00
-1.263410330280641425e+00
-1.068093737297371337e+00
-8.857728558559629928e-01
1.574988379681332706e-01
2.984899352525575145e-01
4.800860729566659990e-01
5.553926433046597610e-01
6.156803853394585690e-01
6.467266151175607991e-01
7.027579254160603028e-01
7.821575588587680317e-01
8.605021506702461576e-01
7.626411291102851431e-01
5.353452328034800090e-01
3.852765090096146872e-01
3.334167106278032033e-01
3.840288463023885934e-01
4.467795391336336630e-01
4.736278869682499781e-01
4.644505873824722464e-01
4.670958508135397702e-01
4.504162618438886101e-01
5.181596802947388003e-01
6.305671384443667371e-01
7.552519450551198332e-01
7.860062819108846188e-01
9.228423978997553068e-01
9.390025099309626810e-01
9.436081405653213849e-01
9.941960391960281695e-01
1.058065565444385792e+00
1.080952983528869815e+00
1.073035945548299619e+00
5.863401845940708484e-02
1.036795200414382667e-01
6.068160271585724963e-02
1.170572152275452943e-02
2.159527713907855029e-02
2.941646482212503799e-02
2.702086955720960429e-02
9.293588310829065113e-02
3.201896712363448971e-01
4.576173381872856716e-01
5.919897477881794767e-01
7.353595566997017663e-01
7.874524011165693338e-01
7.997018010177996405e-01
8.068988179662979210e-01
8.834226872508192940e-01
8.754485712868821379e-01
9.243286706086000226e-01
9.373510359100214462e-01
9.611387795029496806e-01
9.214541249965099157e-01
9.614288488901260310e-01
9.478078062939204740e-01
9.785453591804561535e-01
1.004067226068039442e+00
1.007130642408032850e+00
1.067293488878394703e+00
1.115200510216350693e+00
9.164071973330363274e-01
8.778106145924420289e-01
1.711235799544419123e-01
2.125816855806222094e-01
2.284665388964385035e-01
2.223171519420725217e-01
3.535740612783389025e-01
2.917061002783088997e-02
1.156639683443747707e-01
1.343429742831505347e-01
3.341700103201479255e-01
2.311683530452619539e-01
1.520228292643200363e-01
-6.109946362015247767e-02
-2.304882005426798774e-01
-3.019407123943799731e-01
-2.970527501569591999e-01
-3.710052110092307842e-01
-3.417372622351319000e-01
-2.796349799374753808e-01
-3.367876551881940905e-01
-4.580098961601936081e-01
-5.850738195736338021e-01
-5.434284588197393351e-01
-5.533235618189014104e-01
-6.139725808613755165e-01
-6.434854547249974077e-01
-5.452005585802873755e-01
-4.772517421823890271e-01
-4.376593787183487572e-01
-3.914168986092230185e-01
-3.107398485052275672e-01
3.028363876334101376e-04
6.863081642979525221e-02
3.484720576651110791e-01
5.257801148278019587e-01
5.703533589847344931e-01
6.251186366003257389e-01
7.385421961337669261e-01
9.421546210845577196e-01
9.379880039927455115e-01
9.365722811451890895e-01
9.360427853443138435e-01
9.001864526105877173e-01
8.311113551236055663e-01
8.472717973506971312e-01
8.532453799015998763e-01
8.693767886443023452e-01
1.007780975407013946e+00
1.074229210293002446e+00
1.095919752675542869e+00
1.148377776679691653e+00
1.171862411894202038e+00
1.148691530316389375e+00
1.022132421725819640e+00
9.610256979592536331e-01
8.980170808625114187e-01
8.469509670302780568e-01
7.711768909216292212e-01
7.079131869671548838e-01
7.577424884554004869e-01
1.151867807998744775e+00
4.740096904244047171e-01
6.988963510115482336e-01
6.500973185732709103e-01
4.607433855511151033e-01
2.576321029236362525e-01
8.576767724097142387e-02
1.404433537649081576e-02
3.532195724002159393e-02
1.650160329533112147e-01
2.162822238891529969e-01
4.570615151312521496e-01
6.763769576066093192e-01
8.162063807170032437e-01
7.425029066211665807e-01
6.626276136086592938e-01
5.843104232396256759e-01
6.039952116097817569e-01
5.849313310127316479e-01
6.262825024463689605e-01
5.944570367394695909e-01
5.664831052009731138e-01
5.578490571994093594e-01
5.722363437117740093e-01
5.472699696793985602e-01
6.463304860764392812e-01
5.384309049446578399e-01
1.496558265335833915e-01
7.065390652171849029e-03
1.040745351380689826e-01
1.975676518379174684e-01
6.459070111334677677e-02
1.407682000082030593e-01
2.666398104535011582e-01
4.314497721242406270e-01
5.495217398604421710e-01
5.375478433789576682e-01
4.473152194011454363e-01
4.114824312691566233e-01
4.322886363876171645e-01
4.234740064639087587e-01
5.147336697573375863e-01
6.225217731673470256e-01
6.409370427504581524e-01
6.106546141778577130e-01
6.163272727430283426e-01
6.754584407107170341e-01
6.962388869194335861e-01
6.769614661047230753e-01
6.669065003494326627e-01
6.634294566227897372e-01
6.397249467969354786e-01
6.520690159405871933e-01
6.556895338392622063e-01
6.924938713318442574e-01
6.829753525513108103e-01
5.458435285523851599e-01
4.369168238527115777e-01
4.063186033020749210e-01
3.646324948054574522e-01
4.336465746068031701e-01
1.169250437209909538e-01
1.739153236621601983e-01
1.813344811448444893e-01
2.933568634515615337e-01
3.323819909080474866e-01
3.839707168443550200e-01
4.716539895104467361e-01
5.423637092217897804e-01
5.864292601854929066e-01
6.380290650466375890e-01
7.597708036662156328e-01
8.878198066210849504e-01
1.039985473149020123e+00
1.075706037962774309e+00
1.115189985404467121e+00
1.000151922603926602e+00
8.841903326842448507e-01
7.789456036015025564e-01
7.177136745783132543e-01
6.818910795967282334e-01
6.552953111068395842e-01
6.489322997707266394e-01
5.465827503833879941e-01
3.097965991656965734e-01
2.375833971683166679e-02
-1.955682560881018273e-02
-4.635588181759114912e-02
-3.754746807704616163e-02
2.399874368392617557e-02
1.517746341234504082e-01
9.594698122085676406e-02
1.720966695535362523e-01
2.618875273217309840e-01
3.905109302405199156e-01
5.039064402761224137e-01
5.080167230730775474e-01
4.996095005178176063e-01
4.831774879071201179e-01
5.036625011326881785e-01
5.237239261572387283e-01
5.663002252174481610e-01
6.187865076747816051e-01
6.361310112776401571e-01
6.170457822775667900e-01
5.242509152740741918e-01
4.703527945640998409e-01
4.573432860279264545e-01
4.538232682828479692e-01
4.438438479341177412e-01
3.942983337509821662e-01
2.883635474462697967e-01
1.832208982705647027e-01
1.505967663237085530e-01
1.810111050165702229e-01
1.818027331358748055e-01
2.401880299108493655e-01
2.961848199867259668e-01
2.795072723180433982e-01
2.583956041213218979e-01
3.129990736631571568e-01
1.130987406655209471e-01
1.532539814681740109e-01
1.280508987543232668e-01
1.333313511777578786e-01
1.129941693607353359e-01
1.212322249470801361e-01
1.733351708601357233e-01
7.108013080800840156e-02
-1.010815252322445068e-01
-2.696270155908669919e-01
-3.737986472485932410e-01
-4.329889727487535311e-01
-4.333832685177722577e-01
-4.320672725547721194e-01
-4.394297094142228244e-01
-4.559315131026791534e-01
-6.315705335722989755e-01
-8.382489245343222040e-01
-1.007665631291392749e+00
-1.081168574225333634e+00
-1.089285348500548478e+00
-1.189871384946771915e+00
-1.276410201074163808e+00
-1.255152846442420422e+00
-1.255644695267826849e+00
-1.296337523866830432e+00
-1.305913742120816901e+00
-1.267126962730083850e+00
-1.258590423169037686e+00
-1.290508153200777608e+00
1.093995681481332687e-02
-2.192550287394547104e-03
-5.368948014158412413e-03
1.781274198375056017e-01
3.329725186038697826e-01
4.417145862212745744e-01
5.470537428603251540e-01
6.071755352521033267e-01
6.697500156152276229e-01
7.264170344720584094e-01
7.650807523870578608e-01
8.395929079932111794e-01
1.016973753619982102e+00
1.328499847092856623e+00
1.504648930041002863e+00
1.622046536979163012e+00
1.679872117066707915e+00
1.707950842861364560e+00
1.694609978158864605e+00
1.722959254138902496e+00
1.654284898703165529e+00
1.578822132262870159e+00
1.505300832709455916e+00
1.454538681055127070e+00
1.491265926332086655e+00
1.429289209408448613e+00
1.334659426871854571e+00
1.225546979732736741e+00
1.222655951576270050e+00
1.270166073132146245e+00
2.156551562669028338e-02
3.199914623398821684e-02
1.076218097592042955e-01
2.606223549759961733e-01
3.235259192497256242e-01
3.522741855707290926e-01
4.255482676595288005e-01
4.320866319075830631e-01
3.035647180136086254e-01
1.860465515300137596e-01
1.518730755300577717e-01
1.336121073627040412e-01
1.125642946663447802e-01
1.377787075954766960e-01
2.093898381417257926e-01
2.549918375998539988e-01
2.899035589061617069e-01
3.027986777951748865e-01
3.153844849765796710e-01
2.894446179574827194e-01
2.616822199915972424e-01
1.928064696653364329e-01
1.728648662452412221e-01
1.881280200203147845e-01
2.562521740988101260e-01
4.668697670315858361e-01
5.001378874663230389e-01
4.950485721985131704e-01
5.176648790077047479e-01
5.425107098912020920e-01
1.172454488083402545e-02
2.204193071144967819e-02
1.617870447299876030e-02
-2.315056017817780643e-02
-3.745235241495565442e-02
-2.680034837723790919e-02
1.229659794253663146e-02
5.680074759587076805e-02
8.798543512977487213e-02
5.935739815673325703e-02
3.780909529785207723e-02
-3.506799549677673544e-02
-7.420911423298431897e-02
-1.558976869123240849e-01
-1.551251254957760339e-01
-9.370169312842099862e-02
1.747104312619512934e-04
-2.518319112348238117e-02
-1.719951524433513679e-01
-2.946535031987819742e-01
-3.655825176858349401e-01
-3.591991538240864035e-01
-3.288224126083105214e-01
-2.987739453424431701e-01
-2.968928251431741105e-01
-3.198531972391339684e-01
-3.806036778313605651e-01
-3.830832924050501798e-01
-3.760365438620623113e-01
-3.609126750802860717e-01
1.391100162365136762e-02
5.447955928505586465e-02
1.151094639168646488e-01
2.057837531052572333e-01
2.314609011661079851e-01
2.394650958867977630e-01
3.120017906685718656e-01
4.553645299797137724e-01
4.948907076269631888e-01
5.471489175077802747e-01
6.911444294739951255e-01
6.857030879504457666e-01
5.122791429125269635e-01
4.508378763215291629e-01
4.733137454073371719e-01
4.434241499203314119e-01
3.117208209544156672e-01
2.886161198193419875e-01
2.540547579313591209e-01
2.956797869897567765e-01
4.324973532825422962e-01
4.502339758660979241e-01
4.580162096442588759e-01
4.580919969235082712e-01
5.955646138433232650e-01
7.035413627293755079e-01
7.611446668085408707e-01
8.437177715388441968e-01
9.923398127283185044e-01
1.085653965099157903e+00
4.962337662690482348e-02
5.203780544991717244e-02
4.330986722907369246e-02
-5.231736678984422184e-02
-1.433694398321893604e-01
-2.368595904953127440e-01
-2.474784095715011345e-01
-2.501677037008340210e-01
-2.686261230219944007e-01
-2.646690850608339196e-01
-2.587022425783512269e-01
-1.488609377689842916e-01
-1.482626488253216412e-02
1.606309682790350857e-01
2.279273671363603315e-01
3.444142331753452524e-02
-1.630858814211208763e-01
-2.586003199573352340e-01
-2.275680765150687457e-01
-2.423887353654705923e-01
-3.024318296566205211e-01
-3.517601910484089989e-01
-4.368689566076614517e-01
-4.864199133801899166e-01
-4.646876768250461920e-01
-4.701629783100141347e-01
-5.150991117217708082e-01
-5.626097206840567910e-01
-5.348250115333335053e-01
-5.522740589020399549e-01
4.710826263522283064e-02
8.028874013251166564e-02
1.136913546967487088e-01
2.638437111012080782e-01
4.290282006784710278e-01
4.345248668727900720e-01
4.382502167188779829e-01
4.195479779643438434e-01
3.975481806604480584e-01
3.937197892073602823e-01
3.782222317458602268e-01
2.718722070222180376e-01
1.902520768487326319e-01
1.931237219722767851e-01
3.529257058132002078e-01
4.854705994868425689e-01
5.530506586170169658e-01
6.089432084777095522e-01
5.708888137795320450e-01
6.479769596895093020e-01
6.548184151517352225e-01
7.365698618084830507e-01
8.104873511237806749e-01
9.485292800580705785e-01
1.065399352183594717e+00
1.212972248954861998e+00
1.191006423473856879e+00
1.002703078755642796e+00
7.100706318326222011e-01
5.074110126315061198e-01
-2.431034976312456686e-01
-4.482923104453326868e-01
-6.465862836582855211e-01
-7.407840599823981576e-01
-7.523470062961395977e-01
-7.545527743877947779e-01
-7.077919408356203590e-01
-6.511553283525819413e-01
-6.096268967362115099e-01
-6.228420210565807080e-01
-6.824487293084720019e-01
-8.223078378271184707e-01
-9.741095802821331251e-01
-1.055671994492670240e+00
-1.061108194237828428e+00
-9.758341958556382423e-01
-8.790135191763690514e-01
-7.206806512901823281e-01
-7.008394099904940999e-01
-6.612650265656152548e-01
-5.744888337381115484e-01
-2.795239567468181807e-01
-2.091362396487589925e-01
-1.767626138210240672e-01
-1.557440372357512259e-01
-1.180184620977694776e-01
-1.387086501710845798e-01
-9.826050638011266103e-02
-8.285977842516871472e-02
-1.066623787900712467e-01
-7.342288843284966449e-02
-7.769101695939688301e-02
-5.712424145426567984e-02
-5.755156865130179461e-02
-2.750820139332130210e-02
-2.855787581500195821e-02
-3.345458088687702086e-02
-6.305032863442440461e-02
-7.919095371646571457e-02
-1.096809093102182053e-01
1.019185214869318401e-01
2.752072278731843569e-01
3.438858406514719301e-01
3.204481865709251642e-01
3.134556625922833573e-01
3.258574146321431830e-01
3.256316163535480368e-01
3.446233766180618052e-01
3.867794603119730779e-01
3.618354945606839235e-01
3.043377990497965202e-01
1.779549757122907139e-01
-3.418261114995199690e-02
-3.794160052646974313e-01
-6.513592090635345055e-01
-9.088799987470019826e-01
-1.043968916117216983e+00
-1.133254061162622506e+00
-1.215351259467090994e+00
-1.274576873722788717e+00
-1.639571427653808283e-02
3.493171894465379318e-02
1.167555485758380307e-01
1.645879437274395118e-01
1.267168315215348173e-01
1.797271064471931967e-01
2.076716683439564781e-01
2.645420203946509674e-01
3.333264973860914360e-01
2.946722811794865726e-01
1.416272482333722493e-01
-3.073702069739031595e-02
-1.649969642715258256e-01
-2.265553897705632758e-01
-1.492561604629401295e-01
6.308307142765645636e-02
2.925121268841260891e-01
3.508260498960716900e-01
3.434648307657193755e-01
3.374904634675739978e-01
3.222362732616417813e-01
3.385253696473147222e-01
4.122763881358764149e-01
5.252436374013816911e-01
5.407544286516421383e-01
5.738722862419926019e-01
5.784413514369304288e-01
5.475097200081059379e-01
4.962814909902115712e-01
4.694659990406584438e-01
-2.724576720994395865e-02
-7.304796492298457067e-02
-1.518371558889586859e-01
-2.131734817715149333e-01
-2.544414818981494686e-01
-2.536504591118418084e-01
-2.189884452745367582e-01
-7.892828283989658522e-02
1.424480228487422784e-01
2.160557100743304426e-01
2.338982826624975420e-01
1.915958956309831429e-01
1.935757232029385044e-01
2.692927521254043777e-01
3.076669023979671791e-01
3.508147155484009350e-01
3.107555302801157660e-01
1.796350723926972148e-01
4.318557657763180679e-02
-3.720007680522534332e-02
-7.878089243830543875e-02
-2.408111426145456146e-01
-2.363812698981878069e-01
-2.118124022160418618e-01
-1.694630292799835514e-01
-1.062684853858584244e-01
-8.147232237404372635e-02
-1.648241639570767469e-02
3.006815500085612686e-02
6.639990945406470946e-02
-3.592418515594451162e-02
-1.649166674341035477e-01
-2.960830875107442473e-01
-3.289935901394129836e-01
-2.745190933113269560e-01
-2.198067865914031527e-01
-1.641937033633773246e-01
-8.547795878475898668e-02
-9.116726012696230175e-02
-1.339243690919947605e-01
-1.507196634734264962e-01
-1.350369871803702160e-01
-1.167153666543893353e-01
-7.313521276238299507e-03
5.572855644327060279e-03
1.216071998329248949e-02
3.926447435700858302e-02
7.910424484076733487e-02
1.378398046359668450e-01
2.252761755839365054e-01
2.884143513037626949e-01
2.935318181959864492e-01
2.887969721950701674e-01
2.964493081810396502e-01
2.996596988457425614e-01
2.952426386504967137e-01
2.532852442744800703e-01
1.772344794995813766e-01
1.622390153338808261e-01
2.681656817118216463e-01
2.033169751515365165e-02
5.390984027997961642e-02
1.286493013876676139e-01
1.767181395230840724e-01
2.133853214019251487e-01
2.534685698373525531e-01
3.214311368092882537e-01
3.486842764143975315e-01
3.618770470704995579e-01
4.095339183174128150e-01
4.848715459415566809e-01
5.303624590707123332e-01
5.233739775057565380e-01
4.220856076664616929e-01
3.097179921572859596e-01
2.660800511472389274e-01
2.013327411972901104e-01
1.243349160320061375e-01
7.291026990259480423e-02
1.087203808927052207e-02
-1.907904854719820464e-02
-8.476072454446433035e-03
4.009560456459420469e-02
1.390675295889290397e-01
1.943633901028564426e-01
2.435611107593744773e-01
2.518686904949234417e-01
2.619660579436385306e-01
2.774864189047114849e-01
3.108012514064515397e-01
4.712991965100855885e-02
-8.003475148869478029e-02
-2.793742359885917348e-01
-4.363070394631139992e-01
-4.570465409867264794e-01
-4.052053767565629294e-01
-3.709979320344437559e-01
-3.809940156091423114e-01
-4.737972082200510582e-01
-4.855195119919365476e-01
-5.051299637689486977e-01
-4.635477931276942853e-01
-3.681452456228743175e-01
-2.293819831986250446e-01
-2.413164633069992404e-01
-2.274352450328752939e-01
-2.048115510678536477e-01
-2.021274324993765636e-01
-2.248954644920150570e-01
-2.319388757347786989e-01
-2.194580643604331083e-01
-2.042849042201275167e-01
-2.560269519211183509e-01
-2.844518640668737830e-01
-1.278291823959917528e-01
1.069011621291246494e-02
9.991717445461303915e-02
1.761880513152221661e-01
1.491652758188099503e-01
1.494871051026867570e-01
-1.005871522473852572e-02
7.507530445212320241e-04
1.373273972096825286e-02
7.447924472162412157e-02
8.213035900562815073e-02
5.773858026691588985e-02
2.091667203051233298e-02
-1.218320176069550426e-02
-4.596583793559868431e-02
-9.442967078358044386e-02
-1.873116494636997420e-01
-1.943691579212994958e-01
-1.914034011802095980e-01
-2.138612481842371293e-01
-2.494081326809009236e-01
-2.279246000473641454e-01
-1.508495167013516325e-01
-9.740797581587126719e-02
-9.123075734492021305e-02
-1.023602798762448252e-01
-1.220557395279468910e-01
-1.561072292448607290e-01
-1.690310155766989453e-01
-1.800730409692146150e-01
-1.345839048479811617e-01
-1.814224026018563252e-01
-2.448540323941705843e-01
-2.448867536266234601e-01
-1.158845347825801231e-01
9.748764967065920439e-03
-3.241673558879737405e-02
-3.672501287135542802e-01
-6.170354460950069342e-01
-7.962422739057898324e-01
-9.316050764985326360e-01
-9.399036614702716008e-01
-8.430735525993088286e-01
-8.897484592700583006e-01
-9.007815558586396154e-01
-9.069561757009231284e-01
-9.770650958437738787e-01
-1.015144320818335943e+00
-9.950587376107714599e-01
-9.744512160089920938e-01
-9.698767870380292644e-01
-8.882464313811119228e-01
-5.842307628355705162e-01
-3.648764392852942851e-01
-2.981270057627529724e-01
-2.058289895810596348e-01
-1.762165201293825478e-01
-2.047058665948523482e-01
-2.846486618594113449e-01
-3.921913005670399355e-01
-4.041307063328111737e-01
-3.284303833427737462e-01
-2.670240035470445861e-01
-2.642440809097518772e-01
-4.052108320025056276e-01
-5.029932562367028792e-01
-1.482081760111845781e-01
-2.238868309647707722e-01
-2.746396649282086266e-01
-3.120570612815442568e-01
-3.308842830862508966e-01
-3.023688500596384832e-01
-2.466316483867362075e-01
-1.940335367997021720e-01
-6.390061327564178217e-02
3.423624681008065329e-02
9.364660512089606481e-02
1.083216388333327340e-01
9.268021931685019310e-02
8.330537206092129832e-02
1.757822333750623800e-01
8.060726976605181449e-02
-8.209868182065110931e-02
-1.923372420441383790e-01
-3.107994714735404229e-01
-3.244531748633217028e-01
-2.904049709568316540e-01
-3.022125888432600216e-01
-4.135613268054776914e-01
-3.597047893847579170e-01
-2.620162402737454821e-01
-1.748735379435475690e-01
-1.140042263810606415e-01
-3.887663513635675194e-03
1.770089493186672094e-02
-3.764411882957433009e-02
-1.199581323545463180e-01
-1.907585405027392156e-01
-2.498561182113306356e-01
-3.131925022025320304e-01
-3.175958924347625500e-01
-3.026950399393222302e-01
-2.605753037367495306e-01
-2.924119450879825166e-01
-3.352699754692484713e-01
-2.543396813845262838e-01
-2.025631676255253699e-01
-1.736433918659135711e-01
-1.443170178847124618e-01
-1.552905423695473686e-01
-2.181812013818587026e-01
-2.469060810737593314e-01
-1.972025965619092491e-01
-5.854585418951407938e-02
9.290243114775464939e-02
2.109310783851015558e-01
1.722705406575563702e-01
-7.204891977800015335e-02
-2.345264902364721238e-01
-3.105661263381884196e-01
-2.968251958887703212e-01
-3.552550300216507639e-01
-4.505804550046879076e-01
-6.184160078264273608e-01
-6.632952282102621000e-01
-7.197287055151297963e-01
-1.307328080333650805e-02
8.850602658928920924e-03
1.860432301346994638e-02
1.653844711262876521e-02
-2.113537331937677399e-03
-2.089680341274163453e-03
-2.094483486975656505e-01
-3.706830736193346132e-01
-4.608000142125510123e-01
-4.820564400187726806e-01
-5.494281080886745938e-01
-5.342201278325275915e-01
-4.356114249758822887e-01
-3.908275755835043941e-01
-3.784853090195262615e-01
-3.344642960334641701e-01
-2.828437835652662380e-01
-2.796641614766947614e-01
-2.253217140507348670e-01
-1.090298552965055928e-01
4.049944606278742254e-02
2.586796792658747068e-01
4.798233941669491909e-01
4.922638831437305962e-01
4.925464445410713266e-01
5.791400107393873675e-01
7.183908331332599095e-01
7.621107220165348473e-01
7.881496776004396354e-01
7.479567878659746372e-01
-9.343478553728105929e-02
-1.089364157622542822e-01
1.180120991415997689e-03
5.028846446761365413e-02
8.374337111661070421e-02
1.236087319631606896e-01
1.853685818600437352e-01
3.608137382678493488e-01
6.806911597910738632e-01
1.015184304676023386e+00
1.223669987014969651e+00
1.317347620387868234e+00
1.484221616944142230e+00
1.487501977218492977e+00
1.377685055580524454e+00
1.312959509191523821e+00
1.284198700576074881e+00
1.275478440123947177e+00
1.160045119620282117e+00
9.985509241086475418e-01
9.133046074293604821e-01
8.448052993510491993e-01
6.565169901484508852e-01
4.738303908078135840e-01
2.703481740616131557e-01
-9.560420736403774100e-02
-5.075856384615599071e-01
-8.274890218338588621e-01
-9.949228314241154170e-01
-1.025503237354305819e+00
6.164648832375856785e-02
1.847402892642432681e-01
2.662074944849360802e-01
3.208406892326228221e-01
3.401661040328975427e-01
2.977167471490289596e-01
2.824836232028763994e-01
2.575967410343357744e-01
3.829186202824625407e-01
4.407076020509606007e-01
5.196648849099725354e-01
5.965092330015810962e-01
7.031168317370726228e-01
6.624040410957439118e-01
7.173538490723215810e-01
8.862155921634040645e-01
9.976938844760724345e-01
9.679678268361707749e-01
1.070984503211585226e+00
1.321119304824750706e+00
1.502234387098695834e+00
1.604947655378672122e+00
1.700929756646181845e+00
1.770182608758222864e+00
1.788776516451548559e+00
1.842370092572916063e+00
1.923760776405593953e+00
1.921613937170155051e+00
1.882298304896764529e+00
1.883286768481560625e+00
-3.368183110231792038e-02
9.756657208384023061e-02
8.698212447608597020e-02
7.550904152880140441e-02
-2.499444361565789086e-02
-1.089500642969328664e-01
-1.801318961971933585e-01
-2.323403074079859743e-01
-2.571422896047304563e-01
-2.730550960383369419e-01
-9.514746058644871218e-02
4.623423558974640302e-02
1.363060240161541314e-01
1.936557926656793382e-01
2.338110522883149744e-01
3.008526967094661275e-01
3.209001087836304000e-01
1.112137070126665017e-01
-2.766327418324778797e-01
-4.109621437559298762e-01
-5.759329034857854079e-01
-7.058704186879077858e-01
-8.630998288197588852e-01
-8.724187951058013368e-01
-9.084093437735608623e-01
-9.051027851248567568e-01
-9.220613803484711823e-01
-9.574234917102869558e-01
-9.868826422514653807e-01
-1.026269969371762514e+00
4.909269650500432125e-02
7.935864168958238485e-02
1.617451396259809160e-01
2.205359359690376164e-01
3.250531985688991932e-01
3.428266852235940521e-01
2.918901828045998847e-01
9.853922311802890133e-02
-3.202943402162275466e-03
1.658636611169161078e-03
8.033853341596366993e-02
1.651730065559883776e-01
1.992366601183623853e-01
2.655875849898163277e-01
3.192125319455343946e-01
3.336690874493118963e-01
3.532440002098136134e-01
3.515768926895823099e-01
3.684502374867406616e-01
2.985540413799520065e-01
3.108881406916830792e-01
2.683062046296056935e-01
2.871631989504442872e-01
2.796635915710423692e-01
2.892180283632925786e-01
2.700542639887984486e-01
2.259699815769331543e-01
1.638431768135382161e-01
1.194265335494545666e-01
2.872742801817598779e-01
1.545583311805450166e-01
2.799258337448731204e-01
2.625371187013158525e-01
3.156203463935484121e-01
3.045283603365040448e-01
2.586372147632563512e-01
2.294267402630642549e-01
2.704252144483039744e-01
2.438793526306229364e-01
2.118442324478198024e-01
1.487125173144502321e-01
8.618297983546556462e-02
-1.053411922170960774e-01
-2.703410738628405086e-01
-3.741065983820955898e-01
-4.365780878724421221e-01
-5.981178185016827742e-01
-6.410797761772396575e-01
-6.059812804222839411e-01
-5.343169702194003889e-01
-4.978901575257272949e-01
-4.348034510580307543e-01
-3.965698711808453014e-01
-3.604339630490303592e-01
-3.113544620197533641e-01
-2.941130124425740955e-01
-2.143577723875532137e-01
-1.823482566882707601e-01
-1.356469036752024349e-01
-2.690784816855943395e-01
-9.932160088834114664e-02
-2.351521810364897158e-01
-2.723473428411025132e-01
-3.759406625282047942e-01
-4.506110672268923145e-01
-5.504636733817613869e-01
-4.001366659408022164e-01
-3.562842997557964519e-01
-2.683495137482200255e-01
-2.971684026626577046e-01
-1.918183719678057120e-01
-1.900627282094970727e-01
-1.505079478976898699e-01
-1.746067169120452678e-01
-2.104624497595966315e-01
-2.460534749863915738e-01
-2.825816599147056296e-01
-3.369155278761264416e-01
-3.945604181079404027e-01
-4.576149969313773047e-01
-4.682449760413193718e-01
-4.294859111826940801e-01
-2.969115323122007988e-01
-1.643015716634070034e-01
1.224219189655093021e-02
7.760692822799182544e-02
5.706721344798380141e-02
9.540068238336596451e-02
1.842172702958542185e-01
2.297655672920229930e-01
-6.134854583945606454e-02
-5.402037873132428669e-02
-8.116434111202136537e-02
-1.324565090563704639e-01
-1.710937673108918755e-01
-1.867437734363173174e-01
-2.662412989279595577e-01
-3.607605440458070412e-01
-5.721550571553717379e-01
-7.789533895118057050e-01
-8.752065127888597473e-01
-9.104049869499102332e-01
-8.188231910719725448e-01
-6.671857633968110157e-01
-5.480376297110622907e-01
-5.668378051483398128e-01
-6.105355642271591554e-01
-5.846176348515340626e-01
-5.382290884004425902e-01
-5.181302550877180391e-01
-4.964909033425129459e-01
-5.494234505476227604e-01
-6.274849328927736281e-01
-7.027292897916677106e-01
-7.357808566277711515e-01
-7.946427827762327922e-01
-8.954008364247878493e-01
-9.362514876460401592e-01
-9.351725363337405339e-01
-9.285151749317017700e-01
9.067605799840697256e-02
1.804537238909836305e-01
2.807469443073413173e-01
3.531419078198111405e-01
4.363964975087384346e-01
4.191514261711194456e-01
3.190631103619189224e-01
2.997126705822221182e-01
3.380154541049477102e-01
3.619185823222428322e-01
2.537717890473402127e-01
1.610509929866543177e-01
8.799908579715733092e-02
2.984105583449746940e-02
-4.111025892069938154e-02
-9.961279781551604651e-04
1.135628079085797618e-02
1.088557108376223340e-03
3.109417848792241784e-02
1.098327359135913561e-01
2.005242654884564768e-01
4.497476711477184086e-01
5.216995424239958545e-01
5.490200818714022768e-01
5.912129538960699815e-01
5.528604821447586914e-01
4.594321058994087492e-01
3.402073622113589435e-01
2.930863682011363158e-01
3.401524149215011672e-01
4.413180593852193689e-02
4.765036647720365809e-02
1.444605895905559656e-02
-4.264864938249458837e-02
-1.353527045209526325e-01
-1.135079144807322887e-01
-9.773938939394333225e-02
-4.362648148824090077e-02
-4.947621809629601519e-02
-1.397242601499482650e-01
-2.478085567569788261e-01
-3.307193024883772203e-01
-3.394317422404632967e-01
-2.861257267867499121e-01
-2.303266157677460735e-01
-2.412186763221543517e-01
-2.737627463380017390e-01
-3.595040065971859544e-01
-3.417382108795578022e-01
-3.182444804241552627e-01
-3.533578662862785769e-01
-3.707545357525309226e-01
-3.050362441579433370e-01
-1.990374675361232248e-01
-1.358060146109407174e-01
-7.604693356481626032e-02
-3.899845362890665829e-02
-3.087929553636693109e-02
-6.506050176477856661e-02
-6.294365690910873334e-02
-4.322191595855331275e-02
-3.979040863939958123e-02
-4.258064206059214429e-02
4.968076916332156423e-02
1.857035519292058179e-01
1.478633672995914861e-01
3.980430889711629450e-02
-5.073072909453073265e-02
-4.672442768984881589e-02
-7.689599715286120352e-03
2.522082628409070826e-01
3.242312194806141745e-01
3.896980476732373466e-01
4.057042816684704456e-01
4.337825723499365571e-01
4.378858684279851587e-01
4.114468759602689651e-01
3.426202155241646619e-01
2.739045683696410549e-01
2.437033546166173237e-01
2.473646839091239447e-01
2.436770084248073287e-01
2.117555819700295827e-01
2.011605560632222511e-01
2.065155884963543742e-01
2.202791469499763011e-01
1.049696233019914299e-01
-1.036292218061953402e-01
-2.134177841813970078e-01
-2.125918209458783348e-01
8.688688547179046484e-02
1.790919847072555693e-01
2.481903540977533629e-01
3.171713178432343794e-01
2.895908811794623006e-01
3.424416904232754355e-01
2.564546228992728993e-01
2.106396501591958348e-01
2.023427375908055659e-01
2.291348410113841216e-01
3.199177913465904299e-01
3.578931887765723352e-01
3.542085552262156933e-01
3.544516031942627765e-01
4.063890712416434736e-01
4.182163388931607884e-01
4.100242571101652134e-01
3.837653653425531219e-01
3.249991805863979843e-01
3.451087433100844537e-01
3.449745905146879843e-01
3.356905618932454760e-01
2.719968977993637016e-01
2.791132146692991145e-01
1.820844611419113190e-01
9.957212764269098015e-02
8.931823488476024753e-02
1.143150639990240802e-01
1.132848509030688483e-01
1.065672274800603808e-01
-2.445547424555484690e-03
1.853294280020594334e-02
3.078712016944351593e-01
4.302751358253190661e-01
5.490114149891179851e-01
5.679797648016112754e-01
6.081724496012143044e-01
5.736395944419492299e-01
6.642109896827426141e-01
6.843703983519229261e-01
7.196726321099774504e-01
6.565001602886140208e-01
6.313301781092071074e-01
4.779348130738839684e-01
3.392498321489704760e-01
1.095605618269077097e-01
-5.053122044171498572e-02
-2.237096335287076521e-01
-4.861881748213199295e-01
-8.727933543080366174e-01
-1.276648576591015827e+00
-1.570622140604664096e+00
-1.698422327719847580e+00
-1.714680778576198827e+00
-1.668175785918839082e+00
-1.521674869506378869e+00
-1.430032574202396267e+00
-1.394566917820215801e+00
-1.385682851797643167e+00
-1.424186523795969439e+00
-8.179516525608770960e-02
-1.176382629598327900e-01
-1.405381937474073917e-01
-9.244870949509562119e-02
-1.032141914934714411e-02
1.747308317130324418e-01
4.271379013871123287e-01
6.828087066745998079e-01
8.241355318632042071e-01
9.440156528014747028e-01
1.055909750192462138e+00
1.087393940798392356e+00
1.156813486206578423e+00
1.170339031552549924e+00
1.182724729554930354e+00
1.236386037646538760e+00
1.221922350766124321e+00
1.284372405244374793e+00
1.375953100813384955e+00
1.405398593891548531e+00
1.289259986800271651e+00
1.200634724655949892e+00
1.136387939726996255e+00
1.010336311347643790e+00
9.987024287895224228e-01
1.009570378867665319e+00
1.034194897346923714e+00
1.030955958684253826e+00
1.069848230812548540e+00
1.109391868341715659e+00
8.673859178825604754e-02
4.201963962405202424e-01
5.497111877178380013e-01
6.892620194720466831e-01
6.219722148238983062e-01
5.893213107097746706e-01
2.431957773289083469e-01
1.330846598112296053e-01
1.958508554594789730e-01
1.992033103029260954e-01
1.465074178896118573e-01
9.694085589377657297e-02
5.485836747586703838e-02
2.860106429316743720e-02
-6.855982849918815236e-02
-1.428263013462269249e-01
-2.082855014696088358e-01
-1.988196006648880743e-01
-1.969117364054736030e-01
-1.877070025990877356e-01
-1.847282375507622310e-01
-1.956953943142870911e-01
-2.088695400287774451e-01
-2.176821376469126879e-01
-2.468808743343682277e-01
-3.851766923677906185e-01
-6.948981004885808055e-01
-9.431158852095178347e-01
-9.149341290725124809e-01
-8.517956336023583264e-01
1.100073919828109363e-02
2.881100636992230818e-03
2.330385069873149376e-02
8.697186061153237835e-03
1.154899101735538600e-02
-4.043028858717732932e-03
-3.240121039581828760e-02
-5.261735182392866805e-02
-6.155290722085270810e-02
-5.097335500537425457e-02
-3.873370151777058568e-02
-1.176568295561497557e-02
-1.266750956273042170e-03
3.129612129360954953e-02
3.145346445854222545e-02
4.197364819732000984e-02
2.884120296801797809e-02
-4.304367579081379985e-03
-2.555187119393853568e-02
-3.583192208935682271e-02
-3.507905554141882432e-02
-8.190752045368626666e-02
-1.158470938372626879e-01
-1.411070893617064337e-01
-1.357751195158718449e-01
-7.427003967283332675e-02
9.471901189067866156e-02
