1.040444773412263491e-01
1.622098101589739827e-01
2.657249299453384173e-01
4.572747975535809695e-01
6.116712617903167226e-01
6.540359602960869045e-01
7.662483055691988731e-01
7.919683090425830851e-01
7.777314022884905809e-01
8.342223770940889738e-01
1.014350284789709233e+00
1.294196221668028723e+00
1.523002794776908031e+00
1.745548233221950074e+00
1.792049288235195270e+00
1.792367381889856448e+00
1.698111863467484550e+00
1.491516588156328593e+00
1.281928718393848809e+00
1.155199561113366968e+00
1.063091025508204446e+00
1.017430705220647713e+00
9.808601559086769228e-01
1.048765597470004307e+00
1.166993884547553817e+00
1.279281759002489416e+00
1.383528736771172607e+00
1.471511569160082633e+00
1.542093458925178018e+00
1.242734228181866241e-01
2.809222281428876422e-01
4.128733006927070015e-01
5.348765935327601806e-01
7.960488761186798046e-01
9.659584421402540588e-01
8.379584828708881439e-01
7.166496995891612487e-01
7.384459402525945793e-01
6.942714805034539971e-01
6.749276843228299017e-01
7.128738938656945523e-01
6.941559072881424708e-01
7.384443202110686499e-01
8.172114940145174256e-01
8.938636652925333603e-01
9.356827965518567103e-01
9.774679329739307532e-01
1.026958615569182109e+00
1.043262882168093375e+00
1.116403743696891215e+00
1.189838176876010900e+00
1.200946643150948567e+00
1.228733639650306575e+00
1.262049005391574941e+00
1.319467178134638097e+00
1.362365573134872054e+00
1.348209431718081719e+00
1.249052478301219349e+00
1.128713201908082331e+00
-4.989777674290082204e-02
-1.015805452004341358e-01
-1.334509488668279009e-01
-2.009579973013970178e-01
-2.322430893300328203e-01
-2.972534793164610667e-01
-3.424212348921980009e-01
-3.292127933060566836e-01
-2.991979798705374227e-01
-3.753876669283670586e-01
-4.569759324063828454e-01
-5.167948505469512899e-01
-6.483772964385841053e-01
-6.381583164774609074e-01
-6.102254305451388916e-01
-5.718062547508034887e-01
-5.769250881418138688e-01
-4.658012608405719956e-01
-4.802480356127049044e-01
-4.832668308457767070e-01
-6.119952816746049296e-01
-7.264590676600883867e-01
-8.193068345924457985e-01
-7.070596907606342407e-01
-7.290023256672037988e-01
-5.702728656924652695e-01
-4.537967561384926851e-01
-3.921537716285610764e-01
-2.783638262256353801e-01
-6.890825131711794671e-02
1.369123624967694686e-01
2.808309835624263617e-01
4.291322324891859719e-01
4.135924927909385151e-01
4.573564533120193509e-01
5.916038720468012047e-01
7.904304443409406744e-01
9.272857146322190935e-01
9.813460923835947147e-01
1.041061411295526096e+00
1.124984936215194464e+00
1.188586877631601091e+00
1.246232753331222076e+00
1.330036328386312361e+00
1.398153589676318642e+00
1.397044434215860775e+00
1.339963843238454855e+00
1.331219658161594488e+00
1.299256299673379411e+00
1.262991393488753111e+00
1.184323968096089086e+00
1.127461181984294569e+00
1.024969252205663262e+00
9.485485115273128987e-01
8.343360969114843595e-01
7.008335033405870274e-01
4.834991996486965871e-01
3.602200089541951478e-01
1.774047969236942635e-01
-3.097999501412315726e-02
-1.944520432889395023e-01
-2.586177412826772271e-01
-3.283871129067398309e-01
-5.032773549637631350e-01
-6.222770892305922175e-01
-7.600927013232446905e-01
-9.001183466804045796e-01
-1.009811091037382313e+00
-1.075672436328455106e+00
-1.259745876483174376e+00
-1.319954852093631281e+00
-1.374814216053807492e+00
-1.378407365024053144e+00
-1.390615708349656421e+00
-1.290045742061173506e+00
-1.111074600839995430e+00
-9.514273982568832722e-01
-9.176672959722838030e-01
-9.057477685428309000e-01
-8.756097126511828144e-01
-8.342060117366478789e-01
-7.771227693128609504e-01
-6.567880133772109330e-01
-5.925980555222580826e-01
-3.836346266456319709e-01
-1.918069175049429698e-01
4.419078854774050047e-03
6.263136390371551454e-02
2.259088810476176379e-01
4.232748850877485203e-01
1.776310730956740247e-01
3.220471907292984381e-01
5.368946387357369510e-01
6.432935193328270795e-01
7.160968986309468320e-01
8.211637633512699486e-01
8.530254788846958203e-01
9.631146287028597985e-01
9.816999656250935402e-01
1.010783696220376005e+00
9.712308841126516823e-01
1.009424400749460160e+00
1.017399030614583699e+00
9.948012218607301671e-01
1.005703856379829064e+00
1.029657765332915309e+00
9.788767189204864438e-01
9.821046168411117216e-01
9.922854715435948103e-01
8.864804372868786420e-01
9.084514837046467894e-01
8.739677933654055320e-01
8.050425388903157398e-01
8.569805923907471978e-01
1.069443747396797706e+00
1.064874911548276515e+00
1.057045331725007475e+00
9.806571671655670563e-01
9.368942797578097004e-01
9.397333537695312655e-01
1.752581447989739333e-02
-3.385488296322938795e-02
-2.802614374676238307e-01
-3.989061278314054437e-01
-4.628251225272826397e-01
-4.870315105613324813e-01
-5.899876779515145220e-01
-7.367885464503932669e-01
-8.650713785837584879e-01
-9.837542346785058678e-01
-1.043018378468987262e+00
-1.186911384913474476e+00
-1.315885551359079475e+00
-1.397441745228463761e+00
-1.441411086255945939e+00
-1.417241241665001317e+00
-1.346807737744994071e+00
-1.297953427861957776e+00
-1.294459905505215280e+00
-1.161869750100444465e+00
-1.132616096565816299e+00
-1.151905251454943269e+00
-1.197689192581276929e+00
-1.233815650312398926e+00
-1.270061272299590316e+00
-1.211358273887968906e+00
-1.102703371456238868e+00
-1.042832707185860963e+00
-9.796090952184756118e-01
-9.089337236019815469e-01
9.622946265878343231e-02
2.001259510573817346e-01
3.071349877756337499e-01
5.305887461527626359e-01
6.802751815427539039e-01
7.217905069134945562e-01
7.626858629269585022e-01
8.458181061350145136e-01
8.566409383114257370e-01
8.919875780409747268e-01
8.562923992758105785e-01
5.858891866415021354e-01
5.522793013933232631e-01
4.300066809517143485e-01
3.442568828083572563e-01
1.794953155397004674e-01
1.880741719624070551e-01
1.580917629472702590e-01
1.257055511034857465e-01
1.858515941290804774e-01
1.924642475625116256e-01
2.183692043090992851e-01
2.015548659151473188e-01
1.843518117230192876e-01
2.686539609804813322e-01
3.548153646726865396e-01
4.940046456616456472e-01
5.342302304598073315e-01
6.214693921638874130e-01
5.701340145923803338e-01
2.437907071519190491e-02
1.016804328414497131e-02
1.737711580527567801e-02
-7.677335825133080327e-02
-1.547122419288510797e-01
-2.326269491508831111e-01
-2.717118149217161993e-01
-3.607177623859368909e-01
-3.465092361894343553e-01
-3.790793974996144455e-01
-3.797009953376430658e-01
-4.529672789447418135e-01
-4.968870231012851857e-01
-5.588859783717465834e-01
-5.902387062698277731e-01
-6.000330597444285541e-01
-6.508863585924605788e-01
-6.597566942258854539e-01
-7.542408882375323254e-01
-8.044293073841849440e-01
-8.149352149062334405e-01
-7.713042810293007090e-01
-8.071428354569125663e-01
-8.798169428672658610e-01
-9.450931995871930669e-01
-9.755602341784982423e-01
-1.011896436077671879e+00
-1.038560062895392822e+00
-9.927073059453361825e-01
-8.172362161536397274e-01
-3.095279834109123523e-02
-2.418477681296415938e-02
1.171472334584656300e-02
4.949597651808840260e-02
8.521466319782811105e-02
2.514648009410276330e-01
3.429792306817259218e-01
3.736120310863162985e-01
4.318725980011536292e-01
5.556399393945821163e-01
6.058962100984457422e-01
6.526439180529964856e-01
6.679654714684594152e-01
8.257196131511064241e-01
8.905022770969214241e-01
1.136362967751012754e+00
1.222542155329507496e+00
1.380934217807185060e+00
1.414812164027033248e+00
1.540828630267729427e+00
1.457723381817427111e+00
1.348114052677136465e+00
1.300602315613505366e+00
1.287284212921321336e+00
1.238087746565475600e+00
1.215531435552137385e+00
1.208943411371442567e+00
1.122609345344319776e+00
1.142387793092806358e+00
1.164212906265909231e+00
3.342734112474708696e-02
-1.485047282326026896e-02
-1.037065567048823245e-01
-1.348610359997141628e-01
-2.143036296171504096e-01
-1.864758799663790712e-01
-2.371574040119200921e-01
-3.114607558364538842e-01
-3.676134206703799978e-01
-3.164824443562147538e-01
-3.551809259172504230e-01
-4.162861628346187226e-01
-4.186322068876933145e-01
-4.481589935359775456e-01
-5.247387439605257775e-01
-6.331600672144597208e-01
-7.370246585412033591e-01
-8.655374214435633817e-01
-1.097854307353733017e+00
-1.486132204101983767e+00
-1.769840359105000482e+00
-2.030899663636952290e+00
-2.295572101408660970e+00
-2.472260984925744420e+00
-2.499067457538215020e+00
-2.622366193290566194e+00
-2.711204276633348620e+00
-2.809554375123175518e+00
-2.864293073303760817e+00
-2.877958592149718164e+00
3.696587623202565731e-02
3.163739749400388407e-02
1.191108954194414205e-01
2.449091427180346559e-01
3.629214393553666929e-01
4.005423666842270469e-01
4.558431169402457628e-01
4.014920043051563581e-01
4.054194370394694213e-01
3.983382825205742384e-01
4.033473261233815332e-01
4.317820144802722582e-01
4.828792718291726183e-01
5.778999177549797306e-01
6.954188526190749897e-01
8.413140995541581457e-01
9.909082311925982989e-01
1.232334806969205498e+00
1.447333060512692171e+00
1.830553434860121120e+00
2.281456485282417290e+00
2.629720988409784077e+00
2.888248471678711127e+00
2.951250783932044985e+00
2.879964256802917788e+00
2.593032791550749838e+00
2.512446542937588401e+00
2.489120144442067417e+00
2.391430288684690986e+00
2.202588234497194097e+00
-4.004625145858194818e-02
-1.762329257204547917e-02
-3.508879551350035236e-02
5.276658379727611897e-02
6.277647781326828325e-02
5.921753536278991092e-02
5.551526895177937709e-02
1.286118401670917344e-01
2.155831825461061446e-01
2.959954336864479285e-01
3.231075921015756358e-01
3.530921728571884133e-01
3.750704779108767761e-01
3.557832096882537765e-01
3.477266779646475681e-01
3.860838446804109592e-01
4.556862413247941279e-01
5.097232227829647799e-01
4.721161263883986159e-01
4.766467611061562248e-01
4.955801004966983725e-01
5.853962732874840036e-01
5.504738878438711902e-01
4.631305078882990145e-01
3.454799962297238070e-01
2.202484686125234792e-01
1.078947749449225696e-01
1.232669827182608646e-02
-1.364042312900258236e-01
-3.097576106255693906e-01
-7.236203866163512521e-02
-1.161570249116502390e-01
-1.183841678047857920e-01
-1.125439084288563790e-01
-8.650037369966388778e-02
-1.836042154065085918e-02
3.951929285263791614e-02
5.701047751835293387e-02
7.410394388278181144e-03
1.440875702534044102e-02
4.772729968479615115e-02
2.212544298250082933e-02
-1.346054418895489477e-02
8.163321796722856905e-02
2.096050287964098535e-01
2.715181415647423546e-01
3.340958536157876413e-01
4.773312571045100761e-01
5.452393549477333456e-01
5.334063146632366248e-01
5.914818662850394038e-01
5.766166511460095734e-01
5.819075291468915889e-01
5.840455031486257997e-01
5.425770216821482750e-01
4.604485112378170486e-01
4.434862353768096455e-01
4.184998267992249277e-01
3.041347621244963606e-01
3.331543066181296142e-01
3.666262613376108925e-02
7.224980954649512510e-02
1.044933289245077446e-01
1.672931651758908234e-01
1.478953301632111861e-01
1.452319065501988526e-01
1.493755208666073531e-01
1.760386645052839372e-01
2.827586345870460871e-01
4.206990051474614467e-01
4.806079351642733588e-01
5.331649488411801530e-01
5.199277884987979492e-01
4.356244133750316605e-01
3.585358988845201433e-01
3.666335115368600239e-01
4.254612016016024456e-01
5.534837176479396881e-01
7.068706882982098705e-01
7.143585902364739670e-01
6.536310543596447475e-01
7.006482731026342226e-01
7.493692946316147241e-01
7.554803515983166129e-01
7.314664585654958584e-01
6.216418882220930975e-01
4.458026456054362541e-01
3.317112358975185527e-01
3.118006172098380380e-01
5.417112202496493500e-02
-3.242155604894023102e-01
-5.457015771019591011e-01
-7.117892289958449581e-01
-1.068140137309991022e+00
-1.294431104021233736e+00
-1.432656700067172828e+00
-1.554754303486348688e+00
-1.599428117341929578e+00
-1.527130260512666426e+00
-1.516236340691982987e+00
-1.473824727706700033e+00
-1.480650398309186100e+00
-1.521703447497427364e+00
-1.429789773201517011e+00
-1.202621129818036483e+00
-1.055344659076161928e+00
-9.834757187168375880e-01
-8.030168396092836058e-01
-6.825609065581174084e-01
-5.756688306144178702e-01
-4.532421912504021044e-01
-3.910936549857375599e-01
-3.987911036100723061e-01
-1.644420599286733342e-01
1.371199533962678685e-01
2.664486902085438924e-01
4.970880966745915286e-01
6.740774816112405921e-01
6.415452269306246569e-01
4.396355702490456485e-01
-2.164534655621454251e-01
-3.402379291335972944e-01
-3.888735864158434086e-01
-4.295786739407033705e-01
-4.100921674132718686e-01
-4.674052384439287278e-01
-4.806823185299466950e-01
-3.798005276852687295e-01
-3.357054165143969482e-01
-3.332075825657448975e-01
-3.612266842477604989e-01
-3.865117295704714184e-01
-2.784725280265038516e-01
-8.242197740527168470e-02
3.452078009463975528e-02
2.982687361552006922e-02
3.365424810062893346e-02
6.498830112892346744e-02
1.040286515225630481e-01
1.111339521942846104e-01
7.058624368571903007e-02
-6.591993585143385292e-02
-1.813838804145745109e-01
-2.618293997664740136e-01
-3.248899502778965775e-01
-3.601121701653205442e-01
-4.332687261604565299e-01
-5.445010402318566367e-01
-7.125252775712932474e-01
-8.487936398054601872e-01
-9.764945488507281723e-02
-1.836752863539866665e-01
-2.985889232671389837e-01
-4.297754913166581536e-01
-4.973012478342654363e-01
-5.301712103752852512e-01
-5.654009897943407248e-01
-6.492755868589368262e-01
-7.537213659893508000e-01
-8.445998371811738181e-01
-8.467673054568181090e-01
-8.047813520655483499e-01
-8.621357618722621519e-01
-1.008632994323286791e+00
-1.062717077471475147e+00
-1.119623707370179133e+00
-1.311791280530596682e+00
-1.490787095952344155e+00
-1.565302144553259778e+00
-1.549284215192463288e+00
-1.529701797373291594e+00
-1.530475991412395320e+00
-1.485130998432438343e+00
-1.392216501912557192e+00
-1.281939374476355864e+00
-1.175126630199996525e+00
-1.103113972642072227e+00
-1.047683009994247350e+00
-9.696572006849876191e-01
-7.777316849442242885e-01
1.698004155841472407e-01
2.822969195692507927e-01
3.322761783843615202e-01
4.489786747948962264e-01
6.129757784125383635e-01
8.185346817893617288e-01
9.524711817779727419e-01
1.015161505569158074e+00
1.050219691230356300e+00
1.061489385160115040e+00
1.081100457535004722e+00
1.077322185978634383e+00
9.212293955076696905e-01
8.248854243120479213e-01
8.026265193275431420e-01
7.253393471798045278e-01
7.406189776533880220e-01
8.005341342314049591e-01
8.030527226662453888e-01
8.300532357243849413e-01
9.468011771386561914e-01
1.117066368336740778e+00
1.085116137809505998e+00
1.034385011804220378e+00
1.075592707194493514e+00
1.118311058499745547e+00
1.262949586901198629e+00
1.292130124755893839e+00
1.163623756842637080e+00
9.879110337950700593e-01
-7.147248307558387581e-02
-1.426544702142608645e-01
-2.317900034950891031e-01
-3.206921348599740540e-01
-3.790487115268804108e-01
-4.211476012189512286e-01
-4.739581489070657239e-01
-5.823902016107246338e-01
-7.475760144935186258e-01
-8.999665558587927050e-01
-1.128433158058926411e+00
-1.286872184042519685e+00
-1.445132385160739386e+00
-1.584456518978770490e+00
-1.653873445965779787e+00
-1.651431567723847582e+00
-1.568313244939102180e+00
-1.448117513471990137e+00
-1.316058679646492813e+00
-1.315348860377100859e+00
-1.404971623924488267e+00
-1.382137557185810106e+00
-1.359483207919037095e+00
-1.312929933351177914e+00
-1.226977574864206222e+00
-1.164170489570100386e+00
-1.039124186626165347e+00
-9.861193235574113869e-01
-9.011735493992253376e-01
-7.946562423903635874e-01
8.375949534816055919e-02
-1.568710645314512486e-02
1.018793483325855856e-02
2.347440778582748910e-02
-2.819140170440520565e-03
1.265992013841251221e-02
3.091847442745893765e-03
2.337028795654453456e-02
2.753688967899450835e-01
5.010640386864109175e-01
6.242355857247364748e-01
7.221222865961723913e-01
7.624215137469401160e-01
6.613397634205546716e-01
6.994973419792092084e-01
6.106068062539542485e-01
5.588153496600423153e-01
4.644189390418598795e-01
3.532338229698447352e-01
1.880770346609410559e-01
1.645075083326709431e-01
1.697655909614097514e-01
1.659626680770373008e-01
2.233368281271169709e-01
3.267568573829734424e-01
3.214224769841292906e-01
2.666085192572084095e-01
3.238232995782994172e-01
3.700955443687909407e-01
4.671883317261985025e-01
7.654226311996084609e-02
3.742623075263971921e-02
-4.497864135317133916e-02
-2.095094157943323473e-02
-8.940296708264582060e-02
-2.143993918785825348e-01
-4.284081089700068068e-01
-5.638546093461638264e-01
-7.176397193652498396e-01
-8.893673206680045018e-01
-1.094328877347405360e+00
-1.179640855840070612e+00
-1.214177906003876872e+00
-1.172816208859833731e+00
-1.115408938256363003e+00
-1.025100338370098063e+00
-1.056614212413125475e+00
-1.027829052799742904e+00
-1.134875413220274076e+00
-1.196259400113564242e+00
-1.126223851625120398e+00
-1.132578462520972273e+00
-1.185665189737679537e+00
-1.185827065273633796e+00
-1.179497017459438801e+00
-1.208065756447366912e+00
-1.193024242835431181e+00
-1.153581636147314127e+00
-1.110721895020338579e+00
-1.126063908530429813e+00
3.896673539308718320e-02
1.669344993158595469e-01
2.919414404538381858e-01
4.093767923723091173e-01
6.783950390335189429e-01
9.466272787273080080e-01
1.175781159490099759e+00
1.767287398068625226e+00
2.234289181168584104e+00
2.242054498495606119e+00
2.263208454806867387e+00
2.390295099582576022e+00
2.351302785979376253e+00
2.305845600856060162e+00
2.205923183176977442e+00
2.121839609338304289e+00
2.081057034577438181e+00
2.002772836340861673e+00
1.753995168321631937e+00
1.652726349302774400e+00
1.597655860540894590e+00
1.640368517314176877e+00
1.757106927620109005e+00
1.802280016720210654e+00
1.832190238116271797e+00
1.861015019826473438e+00
1.911536718545729263e+00
1.916997040698551924e+00
1.892145551911746493e+00
1.883746458624342868e+00
-6.698167475482587341e-02
-1.671459384535795567e-01
-2.877795278983471539e-01
-3.802705000434599136e-01
-4.908872281377070768e-01
-5.683461480153735312e-01
-7.103649815944496071e-01
-8.220285471139099354e-01
-1.045641118941888381e+00
-1.203031130185806541e+00
-1.389231214540579185e+00
-1.656430052574453082e+00
-2.054850061082785562e+00
-2.669584913371032542e+00
-3.079171362354423458e+00
-3.086071721934733336e+00
-2.972341174571817124e+00
-2.820814226649233092e+00
-2.818593488321621710e+00
-2.797969113507431160e+00
-2.729071986307172182e+00
-2.623279081495128562e+00
-2.588715849443161687e+00
-2.582521472876578628e+00
-2.532602916241180058e+00
-2.471888649329794685e+00
-2.414627044789694477e+00
-2.292522571094111505e+00
-2.075732016095559462e+00
-2.030963161934281835e+00
2.809061354900755161e-02
1.624658101763753193e-01
2.062802245647275823e-01
1.913938878428046997e-01
2.264389991741941888e-01
2.690342232550852475e-01
3.368993615610485493e-01
4.356208776441789499e-01
5.291985420237391713e-01
5.183778371788407835e-01
5.112995089923192404e-01
4.716892521551911410e-01
4.190807814394433839e-01
4.304755479016458830e-01
4.311102345660294266e-01
4.356787230908598096e-01
4.258571050462454100e-01
5.286807858947513150e-01
5.239008175789289234e-01
7.032020367442712860e-01
8.921948413193863114e-01
1.062822945899625005e+00
1.104665831453428115e+00
1.113420270047043914e+00
1.096684331748939645e+00
1.187050744238145494e+00
1.148580081984593271e+00
1.113010586880645025e+00
1.126369899381638673e+00
1.157366546075929481e+00
5.763738298916212116e-02
-2.379456049830228764e-02
-2.038720695419368178e-01
-3.211622122064140550e-01
-3.838532686939189476e-01
-5.772813283262004935e-01
-8.403387558737602792e-01
-1.164095450805076926e+00
-1.385073144791580058e+00
-1.454993797509449571e+00
-1.433907112997261590e+00
-1.407034443137904045e+00
-1.221544006927088422e+00
-1.069815548394848381e+00
-1.376010529211275646e+00
-1.741118964299818828e+00
-1.769710237592919677e+00
-1.886014519566250325e+00
-2.125927417479615222e+00
-2.211748156695903855e+00
-2.267770915495476380e+00
-2.219020459028224757e+00
-2.077894001035873295e+00
-1.979408207062915315e+00
-1.962202511252963522e+00
-1.854101934672788721e+00
-1.786414068997197457e+00
-1.693109943355252556e+00
-1.608339773296431074e+00
-1.511370721846166276e+00
2.153776307648717220e-02
1.867307701307993964e-02
1.932558933092550779e-01
3.246779898340758641e-01
3.983609349125865062e-01
5.247859110732429055e-01
7.563528090755141653e-01
9.467144020388393866e-01
1.218701119362300744e+00
1.339793281216229204e+00
1.327300365641125524e+00
1.258126871826487303e+00
1.186667427553783183e+00
1.177922303538111892e+00
1.070398982286246081e+00
9.495614545204763557e-01
9.128619942394420317e-01
8.909977245580560368e-01
8.069943331623139482e-01
7.463492425603291958e-01
6.187709628419868491e-01
5.039979835795600493e-01
5.358678565768993929e-01
5.989539307680089575e-01
5.608391096199908388e-01
5.241521870940712979e-01
6.205736031280526532e-01
6.906758399618324606e-01
7.452049981620056940e-01
7.722634366242805415e-01
-2.640976267359859686e-02
-1.288083155587233797e-01
-4.493649883728406680e-01
-7.997488979660638542e-01
-1.045081910889467336e+00
-1.113113307309554045e+00
-1.150834460044212415e+00
-1.110243509584334376e+00
-1.199354670189456851e+00
-1.285375230246797562e+00
-1.239679376675874689e+00
-1.337634205549417921e+00
-1.387616605210865606e+00
-1.617222169841278090e+00
-2.180556015460251906e+00
-2.487931182253446227e+00
-2.528416542395277133e+00
-2.703917496862317638e+00
-2.785257393900954170e+00
-2.534783917983717938e+00
-2.005357389316592354e+00
-1.481716510752670857e+00
-1.106186634479754627e+00
-1.036348959902245959e+00
-8.129164211531599848e-01
-6.006405829355644377e-01
-3.360630900120706865e-01
-1.307231464821126121e-01
1.021514138928664717e-01
1.813165955163797971e-01
1.941874906967666903e-01
4.173034334341986229e-01
5.900432615097449540e-01
7.815222300165929337e-01
8.612811946147902464e-01
1.036045794873623915e+00
1.143745807194334496e+00
1.077527445575638954e+00
9.814596814788120183e-01
9.388711640863519614e-01
9.754793573108366811e-01
9.263021639295384579e-01
8.144892509865704344e-01
8.209444127376509526e-01
7.443305474650997455e-01
6.505617656055600051e-01
6.331717842929754925e-01
6.725791921042137966e-01
6.648847677045327531e-01
6.662967531518071418e-01
5.857436592419030807e-01
6.326332163546266596e-01
6.631431808716722331e-01
6.654094217295306590e-01
7.778234589726573667e-01
8.078511069657056121e-01
7.772222790847675977e-01
8.094800032230244913e-01
8.526404667825256967e-01
7.308982972720799998e-01
-2.803358077426988948e-01
-4.081085912081938716e-01
-3.631378549670386535e-01
-3.122844809143670575e-01
-3.104487463274983039e-01
-2.451325876200070308e-01
-2.285312671983188437e-01
-2.821434051564766787e-01
-3.526180420246478597e-01
-4.052378787919854730e-01
-6.488794256599966781e-01
-8.787450155550062814e-01
-9.943452449710118435e-01
-1.142265182487384401e+00
-1.294566386023683346e+00
-1.307682638152220189e+00
-1.277446343298673348e+00
-1.275724551658527828e+00
-1.231227582464898385e+00
-1.238500665976347115e+00
-1.349374429027063060e+00
-1.443004813891714644e+00
-1.296136558044945097e+00
-1.141990656804742432e+00
-1.108400636323049415e+00
-1.023313839301692285e+00
-9.665186865175919850e-01
-9.923425930179409216e-01
-1.006288676401281279e+00
-1.039131941814660509e+00
-7.294113547210118176e-02
-1.689351449070478628e-01
-2.335130270383202755e-01
-2.767181465444825128e-01
-3.054933806791574336e-01
-2.373433779343414041e-01
-7.639626836107427099e-02
5.508911912740355188e-02
1.617351088290160388e-01
2.395257097355185660e-01
3.651449867425940465e-01
4.695554317773703579e-01
5.276064448534597551e-01
5.399809040390373127e-01
5.686676327756161609e-01
5.566178797115506338e-01
5.293455736367989051e-01
5.117983573463108504e-01
5.144827984612130312e-01
4.512947485213443244e-01
4.075048776398378925e-01
3.633502638794391948e-01
3.077907604540405795e-01
2.768956619146482057e-01
3.068212427610222393e-01
3.658244352133099841e-01
4.170663406837692433e-01
5.454260321159722924e-01
5.960583202797412605e-01
6.856229180669004553e-01
6.664844834455267708e-02
9.464228474123716206e-02
1.526915671139744690e-01
2.699736079185136584e-01
2.849060307710089002e-01
1.805932350405092812e-01
1.377152977304198223e-01
1.463408626603287521e-01
1.470106139014687452e-01
1.089126742317285401e-01
5.657122366542011865e-02
3.338190644501064230e-02
9.220950919715958927e-02
3.691395434649616392e-01
7.470963507610119958e-01
8.628512838514702521e-01
9.183232115305821619e-01
9.921812295088617839e-01
1.011742625468668111e+00
9.650587175018896513e-01
9.889466524529206826e-01
9.822819762577162939e-01
9.235856560241642033e-01
8.792282839234787373e-01
8.450628834402489353e-01
8.891646853130972250e-01
8.271597884118777610e-01
7.677944704340385895e-01
6.864646589097050944e-01
7.165656885586789704e-01
-2.101877496083880484e-02
-7.221813477154344352e-02
-2.658596332873709445e-01
-3.462775635556408216e-01
-4.807494266781331405e-01
-5.980849659673795893e-01
-6.511771699019263115e-01
-6.844297693564866947e-01
-6.574100127438681218e-01
-5.986393946051031811e-01
-5.111662797490162946e-01
-4.135072487815462106e-01
-4.084251791576063995e-01
-3.946476207494995503e-01
-4.178741114653306554e-01
-3.567959827121678362e-01
-3.255217560692398315e-01
-2.309374248099752003e-01
-1.669937433077483546e-01
-1.989727777202184578e-01
-2.545225580569182022e-01
-2.701680008528007937e-01
-2.324240062244758709e-01
-2.212529994200014560e-01
-1.347890820403095102e-01
-1.214355036961607681e-01
-1.793266553210404735e-01
-1.520775345838173975e-01
-1.735646664803380257e-01
-1.533628775401375266e-01
8.696235995381270539e-03
3.293813353229575747e-02
1.394709217873468451e-02
3.635586287999370558e-02
1.871897123149183009e-02
2.229903476104323767e-02
8.744034701115170616e-02
1.267113210528775791e-01
1.195548663915517312e-01
1.367404389060258574e-01
1.477488272690068161e-01
8.713061741703924390e-02
-8.513517939743749097e-02
-4.983963339413146065e-01
-7.181591049223550183e-01
-6.650834946599921693e-01
-6.784352966122271233e-01
-6.565020560015966122e-01
-6.784792782429795999e-01
-6.765262013093422677e-01
-7.604866263290011030e-01
-6.699096381569760172e-01
-6.988159144304438852e-01
-7.610051144064612361e-01
-7.995673666322677953e-01
-7.824604111527074801e-01
-8.227845474593524777e-01
-8.539871273366294036e-01
-8.895832200726562222e-01
-8.817276605120022426e-01
-2.048824156769138427e-02
1.234448385338614979e-02
5.166017320674283486e-02
1.764984828877592116e-01
2.051720113448788074e-01
2.050359338859601976e-01
1.495527066759693990e-01
1.648923776713014655e-01
2.068506415200001558e-01
2.133691883549045654e-01
1.897523337739049909e-01
2.214612874742824533e-01
2.401489262211859987e-01
2.492239249104183652e-01
3.597153740184974025e-01
3.894776767340715762e-01
4.495522104984615575e-01
4.646870686032152364e-01
5.271305323457937675e-01
5.476206453378391625e-01
5.632164668411385744e-01
6.017015686401909758e-01
5.794276980496968488e-01
6.455104373777906801e-01
7.072720647658142790e-01
7.901649851691273652e-01
8.191874308845769059e-01
8.871168623127612118e-01
9.086195440947191226e-01
9.568757040111375289e-01
9.114021526702606457e-02
1.351816340641601166e-01
8.770798926751494085e-02
1.053816561671344632e-02
-7.288498956325992206e-02
-1.743434750268700317e-01
-1.868751737490112197e-01
-1.901517648703859587e-01
-2.302986648840291140e-01
-2.534972329647733336e-01
-2.754191119042870839e-01
-3.140671806530891397e-01
-3.701511912097435464e-01
-4.034918754519817297e-01
-4.655231024491940928e-01
-5.279148209487275478e-01
-5.631735519003262525e-01
-4.953378604736283775e-01
-4.990694148547976661e-01
-5.109891377554256486e-01
-5.142753220862317232e-01
-4.746591157627840785e-01
-3.766020632650051714e-01
-3.659750492434425406e-01
-3.399890661283506144e-01
-3.773072805195079038e-01
-4.417377479055609180e-01
-4.635820465827297232e-01
-4.784676351774979630e-01
-4.172783098730692419e-01
2.701571520186968681e-02
8.055087627786551574e-02
2.770452104178332264e-02
-7.742088888323148121e-02
-1.548045676669638493e-01
-1.772313507275526390e-01
-1.615076285810485845e-01
-1.639752909283073712e-01
-1.254570853608322767e-01
-1.121757962907184158e-01
-1.002186329063724096e-01
-8.497539726564629081e-02
-4.159735662374151183e-02
-5.720861484260993113e-03
-1.896604523129146250e-02
4.544953395188232326e-02
1.565312453126110892e-01
1.964669551549695914e-01
2.499003081974943696e-01
2.009056516339622067e-01
1.112610369286968354e-01
6.232902521712088695e-03
4.436586304005835785e-02
-1.895275029949449602e-02
-6.425166134472541646e-02
-1.347852123195063256e-02
6.185723876966328638e-02
1.599456729517341746e-01
1.835966424559264398e-01
1.631119774709661463e-01
2.066324883010627750e-02
1.095950398671232395e-01
7.398217321014292913e-02
4.182158057580025873e-02
-2.506556795002832377e-02
-6.658841914847482557e-02
-4.468436079295479146e-02
1.313068721527461957e-02
6.570283359710783755e-02
7.641528654298090917e-02
9.499254195096387687e-02
6.296132361811537792e-02
4.613148952296031169e-04
-5.412141642493091542e-02
-8.539613361912368195e-02
-1.891277823282536685e-01
-2.593480620021935135e-01
-2.392177661164373026e-01
-1.994978247526908444e-01
-1.426872230978643019e-01
-6.708129810674666460e-02
-1.056848948374943670e-02
1.855303000268031244e-03
9.327944198192437628e-03
5.453342855509313303e-02
1.089736335121028743e-01
1.054825867001634998e-01
1.185501597896191778e-01
1.291639675834811429e-01
1.550331173106395954e-01
-4.807169068748112783e-02
-1.927422541803694434e-01
-2.833022449499596473e-01
-3.296307078577251914e-01
-3.554438560968430361e-01
-4.121254510756672818e-01
-4.225710110209615067e-01
-3.634477690814351680e-01
-3.020791694297683683e-01
-2.641999402324667900e-01
-2.611648689869337514e-01
-2.414030137483097749e-01
-2.124900744824821386e-01
-2.035157489395870156e-01
-2.085360295322119251e-01
-2.077579940861083996e-01
-2.073457692016051901e-01
-1.807097421033859730e-01
-1.952941732948882958e-01
-2.680704709000562014e-01
-3.280869491050739661e-01
-3.874317364061932722e-01
-3.399860011282586081e-01
-3.197841652840803794e-01
-3.404533224561080984e-01
-3.768011958882504508e-01
-3.784778795615045266e-01
-3.415498947470645419e-01
-2.087834890964049006e-01
-7.876054061931472838e-02
1.801726489601208209e-02
1.461354387184266301e-01
3.139629195448691013e-01
6.050151894722990420e-01
7.791165851195951397e-01
9.036070319354307934e-01
9.432741464466319892e-01
9.354169550311447479e-01
9.227936561963474560e-01
9.051120079938960172e-01
8.668975142710296788e-01
8.230790879470405441e-01
7.773835529151429391e-01
7.145869691537602986e-01
6.636685967059181568e-01
6.192859955166021280e-01
6.052767876922574564e-01
5.706054487369182082e-01
4.997337919925809446e-01
3.883697114680011997e-01
3.558924404458405633e-01
4.638668602563009724e-01
5.789111814389832356e-01
6.805467433210651285e-01
7.093156564138832776e-01
6.656360341409767178e-01
4.982830938155091705e-01
4.137687859402130464e-01
3.211338327708956886e-01
2.750290230383054535e-01
-9.000593201506752739e-02
-9.031438888357527783e-02
-9.678050136021146277e-02
-4.076066302875029634e-02
9.968083830495132192e-02
8.730089530123204267e-02
3.457408672239212222e-02
-1.693155872650242005e-02
7.482658895263100129e-02
1.333501479539466184e-01
1.686414381324730094e-01
1.831192546658342579e-01
1.862158538747884506e-01
1.961491790454396589e-01
2.241403055058488469e-01
2.083559826545566540e-01
4.625503813475392856e-02
-1.094721932450392898e-01
-2.092699874809822447e-01
-4.085807969091863612e-01
-5.163952467723739170e-01
-4.949568749141457502e-01
-4.440495172008752656e-01
-3.773918960641825526e-01
-2.839845245476470548e-01
-2.462357641845474010e-01
-1.628687920156637048e-01
-1.733002788753399415e-01
-1.852322068818112177e-01
7.224990057556807121e-03
1.994454736661384620e-01
3.489136169650339236e-01
4.426478975531803473e-01
5.062260461053217364e-01
4.672443531015416651e-01
4.216756614149581028e-01
3.953851742141655246e-01
3.531422892039104422e-01
2.834628815627469045e-01
2.404013004373855567e-01
2.186919883312483381e-01
2.417404454125544888e-01
2.585834891907827782e-01
2.835580671341535464e-01
3.209171953398541333e-01
3.197469248439676059e-01
3.562849853324241978e-01
4.182072016217493471e-01
4.282613017199222716e-01
4.034610297322344108e-01
3.696117696141236197e-01
3.022328101615779916e-01
3.129110937830483219e-01
4.651405964909001711e-01
5.457535007660249127e-01
5.975402615030159792e-01
7.194716887310583786e-01
7.695147013517351642e-01
7.913840701978265280e-01
8.252861640474085103e-01
-4.105366489797068058e-02
-1.257560218079691039e-01
-1.613793488169939505e-01
-2.601443986889032112e-01
-3.892028777255734373e-01
-4.466280589661631439e-01
-4.425874585437662989e-01
-3.979402866891510460e-01
-4.786602832208016745e-01
-5.625665698961255234e-01
-7.739531888499169288e-01
-1.029711295701420060e+00
-1.111178276277877242e+00
-1.091175528287580354e+00
-1.120618855721690732e+00
-1.109066102953782273e+00
-1.055566525559708202e+00
-1.011542386901221890e+00
-9.886212607272718556e-01
-7.148659053225853155e-01
-4.117930834208098911e-01
-2.845552872302217762e-01
-1.010072942324490575e-01
6.215785630867701195e-02
9.393079710888097011e-02
9.976388622057492939e-02
-3.521333295360194737e-02
-1.722526183768154362e-01
-2.537391079589935705e-01
-2.713456769655286371e-01
7.085168607369821125e-02
2.210939355576492238e-01
2.926868846556505144e-01
2.882327650770591942e-01
2.898483263118936115e-01
3.652017966410331939e-01
4.310909478061404343e-01
4.168906026342307780e-01
3.395278761831937442e-01
3.305382304680962169e-01
3.178090128087420752e-01
3.026243770435201874e-01
3.011629623535010403e-01
2.607033479064857495e-01
1.527923782883279791e-01
6.269178549802773004e-03
-1.553316467124372657e-01
-1.757316286754679879e-01
-1.762954429183877236e-01
-1.475738517979154341e-01
-9.225113435579640475e-02
-1.937847342913856519e-03
7.676018963772854309e-02
1.832713067433105469e-01
2.605191261740083530e-01
2.488941450183877468e-01
2.995832553289843880e-01
3.646458067739318798e-01
4.264313455067933467e-01
4.850314143608249751e-01
-4.892641150520644910e-02
-1.511345878308634760e-01
-2.356807043331231033e-01
-3.016042611680359031e-01
-4.338155394327031233e-01
-4.545811727848600992e-01
-4.826273002989776573e-01
-5.002743009146206621e-01
-5.259890465029963824e-01
-5.429364749687464187e-01
-4.812706756865519075e-01
-3.995169403171821565e-01
-3.796489262698659051e-01
-4.320843310822324868e-01
-4.089796615177628825e-01
-3.327610689579307279e-01
-2.517832194949153335e-01
-2.369571399912464571e-01
-2.169345704805409614e-01
-9.664616666865068206e-02
4.968887370218906530e-02
1.813709013963382133e-01
2.371235176972713576e-01
2.164561307325813533e-01
1.538985204013690877e-01
1.205524711813978633e-01
7.158969894621994290e-02
-5.535753198342563408e-02
-1.269411678070813954e-01
-1.858182572683988176e-01
-4.846331238423825377e-02
-1.058793575782129293e-01
-8.382488713797395241e-02
-3.130710149929445685e-02
7.338284965137964466e-02
2.603121311880253752e-01
4.057217711846171637e-01
4.773800268873716890e-01
4.789590879413226365e-01
4.483465934410032494e-01
4.193633685059933169e-01
3.692033987804442807e-01
3.966014901893737954e-01
3.881352750797290585e-01
3.885420751876628165e-01
3.587575566100208446e-01
2.760449623745255820e-01
2.194148538516877689e-01
1.092775614854052252e-01
-3.962658827101155079e-02
-1.352056805802736572e-01
-1.567457854671449879e-01
-9.983178102091122552e-02
-2.559347902406937381e-02
6.429311901461137735e-02
1.000695572890330787e-01
2.097887778687105298e-01
3.418667725742410290e-01
3.843376255998020574e-01
4.279333163395133144e-01
1.687138318202009366e-02
-8.067593860841072717e-02
-2.520164843825530299e-01
-3.266472196303679132e-01
-3.072453913673741654e-01
-3.077726634631757219e-01
-3.502660915903670347e-01
-4.796130544615859748e-01
-6.614855066708715814e-01
-8.191139778810763161e-01
-8.640591707943894306e-01
-8.946530860724578593e-01
-7.926735935571068703e-01
-7.064022987348448357e-01
-6.198399676954241544e-01
-5.220869909193434077e-01
-3.559938486339816466e-01
-2.872085786936268148e-01
-2.353413709976167334e-01
-2.692580523863086772e-01
-2.772377106257308266e-01
-2.434916542459977795e-01
-2.682044319243249708e-01
-2.855949330343722226e-01
-2.765771919239062848e-01
-3.046043705608492136e-01
-2.990961717881757687e-01
-2.420566426471686128e-01
-2.062281060308856495e-01
-1.906703755047740034e-01
1.534290345961253701e-02
-2.849301133442953479e-02
-3.829638289984978183e-02
3.419648168170515146e-02
2.525713646059409290e-01
3.821379949321904168e-01
4.401513228064347638e-01
4.272901694892775049e-01
4.096930169529018340e-01
4.795898783845132241e-01
5.163534086010554969e-01
5.060192968858484575e-01
4.473837680301515074e-01
4.438100632282847569e-01
4.632718326964903599e-01
4.998076804068957157e-01
5.344364818450042520e-01
5.113844712037004525e-01
4.864687818632907890e-01
5.122322608122639176e-01
5.314895490630460184e-01
5.964766698821361013e-01
6.810203185491614519e-01
6.978082756635648476e-01
6.488245912285099948e-01
5.485127319230125309e-01
5.068908514740351201e-01
4.986308181585568100e-01
4.784026751734891669e-01
4.130074229356857085e-01
6.546152726186681495e-03
-1.462079118506544838e-02
6.135909146614875603e-02
1.268821901145532338e-01
1.410684384479422293e-01
1.479687806219604496e-01
6.209970085921294458e-02
-1.321760682390396568e-02
-1.221440143607727818e-01
-2.280952110400824850e-01
-3.713096753782820780e-01
-5.191100971734170511e-01
-4.719264451969483742e-01
