-4.481711035247856190e-01
-4.782599124198303464e-01
-6.579047094822760844e-01
-1.087831522806319562e+00
-1.488335911457041805e+00
-1.765382636103829395e+00
-1.877191634824342037e+00
-1.722736622945800544e+00
-1.449323043932938981e+00
-1.095691554523320121e+00
-6.454477831154821210e-01
-1.077825042942615053e-01
2.772334927120945758e-01
4.198509072257151642e-01
5.090839656709168493e-01
5.944118795713277947e-01
7.013000142538697856e-01
8.779969537162345405e-01
1.173614305574445460e+00
1.565026016161196853e+00
1.775964354918819765e+00
1.944545523749185989e+00
2.187143936251588983e+00
2.471863755536684248e+00
2.687267012494291230e+00
2.842001943957483956e+00
2.937829980414993436e+00
3.111242545024860195e+00
3.326071140870661136e+00
1.540400929606246250e-01
3.001520244803217441e-01
3.474458672664822445e-01
3.547033184275866780e-01
3.114215427155122007e-01
2.598166912171078757e-01
9.749976282984015863e-02
-1.878006591361644773e-01
-3.793795846661759397e-01
-4.009483735900399304e-01
-4.178603439708832856e-01
-4.878714617437161505e-01
-4.887794952421642414e-01
-4.020118766462144055e-01
-3.821055798637243983e-01
-3.563855571833824953e-01
-3.823339074117980685e-01
-4.081893169916739339e-01
-5.002591047200641849e-01
-5.557519280983157506e-01
-5.823080191591840649e-01
-6.431071048147248836e-01
-6.770696200156423039e-01
-7.158906044501361920e-01
-7.760025870663230796e-01
-8.047279616624614107e-01
-8.160350746891427143e-01
-7.415428500783085575e-01
-6.977484428036392350e-01
-5.986495646932759040e-01
9.335382657078174218e-02
2.337711256129605952e-01
3.240800771693798654e-01
3.955962537107609034e-01
4.801371220076620094e-01
5.097001068680786506e-01
3.739598467532826431e-01
1.977090608747214262e-01
1.358985037839201826e-01
1.069225142754513247e-01
1.413596035930229644e-01
1.639304163711486351e-01
2.602850053159779242e-01
3.328103758520802868e-01
5.730981561907833033e-01
8.306978941765474911e-01
1.044444523497045418e+00
1.147942714043481471e+00
1.158857641014405138e+00
1.213572853539104601e+00
1.322278960333263198e+00
1.314544275751714286e+00
1.256284228241953294e+00
1.235973017398575458e+00
1.263353615544393849e+00
1.169322972855166620e+00
1.114522573454203691e+00
1.120506999667475023e+00
1.156185208608075499e+00
1.124887666208534975e+00
7.723440116669240407e-02
7.026531089802200147e-02
1.667692255295783466e-01
2.166360319278489988e-01
3.548391291979267059e-01
4.595596619813664963e-01
6.030956334343864356e-01
6.923737245927124029e-01
7.962287921334176843e-01
9.019223912478468996e-01
1.007997051991973425e+00
1.114159481388268036e+00
1.208386683685804375e+00
1.129938906938369181e+00
8.898422334774653830e-01
5.141906431206134664e-01
3.303389554496972136e-01
2.649067878301173407e-01
1.686514554354594519e-01
3.547197423621203938e-02
-1.540336031839079356e-01
-2.311440276913667713e-01
-2.739722925611248749e-01
-2.316885042730701949e-01
-1.729212191951045585e-01
-1.388933778985411427e-01
-1.505623955581734952e-01
-2.022373060871957007e-01
-2.417063156542192670e-01
-1.915772432001869308e-01
1.064215331630891798e-01
2.315653051151262964e-01
2.752118658559610243e-01
3.066800279436889265e-01
2.734331857279783118e-01
2.141963242675189449e-01
1.099121754428487308e-01
7.675237742685636633e-02
2.347322402832107552e-02
-6.283673143763035540e-02
-1.942220938144824938e-01
-2.177714258857122165e-01
-2.447120704324458051e-01
-3.059804043113081296e-01
-3.921764072663911915e-01
-3.983523934473411909e-01
-3.877577477842623077e-01
-3.081908215636801063e-01
-1.176243838841214140e-01
2.741633244976237060e-01
4.353045919774054529e-01
5.819091801656518514e-01
6.523956788258217232e-01
7.176518568763532446e-01
7.392669825436891662e-01
7.432843120765579847e-01
7.178240971010244609e-01
7.256607045415990331e-01
7.295959764456129149e-01
6.751687850042971117e-01
-3.923959793214382846e-02
-6.992817342133451908e-03
3.096999750139703411e-02
6.980954668785653572e-02
5.437328875737677814e-02
8.341721191483829345e-02
1.248166652472856575e-01
2.452423693219715206e-01
3.220312048894874435e-01
3.703406346121215220e-01
3.989187193097745721e-01
5.192791747439693406e-01
6.277347760629012896e-01
6.854617276539848314e-01
7.295523669920616072e-01
7.424187551177263700e-01
6.776275092785669640e-01
6.847670004261265930e-01
6.480171533901548653e-01
6.948149958581413266e-01
7.250615158659627912e-01
6.884890939596198800e-01
5.850432434928327652e-01
4.932134437036299612e-01
3.880150770197338117e-01
3.921403087577305935e-01
3.732293765415872766e-01
5.270420836819245114e-01
6.001751610386043545e-01
6.430539791374964009e-01
-6.104270529964607450e-02
-2.657678072542273007e-02
3.505638852235531261e-02
9.856030057662421018e-02
1.143686946757159484e-01
5.274360631054401255e-02
-6.600210573183273866e-02
-2.027102343745930124e-01
-2.579534246121771290e-01
-2.715377789233854866e-01
-2.986842225870778855e-01
-3.736087432830337840e-01
-4.211566083061991650e-01
-4.122757346812135348e-01
-4.504786950674060098e-01
-4.523721676047019469e-01
-4.576010162175392915e-01
-4.835038247875606543e-01
-4.587511925389420320e-01
-3.967411414693368110e-01
-2.964695282475575677e-01
-3.179242883294087219e-01
-3.699610642461098053e-01
-3.688485294692808170e-01
-2.242365927799823133e-01
-1.663283210043253468e-01
-1.710815156234733181e-01
-1.378476912730111081e-01
-1.749169498384952615e-01
-1.777204078476817828e-01
5.568822655624731943e-02
1.406699311353144521e-01
1.322090638278653196e-01
9.652209871544337183e-02
2.959288601949466857e-02
1.248093121933451649e-03
-5.375875155124146265e-02
-2.214090456633124870e-02
8.948889808850130773e-03
1.687749800095471667e-02
1.053427191031969593e-02
4.869597584116651390e-02
2.401044243690175217e-01
2.954104780203152814e-01
2.815752665021762358e-01
3.185331394977490849e-01
4.103431139235427239e-01
4.758529022856630708e-01
5.437142207650443870e-01
6.112637946272478917e-01
6.495730099192195128e-01
6.308015247896983091e-01
6.128217112859724036e-01
5.869093043059122605e-01
5.818973276982656317e-01
5.758882342733865345e-01
5.403530416229734845e-01
4.779229994315447039e-01
3.257241152755363522e-01
1.406651349614883861e-01
-1.919772147030517351e-01
-2.623020722153346362e-01
-2.970238005014648186e-01
-3.331587017081736324e-01
-4.761371324673093763e-01
-5.131964511966286002e-01
-5.558427799965032223e-01
-5.077961482246633462e-01
-4.561651303373612798e-01
-3.816528969841514463e-01
-3.088272942005770294e-01
-2.461516348996953818e-01
-1.846264603549770400e-01
-1.545041548831550815e-01
-1.483218443115583707e-01
-2.313752116306972140e-01
-3.609526485072381830e-01
-4.490287760981525045e-01
-4.838583320620658546e-01
-5.365145501534995809e-01
-7.020084372403058159e-01
-8.059431594523291942e-01
-8.684510256086778179e-01
-8.531278392086173445e-01
-7.540015943700706380e-01
-6.300464708471699149e-01
-5.494080419115372482e-01
-4.522530577478603431e-01
-3.359936097234237362e-01
-3.819504498753100719e-01
-6.541659967311096169e-02
-8.119553402381236851e-02
-9.437072248236801075e-02
-1.382262443592248147e-01
-5.586476912355313462e-02
5.709770659912073720e-02
3.871131171713823593e-02
4.581641563807916512e-02
3.670738089966991968e-02
-3.999917028443551736e-02
-1.194205847506365353e-01
-8.544671513668031237e-02
-8.026278457809510325e-03
7.131650583923061781e-02
1.384902710773178169e-01
2.205305189543096678e-01
2.571473720424012344e-01
2.721186983756899158e-01
2.860529679793089031e-01
2.205047782222827046e-01
1.449128570430968654e-01
1.362300142380585555e-01
2.376733941050092058e-01
4.933127060259630547e-01
7.810147750268801037e-01
9.792759808064663840e-01
1.088501060226896744e+00
1.155586207940813237e+00
1.160182545200620474e+00
1.226969614991000546e+00
1.232651537488723970e-01
2.867021495847175139e-01
3.921306545918470943e-01
4.375316736377609650e-01
4.587409512905677444e-01
4.348662085403683375e-01
4.598879269534437708e-01
4.805317321976076972e-01
4.922428640536973266e-01
4.180252101315547475e-01
1.985055577586965214e-01
-7.254197358795813622e-02
-2.279892873893060445e-01
-3.935463945760711568e-01
-5.534721884078663834e-01
-5.766734141675597947e-01
-5.729269334266019476e-01
-5.750478679613492128e-01
-5.237867288846542735e-01
-4.694338519878326621e-01
-4.724914038881712908e-01
-4.200915197412996571e-01
-4.137066924370232379e-01
-4.895401101048745263e-01
-6.068284995319912500e-01
-6.823127914055018284e-01
-5.931326969372848756e-01
-4.805806572133702881e-01
-3.299321693706450676e-01
-2.516360944618211137e-01
-2.645150602259335390e-02
-2.935516281273478981e-02
-1.001937965872573139e-01
-1.856934866516583016e-01
-2.528906225672609698e-01
-2.358774256803387870e-01
-2.724451624759209878e-01
-3.452132169861785171e-01
-4.279185819826861747e-01
-4.901489251690881455e-01
-5.432090825373252496e-01
-5.508533597980469487e-01
-5.141313794249166014e-01
-3.673078669097573634e-01
-3.620380954766878046e-01
-3.261758050262711928e-01
-2.755967064823880430e-01
-2.060366227254052385e-01
-2.139783482668486392e-01
-1.674724063771131921e-01
-7.028212899207536557e-02
1.256164608967373642e-02
2.758090053117917897e-02
-5.475231095486293026e-03
-1.060288216857003252e-01
-1.904151663151985585e-01
-2.992747850955208566e-01
-3.535801252735222833e-01
-4.265845700050173717e-01
-4.873581132016570061e-01
8.886267314252518923e-02
4.686737807571699638e-02
5.089155253712869531e-02
9.082388802577276432e-02
1.598817903191928624e-01
2.507176417392520396e-01
3.603444376424455031e-01
4.293730242109367046e-01
5.793303384953858437e-01
6.719370127029817841e-01
6.123483303980299386e-01
7.174703536424271721e-01
8.214351433808316783e-01
7.864592405349506432e-01
6.534485896509409919e-01
6.456169590139879677e-01
6.579803945182839398e-01
6.826406119603252165e-01
7.394894785276739935e-01
8.194196636815069823e-01
8.510171940103092858e-01
7.881034239791453455e-01
8.001814620005107681e-01
7.801980243862286502e-01
7.494040870010305611e-01
6.719131509189593121e-01
6.584180501892243909e-01
6.486440390966327074e-01
6.929079434732625664e-01
7.077569112255142070e-01
1.459593611593841024e-02
-1.890424576608863011e-02
-2.284892857226521884e-02
4.742276721235585274e-02
1.364256404983002213e-01
1.766367859085152259e-01
1.939060310557677025e-01
2.104520300033623781e-01
2.229216326370493662e-01
1.591341969706836779e-01
1.188358254517460355e-02
-1.627327746900126271e-01
-2.490229436603927371e-01
-3.160742623301224241e-01
-2.794267492049847257e-01
-2.445700744886995237e-01
-2.018604851431592684e-01
-1.341322070971725511e-01
-4.456579686841949384e-02
-2.034042085326199720e-02
-8.067325147170104072e-02
-1.494460898102552837e-01
-2.399789561894665191e-01
-3.054738317127260183e-01
-2.901812347365374523e-01
-1.983471923620981348e-01
-2.066999456793694456e-01
-2.406304016016687641e-01
-2.355083803818016630e-01
-2.518436107587171957e-01
-3.669056951051040405e-02
-8.910875973655060789e-02
-8.056314150949096808e-02
-7.277142608424655434e-02
-5.141051995268980379e-02
-5.933861403273697072e-02
-7.667882567056866217e-02
-1.007075013388738782e-01
-9.181638335550275365e-02
-7.856704171037315332e-02
-9.456139788340538199e-02
-1.056087330990821138e-01
-1.123980693190279601e-01
-1.214185078946133090e-01
1.233640806458529138e-01
2.150221061240978337e-01
2.659822852753861433e-01
3.560893281087773588e-01
4.011968312514974655e-01
3.967582301013580226e-01
3.907387366079291269e-01
3.871940511174034594e-01
3.841283704042098290e-01
3.608604100401877623e-01
4.228534798040983755e-01
4.760927751297670540e-01
5.073152924921427998e-01
5.136290622189394472e-01
4.879744008748587158e-01
4.458335595815153263e-01
-4.055353914846576702e-02
-7.251106093604514635e-02
-1.222471053320481615e-01
-2.009836552667088050e-01
-2.326037153087135156e-01
-2.243562553683165206e-01
-2.397188311894632162e-01
-2.772177063706099953e-01
-3.400862885304567484e-01
-3.233532038497284877e-01
-2.907677480942061354e-01
-2.791329364860917206e-01
-3.129138734664597132e-01
-3.080754533596107292e-01
-3.092167436847451656e-01
-3.415180583441302375e-01
-3.983798890463713382e-01
-3.596008570959075556e-01
-3.806177654167151592e-01
-5.077413767012847190e-01
-6.466350687639634831e-01
-7.437912781630525716e-01
-7.876321698846112662e-01
-8.104403520175224029e-01
-8.551676109281407534e-01
-8.479294814119303636e-01
-7.579323561011396260e-01
-6.559706711891841735e-01
-6.137989516021040703e-01
-6.334401919464290875e-01
-6.970454953627061578e-02
-1.210887551111659577e-01
-1.412439936284353992e-01
-1.868235647615726913e-01
-1.804876501064331396e-01
-1.066296764277189640e-01
-8.768408980290895438e-03
5.041496663729992667e-02
1.096829209994779342e-01
2.535298418750229210e-01
3.034631304974891308e-01
2.983546147143930072e-01
2.893667709672626542e-01
2.853089389119315977e-01
2.538547068384631733e-01
2.758050574435809699e-01
2.753096022236757312e-01
2.530654479154691439e-01
2.161691095865791168e-01
2.231180853002053821e-01
1.649261979788358701e-01
6.475814123656577215e-02
3.638458141398875911e-02
3.112949276803740964e-02
-5.492252596622398952e-02
-9.263751875683101655e-02
-6.935329977020324166e-02
1.224737884888528749e-01
1.509179160395243691e-01
1.620828767730978781e-01
1.028419100822578064e-01
1.411212494144352680e-01
1.653880662273174984e-01
1.664311943597322763e-01
3.288548736497392544e-01
5.436987853471368926e-01
6.130477940601809506e-01
7.558338957835615268e-01
9.518644321973360745e-01
9.577888284034370425e-01
8.272630723282867748e-01
7.838082201567384555e-01
7.517491922230479240e-01
9.051975373971880012e-01
1.039404329492130241e+00
1.161937369854123325e+00
1.193385712878600291e+00
1.145005601623193314e+00
8.827951015459788442e-01
7.519287611289906526e-01
7.414362963918743610e-01
8.051844016283681293e-01
7.932603982429391465e-01
7.827976115630347342e-01
7.138196302648075475e-01
7.254009593148872392e-01
7.532348427133198632e-01
7.643619700278679874e-01
7.978974993147813777e-01
8.084011768398724485e-01
-3.609522985718298382e-02
-2.417385141246600755e-01
-3.351139596629230111e-01
-3.579030075243763709e-01
-3.586851691010046195e-01
-4.164331854477859585e-01
-4.201761541915675080e-01
-4.784117406994640165e-01
-5.309894249334100591e-01
-6.219119843541536241e-01
-6.314925937607944739e-01
-7.023448289057592220e-01
-7.480432895009713201e-01
-8.526940834714380468e-01
-8.725000587959792497e-01
-8.520998123260848933e-01
-8.221993812018720815e-01
-6.700738903131933100e-01
-4.883320051839961096e-01
-2.727672359495334486e-01
-1.634841074349422385e-01
-1.058312619809516353e-01
-9.607075474764092959e-02
-4.387611248455958179e-02
-5.264234600338149606e-02
-7.678204110816988504e-02
-1.721201310668407924e-01
-2.445170057275871944e-01
-3.690564386634587191e-01
-4.303303731313434799e-01
-5.012174224151602631e-02
-4.405637747178611785e-02
-4.472389587702815111e-02
-2.062613118776562837e-03
4.808411730619212288e-02
7.580672081608885726e-02
7.825845313662865843e-02
1.339090436065235867e-01
2.221899035646159315e-01
2.566241264399036215e-01
4.118561232185968257e-01
3.357863893115167753e-01
3.398572356001493544e-01
4.876703567418162466e-01
7.642065173911674059e-01
8.899839874755987035e-01
1.001523631464483977e+00
1.001070281659074412e+00
9.603873536647791198e-01
8.696506543328710315e-01
7.738771332881232423e-01
6.823015997623433915e-01
5.688616926453589073e-01
5.589508358034822599e-01
5.929770672036103196e-01
6.568868646517962429e-01
7.104872483295304741e-01
7.775788956951025233e-01
6.873184702456024420e-01
5.514195728383091133e-01
-1.466543129984669014e-01
-3.322889827963360077e-01
-5.645025627368983612e-01
-6.850945886413144503e-01
-8.644813693605595262e-01
-1.041136434685686396e+00
-1.135392589527732143e+00
-1.127575036927197294e+00
-1.069914733349570213e+00
-1.076614671716058513e+00
-1.170380382589983670e+00
-1.178655381856424933e+00
-1.131035653810879893e+00
-1.092119933852868430e+00
-1.061648495488278998e+00
-1.059483617423743862e+00
-1.103950206014469471e+00
-1.113595439362755846e+00
-1.045045903938135679e+00
-9.957615268525282781e-01
-1.019618299082971635e+00
-1.094241009899789452e+00
-1.130234944651880902e+00
-1.081412834340073958e+00
-1.074941585649038522e+00
-1.055264346030914568e+00
-1.082295503676708570e+00
-1.115004037810045867e+00
-1.190123934995221067e+00
-1.186624859100268825e+00
1.092226220014858584e-01
2.721029187994555842e-01
3.790827352141523110e-01
4.926070039206087436e-01
6.747003371670617922e-01
7.837129452262349139e-01
8.987807360990589522e-01
9.686349637984328353e-01
1.030215238010424583e+00
1.085146505020066598e+00
1.080542964943916884e+00
1.038682535135865725e+00
9.234929400028919488e-01
9.861884291504838806e-01
1.306674206714228070e+00
1.557930428574390014e+00
1.559870712803294035e+00
1.426167299364663243e+00
1.479089598787893367e+00
1.510326241092118771e+00
1.569599143574436750e+00
1.696039686057923657e+00
1.946627676168089405e+00
2.231380673786661273e+00
2.522005994733974354e+00
2.693045323258478341e+00
2.891306470150455166e+00
3.095864309726524155e+00
3.067084252828193858e+00
2.945005595865741288e+00
-8.005003898103839333e-02
-1.652349189227813875e-01
-2.361465963319246408e-01
-2.944578094289667103e-01
-3.333012402090992921e-01
-3.386206435217455346e-01
-4.038086304957934081e-01
-4.821184589471582127e-01
-6.238464539803921793e-01
-7.619240133676151716e-01
-8.827244679708595720e-01
-9.743117406013981352e-01
-1.007519126448930935e+00
-1.069860424973148927e+00
-9.936090918499786984e-01
-8.683096947176272007e-01
-5.994429048889418077e-01
-2.403331791112523486e-01
2.298527510107817307e-02
1.614868200495386263e-01
1.739971566123802160e-01
1.140685328315967501e-01
-9.729077691850912535e-03
-1.581382798612306073e-01
-2.839925270325588391e-01
-3.878495462051244069e-01
-4.777427453197547469e-01
-5.770835327124834713e-01
-6.531179196534576681e-01
-7.381545723125921832e-01
-1.116854586182155357e-01
-2.802954338980914728e-01
-4.215918294524229060e-01
-4.739747395468079105e-01
-4.269089065693520979e-01
-2.082503466354825028e-01
9.930509210958213262e-02
2.974063741423996765e-01
3.639505444613845286e-01
3.129834963427930439e-01
3.144892876934780590e-01
3.216919245443098929e-01
3.016300102863123112e-01
2.950712719596089717e-01
3.439587538723706261e-01
3.334187845410618856e-01
3.251534202815289376e-01
3.392199896539609405e-01
3.910956106107320585e-01
4.180921260438553166e-01
4.299512185425249933e-01
4.244554098150943311e-01
4.511993255432198424e-01
4.841993429873924226e-01
5.544593010495203478e-01
6.230699746097623226e-01
6.223424412235722958e-01
5.306771637409578579e-01
4.757096573190729982e-01
4.419553373476015623e-01
-9.854189025799670043e-02
-2.617024789889410563e-01
-4.576843828859087360e-01
-5.981333233120790238e-01
-6.745101738689566195e-01
-7.623673543509796868e-01
-8.001442114075857370e-01
-8.856565771009168309e-01
-9.507576018479169111e-01
-9.486394385325327416e-01
-9.496841361121460823e-01
-9.217271591655997742e-01
-8.476938104177826894e-01
-7.779162467177311857e-01
-6.887090923685130761e-01
-7.548011774835127197e-01
-9.585625908938684159e-01
-1.034427055915563498e+00
-9.881425687769337385e-01
-9.872003927789421152e-01
-1.034325246356409878e+00
-1.090459719214413203e+00
-1.151419953340757640e+00
-1.207674045882718650e+00
-1.218244945722277039e+00
-1.195777134654187002e+00
-1.223274824803211924e+00
-1.249399629863687800e+00
-1.300205691427646526e+00
-1.310996942475207261e+00
-2.365107207590210620e-02
-2.328071849564655738e-02
-2.642294885184993253e-02
3.161951683925544321e-03
1.144075839033466442e-02
-1.996140460279888229e-02
-3.977474078140363911e-03
1.232929524407462840e-01
2.080787978146510231e-01
2.890007845116165930e-01
2.978401033421894106e-01
2.917578042055072873e-01
2.623543239671670690e-01
2.362703505111094782e-01
2.163023479312272124e-01
2.102349974895699469e-01
2.203634188387287307e-01
1.866069343262527769e-01
1.372470638506301799e-01
1.112371248367109572e-01
1.311424659095901668e-01
1.634235862604467016e-01
4.115984847006384229e-01
5.410706257910069539e-01
4.995720862983880073e-01
5.006810789550933949e-01
4.289287122508170791e-01
3.990840658140961672e-01
3.633143974719890146e-01
2.178018060428500990e-01
-1.708965452792327588e-01
-3.203915996992685589e-01
-5.047717816492764964e-01
-5.682939688904181663e-01
-5.494622884001052476e-01
-4.064164650070285489e-01
-2.579440988638511678e-01
-1.672573952751729154e-01
-1.496550836404704765e-01
-1.819323750321599209e-01
-2.996671168344344771e-01
-3.642556483210314111e-01
-3.499935478003940448e-01
-3.019650672593973684e-01
-2.810901522203271830e-01
-2.549215465097225408e-01
-1.617914014490557939e-01
-7.607129632047111845e-02
-1.152861650154546613e-01
-2.721377508514585819e-01
-4.431722670123164898e-01
-5.369914839496657821e-01
-6.499392265625312248e-01
-6.767159419390750275e-01
-6.445346510552126817e-01
-6.270964361994483260e-01
-5.956546757110533497e-01
-5.758516374263716875e-01
-5.379449563491143227e-01
-5.571032899921607440e-01
7.053767122487155684e-03
-3.780375779425725058e-02
-5.458867581870123498e-02
-7.797658234197923921e-02
-1.820064372288833776e-01
-3.769633967216153292e-01
-4.435636939052934880e-01
-3.570010474543778844e-01
-2.538841869603887247e-01
-2.430575082288953803e-01
-2.798077977435937669e-01
-2.904241152738206710e-01
-3.181429952635941305e-01
-3.321196109297053223e-01
-3.258864494005885848e-01
-3.223626116183588852e-01
-3.409086689278834070e-01
-2.832790550517867434e-01
-1.312037312106093256e-01
-8.270221426011900578e-03
3.776052561956971115e-02
8.848369166471314884e-02
1.509901617830837206e-01
1.608030394940625496e-01
1.469110205971554672e-01
6.366430312569817951e-02
-6.566931658034722008e-03
9.274863473096252309e-02
1.458140900337359935e-01
1.534909588373728762e-01
-7.617949759074095495e-02
-1.217882136078128619e-01
-1.235643102001861837e-01
-1.197613421277710227e-01
-1.017412428591722429e-01
-8.866676119237243414e-02
-1.297479517848523778e-01
-1.675589016477110338e-01
-2.060587519723973415e-01
-2.011312084853438820e-01
-1.618603647765980424e-01
-1.536682913300706499e-01
-1.963260071904474879e-01
-1.745641740492588911e-01
-1.895228353039850322e-01
-2.030828324881730207e-01
-2.430075424451674238e-01
-2.333924082921641774e-01
-1.244894436279098682e-01
-6.909331895804723955e-02
-1.219457063181416390e-01
-2.404165316048487988e-01
-3.406176687384486756e-01
-4.509476751375776082e-01
-5.122644531903856047e-01
-5.029664899958371516e-01
-4.726086381547202619e-01
-4.889585953747219160e-01
-5.024845212170213626e-01
-5.198148590885425246e-01
-2.913503589817538573e-03
-2.558318064696441310e-02
-3.524803142441014503e-02
-9.279649831736042076e-02
-1.316315976608740390e-01
-1.077595219443868296e-01
-2.441197178185247618e-02
8.425520298774373529e-02
2.538450105327959005e-01
3.376806650456637970e-01
3.919426915015037927e-01
3.957146644155231652e-01
3.614626199227382042e-01
2.797774931171728152e-01
2.229285353919458756e-01
1.591185001143886613e-01
1.646995283465454152e-01
1.698356911394698077e-01
2.331920662349055984e-01
2.484551157762611151e-01
2.758150830033375689e-01
2.812674158002412272e-01
3.283906269902729935e-01
3.713230870069358369e-01
3.542118687820326461e-01
3.221897172308316737e-01
4.039752784639281669e-01
6.187142739477818898e-01
8.807486006566506154e-01
1.090806999694410750e+00
9.533204882455911799e-02
1.508660922805312443e-01
1.821982306870532364e-01
1.952418220074156885e-01
1.747087382612180495e-01
1.386549605038738253e-01
9.157523389496291522e-02
1.299966551021387029e-01
1.808722179851944001e-01
1.804297620001086289e-01
1.049210894139559064e-01
-2.538451393987688209e-02
-1.053972548848974150e-01
-2.269247887949295550e-01
-2.732239111587455582e-01
-4.013467707164897758e-01
-5.350402540355881920e-01
-5.894651405003014100e-01
-5.188961666484981361e-01
-4.426089827415985445e-01
-3.978599340092539016e-01
-3.966868283918064120e-01
-5.578989302679591145e-01
-7.409749093185464819e-01
-8.415384021999137154e-01
-9.382669279336806056e-01
-9.610604568104447187e-01
-9.357492187192709698e-01
-8.903217504858681464e-01
-8.010791702950879056e-01
5.250438942194483871e-02
8.007554533125094132e-02
1.535086313210366760e-01
1.656699643901342889e-01
1.605891177544206683e-01
1.173652631998074319e-01
5.460471322652608872e-02
-5.183750226589935173e-03
1.500376054987809515e-01
3.291927104050758057e-01
4.089541716924927628e-01
3.949378857798515607e-01
3.902868572252565227e-01
4.299291012476147977e-01
4.590833700558334396e-01
5.206344307352007705e-01
5.424863329871215667e-01
5.251379887023687187e-01
5.129556453145501793e-01
4.809486931281639066e-01
4.286208395592777665e-01
3.433671303902379179e-01
3.085872035684993908e-01
2.435581076175704907e-01
3.223004820520196101e-01
4.495466527943414725e-01
4.806529794055784954e-01
4.218656915117500739e-01
3.907938404284156952e-01
4.494363050066286225e-01
6.064904345786427398e-02
9.435784289354678944e-02
7.537618408716666163e-02
6.046092073645460696e-02
8.475294850910496114e-02
2.824218899954533679e-01
6.416824748836811310e-01
9.250558246101301396e-01
1.011062051264328465e+00
9.477113652208799532e-01
9.091634642466294158e-01
7.422816921788939482e-01
5.177485495409784866e-01
4.101636370711842505e-01
3.352696710318468498e-01
2.070666026643122604e-01
1.540587588285589615e-01
2.164544310137417327e-01
2.113352500703530590e-01
1.751207594166673542e-01
1.785260348900621630e-01
1.693587427939892975e-01
6.377897588020711717e-02
-3.962551470128361508e-02
1.157996614151479420e-01
2.088585732064654477e-01
2.198016203906054122e-01
1.806965164732781404e-01
2.115195876517219631e-01
1.977048112516794909e-01
1.027357882602238787e-02
-8.238407593930529432e-04
-3.830834456175957053e-02
-6.305816172524253416e-02
-2.175325519889494130e-02
1.069516760767157543e-01
2.075574853051236346e-01
2.250161349637075092e-01
2.298729261351686592e-01
2.359703040622361248e-01
2.990630267247468277e-01
3.005143133567002023e-01
2.850759491471306362e-01
2.279481758075275755e-01
1.533076217764267057e-01
9.227191030467385424e-02
3.427978844916829138e-02
1.633975134979898103e-03
2.938625764358255427e-02
3.691327811377830004e-02
5.059688118784323035e-02
4.292628016608152075e-02
3.587570368849377078e-02
7.963604911248467477e-02
1.291822675301826651e-01
1.746872665818984538e-01
1.730833009634047959e-01
3.075882224799804665e-01
4.523250776739485279e-01
4.540534573893464931e-01
-5.941650802185609315e-02
-6.912754511276023028e-02
-6.352643993347427409e-02
-5.401059787901308501e-02
-8.123835619531337426e-02
-9.376161016329476183e-02
-1.449268038092226540e-01
-1.595643408941438413e-01
-1.235307033538270982e-01
-4.931388739457762127e-02
-1.962513166028474754e-02
-3.269127578871707657e-02
-1.775905416505704493e-01
-2.437461636515694252e-01
-2.037401187906762168e-01
-2.646469702272022384e-01
-3.416691624504303859e-01
-3.920692598426450126e-01
-3.742580314648684681e-01
-4.373353056235536607e-01
-5.288380777445802483e-01
-5.783052497510834389e-01
-5.543065610074142668e-01
-4.740063671156056757e-01
-3.832819314920091758e-01
-3.831242414771870997e-01
-4.511662683797702522e-01
-4.389130918862694797e-01
-4.486029090316643875e-01
-5.608524799459808641e-01
-1.385040053303431273e-01
-2.314105234528359700e-01
-2.807832987429667027e-01
-3.436421805353999659e-01
-3.694566043858539262e-01
-4.216496888028988810e-01
-5.921268434428310634e-01
-8.254025227195785908e-01
-9.644722951276474276e-01
-1.068658404135110152e+00
-1.140612942028615073e+00
-1.106360188802488320e+00
-1.049828147782770449e+00
-9.839142151474705722e-01
-9.401308374351453612e-01
-6.852942090593201474e-01
-4.434803669809265214e-01
-3.459008797615713560e-01
-3.618487312730410133e-01
-1.905111823885778100e-01
-1.310090261458370930e-01
-9.957644070493018584e-02
-1.459043003069690481e-01
-1.265027669285482270e-01
-2.308371829783499862e-01
-2.303020082302211780e-01
-1.915740432391983272e-01
-1.241757516989360072e-01
-7.626044496471225120e-02
-5.461237571185648121e-03
1.122906933402603551e-02
-1.807117414234907238e-02
-2.927554931481623005e-02
-1.409777279451732701e-01
-2.274109690485335844e-01
-4.151599143043180340e-01
-4.638573398241503387e-01
-5.110506500693434706e-01
-5.536838057854704953e-01
-4.808094026682521727e-01
-3.323117571656443170e-01
-3.621513052278663158e-01
-4.242422429536322759e-01
-2.572533029664137993e-01
-1.725897703747841239e-01
-1.190012599163496748e-01
-1.280722348657633569e-01
-1.105493370049237950e-01
-1.449782108558685945e-01
-1.648112797079812619e-01
-1.439155411039380605e-01
-1.104294479733947121e-01
-1.845358699048217366e-01
-3.062067488644125701e-01
-4.328502236977490591e-01
-6.640977938877501430e-01
-8.220386491783426841e-01
-8.130432478853629741e-01
-8.093237388271035115e-01
-8.111729434032387553e-01
1.356153099937793850e-03
4.403947519853091200e-03
1.262596655418378282e-02
3.250740048305415103e-02
9.191354079329394633e-02
1.034532018921611035e-01
9.232998059627443854e-02
1.584253555980423556e-02
2.644855514597010959e-02
5.713107001105982574e-02
8.978657259493108556e-02
1.393528330606737531e-01
2.339789481509892966e-01
2.745107920706136850e-01
2.911286857028045905e-01
2.614641729047999519e-01
1.933504083432159293e-01
1.681051780007315755e-01
1.708317646561053060e-01
2.068079568360966236e-01
3.002283204709654263e-01
3.699219079330316462e-01
4.019081910776740596e-01
3.914048850387413792e-01
4.249322526418113366e-01
5.219961373745540811e-01
6.008336085034545748e-01
6.607980830438424658e-01
6.791213501880563053e-01
7.763151944476955890e-01
8.582066142636900208e-02
-3.349475083048831237e-01
-1.103707730571438228e+00
-1.390852054310543373e+00
-1.554136544193521097e+00
-1.838855602584856364e+00
-2.248552755507478462e+00
-2.430080954983291797e+00
-2.441369630317809847e+00
-2.326323779482511789e+00
-2.108028444243138289e+00
-1.976429667713354599e+00
-1.951059754319574235e+00
-1.934131943954895627e+00
-1.865088898119795058e+00
-1.701327733101659190e+00
-1.596627813759595282e+00
-1.550456609568989563e+00
-1.518341699935884748e+00
-1.447441533436876648e+00
-1.324096347456899192e+00
-1.251918583872268620e+00
-1.325447425673818458e+00
-1.567251082076051460e+00
-1.809589346273518418e+00
-1.926589585662559445e+00
-2.012798166520781251e+00
-2.090907637067428659e+00
-2.129197948842621368e+00
-2.133054173575008150e+00
-2.258859381854175230e-03
9.109257656658038826e-02
1.497466053052503854e-01
2.534152573597908131e-01
2.212426059043063886e-01
2.755219835987544608e-01
2.656785584902760511e-01
2.517319076610352591e-01
1.269238225730788261e-01
9.204253223280205176e-02
5.273202060745022651e-02
6.624942208224331164e-02
8.367977810785763582e-03
5.324577044717307417e-02
1.246065523474186032e-01
2.406424042009843722e-01
4.020845471851481889e-01
5.901933848524431037e-01
7.729463598781994849e-01
9.807814134712247167e-01
1.249624017982697843e+00
1.450685044035063154e+00
1.506239886553891960e+00
1.523635640420963666e+00
1.450583099278436539e+00
1.367721238194323119e+00
1.325421358133929362e+00
1.304445376073655183e+00
1.282723774086836022e+00
1.272901371590726916e+00
4.926101955706504998e-02
6.137056652861245382e-02
1.606001662632500493e-01
2.181247175485065415e-01
2.740926284663572909e-01
3.445044847452675141e-01
4.442681860905488556e-01
4.260541985428327738e-01
3.939100491364113665e-01
2.998306780984720810e-01
2.650634870154172651e-01
2.469890842485715776e-01
2.652655810151748894e-01
3.998502799388075069e-01
5.337566154109528727e-01
5.322595933057625572e-01
5.303964860577559115e-01
5.784874253436930180e-01
6.089681644402529237e-01
6.429760258701563425e-01
6.503291545684281028e-01
7.012446269918548580e-01
6.982538948894810860e-01
8.010224237577246997e-01
8.858644147364534982e-01
9.059336407318728801e-01
9.432739599556637655e-01
9.495246137790784857e-01
9.068634716685264330e-01
6.332519319313000272e-01
-2.918774086524997258e-01
-6.326079005965432600e-01
-7.691276416566450447e-01
-9.202004852078646824e-01
-9.615698980675759788e-01
-9.514923680210832790e-01
-9.156298743394845063e-01
-9.176296558614143173e-01
-8.989384850577418762e-01
-8.842940567721601086e-01
-8.373649690010313007e-01
-7.826924866217318533e-01
-9.236100037301210319e-01
-1.043090795709215701e+00
-1.090075610242027926e+00
-1.102978630258236281e+00
-1.139923797700005181e+00
-1.094734362523634985e+00
-1.100955989657628864e+00
-1.099367868915636093e+00
-1.271760044474167239e+00
-1.402417005249686710e+00
-1.614220150123122144e+00
-1.765701017207966572e+00
-1.870795236359883207e+00
-1.743491002095564291e+00
-1.679397904571898525e+00
-1.548623010254245314e+00
-1.385874117200295297e+00
-1.297967620256737842e+00
-9.858677319455024651e-03
-3.707350439280834853e-02
-3.620363733355428520e-02
-4.620999874158907700e-02
-4.821995481382904125e-02
-4.523853951403399021e-02
-3.750965240187426053e-02
-7.642184442911784115e-02
-5.726560245545566502e-02
3.107686706778911567e-04
7.803739579358056830e-03
1.995987237788563948e-02
1.550862505323516161e-01
1.771796734044652488e-01
2.219328264990622912e-01
2.320187097527694753e-01
3.238234804257732469e-01
4.959673372318696982e-01
6.043031028777399172e-01
6.785082242534405950e-01
7.531201427598439579e-01
7.363955428866985065e-01
6.638459958192739485e-01
6.288983347085959075e-01
6.560877882490960822e-01
6.570052418725179644e-01
6.672711288685680975e-01
6.681379507960840680e-01
6.415705803130353768e-01
6.212742851565639102e-01
8.546917579548726079e-03
2.260255750343037953e-02
-3.499655518400371368e-02
-1.591857436290247119e-01
-3.383170681974537741e-01
-5.000476815805600106e-01
-5.701728449443029811e-01
-6.518481814439780475e-01
-7.426169183885426017e-01
-7.148083386612431589e-01
-6.866215622702420696e-01
-6.963778654094747722e-01
-7.280554174759800157e-01
-7.059934602650261848e-01
-7.244953659569690618e-01
-8.803164859424761346e-01
-9.830854639924682115e-01
-1.000860352542047860e+00
-1.010210719089582820e+00
-9.335969962048289439e-01
-8.015919970092197921e-01
-6.270321235650648806e-01
-4.074232283743110528e-01
-3.036454965763652480e-01
-2.384663278627219829e-01
-2.524822325989719563e-01
-2.974907309873240924e-01
-4.863799350369752417e-01
-6.929223271406720341e-01
-8.719734406018242456e-01
-2.276976971755436188e-02
1.444940390816895973e-02
1.192068219679590924e-01
2.321283814264906986e-01
2.968593300723063599e-01
3.398008129965917612e-01
3.157826889242818513e-01
2.568999456617342969e-01
1.737636161022008685e-01
1.409998732883488426e-01
9.290131077469412912e-02
7.887901940437988535e-02
8.783072339176659082e-02
1.268585824575559906e-01
1.506893868534897318e-01
1.876657903952661521e-01
2.643099578980967479e-01
5.246702039188841926e-01
6.261637061453037001e-01
6.208741493287699420e-01
5.775913426606149592e-01
4.952128578614277687e-01
4.911216223093060051e-01
5.252681253511054527e-01
5.208859051688388142e-01
4.812626907351208461e-01
4.239508434243994817e-01
3.801260229716064698e-01
3.232728299665387772e-01
3.049290939578399029e-01
4.290091354791449041e-03
3.540841860351555404e-02
-2.754074708161574625e-02
-5.557001523910139185e-02
-1.000090503738882697e-01
-9.588450112727749108e-02
-6.848196809585119227e-02
-3.214640267808944324e-02
-3.532797560089291633e-02
4.472287312165168505e-02
2.574280934815877386e-01
4.887574809720485192e-01
6.397087710060267440e-01
7.466931635729765482e-01
8.565879258123175743e-01
8.687462861823278537e-01
7.771173944001305012e-01
6.357116981751277374e-01
4.059406960979846102e-01
2.381401455431521597e-01
1.074432997140905011e-01
1.457534508114108063e-01
2.086531459097532570e-01
2.367482361942886970e-01
2.317628924844765681e-01
2.103756224768468519e-01
-6.708526231023595465e-02
-3.415699787118060549e-01
-3.903548550017349461e-01
-2.446054020158487385e-01
1.619005467967877809e-01
4.045717578621260690e-01
4.688862230826950084e-01
4.811734258942440556e-01
4.154816465465615560e-01
4.364407010655674823e-01
4.563932132917470352e-01
4.047856199905920382e-01
3.810828335899508201e-01
4.494581418999167299e-01
5.743684047773713885e-01
6.917963956714558993e-01
7.287736595415579277e-01
7.095001893265731052e-01
5.459263385765401599e-01
3.685979618820610648e-01
2.427189631046055285e-01
1.977060320224592604e-01
1.709472699911145921e-01
2.282164823207324666e-01
3.075673953075785949e-01
3.467359745858520359e-01
6.057843368945086127e-01
6.165643738424505527e-01
4.802165974876612120e-01
3.397438259143411576e-01
3.805730519509462062e-01
4.173224327212541884e-01
4.238034941670899003e-01
4.358923977602332522e-01
-1.882075364425296257e-02
-3.145542247682561743e-02
-1.079113934383231777e-01
-1.651731750965918233e-01
-1.324985134197934622e-01
-8.437672615420778455e-02
-9.558946100939476331e-02
-1.367072442578365910e-01
-1.747226048971581291e-01
-7.779208345596719254e-02
4.206003403997468637e-02
9.411367073860123222e-02
1.241497606995492220e-01
1.644694330062028698e-01
1.523920938186644758e-01
1.096867037762063596e-01
-3.701536115849150821e-02
-1.584183005526554333e-01
-1.924076221827324407e-01
-2.163068017716278657e-01
-2.724665068403824830e-01
-2.949805671128000739e-01
-3.310918219085967618e-01
-4.040175471931746753e-01
-4.804959714344788635e-01
-5.195445597137612337e-01
-4.935934950177648939e-01
-4.891507573442507861e-01
-4.860064882505218398e-01
-4.664396460125219135e-01
