-2.638769966216520935e-01
-4.096261109667959088e-01
-4.203458401129739341e-01
-3.287708982075470132e-01
-2.471707267534382080e-01
-4.953686360936876421e-02
2.269415604844602363e-01
2.716677957210748007e-01
3.378763308442159774e-01
3.802314778144842977e-01
3.318970199313772129e-01
-8.134462526228181112e-03
-3.508651753002401952e-01
-7.191800936655461385e-01
-1.046083308782798538e+00
-1.243951779106446054e+00
-1.264931798158807741e+00
-1.238287338175469321e+00
-1.113313495655477103e+00
-1.017731573558094293e+00
-9.153231209940749791e-01
-7.179016592357769788e-01
-5.625643266303732570e-01
-4.984082168753318220e-01
-5.925744595011088744e-01
-6.846852887041139368e-01
-8.590167707719215118e-01
-9.769075344955127083e-01
-9.186392576381383623e-01
1.163189418371835121e-01
1.234028074509924550e-01
1.561696318327952526e-01
2.242845729144786748e-01
2.040614466605884247e-01
1.257094079408834220e-01
1.738164081221203194e-01
1.859554972274660711e-01
2.061529162213831812e-01
2.215549823439752208e-01
2.356336810018037631e-01
3.623914557910664636e-01
5.644462315821365817e-01
7.538909991898038454e-01
8.341155017630820234e-01
8.482932891879260140e-01
8.467700574390192303e-01
8.151924925015054946e-01
8.264620524159458359e-01
8.481607881512610581e-01
9.217089493473148432e-01
8.932053312418851698e-01
9.104938486205180759e-01
9.769573765178551916e-01
1.094003933936660511e+00
1.126102343739209033e+00
1.185624215900686895e+00
1.167026174765777968e+00
1.138374163350774460e+00
1.033459727180418231e+00
-8.146803760833046248e-02
-6.017448726511367973e-02
-5.856516575211342945e-02
-6.416183525103653917e-03
-3.691681203274600059e-02
-9.594985157760915762e-02
-1.849195129496988277e-01
-2.013281030251028725e-01
-1.972428280980369764e-01
-2.053427823024856769e-01
-1.978163079200595531e-01
-2.109784603803522285e-01
-2.895728636249608745e-01
-2.437782460174333088e-01
-1.463880351094773991e-01
9.585019020430485259e-02
1.368808661130318516e-01
7.751309299813713416e-02
8.525090852292972754e-02
2.384847280013755455e-01
-4.262149215337723840e-02
-4.593711091512265310e-01
-5.496207553533771772e-01
-6.278014894116661360e-01
-7.131049447057429269e-01
-7.196712778671782162e-01
-7.263275495391481318e-01
-6.700097856958461273e-01
-6.678207929611630345e-01
-6.057821404397593090e-01
-7.477020809027231651e-01
-1.019291823201559088e+00
-8.477982383472475458e-01
-8.716197696234828651e-01
-9.031309482165104097e-01
-6.283273072300022966e-01
-5.099921272976595255e-01
-2.806680308309563721e-01
1.455864046947266677e-01
3.096200323818225630e-01
3.858321055126286980e-01
5.077463920601391623e-01
5.471442783535793719e-01
5.736221701338591883e-01
5.726427865148842056e-01
5.236910450296390351e-01
5.499349071350522200e-01
5.836015752768686227e-01
5.581030145737855275e-01
5.825889255116221133e-01
5.993221816301977922e-01
5.453800571782264628e-01
5.576846990357700040e-01
5.880245110232426020e-01
6.538172998730618080e-01
6.653645333678950280e-01
7.209392944567196704e-01
5.716283220785915997e-01
5.912561786296464117e-01
6.486432078633771470e-01
7.645350396999603393e-02
8.365506566626640383e-02
2.578470460421549149e-01
3.243232931775221761e-01
3.607150973389789961e-01
4.636700557665284772e-01
4.899462193612812988e-01
4.335952886416467034e-01
4.423142253333468554e-01
4.746620047171513646e-01
5.130173383354161842e-01
5.622792002992208493e-01
6.263068710908047398e-01
6.719946650328674220e-01
6.139044657956250761e-01
6.891528067372507671e-01
7.290728674916602259e-01
6.303115001617531910e-01
5.872152308256954889e-01
5.706332615943137121e-01
5.756924624508453769e-01
6.089942997739719033e-01
6.383907730034377170e-01
6.523898710838167414e-01
7.786998380717423673e-01
8.703239958628267159e-01
8.664763646521964624e-01
8.282109733085820658e-01
8.424165814515585105e-01
8.628346743556509768e-01
3.830093609637168217e-02
5.072400780919447683e-02
6.186481922550918222e-02
-5.458005367230775451e-03
-5.678410057657696380e-02
-1.197328997740262635e-01
-1.264542060261776846e-01
-2.023179314153235042e-01
-2.311932450784168480e-01
-3.381724317672375468e-01
-4.901302689968038973e-01
-5.078594786794711213e-01
-4.675773777463292369e-01
-4.139680889429723232e-01
-3.183202848230793358e-01
-2.157918904075327715e-01
-2.644518268279867357e-01
-2.764229279321895882e-01
-3.264100650857532093e-01
-2.954238279907711595e-01
-2.565337041658748429e-01
-1.473842224940180579e-01
-1.318132818803459672e-01
-1.470192552676331532e-01
-1.689574864921177255e-01
-1.180122963729692831e-01
-1.400885466662261658e-01
-1.472298843411742331e-01
-1.656554166840213671e-01
-2.023832989107339775e-01
-7.892223590935056043e-02
-1.059007753653004175e-01
-7.432985725454199777e-02
5.405177242656433734e-03
2.778687724528770830e-02
1.796996588181620086e-02
7.521670255890641407e-03
9.969060788287548158e-02
1.398414306199990409e-01
2.081923038851223040e-01
3.056507894749574961e-01
3.206222230974065113e-01
3.833955357191497493e-01
5.350990527341100700e-01
5.633355241236470690e-01
5.876384377907215573e-01
4.744783666642946596e-01
4.483177368757485515e-01
4.842010073366726508e-01
4.759761638978238785e-01
5.293724127193738527e-01
5.916268453881921019e-01
5.300967355281080984e-01
5.485612380021096524e-01
6.507971721722185521e-01
7.216145888453295854e-01
7.159841804628740425e-01
7.260250179184578601e-01
7.122485510209866089e-01
6.407302089865336558e-01
2.869178814599363525e-01
5.952809097472293587e-01
3.984270522619534072e-01
2.379895735149891167e-01
3.110733328281670151e-01
3.114590546619602218e-01
8.701791032164665762e-02
2.511666369671319149e-02
-4.933416546569625860e-03
-1.649866942986479568e-01
-2.642400391033444818e-01
-1.909400177195267334e-01
-2.483534159515989881e-01
-3.772024451337401274e-01
-4.510128429068099853e-01
-5.724994765074433722e-01
-5.166480550199630262e-01
-4.346633997154712992e-01
-5.039320278743089077e-01
-3.080784856119707094e-01
-2.305925378019615946e-01
-3.035822117932434616e-01
-3.642508646270487538e-01
-5.206316252014839829e-01
-1.032318446432212156e+00
-1.560388730379314026e+00
-2.120737502428565957e+00
-2.577905999199931575e+00
-2.794105443942310085e+00
-2.742194043597948383e+00
3.182197669313399646e-01
6.917065029797387909e-01
9.470368306429399752e-01
1.003742339160235142e+00
1.144975795861332468e+00
1.246973626285022840e+00
1.268386724252170028e+00
1.313462785209436490e+00
1.469674227026401603e+00
1.576372655832257719e+00
1.691601834635832802e+00
1.844802523976964981e+00
2.019693031702125108e+00
2.178240758584039316e+00
2.308550804926706945e+00
2.442548680669372363e+00
2.521862502510745507e+00
2.593186312058392673e+00
2.589624301253386385e+00
2.597449905567660089e+00
2.552138933824108058e+00
2.604489124221538887e+00
2.703309229977629347e+00
2.837175802149999093e+00
2.897464103310586125e+00
3.032030970069675035e+00
3.201759894110567384e+00
3.439882810110951983e+00
3.735271609614185806e+00
3.766999653525838099e+00
-1.425725456916690850e-02
-4.165082746746535947e-02
-3.668352643646094480e-02
-9.729351973379993246e-02
-3.536317456953230742e-02
1.277932925838064920e-02
-8.203026788394832125e-02
-1.283527912884053213e-01
-1.534080348135913319e-01
-1.824669265226000758e-01
-2.150996595886509599e-01
-2.152882887516276433e-01
-2.639323977065939908e-01
-3.644182353616913783e-01
-4.175218118097472342e-01
-4.133225690848285616e-01
-4.525079308192097582e-01
-5.377939942098858284e-01
-5.878964748052502021e-01
-7.113358274046361895e-01
-8.658473054810233993e-01
-9.910173063869266441e-01
-1.135085114542024431e+00
-1.274348478966362386e+00
-1.345798093040788457e+00
-1.385877978948599321e+00
-1.376797770543786381e+00
-1.328972455101347538e+00
-1.289453103203659579e+00
-1.218545796160782846e+00
1.154583896768460044e-01
2.586527523678573415e-01
4.083347103061797378e-01
5.787195350374731984e-01
6.714046613442083977e-01
7.140739888928022694e-01
7.232157125654843366e-01
7.471544706111244993e-01
8.129167911190714468e-01
8.779965394537825318e-01
8.519783984367187424e-01
8.492139397990658978e-01
8.069049983984004637e-01
9.166334298897709232e-01
1.016124802655170578e+00
1.071324162482207187e+00
1.107742072885451901e+00
1.177806789722388503e+00
1.282707028555515327e+00
1.401551089533503491e+00
1.513726160964883771e+00
1.510850014495674687e+00
1.537790630031842687e+00
1.599707264251810424e+00
1.595154777553967174e+00
1.605690050515311773e+00
1.695122897689645303e+00
1.852505621678499415e+00
1.992754454329616953e+00
2.187890747110017742e+00
1.161830472015957377e-01
1.829951459513964873e-02
-1.983346404500493654e-01
-3.407608624533413066e-01
-4.984354708144563828e-01
-6.728813524197485574e-01
-8.003665775023129925e-01
-8.819128592223014484e-01
-9.023398800090957073e-01
-8.780341983486223967e-01
-8.651687443791522547e-01
-8.708231119276019783e-01
-9.491432527818383091e-01
-9.380107981270626727e-01
-9.016379388290630681e-01
-9.406771334670227525e-01
-9.858286531500379812e-01
-9.269603720532365587e-01
-9.023554391095405247e-01
-7.976833747293201604e-01
-6.375804079016296200e-01
-6.177338653865863671e-01
-6.562684725633480820e-01
-6.257291212025799521e-01
-6.637455305674394568e-01
-7.523789411793490034e-01
-7.021407138922941549e-01
-6.860698941794338701e-01
-7.161002353197404302e-01
-7.413921059020441851e-01
1.353203983698149648e-01
2.658138474656853711e-01
3.471445386468318683e-01
4.114410784473103710e-01
4.356025479258147648e-01
3.795841048927387495e-01
3.649921478090339955e-01
4.236280990589189055e-01
4.598081046430905761e-01
5.109001855485110211e-01
4.854677463302500273e-01
4.743973101319094443e-01
5.533893888244887371e-01
5.127582384300300999e-01
3.929716328751942100e-01
2.012219242305253175e-01
1.269318426428996949e-01
5.838349463986081123e-02
8.042908325567293959e-02
7.679209543137682781e-02
2.074635031879635549e-01
2.094240379818591569e-01
2.211564147978104522e-01
2.236651152801095166e-01
2.516720814411964602e-01
2.878816484032384881e-01
2.946287726214567582e-01
2.217212363811552622e-01
1.313991652180135083e-01
2.119502063678702086e-02
-5.908684364325218069e-02
-1.052074391153481614e-01
-1.449202150059240024e-01
-1.768012847386486175e-01
-1.947738876227149696e-01
-2.307192895210893324e-01
-2.172300733861734778e-01
-1.848051592512364172e-01
-1.862760480254613826e-01
-2.019681237844483390e-01
-1.505257806013659827e-01
-1.687731265155574811e-01
-2.262001274160914122e-01
-2.439807707033316286e-01
-2.156286761889896764e-01
-2.172784427155945441e-01
-2.669253076331369878e-01
-2.947837682885080524e-01
-3.092287734390904430e-01
-2.797274233060486615e-01
-2.286955201529324855e-01
-1.828888747485680755e-01
-1.834358913688411419e-01
-7.054626630076782368e-02
-5.290323435072685765e-03
9.752889365886967254e-03
-6.945211377421395271e-02
-1.236785088520897385e-01
-1.248745181764735895e-01
-2.071978843954638827e-02
9.412203745571351421e-02
5.772849364673539319e-02
8.244890801694278182e-02
1.053129720677669634e-01
1.315350111601434058e-01
1.329557039989245903e-01
1.954018199252882670e-01
5.055968365372424111e-01
1.049023449215442882e+00
1.674682750382764151e+00
2.019442678101028843e+00
2.134878915437274038e+00
2.083333621678644221e+00
2.003225531251970004e+00
1.997611608551485896e+00
2.262474444345660363e+00
2.454461841993205606e+00
2.311477857635266808e+00
2.182461787110957285e+00
2.223656335667340667e+00
2.205594026360191862e+00
2.132757281336701727e+00
1.994002696562441779e+00
1.760201495963543250e+00
1.677403977513350464e+00
1.616459509476355638e+00
1.581455694759717368e+00
1.471226757575934352e+00
1.308815290384831798e+00
1.177564465971239871e+00
1.958866027265063897e-02
5.896305287918918864e-03
-5.518137676542229572e-03
-7.508493141168319507e-02
-1.758862581211164400e-01
-3.509506780415170835e-01
-4.957237882065456125e-01
-6.792213711554402344e-01
-7.947174222276363054e-01
-9.764386007841977522e-01
-1.104066562406118557e+00
-1.014913790881950328e+00
-8.953804256428420372e-01
-8.335200125345186839e-01
-8.026667246083828422e-01
-7.383790791892556049e-01
-7.379050047132054146e-01
-6.800293574695752685e-01
-5.314396183333495172e-01
-4.115038941287135210e-01
-3.622824756396120782e-01
-3.180904877627360738e-01
-3.689653128722625852e-01
-3.074989220785618316e-01
-3.008204343959782756e-01
-2.125632774954330229e-01
-1.228629209397907457e-01
-2.705490018646880546e-02
-1.909388915090035749e-02
-2.572041815879008708e-02
7.538654791746726876e-03
-1.376584443978332295e-01
-3.114145538016058756e-01
-3.995364704278265844e-01
-5.812413745329114700e-01
-7.717242079604872407e-01
-7.353673180133204479e-01
-6.822253641288795745e-01
-5.785333477470753216e-01
-3.508105320984709063e-01
-2.846951401270692572e-01
-3.525445458460973458e-01
-4.466250785366988607e-01
-4.847915259150886724e-01
-6.576355038837795597e-01
-7.854459423660843376e-01
-7.729240829566819126e-01
-7.923958853751496001e-01
-7.878314728090977104e-01
-8.114095232522829937e-01
-7.573440081118434364e-01
-7.560101915990026233e-01
-7.503641925021343750e-01
-6.941028944744157547e-01
-6.830326909181563266e-01
-7.304001195864312512e-01
-7.865032456790783666e-01
-8.426859177273754442e-01
-1.098352372870135429e+00
-1.399048996594293826e+00
-1.873424310332565124e-01
-3.318969776971737451e-01
-4.094758167111372527e-01
-5.293372082627175734e-01
-5.815551492132361444e-01
-5.772576025822958590e-01
-5.301845638232141056e-01
-4.461488329218822879e-01
-3.300389867958348211e-01
-2.158865513011227200e-01
-8.788716331503848567e-02
-6.598489202307267210e-02
-7.978705870825035518e-02
3.333337324691945658e-03
7.130506027627982191e-02
9.191960185109965265e-02
1.202641880998070456e-02
-1.890655860009287509e-02
1.833087067572033990e-01
3.120593343710880152e-01
3.586397718580642824e-01
3.825524342292052626e-01
4.680453524751817529e-01
4.991831686403681023e-01
4.943764964521512040e-01
3.834086672255810346e-01
4.310061528653408303e-01
4.929108743840215912e-01
5.810452166761110870e-01
6.617353513419819144e-01
7.371060904532462932e-02
7.173263399125343054e-02
4.665897656652857883e-02
6.417463320185212705e-02
4.414591823751761596e-02
-3.790705952255433303e-02
-1.440117107701613108e-01
-1.336760671796376476e-01
-2.309151863810246508e-01
-2.992490040293188658e-01
-4.156563335119234925e-01
-4.992704707689590293e-01
-5.757043507769060708e-01
-5.401959185483072856e-01
-4.549268277766106983e-01
-4.501765967070906482e-01
-3.841009351422098872e-01
-2.071061201459444834e-01
-9.709313499671255732e-02
-1.473390090572284650e-01
-1.599099615177073386e-01
-2.587625616913082904e-01
-4.407009286203483756e-01
-7.238251652778726619e-01
-9.254836447371762587e-01
-1.126416691525979896e+00
-1.290769010873596079e+00
-1.422359869559397749e+00
-1.405200438565084475e+00
-1.336797837982375281e+00
1.221133975449351095e-01
1.186714175619930367e-01
6.891911325273145095e-02
1.034343476089527036e-01
1.562616714811844443e-01
2.333020778543960783e-01
2.113095973012816819e-01
2.309227188977619472e-01
2.405763131312111947e-01
4.226701363131208922e-01
5.422121693869428327e-01
6.022667527850389391e-01
7.324629277167680197e-01
8.948155237049909561e-01
1.039765459892084243e+00
1.141075787273151398e+00
1.237850313434033733e+00
1.231385123765105671e+00
1.132427321426710876e+00
1.023725049043102242e+00
1.072627393937203077e+00
1.018855636634548922e+00
9.316597670487665184e-01
8.810568047395512803e-01
8.408611071617091426e-01
3.195592198372235737e-01
-3.247489578003196486e-01
-6.784943354393038195e-01
-9.269560725612855379e-01
-1.158698813650546278e+00
-1.384603204825136935e-01
-2.039972914498724976e-01
-1.956023209537623708e-01
2.220939488581361032e-02
3.726116779371352328e-01
7.153735902226683319e-01
9.274048115179002183e-01
1.162569214739235246e+00
1.155622951946743360e+00
1.146503480509813544e+00
1.172854498195764039e+00
1.188516981889389701e+00
1.197845958197991889e+00
1.235671639608971084e+00
1.249881436692801273e+00
1.300357060491197592e+00
1.306895531871363536e+00
1.307740543380458975e+00
1.213230072509891233e+00
1.260415325831137467e+00
1.352776721678448091e+00
1.390532671088425154e+00
1.472776547870136010e+00
1.501136218174897063e+00
1.476878921504616304e+00
1.487598603302130673e+00
1.570684595578712761e+00
1.584020251726285577e+00
1.714852881246736072e+00
1.684891239252370276e+00
-7.537882402870828280e-02
-1.326933536110072587e-01
-1.276360385415559184e-01
-1.810221377445660473e-01
-2.149778897351289353e-01
-1.694024456851885019e-01
-9.908140421232808359e-03
1.445011689359116669e-01
1.858497323378782151e-01
3.758368982631524746e-01
3.137369260607412724e-01
2.891037116107044169e-01
2.768863655306773031e-01
3.382699385913297552e-01
2.552877804738759027e-01
3.939036019109551923e-01
5.404631603372013204e-01
6.064614208903057468e-01
5.548345729722506947e-01
5.406130101321853232e-01
5.548312239854560346e-01
4.786721311437280857e-01
3.685772865607331861e-01
2.208456769106990902e-01
9.359134135315858027e-02
1.146582556199242653e-01
1.983796207533105316e-01
1.691109445414198387e-01
1.012484893513756479e-01
2.060212105420350381e-02
-6.775034786970259015e-02
-1.557575116761877598e-01
-2.353175010057254879e-01
-2.407538775446064205e-01
-2.208284582286813291e-01
-1.293048072434762608e-01
4.231978454314783145e-02
4.706776125164733870e-01
6.180092828847094655e-01
5.850850531075200145e-01
5.838547873467276883e-01
6.347592383194116117e-01
6.226332587821880038e-01
5.252558290612830971e-01
5.204802778926539419e-01
4.521116910211369078e-01
3.709127448218712542e-01
3.016736515412597464e-01
3.317452793481049933e-01
2.803173867448076062e-01
4.274891018734722770e-01
5.897794296952645343e-01
6.801932282419879128e-01
7.678075807161239830e-01
9.020499062602934659e-01
8.290611856481113762e-01
7.649787054779916273e-01
7.371636287236906782e-01
7.019028234664205224e-01
7.419995751079179191e-01
1.515718488080353143e-01
1.624855946875849444e-01
1.670893602804979783e-01
1.929696706851862231e-01
1.655905117789157610e-01
1.332957865601994696e-01
1.021765287587584337e-01
2.011904374352117275e-01
3.688772469834982193e-01
4.208326857564998469e-01
4.657701118702627929e-01
5.024736221590933027e-01
5.450613504538303067e-01
5.391801306368642077e-01
5.441924711081215227e-01
4.014735575691110725e-01
1.066257452269974704e-01
-2.750275607990570470e-01
-6.452066683722101903e-01
-9.219999607887972015e-01
-1.126135897335333702e+00
-1.199125249445647245e+00
-1.121980576913602645e+00
-9.137751772489786095e-01
-7.370902101091998393e-01
-5.700593134042897248e-01
-4.425008661168641222e-01
-3.732636491425179726e-01
-3.382251988800111242e-01
-2.789872570791779305e-01
-1.462883424235781292e-02
-7.435275736682389613e-02
-1.635052830134271218e-01
-2.148355401023848144e-01
-3.721715054105647069e-01
-5.874936754627726465e-01
-6.114940411499861783e-01
-6.550341131283480278e-01
-7.250383432606755107e-01
-8.228349646688308816e-01
-7.257713156510167130e-01
-6.707493292862478640e-01
-6.121439432904696165e-01
-5.386133719074105430e-01
-3.568839193906835350e-01
-2.830843847937847824e-01
-1.342410929192308644e-01
-6.187399429964451913e-02
-8.860302607865130908e-02
-2.022587373482652162e-01
-2.229122739702835976e-01
-2.786409454651551654e-01
-3.684019001931529425e-01
-4.356985479254673610e-01
-4.090428613645717970e-01
-4.512666408485094816e-01
-5.245485052650291635e-01
-5.303998953504902580e-01
-5.165636858925908292e-01
-5.216513090732196600e-01
6.714335201014756671e-02
1.378052851646842103e-01
1.179387029494462502e-01
1.276446277368787074e-01
1.505815671901126751e-01
3.669765205332758962e-01
5.052997987465587260e-01
5.571388935393658537e-01
6.245591591175352342e-01
6.729065843673186498e-01
7.684453104199739926e-01
8.787489903322506235e-01
9.236281016745404582e-01
8.587583005290955196e-01
5.938142524454024240e-01
3.095343084929952360e-01
1.096769289295020100e-01
-5.901037641176531956e-02
-3.000451305910122740e-02
1.233825917518903970e-01
1.547532041575327422e-01
1.636365904691836071e-01
2.695024565710277265e-01
3.310015718164004417e-01
2.770603864819100037e-01
2.840957924582893090e-01
3.060781794310679649e-01
2.944902510703615861e-01
3.897895033837358580e-01
5.121764610651580174e-01
7.987242776640554251e-03
5.119460548526229976e-02
1.171882939244602850e-01
1.388642844041469981e-01
1.480117454514984776e-01
1.219030554834699687e-01
4.463677336165848553e-02
-9.926850606314925607e-02
-2.710706272062485822e-01
-3.016535648644518841e-01
-2.613300723057435659e-01
-2.780441916317250017e-01
-2.324140580459559957e-01
-1.364887297211421213e-01
-2.564721529986940807e-02
-1.602129606062718120e-03
1.202334544032620106e-01
1.826242031136375843e-01
2.795389145958048216e-01
3.146481620167788651e-01
3.186206667519796976e-01
3.520739976994326503e-01
4.249719179114526679e-01
4.316528657063886110e-01
4.304699211570962580e-01
4.201804622614171980e-01
4.164984834144543902e-01
3.755006728756279388e-01
3.993384193008190364e-01
4.034825362940492877e-01
-5.071414895840647280e-02
-6.323026543520064713e-02
4.185295814321113306e-02
1.173506853145322992e-01
1.814296466590799572e-01
2.787009586476200673e-01
3.161705024608917336e-01
3.062493460867287132e-01
3.391711270152146795e-01
3.462252429295185063e-01
5.493559627327676553e-02
-2.579383485450266744e-01
-3.947026341505999181e-01
-3.471322778064965808e-01
-1.251353020115397452e-01
1.366116160190084805e-01
2.001009392794991515e-01
1.317889737251858873e-01
-2.473154639617226036e-01
-5.182350763820895434e-01
-7.909813987149335590e-01
-9.069714841026850216e-01
-1.065333541678219254e+00
-1.220598185186274165e+00
-1.266750157426246526e+00
-1.306834630046401768e+00
-1.281465193403791947e+00
-1.248986271115033686e+00
-1.102697978962331460e+00
-1.026192077344811437e+00
1.580353092712998356e-02
4.116316122688282175e-02
1.126624317841951328e-01
2.853547196512568052e-04
-9.663123348194663231e-02
-1.429200641614109257e-01
-1.186920973811114999e-01
-8.799163875721136008e-02
-8.793559659535027384e-02
-8.680596887039890297e-02
-1.443625549703631827e-01
-1.940513514402453510e-01
-1.215079543539951401e-01
2.221308130910657486e-01
4.282460031895747310e-01
5.745103538238689467e-01
6.676586940025688310e-01
7.206371879910825617e-01
7.868337033144339188e-01
8.535487901655149923e-01
9.290931219397314811e-01
9.184017923323142263e-01
9.285255681346630263e-01
8.750088612450318548e-01
8.911516965979385807e-01
8.976794860974872670e-01
8.595962180045654266e-01
8.106982726411321449e-01
8.492016320676529784e-01
9.221651351359164694e-01
-9.069586336740413646e-02
-5.571454363400984294e-02
-8.448850843414341949e-02
-2.655246452062212659e-02
9.046393534579812157e-02
2.085283843272598414e-01
2.439654211772497583e-01
3.004526013563841857e-01
3.076030240335025367e-01
3.350565695350175011e-01
2.462848522325774003e-01
2.183385829635179076e-01
1.862757442577462341e-01
1.671853483480483793e-01
9.537122328638761304e-02
1.019676864873522576e-01
1.168906308201050487e-01
1.459819201902993469e-01
1.442221023391113133e-01
1.737096794941182243e-01
1.532144390335712369e-01
2.071708691222391430e-01
2.819352899223762088e-01
2.665857673495165558e-01
2.523934694623128916e-01
2.858330402799344472e-01
2.602581317575971553e-01
2.595000880934680287e-01
3.251606225723490673e-01
3.378678071437269392e-01
-1.871694254968160262e-02
-1.286391722083504198e-02
-1.003859816647891812e-01
-1.283894761384051786e-01
-1.415046872250637633e-01
-1.274775949395336172e-01
-1.314734468323019712e-01
-1.039123562572379089e-01
-1.279363894780409794e-01
-1.905879016978791474e-01
-1.959769385232774941e-01
-2.003938554418496498e-01
-2.824599781490057526e-01
-3.475364198948890926e-01
-3.342622505554411760e-01
-3.474877531825681931e-01
-3.490867654115185070e-01
-2.754778264281737554e-01
-2.668279601209072593e-01
-1.961668671325865754e-01
-7.928109088610932331e-02
1.109913287478275778e-02
2.328102700688925233e-02
2.912362999891274229e-02
2.450103359696337649e-02
2.392166955925198110e-02
1.179849760578083676e-02
1.397263942271880291e-02
2.846041075135979231e-02
1.347847004021991875e-02
-4.590710277826291069e-02
-9.706627302489007070e-02
-1.394652003988191280e-01
5.800057540923200805e-02
1.437165646011959175e-01
1.890405679963771679e-01
2.384373105813236693e-01
2.888420946649508658e-01
3.089444227029117807e-01
2.810486948083029124e-01
2.943044973008617782e-01
3.143086532566301550e-01
3.508160357777116989e-01
3.869874055395273738e-01
3.794844416764007189e-01
3.983438715832607335e-01
4.608759922706147094e-01
4.258781838734487790e-01
4.206325852961809164e-01
3.463111851630547022e-01
1.910622383230897170e-01
1.159874547178588733e-01
4.831612971239587773e-02
-5.780423215052706010e-02
-1.413581692363272690e-01
-2.306438380069332772e-01
-2.941820490804208377e-01
-1.472946833200439731e-01
9.115513268190827967e-02
3.231882615223631294e-01
1.720575123681844787e-01
3.527285050035007252e-01
5.005222783686742449e-01
6.760144316405043430e-01
6.025247461230134327e-01
4.720366410993696027e-01
3.347818438266690344e-01
2.280164158386366879e-01
1.664739019306205881e-01
9.473577435436490723e-02
4.113081664495185641e-03
-6.739303769063813287e-02
-1.704604867907731913e-01
-2.162697142288006746e-01
-1.770609721576461570e-01
-1.001343524990535166e-01
-7.967977535164748326e-02
6.335316619880194955e-02
1.910982826185467220e-01
4.091375353918313418e-01
5.369526807696705095e-01
5.977459652823841063e-01
3.970876178429679770e-01
2.567776071014170602e-01
1.003185051182913234e-01
1.334531310631373868e-01
6.274825304017286887e-02
1.218383247289275828e-03
-7.180695669700487560e-02
-3.193049667216542320e-02
1.916504221954034226e-03
2.548802236288091536e-02
1.048866476600172765e-01
1.224140227599505859e-01
3.406597703121141962e-01
6.101681975511136224e-01
7.565859794392019166e-01
7.202170054998239257e-01
7.335337084661891494e-01
7.422789654386098279e-01
6.610034023320199292e-01
6.137584101698657646e-01
5.652719510210433285e-01
5.589009591589689796e-01
3.934476122523798969e-01
1.871224384071652480e-01
3.564911154951128092e-02
-3.510376530398923167e-02
-2.343630863505072048e-01
-3.201230678250760464e-01
-3.874541351593709937e-01
-2.843421405856726425e-01
-2.266836806112412228e-01
-1.578550202145836412e-01
-1.293438295146721595e-01
-1.272747073386826522e-01
-1.862173869912259194e-01
-3.104842279205725641e-01
-3.193696661187508945e-01
-3.129303663209289099e-01
1.509926432998771580e-03
-1.400307267045774670e-02
-2.146274576714953669e-02
-3.679929274012785911e-02
-5.073530185050050684e-02
-1.042142571433121445e-01
-1.934047660931714208e-01
-3.404786012570840681e-01
-4.912340601302175314e-01
-6.047752625253598469e-01
-6.974447769246375772e-01
-6.541334013302653183e-01
-5.533027073828928888e-01
-4.738345772896427333e-01
-3.968329584140061761e-01
-2.232007764952549100e-01
-1.680077276495303140e-01
-1.818939955407815889e-01
-1.478517991807870857e-01
-8.186510807297357750e-02
-4.298040490501121857e-02
-1.072388147427365962e-02
2.057636428772718212e-02
2.148506018952651281e-02
4.188788302848860806e-02
6.029642803111417981e-02
8.032763993011185488e-02
1.928511461162665808e-01
2.393634393933206372e-01
2.593059842182396935e-01
-8.117837077769604268e-03
6.232738833035452591e-02
7.828093013679551793e-02
1.215452126503165919e-01
2.605957248054570075e-01
4.673565451172678742e-01
6.002992729182614617e-01
6.718451600119195177e-01
6.756128137010003476e-01
7.110498326008951597e-01
7.695181476650752028e-01
7.601558686436894474e-01
6.471616553563286356e-01
5.029852608200195974e-01
3.763834377495953731e-01
2.849051782965394963e-01
2.061379530317014597e-01
2.081160323326388673e-01
2.394236636037780364e-01
2.317338623621658100e-01
1.966694643883301896e-01
1.823722139431412093e-01
2.305206175359125753e-02
-8.758198545407111513e-02
-1.585035388803409107e-01
-2.241645657757486143e-01
-2.658945596401474099e-01
-2.096701962963030130e-01
-1.714543935693173538e-01
-2.099155781535220200e-01
-3.682805714791240886e-02
-1.330267664142443726e-02
7.957377947752825031e-02
1.138652779776360702e-01
2.764206770436317129e-01
3.763180334749552935e-01
3.500860381919984055e-01
3.304629080005312969e-01
3.730857077038935987e-01
4.001181504550560541e-01
4.451316675822366564e-01
4.809048010174538090e-01
5.472591037364493705e-01
5.063573951167370524e-01
5.144565977277719693e-01
4.704308498131408167e-01
4.697001830055376193e-01
4.225837073855606696e-01
4.210546586083736553e-01
3.799548591102336337e-01
3.314138094980800253e-01
3.908194306121300365e-01
5.731293397159051839e-01
5.995522146353574611e-01
6.044782025698797190e-01
6.213700351691746615e-01
6.693235231891210280e-01
6.762173314090869081e-01
6.054107187007327084e-01
5.034389750064984792e-01
-8.917808729889270536e-02
-1.608546097663377250e-01
-1.858197164919707656e-01
-3.319825831305883712e-03
2.442578141903193056e-01
3.357855946716946649e-01
3.975285791632412469e-01
4.353478314759275936e-01
3.328988858261505701e-01
1.193908374823414720e-01
-2.635795298896903560e-03
-1.056354580291561651e-01
-2.473847164680654798e-01
-2.878284211621925937e-01
-2.340042798773973587e-01
-2.291865928922850737e-01
-2.046720425536754928e-01
-1.734599139492398467e-01
-1.967696179357545649e-01
-3.435509291774186957e-01
-4.621015549314765880e-01
-5.363974087647004341e-01
-5.254792265749298474e-01
-5.269833968195408724e-01
-5.504315051095851619e-01
-4.727790685568039053e-01
-4.427992795378838942e-01
-3.617022676383892521e-01
-3.382838819725484392e-01
-2.469915061027955772e-01
2.207871021775394821e-02
6.105672684930629757e-02
3.541506603606121850e-02
-1.817413780649528021e-03
-3.762101806327580733e-02
1.207967958220440563e-02
4.170206247584255788e-02
1.198233821220637541e-01
2.714564455440270363e-01
4.490470010151321745e-01
4.341724165694539894e-01
4.179752536688418063e-01
5.368939501715431772e-01
6.968247709150783287e-01
7.098370877053464811e-01
6.580001459259450236e-01
6.077657724582019583e-01
5.636559809773242780e-01
5.081680487805605440e-01
4.419117024281079553e-01
3.983663481973931386e-01
3.357704715874868517e-01
2.566026513106584028e-01
1.039088372904845015e-01
-2.454796598846226141e-02
-1.065736552423202088e-01
-9.420030829028087915e-02
-8.891513108599402582e-02
-5.510258479254334651e-03
3.851296220557107880e-02
1.138148815668026115e-01
1.550972059813703618e-01
1.775219221224606236e-01
1.396561911337109441e-01
1.608514634067072790e-01
1.754468597634677718e-01
1.480114835745366397e-01
1.051215548726174009e-01
-2.640812578974657820e-02
-1.145114832267847271e-01
-1.589717372733689404e-01
-2.558656616979696485e-01
-2.841699307127995566e-01
-3.015208694621573926e-01
-3.017012428295077209e-01
-3.193565294289169021e-01
-3.259125030387364230e-01
-3.372241807305571548e-01
-2.227405248117523273e-01
-1.081317701302225848e-01
-4.439885627102041488e-02
-1.240166313124316244e-02
2.831863351431945786e-02
3.229312367031596243e-02
1.165297311698998070e-02
8.278234006243297138e-02
1.091813800736419759e-01
4.945905433667813211e-02
-1.998034928966273271e-02
9.082741307266103264e-03
2.821641454845049378e-03
3.253676070719360713e-02
8.525033411879590073e-02
9.559043138593600886e-02
3.920623892847346914e-02
9.346244101217378308e-02
2.721397153829107074e-01
2.064324769061764431e-01
2.114745221993336588e-01
3.055079333463739388e-01
3.862381010275504067e-01
3.908196617648884152e-01
3.524804416775487170e-01
3.077711077826795205e-01
1.816935098288252892e-01
1.344104406370986715e-01
4.146471336399237817e-02
5.088287222668866350e-03
1.171048008944585404e-02
1.087838001348547141e-02
5.505407047447242325e-02
6.911684570671623729e-02
9.480841594764864710e-02
8.145882479454515102e-02
7.716868302639799670e-02
6.252033176782367807e-02
1.814831751203279525e-02
-3.994124864988000956e-02
-1.225323118814112267e-01
-1.907627172324924958e-01
-7.987697051509454194e-02
-8.846669956085986830e-02
-7.937024763107401737e-02
-4.780080743684472777e-02
-4.914207978255499126e-02
-7.584907619371303311e-02
-7.340724989230884567e-02
-2.874571033144851517e-02
-2.772752329809880303e-02
-4.866713942555406236e-02
-1.293141619649104956e-01
-2.882530880272859974e-01
-3.461023540909031748e-01
-3.277940780653423314e-01
-3.679435214771131224e-01
-3.407357249714673131e-01
-2.611095497113485320e-01
-2.493957287367555287e-01
-2.754052782109626119e-01
-2.192243175527812116e-01
-1.868189431691165137e-01
-1.689946855101134571e-01
-1.786099063418937483e-01
-1.597895634171837831e-01
-1.753519174874963449e-01
-1.562250012707351865e-01
-1.795415169814202072e-01
4.688265463961768797e-02
6.148116377181975928e-02
5.005895973188217996e-02
4.387458526012680271e-02
6.757898953137353448e-02
1.319249875362911439e-02
-1.346389402833440829e-02
-5.012287098029320070e-02
-7.112059810423222717e-02
-1.860164062133533996e-02
2.466246747831930819e-02
2.127611770653178511e-02
2.568502134297875536e-02
1.227078303276420562e-01
1.710388968039842084e-01
3.167180281320070012e-02
-3.603852797067881308e-01
-6.451506005041587333e-01
-7.210982288537444163e-01
-8.005714128770902160e-01
-8.087187953824038766e-01
-7.319778076440788261e-01
-6.379754805846634680e-01
-6.338223523088297728e-01
-6.049534879217567385e-01
-5.260531001883697044e-01
-4.732110175715444345e-01
-4.726099425979450319e-01
-4.649026970369035672e-01
-3.967169711390505782e-01
-3.562496689602703825e-01
-4.063300314879905173e-01
-5.095920118087495787e-01
-4.331651246144090084e-02
-4.959903993630998542e-02
-3.955883199350521823e-02
-4.998010127138935443e-03
2.768068095842571991e-03
6.156033730405467697e-02
1.293613712736627064e-01
3.154920612860413476e-01
4.062631966479469114e-01
4.444655434291068241e-01
4.140516485746846831e-01
3.974707713700373901e-01
4.012017570729571880e-01
3.752405335040037704e-01
3.475830804674380770e-01
2.827846530549560367e-01
7.711031302745285920e-02
-1.050955222202663020e-01
-1.216901913790353340e-01
-3.436552575713307245e-02
4.110365561749167174e-02
6.331720288412084896e-02
1.613073096365562342e-01
1.857144827941505927e-01
1.451688548521210542e-01
7.951734500307691689e-02
8.161959619379188791e-02
8.862721821829322444e-02
1.093563619640043894e-01
9.342752921177023551e-02
-1.047698184095804813e-01
-2.029913477622408147e-01
-2.515344190190824669e-01
-2.803427136618272253e-01
-2.524778243612709194e-01
-2.230110949465931025e-01
-2.037455936059188177e-01
-1.822148210829956649e-01
-1.501207719303900290e-01
-1.155310068974731985e-01
-1.201091443862220137e-01
-1.538473731656471444e-01
-1.503364790864517575e-01
-1.563333175440066170e-01
-1.841094940764431975e-01
-1.888782083666465106e-01
-2.158796185980795812e-01
-2.566755877659131491e-01
-2.568861393783382630e-01
-2.770332464899459279e-01
-2.807462441948327947e-01
-2.701566828449954438e-01
-1.787632844888407402e-01
-1.309760607424633461e-01
-1.039921026078205885e-01
1.295159146257593430e-01
4.834824023631023593e-01
9.658596281739069145e-01
1.141103329348014839e+00
1.080105080106584570e+00
-2.922458541255220504e-02
-9.116852416515355134e-03
3.997520608676764786e-02
-5.000470356073866141e-02
-1.478441870546149950e-01
-2.923646911466039611e-01
-3.568701618932462738e-01
-4.231633854632878555e-01
-4.334586251547843383e-01
-4.008484560554226306e-01
-4.051399501484652110e-01
-4.207926305061488459e-01
-4.317533135119042131e-01
-4.494393969467865291e-01
-4.406630712045895848e-01
-4.248300721027292726e-01
-3.256908919464084340e-01
-1.642536955417550626e-01
-1.578734000791101322e-01
-2.070774223122619218e-01
-1.930995262997133310e-01
-1.634690081283754481e-01
-2.133378479795602911e-01
-1.950341520613262936e-01
-2.562127236198150637e-01
-2.696171636028548702e-01
-2.447086029972736221e-01
-2.377788499818063173e-01
-2.619897614951139375e-01
-2.410271185052659249e-01
4.036851963568523216e-02
8.012930758318227709e-02
1.236333403702456896e-01
2.052546658377037148e-01
2.735867375158231862e-01
2.574993693255323568e-01
2.516570271100458944e-01
2.655635049563116468e-01
2.400869097198814195e-01
2.173418064237048752e-01
1.030752180537150564e-02
-1.307493092775410259e-01
-1.901915384384894048e-01
-2.011265346610621452e-01
-1.979932791015676929e-01
-2.439715667003340971e-01
-2.616209768999789298e-01
-2.702950867730070650e-01
-2.120989531619177915e-01
-1.804013988105879485e-01
-1.123052583197717280e-01
-6.624575830736080528e-02
