-3.429875975566254453e-02
-4.383471383223169759e-02
-2.541017959494699940e-02
-2.046438163840879482e-02
4.228752463834915126e-02
3.627728396148965917e-02
6.455812166774499428e-02
1.213101277216140361e-01
2.039271544066300068e-01
1.605538870249594297e-01
1.505703226947438522e-01
2.132124118354475351e-01
2.745109286887515987e-01
2.488086059758606028e-01
9.684781926915234096e-02
-1.085992268091837409e-01
-2.360900977697327208e-01
-3.018901972239250719e-01
-3.487660495684440365e-01
-6.792563763837713431e-01
-1.312532371455035429e+00
-1.276650067945045430e+00
-1.439181836453170549e+00
-1.572807637034451700e+00
-1.337055614453979135e+00
-1.087106657459837589e+00
-9.499807291171042944e-01
-6.979379941852021929e-01
-1.918504169775422374e-01
6.023859725433957646e-01
6.207109585538649332e-01
6.774651234846642556e-01
7.923084371772091128e-01
7.825410322228947280e-01
5.187225008486489042e-01
7.933601155365965774e-02
-2.095285218217308176e-01
-2.826491940304261541e-01
-3.470748653107741388e-01
-5.288285342645965281e-01
-5.669684606154129503e-01
-5.890933113054355186e-01
-9.145241217511956844e-01
-1.202082929932854150e+00
-1.151837597601268470e+00
-1.097409378288108028e+00
-9.388659424957470634e-01
-4.752551228374073955e-01
-8.551954163952257826e-02
7.248504368963706868e-02
2.039508123170820919e-01
4.746523461487589524e-01
5.148364888957535079e-01
3.795146961147117803e-01
2.214727612683093649e-01
1.451103519940134534e-01
2.938748157862650090e-02
-6.897207182438580553e-04
-3.891751857021564370e-02
4.072423340836442418e-02
9.172005149723863604e-02
1.421355995440866937e-01
8.270958514708992571e-02
-2.715844837419142399e-01
-5.395130619212613610e-01
-6.704020766191721714e-01
-7.448154369343716885e-01
-1.057592047436526794e+00
-1.054524253474142803e+00
-1.327455132550280581e+00
-1.810203128106657733e+00
-1.912654970774121166e+00
-1.836434682158314402e+00
-1.897770155333884823e+00
-1.797360343566885232e+00
-1.393578112045644746e+00
-1.064585800737483545e+00
-8.179968183003580862e-01
-6.976386026222198833e-01
-6.977426137653471860e-01
-7.660956057705388123e-01
-9.289189579360321858e-01
-9.001381372728556318e-01
-7.990566195189185983e-01
-7.049590974522769171e-01
-6.215165099128938664e-01
-3.214234985812500778e-01
9.822487411574748473e-02
2.620594568591958495e-01
2.291905142071768708e-01
4.869193890093653776e-01
6.907655451930712065e-01
6.652648708764838936e-01
6.283932534632581390e-01
6.355541856955594371e-01
5.260720668141093403e-01
3.545671484147691066e-01
3.399659798605099703e-01
2.724876184444496863e-01
1.028419241562559538e-01
8.712957146754558846e-02
1.386517940461079457e-01
1.610817635080721844e-02
-1.002061329144238178e-01
-1.743718687118224475e-01
-2.795382631279025309e-01
-1.129679612231274388e-01
2.437977024303200624e-02
1.179274202327783849e-01
2.216033686551291682e-01
4.953814648937053811e-01
9.576353925904292907e-01
1.140464448714016310e+00
8.233314360417502975e-01
8.002816605980084264e-01
6.873474362041597230e-01
1.888231489857716827e-01
-3.270614913447911221e-02
1.735142069024643297e-01
2.200443830540722012e-01
3.441025958179959598e-01
5.322912445568148687e-01
7.223272075914205503e-01
8.083094395531774667e-01
9.019108854612616355e-01
1.028155072525118507e+00
9.034138208031251560e-01
7.257620439513816635e-01
6.417130041203248370e-01
6.192004645913282701e-01
6.256765457082796855e-01
7.022779074802097954e-01
8.050819149827170840e-01
9.002368273972125579e-01
8.794104593799465519e-01
8.691347863966852882e-01
7.489169160920439161e-01
5.423334454150176009e-01
3.693788738798630122e-01
2.794609118035760176e-01
1.104665066375441762e-01
7.159191769425345131e-02
2.709382483404420561e-01
4.399144126639218944e-01
5.999050753626991028e-01
8.385441505511469495e-01
9.061984469650457008e-01
1.035265761712136356e+00
1.419217024288232265e+00
3.323263628666937586e-01
4.590814969447307714e-01
5.302909032593081662e-01
5.037465520724000445e-01
5.625062649385911273e-01
6.802098104793883326e-01
7.015354499462309601e-01
6.208036341847722461e-01
4.482672736905431998e-01
2.843673895327475387e-01
-5.333800487809525759e-02
-3.083916161313877691e-01
-4.014741968019846508e-01
-4.434014912119598195e-01
-4.009386905015525637e-01
-3.338919860927942462e-01
-2.933517897971574806e-01
-2.595677679817212091e-01
-1.758999246579652231e-01
-2.285999725162693175e-01
-2.782846184922189714e-01
-3.535970688154053132e-01
-3.640047214748529103e-01
-2.994253067386353773e-01
-2.831492237415679791e-01
-2.353999769127982644e-01
-1.144757164014986311e-01
3.883878296187019685e-02
8.403064287649841813e-02
2.263938699284925860e-01
1.142510952401206009e-01
7.533361689728623745e-02
-4.323689406018713099e-02
-3.356100808696658999e-03
1.239531637256419683e-01
2.098815976281762086e-01
3.435297900317345610e-01
4.783347352351049464e-01
4.358186680758890930e-01
2.257431997073633123e-01
-6.107745148127702306e-03
-1.599191600352710407e-01
-3.172027541993150956e-01
-4.459309180408241868e-01
-4.880341639605500492e-01
-4.640583011462244833e-01
-5.173555433821858118e-01
-6.095749201592494115e-01
-6.706978139302636199e-01
-7.185545813565303863e-01
-8.397457314581533439e-01
-1.005611355729984613e+00
-9.855750764251446361e-01
-9.887886987283152074e-01
-9.942245200314352438e-01
-9.894731826453982970e-01
-7.861745703292686294e-01
-6.550826828954158243e-01
-6.192998649990817395e-01
-4.502354443286522012e-01
1.697747969876201579e-01
2.817959331825856673e-01
2.565542040701425663e-01
4.190168205736463092e-01
4.784618775871210539e-01
4.062678646437728469e-01
5.311242521706066588e-01
8.275029669478182193e-01
1.069501615484646617e+00
1.003432521570578606e+00
7.066824559535981320e-01
4.261654844602470460e-01
1.777681481160008903e-01
-2.135379064276363703e-01
-6.403692357985202310e-01
-8.859389086758506782e-01
-1.058706251116148689e+00
-1.089790264187272761e+00
-1.211106771983795793e+00
-1.289905778320089347e+00
-1.475204909368943218e+00
-1.591515206502106761e+00
-1.799329823615421375e+00
-1.949703589069166743e+00
-1.839096868318248479e+00
-1.809378862766211293e+00
-1.791000571464518520e+00
-1.642425934193443737e+00
-1.358662798676102623e+00
-1.384836667184870418e+00
1.658675741183512631e-01
1.898937888968003085e-01
2.554364648556134432e-02
-1.040036155442422006e-01
-4.310617775740793745e-02
1.201907300661763101e-01
1.314607920933090757e-01
1.830355631491250579e-01
3.518374810583091983e-01
5.126104552463087716e-01
7.634072308149320030e-01
9.429535572916559749e-01
1.020080164546281143e+00
9.251091190037787904e-01
8.307294011029002778e-01
7.543447078802051342e-01
6.843114673926095071e-01
6.529697574066996024e-01
6.824298779862680853e-01
5.342436218109556378e-01
4.796760108546193058e-01
4.258584192030172577e-01
4.199215150611809722e-01
4.274281834757518994e-01
4.115208806945225284e-01
1.941890143690263304e-01
9.122432564293089796e-02
2.091662442968115487e-01
1.083794230515449097e-01
1.596710031230418880e-01
1.846802611527726401e-01
3.705151039135082813e-01
4.102831734398922903e-01
6.525931002219914623e-01
6.625844756862712126e-01
6.584812165138645979e-01
6.599913739472756946e-01
8.475385247229034746e-01
8.794288228391266005e-01
1.068482357983499220e+00
1.290765931092056729e+00
1.507069863624232342e+00
1.738721257625146066e+00
2.004352265476310624e+00
2.050065718648116597e+00
1.979112586182113720e+00
2.014768700492631126e+00
1.939202752718968359e+00
1.859861067966481318e+00
1.757520564173856936e+00
1.708866828709696861e+00
1.564451698672884916e+00
1.474285226192579845e+00
1.404832860168521824e+00
1.262948451097031022e+00
1.139026138605307992e+00
1.087882499580772544e+00
1.110713259300404321e+00
1.232457727903737199e+00
1.462571586029433490e+00
6.283291170498030154e-02
1.227603158274963024e-01
3.487818922201895155e-01
4.329270668836341374e-01
3.880137588852087260e-01
4.438848816328860858e-01
4.916929287153794514e-01
4.581398244480716087e-01
3.830095797717844031e-01
1.772799304734986592e-01
-4.136160649569814440e-02
-5.823056372004310061e-02
-1.582505040301973587e-01
-4.419154952016529636e-01
-4.349839664980963416e-01
-5.426638309868045962e-01
-5.946387338365601849e-01
-6.511987922899201697e-01
-7.301111599926648488e-01
-9.371276703896844751e-01
-9.752641883759302077e-01
-9.218325770079401904e-01
-8.298773724104505645e-01
-8.304455122941949430e-01
-7.996957874267186517e-01
-6.687727043811443339e-01
-4.531629743328892124e-01
-3.032766191237228348e-01
-8.567988858408176478e-02
1.211453630260680980e-02
-6.234490418457229455e-02
-1.508591274832107032e-01
4.758891990417699058e-02
1.442511985238250083e-01
2.448357621339793677e-01
4.566884934351861380e-01
8.619333496038765752e-01
1.025038272348850921e+00
1.065791298878401960e+00
1.120947503384058352e+00
1.090906955658082822e+00
9.302823303666801769e-01
8.508123041210290394e-01
8.886486629484405819e-01
8.803975856942671818e-01
9.943643711194452006e-01
1.187113670302025525e+00
1.147501342381835432e+00
1.085507475389916321e+00
1.082739914822893335e+00
1.067979107954921458e+00
9.568192551493244213e-01
9.129899844156141864e-01
8.862132932257293927e-01
8.987269116675106195e-01
1.013269227262738381e+00
1.093778925331898133e+00
1.037542244251702384e+00
8.098159203579033960e-01
8.126752772279671744e-01
4.617963229626318999e-01
4.952537256558718903e-01
2.316784937603789674e-01
2.424168347225892362e-01
3.177631854238587295e-01
2.328553124294329979e-01
1.790959828717560987e-01
1.607261061555141923e-01
1.620089349762665887e-01
2.194580996688307584e-01
2.619468209377930901e-01
2.994383631714952476e-01
3.724153167607304749e-01
3.877957292973999159e-01
2.361902931290712215e-01
1.940954805873233158e-01
2.582611530915874254e-01
1.771927004895270108e-01
-2.075754075089017436e-02
-2.085024561660283049e-01
-5.683332742361478784e-01
-7.356241608824799494e-01
-7.176123568546913800e-01
-7.382966295428301517e-01
-6.988335598280892569e-01
-6.605303486983151728e-01
-8.164956040298249063e-01
-8.441898475676924418e-01
-7.379386939160542669e-01
-6.949223472504997279e-01
8.596435358828904971e-02
7.813341371701391924e-02
1.564827819424723931e-01
3.344587808016104002e-01
5.947949858229166775e-01
7.857426119574525414e-01
8.600962903442611607e-01
9.022978192283154231e-01
9.900091130377804971e-01
1.105814856672965973e+00
1.172305563289548935e+00
1.121111873372766299e+00
1.022431495466185947e+00
9.681114608386073295e-01
9.977930739114855285e-01
9.956476066301633843e-01
8.716498743722228548e-01
7.232080153983267978e-01
6.172872008713377046e-01
4.853576330199010913e-01
4.764111334262161046e-01
4.920474233659947738e-01
4.778355042452964163e-01
4.228536495161789865e-01
3.403392407474287729e-01
3.773825894396068970e-01
3.515846325807114869e-01
3.588970034335676185e-01
3.891738894439409346e-01
3.626295607493530970e-01
-4.895769827252217932e-02
-2.127135963564443302e-02
1.084941796034398637e-01
1.306896177277713234e-01
2.399451098938678306e-01
4.417541107414514334e-01
5.864598880918845403e-01
6.761518698938504546e-01
7.614526294310992593e-01
8.607940870022458002e-01
8.716759875247769296e-01
8.449473523456143553e-01
7.916743715318284025e-01
7.784251669488372327e-01
7.735647139090545688e-01
7.054327159203350739e-01
6.566070331570371676e-01
4.704021624779496924e-01
3.376184355047284757e-01
3.664512993660901108e-01
4.640731607838587958e-01
3.581100045088929651e-01
2.924220941702301846e-01
2.927904755408119453e-01
3.286503496575394756e-01
3.248565322984882653e-01
5.615402475434414509e-01
5.353102755542821223e-01
4.716476840526135916e-01
5.243352264220557668e-01
6.173846344469562097e-02
-3.402116508047930976e-02
-1.020317955649697600e-01
-9.367657066686657652e-03
9.319130196580562020e-02
1.560756976238508176e-01
2.622131481871269876e-01
5.402917307638004374e-01
6.547041798790884659e-01
7.175930453782992657e-01
7.775268488706883474e-01
7.592008235509883907e-01
6.940067490156178742e-01
5.889699722286375616e-01
5.698507755871554670e-01
4.892483322513523913e-01
6.824320746987070363e-01
3.900057989812629744e-01
-3.943278360777652258e-02
-2.484400505180714425e-02
1.504203596495086170e-01
1.204269280773306305e-01
2.848706921168367434e-01
4.552024629542612000e-01
5.392339412391262687e-01
6.232512647982059173e-01
5.506051030976701899e-01
6.321784632973326268e-01
5.591041589115285371e-01
2.425125946453233761e-01
-1.268452101024026002e-01
-3.293836968252381037e-02
2.784208339670868337e-01
3.874363710256401028e-01
3.801314355859008454e-01
4.524263196534786813e-01
7.073932605562756049e-01
8.456424597835133783e-01
8.756142323293885088e-01
7.989370591212108241e-01
6.764749945731884928e-01
5.220495166847505253e-01
4.766645327575310120e-01
5.005646651139628034e-01
4.952416556198296349e-01
2.668620967046867465e-01
5.510834784865750735e-02
-4.977668091785536486e-02
6.856489837846489743e-02
2.698794884098077995e-01
4.504378972854992114e-01
5.364392291379995736e-01
5.489136503510030352e-01
5.816725504120505708e-01
6.150537238090720837e-01
4.431230080257108073e-01
2.716868966104368788e-01
1.087286231486357391e-01
-2.242827684407665001e-01
-3.569785999800364484e-01
-1.654453764343399164e-02
-1.200767722634404067e-01
-1.899512346829146381e-01
-2.178922129173208322e-01
-3.373067689982262030e-01
-3.374423906125061379e-01
-2.688789759310939997e-01
-2.634886236774346968e-01
-1.960856973153233263e-01
-9.819391179141516435e-02
-3.392326659013798762e-02
3.003172191126672608e-02
1.158785089194630247e-01
2.867641330241256781e-01
3.843511595718601126e-01
4.837927775645592954e-01
5.350941153199665345e-01
5.158848497089547624e-01
4.669928902729029718e-01
4.680360466174492418e-01
5.363689206678012855e-01
4.989896415370045357e-01
4.316114775793632452e-01
3.790878654847457674e-01
2.127414046245810209e-01
-8.120322507854249583e-02
-1.383733060098383261e-01
-1.631886828372547671e-01
-2.992273686120887066e-01
-4.394461153927887720e-01
-9.702290454424497557e-02
-1.486343362304515248e-01
-2.752013318361214989e-01
-4.285531180844560639e-01
-3.736830502742234938e-01
-3.955233139073974780e-01
-3.930352083915970574e-01
-1.300014279098572478e-01
2.646546994085308135e-02
1.145075509813867215e-01
3.897354557330977021e-01
6.142474030884221836e-01
7.655591961246116517e-01
9.201087871660302842e-01
9.955930735620063254e-01
8.531333415352284621e-01
7.753645796059511763e-01
6.881832853054234977e-01
6.100263024768374231e-01
5.261272152629509202e-01
5.298569205428276252e-01
2.415322575703713337e-01
1.526450102053700797e-01
1.903719199763632963e-01
9.562822057662082043e-02
-2.040581060396709778e-01
-2.389818181587642920e-01
-2.504572913654959376e-01
-3.582095054089706743e-01
-5.177440428647399617e-01
-6.849059186183620307e-02
-1.803189822481696125e-01
-2.371974002928068925e-01
-2.635125522276786092e-01
-2.332477224356796497e-01
-1.229669639839981038e-01
-9.624659905370201718e-02
-1.309495081506072967e-01
4.200913582294157900e-02
3.181261648487753169e-01
3.909783918335440478e-01
2.869027094557116131e-01
2.274151700324653080e-01
2.303474514999376277e-03
-3.029746881368723388e-01
-4.334612646702229455e-01
-4.239335973754381759e-01
-4.137215937221871420e-01
-3.568091396356616873e-01
-1.503248065337164929e-01
4.149658933452216036e-02
1.515999096238309085e-01
1.781379638398618015e-01
2.808511297094132275e-01
3.544607538213889741e-01
2.478545388519614590e-01
6.697064201868238587e-02
-1.043394501588573720e-02
-2.007289680252750674e-01
-4.623301200194755989e-01
-9.444145873639341049e-02
-8.649661297337730981e-02
-5.108670721057168018e-03
1.754191331296581502e-01
3.923840460395282559e-01
2.039389524554329758e-01
-8.848461608076313434e-02
-1.114278340769978837e-01
-5.406114724386684028e-02
7.539876793746069783e-03
3.353253175449119605e-01
5.610663376402759139e-01
6.453261949169972755e-01
6.813566989551482767e-01
7.850190620182800894e-01
8.992560971627060473e-01
9.281986573214272562e-01
9.527105272765742372e-01
1.021531355521295481e+00
1.102848963135763416e+00
1.102521061785760814e+00
1.190079250043004189e+00
1.225574397097046297e+00
1.207670521640808570e+00
1.199120573040289628e+00
1.046343108949207235e+00
9.458406985670946288e-01
8.913665630877284363e-01
9.076222144961719751e-01
8.211593242367570822e-01
-1.215041607009767766e-01
-2.082323642732772373e-01
-2.673812182933649750e-01
-3.783886557150242247e-01
-4.641739804865597785e-01
-3.892960139397569352e-01
-2.457688805202907778e-01
-1.098608792713810789e-01
-1.173652964636950902e-02
1.663611658859847145e-02
7.055111824643248847e-03
5.887320991274910820e-02
1.117590907376162512e-01
5.524323609173046462e-02
-5.742562109681311616e-02
-1.960100007246056431e-01
-1.545578207270485172e-01
-1.428698299897367130e-01
-1.686321659288839703e-01
-1.813453294111123937e-01
-1.471458562386218361e-01
-1.795520670023789400e-01
-1.476500482798139002e-01
-1.150539314664772023e-01
-1.490913867380114222e-01
-2.802636323166542986e-01
-2.947069882190140877e-01
-3.736409460610304878e-01
-5.348790539078704942e-01
-6.606173762124294413e-01
-9.077126763510011409e-02
-1.386114927121624429e-01
-1.451911665753860547e-01
-2.464806827873609885e-02
-4.847117117539156972e-03
1.407895223976984508e-02
2.107543279284013193e-01
2.923478098736614350e-01
1.590282251222139009e-01
1.866206686261170922e-01
2.444747213694798416e-01
2.703154130097193408e-01
2.878239289720093130e-01
3.585123199219008572e-01
3.240989460782388587e-01
2.452865099955243988e-01
2.716985493412927277e-01
4.137372400555930918e-01
5.070039388691494064e-01
6.155471605159409387e-01
7.711427481480671586e-01
8.462226316168034446e-01
7.532155476732856902e-01
6.858580361530838276e-01
7.127725450193960199e-01
5.336077037162221259e-01
3.392537417718267667e-01
1.792149268213757418e-01
1.303031565424693505e-01
-1.827076753481352012e-02
1.059359130553886967e-02
1.108773119573101124e-01
9.675646495216597143e-02
3.568681213952134418e-02
5.358544889102321435e-02
1.168080373658286208e-01
2.015888215780142212e-01
4.568993267515940038e-01
6.102255847043511761e-01
7.392493835303519667e-01
7.563872586238624685e-01
8.318518191971695508e-01
9.566942808676599519e-01
1.094049682463604123e+00
1.230255032598749132e+00
1.373600002362419303e+00
1.439623826020201225e+00
1.469791048699283564e+00
1.427800830745681759e+00
1.281704102328055983e+00
1.152134781469679847e+00
1.031671921124834412e+00
9.033907850468858580e-01
7.767270983334506607e-01
7.257628734431033068e-01
7.343372615935539471e-01
7.985577854847724089e-01
7.904343248640954833e-01
6.682136826451050560e-01
5.781406163788290753e-01
-1.021644901480287942e-01
-5.626129391283091891e-02
3.308650158846897921e-02
6.034486010700685493e-02
1.524390111632805134e-01
2.287054287972659083e-01
1.817181805169872377e-01
1.500932656526382525e-01
1.832237792858452952e-01
1.552879770774981405e-01
1.079881924746503852e-01
1.556563921136025208e-01
2.493985752732872652e-01
3.811593435520345130e-01
6.059811518662890917e-01
8.409522719404367574e-01
9.955622506543733152e-01
1.119111669196563019e+00
1.160619962914713366e+00
1.156311118771818691e+00
1.078867847732825069e+00
9.259286731415720118e-01
8.699795232876016415e-01
8.232241649250928717e-01
7.539085477219721332e-01
5.390829617166557064e-01
4.573230954154893224e-01
4.009752543230788446e-01
4.030503325184341401e-01
4.626528416618460038e-01
-1.825100607877901682e-01
-3.807600110585844799e-01
-3.990200398812380200e-01
-4.490647133718428385e-01
-4.831354434646840112e-01
-2.840572627442967679e-01
-2.962081380181985635e-01
-4.054385768145700175e-01
-2.093643690427574311e-01
6.228293757168934519e-04
-3.532598189899727875e-02
-1.281174275865976375e-01
-1.249847750766294313e-01
-3.391299917243696671e-02
9.123048674063648222e-02
2.274851596984139301e-01
3.366970708022241077e-01
4.223957416184546121e-01
4.766124564748299708e-01
3.803567826518563511e-01
2.672652237895456473e-01
1.837297229657782749e-01
5.686389564511046268e-02
-2.014703131563854721e-01
-3.800675406539896217e-01
-4.702003719745306842e-01
-3.963746646332221846e-01
-4.074085579965160964e-01
-5.693068027623292560e-01
-4.678217973452835632e-01
9.044139777867268859e-02
2.386447788370070489e-01
4.792849584312491862e-01
6.736179340238673818e-02
-6.525162409097566840e-01
-7.771285534347851520e-01
-6.644382420991093996e-01
-7.897235786347756026e-01
-9.273253489995123555e-01
-9.675748857300928707e-01
-9.320944704650638846e-01
-8.712781709004113750e-01
-7.173338181186939000e-01
-6.169077780015904677e-01
-5.533701937568928919e-01
-4.214066505144373753e-01
-9.040389541017723740e-02
2.269018932172806036e-01
3.479833711222078407e-01
3.943172231539647243e-01
3.689266620448213296e-01
3.747938335927806230e-01
1.819351244726666594e-01
2.578999540103626975e-02
-9.545837715932740941e-02
-1.908815481621292109e-01
-3.310256913757997355e-01
-4.486151120122607860e-01
-6.109504150429526659e-01
-5.786909903100323493e-01
1.571852687119232039e-01
1.841705638399807332e-01
3.836633663166083563e-03
2.788873090046188954e-02
1.463083420939722268e-01
2.316801466341548432e-01
5.013980443969291434e-01
9.530158340969776543e-01
1.156418757714803291e+00
1.239350348065571872e+00
1.457937524573676313e+00
1.623011698849134543e+00
1.682605662936817348e+00
1.729372816446727024e+00
1.584626837527138399e+00
1.489976343616334908e+00
1.454498691374839003e+00
1.441719875351231694e+00
1.383093753470123310e+00
1.339147776083075003e+00
1.322872272791428605e+00
1.254155978049512399e+00
1.235814046468235894e+00
1.352481627386522334e+00
1.287303254875320269e+00
1.106084214404079891e+00
9.871840937716644948e-01
8.945782072437833410e-01
7.031663583494751624e-01
6.090064956755317782e-01
-2.176469178204494884e-02
1.063124538690774987e-02
1.870610972184649085e-02
1.404333143236679848e-01
2.122455631349706717e-01
2.667173546153386310e-01
2.995909803289956153e-01
3.847169807978915723e-01
4.470570182960057481e-01
5.352253998302274329e-01
6.046884205666239742e-01
6.474526904967798924e-01
5.868674732248027048e-01
6.283826106814903723e-01
6.641287627011750461e-01
6.501427081557826781e-01
5.698974757702183203e-01
4.948140097310865237e-01
4.845782773912442609e-01
4.344871021757219509e-01
3.501539536227755156e-01
1.635102329767581242e-01
1.209184294223678013e-02
-9.002194541557584362e-02
-1.729678837914221390e-01
-2.249504047127817707e-01
-2.453945784850354583e-01
-2.095280488987438239e-01
-2.569090883462095132e-01
-2.574809494444602609e-01
1.669532256712921159e-01
2.737911797328465013e-01
1.942111900464583152e-01
1.811219546358253663e-01
2.608068631621259792e-01
2.755111173942452751e-01
2.910516493145308692e-01
3.615596030468172239e-01
3.978446288501842898e-01
5.205257955294411154e-01
8.059208799687022085e-01
1.074582967915478582e+00
1.187046889408569283e+00
1.258949328937947865e+00
1.338590401239186045e+00
1.346682930892807661e+00
1.259034938618954103e+00
1.179994254278359911e+00
1.068880686930006263e+00
9.986216298736088071e-01
1.022871358848604695e+00
1.103334667024284288e+00
9.767971189390595166e-01
8.424185566544590831e-01
6.797358269504789607e-01
4.664668662570592983e-01
3.764658824303117601e-01
3.161748254401215430e-01
3.522082370457362832e-01
3.618595438631395655e-01
6.797556793910292106e-02
1.548923732705870804e-01
2.819780999738247806e-01
3.140063191817593635e-01
3.820399658846310165e-01
4.486833855256441850e-01
6.120822309361794167e-01
7.062931649091718223e-01
7.893630290937063698e-01
8.496654259396413389e-01
9.225348155294763597e-01
9.783230842391104076e-01
1.039805219767762079e+00
1.140430313458014489e+00
1.087675335418220701e+00
1.048718401770031283e+00
9.938669834194325814e-01
9.590790554633813469e-01
8.768976740526520652e-01
6.332911491336707943e-01
3.574168272741979346e-01
3.284224744657418538e-01
3.376298973675769255e-01
4.309533857922021038e-01
5.551946808174026415e-01
5.628851643686569872e-01
4.280616306244415248e-01
3.319158798847269276e-01
2.544457766733464466e-01
2.220371658961097505e-01
8.260584653100577768e-02
1.872070945469052339e-01
3.162378911508271218e-01
5.540218165543771001e-01
8.519261438496962269e-01
1.126303183587610945e+00
1.158807038940688816e+00
1.194688760482028655e+00
1.324375739744564351e+00
1.385523515031108266e+00
1.314930671651508343e+00
1.234011604024950692e+00
1.013833867370306008e+00
8.942072412513609736e-01
9.305843274518698083e-01
8.343228718247446274e-01
8.074676429171165903e-01
4.966440208233204312e-01
3.893208063393714946e-01
4.284148431801233503e-01
2.725834786665930487e-01
2.238576413842305324e-01
2.566150231626815326e-01
2.700386553188405814e-01
2.618863182366605313e-01
3.281910324679994106e-01
5.255781745575203168e-01
5.954435355683472819e-01
6.787276952370971950e-01
1.072854665751681758e+00
2.053004295847661587e-01
5.463170908554554339e-02
6.486117595665445712e-02
1.346321356718896411e-01
1.439383064757816522e-01
5.778877674729200609e-02
1.084326349929726346e-01
-9.512806397415612958e-03
-1.564997963115103696e-01
-1.553152545518327599e-01
-1.773171843004421322e-01
-2.788840685249124318e-01
-2.473327049457149096e-01
-4.592271120654183858e-01
-6.860583168757061756e-01
-7.554903698780831567e-01
-7.434328412161443911e-01
-7.031882100456982032e-01
-5.053916359212816678e-01
-4.711441535580906392e-01
-5.578895043108962337e-01
-5.050665134367525733e-01
-4.236685793303153202e-01
-6.151884782739422963e-01
-7.021795509224890708e-01
-8.958564927847796344e-01
-9.631130698171453952e-01
-8.947186755579336070e-01
-8.276769061281605833e-01
-8.499470981854948537e-01
8.126069032493046795e-02
2.539036612367545631e-01
2.909614183315596403e-01
3.608669726967425051e-01
5.576118522159589919e-01
6.360748525457059488e-01
4.943107057698024054e-01
3.028110842768773070e-01
3.140039079218687190e-01
2.683831933808050740e-01
1.404753221074512282e-01
1.631337587102375808e-01
4.464862163298957687e-02
-9.687327559640745989e-02
-3.967369578938576002e-02
2.965892930130641092e-02
-1.178018066738646535e-01
-2.215157645986544355e-01
-2.312288893843128523e-01
-2.831914467624433440e-01
-1.271115208560395782e-01
1.973116283667159243e-01
2.239279526364961470e-01
2.569823974936547017e-01
3.371266863186098695e-01
2.384122034874237017e-01
1.634313275389509545e-01
2.557533082353540821e-01
3.054597821509723032e-01
2.835777500177059096e-01
1.448437907621859533e-01
2.693804894167885489e-01
3.064604406106483658e-01
3.728620437567223833e-01
3.741477788821068184e-01
1.352223361962484605e-02
-1.492913945372502660e-01
-1.147969456993374743e-01
-1.436024638695700406e-01
-1.311073638943344721e-01
-1.303734163556612702e-01
-1.600272165913950162e-01
-1.998032703587482584e-01
-1.710819823915332716e-01
-2.133321607960257937e-01
-2.748367545527502509e-01
-2.965897247708935147e-01
-2.665106167254571168e-01
-2.516633482884605977e-01
-1.919218200618728887e-01
-4.467140518987258724e-02
8.080788392900183081e-03
-3.355799596294278819e-02
7.643641585821302209e-02
2.260181939857163202e-01
2.308984546989027442e-01
3.032613839896966534e-01
3.411543040591555331e-01
3.355989925133214813e-01
3.587697576497553276e-01
1.546206352025710495e-01
2.173336435850191650e-01
2.738002472814571875e-01
3.153349964336816802e-01
2.959090307266060149e-01
2.972909049223236289e-01
3.949958537388992275e-01
3.244561413519142512e-01
1.563537215557878890e-01
8.009406355580563075e-02
4.359040486484697802e-02
-1.008989642575042200e-01
-1.773410127421790605e-01
-2.942420635276439267e-01
-4.342582936575961616e-01
-4.734846256095422978e-01
-5.254157028920088957e-01
-5.937873552063148708e-01
-6.969560258670228770e-01
-8.049614355842912294e-01
-8.214689786101773139e-01
-7.525277110421738636e-01
-7.920396783090355441e-01
-7.303028709533463392e-01
-7.300129504165880912e-01
-8.703875519198801536e-01
-9.031254198600240368e-01
-9.117125230878545539e-01
-8.347799655533506558e-01
-7.296731421994929745e-01
1.153913243494008728e-01
1.294596181175388383e-01
1.526480749807180293e-01
1.852349746082325721e-01
1.989564165520580075e-01
8.388678708023641906e-02
1.156008289005957257e-01
2.380558293304929351e-01
5.519363373199354106e-01
9.749304951462428592e-01
1.014983162064570177e+00
8.572867863432386271e-01
7.753800685681823124e-01
5.145570255539100302e-01
1.935422750139508263e-01
1.242607641645522010e-01
1.000566356528603956e-01
1.613583234627775365e-01
2.340960415257443972e-01
3.273512775329947555e-01
3.190679590335173677e-01
4.259456113491935647e-01
6.945715860663703722e-01
9.472174143091368625e-01
1.020521662560745613e+00
1.143191248883677735e+00
1.031165531718652106e+00
8.332993096792578047e-01
7.059447175229982552e-01
6.718754609897031882e-01
1.332363218204080657e-01
2.721242489246202823e-01
3.428764909880821499e-01
3.594026112402721185e-01
4.463030271990759412e-01
5.360548462737733111e-01
4.932719638230226300e-01
3.722306236504190347e-01
3.092307537390702743e-01
2.222187598293824395e-01
2.217517442594765242e-01
1.037570765931632583e-01
2.444077952711509738e-02
1.160387277539572104e-01
1.024966279693245441e-01
-3.956341210914118833e-02
-1.180669186356093775e-01
-1.988098653386278780e-01
-3.014520777586782163e-01
-3.693507386472482112e-01
-3.615503883630080684e-01
-3.478561822287619676e-01
-3.341698774746088008e-01
-3.189495685238010192e-01
-2.862655638496721111e-01
-2.230105886610949661e-01
-1.492447943842303837e-01
-1.346542404312172092e-01
-1.168051638969537509e-01
5.176066361793779658e-02
8.939805943412500178e-02
1.731374018761056566e-01
2.430464773298572356e-01
3.376752897619584859e-01
3.564249166482963416e-01
3.070023858632969782e-01
1.785450160178435330e-01
1.824791688193883044e-01
2.911600824687924360e-01
4.275020918755101373e-01
5.282862243379548017e-01
6.164906655304680516e-01
6.014233736044866108e-01
5.745587837780452567e-01
4.426093319626304146e-01
2.566380704315677219e-01
1.034623646641095740e-01
1.412624223440719917e-01
2.322562907568429535e-01
2.399044767087122609e-01
2.813366542013527871e-01
3.675728952836684327e-01
3.634404928991831207e-01
2.424881243808629794e-01
3.180203342746731332e-01
4.731729935680608623e-01
4.794811750338298095e-01
4.763532729770810770e-01
4.786120928373420735e-01
2.392969124115202073e-01
-1.901558462620037415e-01
-1.238632290824201732e-01
-7.779211058580441651e-02
-4.733599753120235759e-02
6.366110135861929864e-02
1.895667403400844719e-01
3.883161389952556330e-01
5.488041254444775419e-01
6.664958528806971261e-01
6.697287840810364212e-01
6.617168468805096904e-01
4.829997683761058092e-01
3.234234084837457890e-01
2.298843251339874327e-01
1.611552845382394628e-01
1.025032975790911571e-01
2.079063468521213931e-01
5.068717772619091289e-02
-1.637577709179441621e-01
-2.142999840403114475e-01
-2.951861739530153850e-01
-3.971715102285167664e-01
-3.141695373156223603e-01
-2.198176824284520103e-01
-2.250176406160998566e-01
-2.213218557030754430e-01
-2.787989220232878207e-01
-1.887838696555625417e-01
-1.475668425413212415e-01
-8.611230289951005146e-02
-2.909379268587759804e-02
5.463222072254600437e-02
-4.250812250955446348e-02
-1.756120175763969254e-02
9.533457418371782399e-02
2.796792871759244958e-01
3.499765385902002812e-01
5.746222338693008913e-01
5.754932609216133477e-01
4.989897242272836042e-01
4.364548263478327250e-01
2.880865830525108362e-01
-5.887164420389467967e-02
-5.023574541953054751e-02
4.637557342814976891e-02
-7.325704983526500069e-02
-1.090693599000144981e-01
-1.951633342845649488e-01
-2.985943125701797651e-01
-3.871438137740835228e-01
-2.937134162587232700e-01
-1.997205219978606394e-01
-2.140931750917183518e-01
-2.073348649370641283e-01
8.991830702692826804e-03
9.912344856439317398e-02
-3.658549011238759752e-02
-8.215893656003614431e-03
4.536301346470632961e-02
-1.337607005751751954e-01
-1.133545440256943510e-01
-9.704258898178749759e-02
-1.555347393876432560e-01
-2.849952532725511523e-01
-2.409734508005832443e-01
1.932188084151043039e-02
2.432104396356251086e-01
4.312198413103114358e-01
6.149760120277769637e-01
6.685804553618973634e-01
7.033789617283738860e-01
7.388209611312335223e-01
8.231233476085517697e-01
8.300424552704933623e-01
7.959087590535820489e-01
8.216034632508091295e-01
8.152866369331146501e-01
5.645498843150894563e-01
3.112767369560243136e-01
2.050181470918729376e-01
1.258728611055992541e-01
1.362736664826493804e-01
2.360841651550636411e-01
2.105769318385510291e-01
1.197392894037014183e-01
1.139900206098853619e-01
8.771845642358243322e-02
2.948520210031799899e-02
1.658060536938538165e-01
2.285321561520057276e-01
2.414812107156444343e-02
3.076787739413527900e-02
7.670450621025580451e-02
1.026952565790538174e-01
1.067414968720775681e-01
6.485879919215342682e-02
1.507622697204768769e-01
3.532947055679154236e-01
4.539518188993823533e-01
3.522196466311278140e-01
3.957584865592013723e-01
4.450434674357306442e-01
4.177930639500632148e-01
3.252695885043800361e-01
3.315114916951703017e-01
2.056181319228145010e-01
1.119830366209387390e-01
2.501878280241411068e-02
-6.008398476617885647e-03
-2.842207636647819252e-02
1.098852919511977277e-01
1.250618252206029957e-01
3.146354614321054954e-02
-2.057146072830915440e-01
