-1.279511078061978599e-02
-2.491281881013728688e-03
4.902346231443147073e-01
8.101907656399516267e-01
9.641419723087836235e-01
8.500851924880818977e-01
4.671406429511067993e-01
-3.182546674218560412e-01
-8.823286633676065138e-01
-1.218493181033102113e+00
-1.279067831828163415e+00
-1.024394182918105356e+00
-6.919389824600867822e-01
-5.114011234383396554e-01
-7.474397139034736348e-01
-1.341817760806089943e+00
-1.863989194018657480e+00
-2.113309006053845085e+00
-1.861802528067618701e+00
-1.489616207428981376e+00
-1.174704543048325167e+00
-1.010195222546011351e+00
-9.128612775152560310e-01
-7.191187173018935841e-01
-3.836459014382335164e-01
-1.999793756735186445e-01
5.405979111450465169e-02
2.227861119497667186e-01
2.535037962377848508e-01
1.454903147401647723e-01
4.236540331798223646e-01
4.974900163988028590e-01
4.123819886458435224e-01
2.456809407042598037e-01
-1.655091259924300340e-01
-5.840666649385785059e-01
-6.830410999343194955e-01
-5.316477190555713994e-01
-3.690734205587727357e-01
-3.116471759449827572e-01
-4.823264314819541987e-01
-5.864619095774220581e-01
-5.798875206375909697e-01
-6.409380855439639202e-01
-7.617553483190271368e-01
-9.025836118133354624e-01
-9.933426454285091411e-01
-1.039806839019901341e+00
-1.143532336196452448e+00
-1.257646846256781359e+00
-1.350380669560361735e+00
-1.456716671855985634e+00
-1.578239486295331062e+00
-1.758674996138884117e+00
-1.744189307714806736e+00
-1.630124236865018617e+00
-1.385127017035420183e+00
-1.191554403726032385e+00
-1.079048231010537151e+00
1.530882930428193733e-01
2.937584911535449095e-01
5.271686246339833959e-01
8.080574372808775330e-01
1.040291711928862384e+00
1.232999726179821121e+00
1.173518620893991615e+00
1.006374214557411939e+00
7.091925724882555127e-01
5.620182610458729355e-01
4.106693551453476365e-01
-1.522882506189671137e-02
-3.989798548701816161e-01
-9.951630130039010869e-01
-1.438697219291911411e+00
-1.543623789589377626e+00
-1.501460059173275630e+00
-1.252648457034627905e+00
-9.359739746966290186e-01
-6.196390504386481979e-01
-4.649631375626454011e-01
-3.826038087517278363e-01
-3.610150607805645007e-01
-3.879610400631076095e-01
-3.762295404436893365e-01
-1.816053519939786198e-01
-1.935142151630420138e-02
1.206375331491360281e-01
2.729319210520955163e-01
5.712938651696085612e-01
-6.934301603851789064e-02
-5.648347113078610038e-01
-1.023797846032672876e+00
-1.199280600569399891e+00
-1.314496145752850120e+00
-1.357635926811162852e+00
-1.223190746267738716e+00
-9.837438188201637068e-01
-7.058942098713503199e-01
-6.351449518570378983e-01
-7.164357509800621804e-01
-8.840915173038695896e-01
-1.274544167217352975e+00
-1.745637400279168583e+00
-1.952334544700774499e+00
-1.986518924119108576e+00
-2.015616550360495918e+00
-2.054878173667134877e+00
-1.916057960369244917e+00
-1.881717460353832694e+00
-1.823851830508362415e+00
-1.682552032704700107e+00
-1.497462125334244831e+00
-1.261475818661630832e+00
-9.700918905305915274e-01
-6.754678781909750906e-01
-6.032427545096219479e-01
-5.103039232231030287e-01
-5.292125100714920594e-01
-7.019938109615891930e-01
-1.252456835343578601e-01
-1.415778727286990946e-01
-2.947256811808218746e-01
-4.033499232201904761e-01
-5.511274203879366063e-01
-6.601096992697610411e-01
-7.419886114421163636e-01
-7.476243833063730415e-01
-6.659769578279359781e-01
-4.966091309066253956e-01
-3.577651222853627799e-01
-2.506382449584119709e-01
-1.126224032952836129e-01
-4.679572061484169043e-02
2.039011504057515467e-02
1.888813754277206269e-03
-6.734770952381924358e-02
-1.056506668415599093e-01
-2.764952922497914689e-01
-4.770602076928632251e-01
-6.310324005304563943e-01
-6.790871614513703802e-01
-6.839993237327177678e-01
-7.873232271407516469e-01
-1.011296872458791185e+00
-1.082687551532340198e+00
-1.043149894263143862e+00
-1.140521075040017207e+00
-1.348853114970250289e+00
-1.489951350715397638e+00
-9.057245372630823299e-02
-1.135735748929041500e-01
-7.464896156645522973e-02
4.692479792406584194e-03
9.584967481011717749e-02
2.196238593640230663e-01
3.829229827682572029e-01
3.867609728199676300e-01
3.514633104154554211e-01
5.442297427213753647e-01
8.221694560745071989e-01
8.835781395004546068e-01
9.575092891506169490e-01
1.094488151212679172e+00
1.169837174296956883e+00
1.191069330086194311e+00
1.194084339498276082e+00
1.136648128353177301e+00
9.322646013371901352e-01
7.868719105784438561e-01
7.185262058591542766e-01
6.003235127439946472e-01
4.648817865404680783e-01
4.374966816899563127e-01
4.786804568115183289e-01
5.507299907926993532e-01
6.540062014057356210e-01
1.039038019122361156e+00
1.319144977224052884e+00
1.360899512762406394e+00
1.332094470917498663e-01
1.466043828446495223e-01
5.719818952359542741e-02
1.699063254722681382e-01
5.253070459795314839e-01
5.974451422950837198e-01
4.299536332987744514e-01
1.041120309398691490e-01
-4.794066794356136030e-01
-8.082933175989241992e-01
-8.678182668741296624e-01
-8.633096519061753682e-01
-9.231778084909718629e-01
-8.521651671650498638e-01
-8.111979005609264437e-01
-7.966858303966917187e-01
-8.042187441899671940e-01
-8.093685227329923126e-01
-8.769420587241049114e-01
-9.361397694657445090e-01
-9.008957464285831662e-01
-9.266912779946158141e-01
-8.494927516141442814e-01
-7.392149831829963880e-01
-5.873508346969807947e-01
-3.215935568052503135e-01
-8.398255363084239367e-02
1.923176428297175278e-01
6.000117536436193610e-01
8.916952818258225832e-01
3.158802865784215985e-01
3.866398314321670138e-01
2.882881978694990521e-01
2.332878578852015661e-02
-1.974256536236309867e-01
-3.262664885380042734e-01
-6.108647432304440406e-01
-9.760194632910579315e-01
-1.362990070540369469e+00
-1.663745143461777820e+00
-1.725769642704683804e+00
-1.662315700475374358e+00
-1.611632425855440642e+00
-1.582516688006347705e+00
-1.510749262765129108e+00
-1.472773205139140007e+00
-1.472824161407812138e+00
-1.430178508240411261e+00
-1.250531258790753775e+00
-1.063843825937616172e+00
-9.404855865310038920e-01
-7.025875084037077611e-01
-7.090309707584088184e-01
-9.550629188561899907e-01
-1.174690032143063556e+00
-1.364252998120778493e+00
-1.462111101066822183e+00
-1.523886645293857312e+00
-1.540360016693344880e+00
-1.763107470852647518e+00
-1.778687958457298435e-01
-1.759036707997801707e-01
-1.183477583681572243e-01
4.102410951004969997e-03
8.692699021469475762e-02
-1.145113197815111894e-02
-7.926775391544038651e-02
-2.313064879645850003e-02
1.164248437469449921e-02
1.473397192460629279e-01
4.354796267089815487e-01
7.298212530474708082e-01
9.480507160110781539e-01
1.000971712798546021e+00
9.873315818484246220e-01
8.625000592062558313e-01
7.481152033604461238e-01
7.497179696199254284e-01
7.249122267979095646e-01
7.329422898297314193e-01
7.138820030830824725e-01
6.568394281796010592e-01
4.841543600713785755e-01
3.898392854042721511e-01
3.845097610882764472e-01
2.802949788363507944e-01
9.159388230136908393e-02
3.840563145039035259e-02
7.901911558196098029e-03
1.584687624408613882e-01
3.088017392035146136e-01
4.038830069755015018e-01
4.244150349674732925e-01
5.756152638785064779e-01
6.803243267472303124e-01
5.619612830732612085e-01
3.470435616275443502e-01
1.695949430714306927e-01
-1.616952255341419509e-02
-7.434007265128536601e-02
-6.760834052778462444e-02
-4.234056989651607816e-02
-1.608853400230194630e-01
-2.884714189228367864e-01
-5.053119694664740535e-01
-9.181351647280024952e-01
-1.163834876569407539e+00
-1.066644125585083369e+00
-1.028571967471980209e+00
-1.016494386666605632e+00
-8.878047024202093684e-01
-7.766255512311817100e-01
-6.380179981800634392e-01
-4.868889935538663893e-01
-4.118723970750323149e-01
-5.203497135841087529e-01
-5.278927640544517352e-01
-6.625496423489144471e-01
-9.216297711696777029e-01
-1.199636457325219396e+00
-2.347288309256290451e-01
-3.900161099987985436e-01
-4.137177570910394175e-01
-5.099902139970022841e-01
-6.626694693771080225e-01
-7.461473051791398525e-01
-6.466788162465446632e-01
-3.128794132382782256e-01
3.623165210526047009e-02
1.116654957309873158e-01
2.514597168903981439e-02
-4.397101294810423777e-02
5.175771407503818033e-02
2.038869213588733464e-01
2.574897696237877787e-01
2.916079643919354814e-01
3.466330682450135536e-01
5.040805875205781605e-01
5.384330686234957142e-01
5.469099983673091359e-01
5.169851233057736195e-01
6.064881699539658166e-01
6.883135068238483978e-01
6.506884481625579975e-01
6.063186349681934928e-01
5.823082770316703183e-01
5.607584813293930992e-01
6.652335233174688778e-01
7.068598270696476726e-01
5.304966810396430921e-01
-2.473726603406439517e-01
-6.070915959891484137e-01
-9.035561370572420259e-01
-1.002793282034238675e+00
-1.098064396100129070e+00
-1.137293260022719688e+00
-1.058979493667836058e+00
-9.846974175097914506e-01
-8.619698876542680743e-01
-6.272219127779069536e-01
-4.223770337155452470e-01
-3.311161910236705141e-01
-2.479257315859351163e-01
5.408838289166328916e-03
2.480942895632222422e-02
-6.034637759195336792e-02
-1.055152475591644018e-01
-6.399225561991256361e-02
1.456747713173760228e-02
1.314874716856033188e-01
1.372319546156126613e-01
7.908085552523952400e-02
7.979043370866026330e-02
9.146280102551823665e-02
4.198726934712449649e-02
-1.503826212742304103e-02
-1.226574503110679087e-01
-2.547835654058260846e-01
-2.571532859477972943e-01
-2.167001631059554678e-01
-1.895501845356774573e-01
-5.399938924301259657e-01
-8.406161930235658275e-01
-1.039538684799405921e+00
-1.250426518900452200e+00
-1.390739093599304477e+00
-1.254501219774590171e+00
-1.031878190142592855e+00
-8.726386263040083469e-01
-7.395618913655961357e-01
-5.761744280626477366e-01
-4.996863475208498384e-01
-5.870080207144626749e-01
-7.244067744094440098e-01
-7.827813200751232436e-01
-9.387542404956640274e-01
-1.098186399820826775e+00
-1.241291159518335574e+00
-1.441923485737161670e+00
-1.581869891246810766e+00
-1.614408210428133206e+00
-1.501323753615164236e+00
-1.381184378857466921e+00
-1.218540097966972047e+00
-1.040529807391639139e+00
-1.018020190230757294e+00
-9.737303458176984616e-01
-8.488738596381646406e-01
-6.240661094736866810e-01
-3.713759899104859818e-01
3.854440429680006663e-01
6.779207965792709567e-01
9.323800043540916294e-01
1.010275711606676952e+00
7.995166160581969050e-01
6.412275742088218156e-01
3.129672607656709404e-01
1.765457593988382368e-01
1.856752087154118491e-01
9.390150809866069925e-02
9.286542602266939506e-03
-5.619785717393117885e-02
-7.945266232372408255e-02
-2.533343729640278319e-01
-3.048842437315239517e-01
-1.720146654425868671e-01
-2.691188105380515339e-02
1.217550903253884209e-01
2.784067890033590231e-01
2.383498655126599919e-01
1.764171449411253145e-01
2.058948765696944072e-01
2.635810442886001304e-01
2.986463818137178872e-01
2.559061797485680523e-01
2.474850829384558637e-01
2.229496109017719552e-01
3.546026179271488665e-02
-1.297636562066515342e-01
-1.367319770555983083e-01
-2.829619646567588243e-02
-6.977883319085723124e-02
-9.456288130451231955e-02
-1.389247485112954927e-01
-1.729620335856269786e-01
-2.239763928012349359e-01
-2.830679394231762069e-01
-3.873021702344278672e-01
-3.930756038217156911e-01
-2.945940652242485802e-01
-1.672095825297738314e-01
-5.857248944107637523e-02
1.173517559012155209e-01
2.553313169774465985e-01
4.191870210188329837e-01
6.392698202725342060e-01
6.509625644362244667e-01
4.890257250569320369e-01
2.450068910956533785e-01
2.248231142455833498e-01
3.427539825459719469e-01
3.644110852627072683e-01
2.700165367604374089e-01
2.417317393286248506e-01
2.580155720579284662e-01
1.283840114828719847e-01
-1.516568244125452991e-01
-3.545100570530931305e-01
-3.658302724391118699e-01
-1.650308131885000473e-01
1.882728904867626007e-01
3.075950246992419923e-01
3.223855314839823016e-01
3.507483420595317036e-01
5.544629163115422088e-01
9.344448246681061887e-01
1.289486129706613582e+00
1.629491847176873787e+00
1.765692326879386265e+00
1.826822527254493123e+00
2.014594074111872413e+00
2.211959139990004264e+00
2.161498173496638309e+00
2.099769812861064899e+00
1.959590439078574553e+00
1.806718094913394967e+00
1.516735886733419303e+00
1.157167064102368803e+00
8.943911777915887207e-01
8.572263328634064372e-01
8.805887865811542481e-01
8.549984634330782818e-01
8.853257490817542097e-01
1.050689154374617296e+00
1.212809025953441422e+00
1.267295250920050576e+00
1.297025492993530094e+00
1.508925602286107726e+00
1.694181143057840178e+00
1.827547872978328547e+00
1.608301341025293596e-01
3.533772270339397559e-01
5.058827064850988098e-01
6.713445375545205041e-01
6.921490449209438678e-01
5.956231108880842839e-01
4.156074481855429048e-01
1.282926716603727813e-01
-3.069904460027358395e-01
-5.881879391134047230e-01
-7.623195918054748166e-01
-1.011627222841362972e+00
-1.236505378987191150e+00
-1.354102862331822310e+00
-1.480777880151257220e+00
-1.427616390091291487e+00
-1.290658916318940808e+00
-1.346664030458730732e+00
-1.380057295757421310e+00
-1.231706455944163725e+00
-1.046145169865032365e+00
-9.353659891773005164e-01
-8.067962482397430524e-01
-5.817229200372096010e-01
-3.575872237735790993e-01
-3.764227778816671699e-01
-4.349911745935999274e-01
-5.012317690487422261e-01
-7.471925572719871900e-01
-9.001635070003631833e-01
-6.342580461265558134e-02
-1.279679818476230357e-01
-1.813085757754683280e-01
-2.506897617262737743e-01
-4.294702880906246523e-01
-5.859858858688822281e-01
-5.468178229080202790e-01
-5.962916734297574184e-01
-5.846559186207661574e-01
-4.591681040005520797e-01
-5.511776256101222904e-01
-7.451029178690204979e-01
-8.311187794629745218e-01
-8.862327610714568760e-01
-9.844818027198052324e-01
-9.281831126741016957e-01
-6.639478782360683784e-01
-3.456488041219615281e-01
-2.930747552034251857e-02
4.108749139758098301e-01
7.583806216208819340e-01
7.869411672810903147e-01
7.493855679822962745e-01
6.283384903028158552e-01
3.275347328404822345e-01
1.126968251621860706e-01
2.593308120383674975e-02
-1.016094787831695323e-01
-4.477367649120969073e-01
-6.283955764314470560e-01
1.080061057850562473e-01
2.194855081200940972e-01
3.554800990881253897e-01
6.604476485608252734e-01
7.365786309748275640e-01
7.847474128177056585e-01
9.946949918412499869e-01
1.288210154081131487e+00
1.484919845881980782e+00
1.658741924426890835e+00
2.009265968461928509e+00
2.556152845370294635e+00
3.171897481372504934e+00
3.542618222052743349e+00
3.621370891460932828e+00
3.250749205259515939e+00
2.992458637503096597e+00
2.927384277801271750e+00
2.841742401330364487e+00
2.650003629035750929e+00
2.717208664537632767e+00
2.906703918311564383e+00
3.052834731741950858e+00
3.196131171136550098e+00
3.363136290059523859e+00
3.304977854269496973e+00
3.011727836960989890e+00
2.750875644550339505e+00
2.706085442764267324e+00
2.593956556990282269e+00
-2.239068844377620493e-01
-3.140843864194622359e-01
-4.001548407796637341e-01
-5.005454046971811177e-01
-1.998343337408844400e-01
2.228840583791292795e-01
5.350402854573903522e-01
7.307686686996718306e-01
9.124335501405890225e-01
1.013811507744998508e+00
1.014867411151956444e+00
9.795794152572078195e-01
8.093511655910751168e-01
5.563644168403143464e-01
2.197515389928290097e-01
-1.264413784247768735e-01
-7.598515173267867961e-01
-1.492738955844872262e+00
-1.802980697388725018e+00
-1.769281998420696000e+00
-1.511768161451275905e+00
-1.101612542441307685e+00
-8.250558652070965060e-01
-7.497677808545818445e-01
-6.402976874513917060e-01
-5.457866871202148307e-01
-6.353504332681038091e-01
-6.685618243328589339e-01
-5.889715571924162285e-01
-5.190709886958817521e-01
1.614240829949295172e-02
-6.931407070824377459e-02
-2.111022914980933973e-01
-4.606577309687922561e-01
-5.244964670891938407e-01
-4.410315979349186954e-01
-3.460759989142528359e-01
-3.583176569437642178e-01
-4.153572619375734964e-01
-4.648411541433583039e-01
-4.684461958877761956e-01
-3.727545445126405621e-01
-3.650400739893296387e-01
-2.323632772887088971e-01
-1.147473652790471643e-01
-1.083341716927044285e-01
6.901599513588868584e-02
3.442225856576095477e-01
5.616529459951302705e-01
6.417151497452987519e-01
6.634604215301882491e-01
6.599361883442311782e-01
6.815882337122205481e-01
7.533756617828494262e-01
8.856270430631806301e-01
8.214093725166544679e-01
7.034506640604680783e-01
6.139158761069525294e-01
5.715165520485758766e-01
4.077009909437004920e-01
-1.869314609677275585e-01
-1.960973763645630641e-01
-1.684362193653804463e-02
1.706080858919069021e-01
5.374084710544440036e-01
1.288636378560185536e+00
1.802838174606479438e+00
1.910499576804936206e+00
1.705524360256712058e+00
1.666814628339260640e+00
1.684997691338903536e+00
1.657483117789603000e+00
1.636982296308342910e+00
1.635132153737144822e+00
1.556366480290163334e+00
1.435934038962488835e+00
1.291783446918317591e+00
1.104314907689389003e+00
7.340977892934710258e-01
3.943883925801697221e-01
1.116905833581852692e-01
-9.967457850816843767e-02
-2.313243374503130279e-01
-3.361031791047440209e-01
-2.570379508388768719e-01
-5.847008775298859207e-02
2.041963893523510432e-01
3.883804226482708843e-01
4.195145345420465133e-01
4.525436086183365902e-01
7.353268762380973066e-03
-6.351350303363258176e-02
-1.220502400204883930e-01
-9.662844487175181740e-02
8.260799742087074349e-02
3.476010952564602130e-01
6.416289863218854750e-01
1.329665775270558736e+00
2.381370598457515531e+00
2.788924640948946099e+00
2.708438047919566660e+00
2.407045036959913009e+00
1.975722589727873402e+00
1.509242561673912242e+00
1.072922001192482266e+00
7.605689926135567047e-01
4.754732456761743276e-01
3.802030692940863155e-01
5.164210290324950936e-01
7.022682432831425237e-01
5.860633475632192058e-01
5.748858779628978066e-01
6.028455245595552014e-01
5.744157894059589431e-01
6.380707125515039380e-01
8.422076131395499488e-01
9.772286045033733437e-01
1.150870872858424709e+00
1.458497357478741652e+00
1.744425888304866445e+00
1.797703501413015215e-01
9.415460223397706385e-02
1.784168914650996474e-03
-3.453587943655282537e-03
-9.462680809509585456e-02
-2.361955797273507518e-01
-3.791006773988457867e-01
-6.009894832939330911e-01
-9.258496258824737701e-01
-1.425089763915119656e+00
-1.896511122746030509e+00
-2.460678326837284491e+00
-3.162297020994906838e+00
-3.531531577409468881e+00
-3.379758293206444275e+00
-2.872799161438622129e+00
-2.586304698421887593e+00
-2.467066022143382664e+00
-2.173349257336413043e+00
-1.982388889231337714e+00
-1.932537970899034674e+00
-1.836216043576075263e+00
-1.816122815322288586e+00
-1.823018589095639630e+00
-1.744739812433347970e+00
-1.648052208797836427e+00
-1.501518915944136445e+00
-1.356255354850586015e+00
-1.269330340311801697e+00
-1.147661352345570318e+00
-5.630939828817325965e-02
-2.008829075632811434e-01
-2.961700268190035068e-01
-2.896140391405218617e-01
-4.059317062270421106e-01
-6.137309940936014341e-01
-7.408470828387051510e-01
-7.671774364198592489e-01
-7.017854029343277844e-01
-7.636755428514984123e-01
-1.132250963256475007e+00
-1.457042468247094602e+00
-1.415935542515865952e+00
-9.875895898687716556e-01
-4.489990783939725727e-01
3.950063113152901817e-02
5.639132178745803747e-01
1.251605604514429926e+00
1.949741103475333359e+00
2.363331944890136871e+00
2.330401320729832193e+00
2.070477719538660999e+00
1.615859692048074781e+00
1.104102531045052960e+00
6.767882210100708562e-01
3.868621805166976291e-01
1.000560647309800544e-02
-2.937307223483567875e-01
-4.590394936887418620e-01
-7.570472042605451701e-01
-2.861338123371170439e-01
-4.457324410404184256e-01
-4.749961112304937338e-01
-4.003024994278614468e-01
-3.090495337612115812e-01
-1.051941437091881704e-01
1.929213869615611920e-01
5.428704369931840468e-01
9.150093418260749623e-01
1.174986095894556826e+00
1.452150316559024157e+00
1.506718360731884143e+00
1.480009621528596719e+00
1.468929994467322420e+00
1.356147011809831993e+00
1.153228946586100756e+00
9.332391653982805568e-01
5.765072662538868187e-01
4.086405504958068313e-02
-8.053350340009582942e-01
-1.602135206807038026e+00
-1.968764124641224189e+00
-2.008623323763991220e+00
-1.681175777188193665e+00
-1.028508413860347304e+00
-3.215511211194086449e-01
3.488249427327253516e-01
6.634262641190076248e-01
7.856364785322952349e-01
7.144131393155863652e-01
-1.173749936972874330e-01
-1.689495259741303768e-01
-1.099838429839095355e-01
-2.826825697903743717e-01
-5.850259860440756299e-01
-7.173553090586760606e-01
-8.157472779456651502e-01
-1.167861687668685811e+00
-1.660729679877174014e+00
-2.295705327578589028e+00
-3.057462839087294437e+00
-4.124661313100769000e+00
-4.956954650545354113e+00
-5.012218689316989106e+00
-4.724890192293175417e+00
-4.422850892828277480e+00
-4.126788475250431354e+00
-3.795887493720652817e+00
-3.502730563556679666e+00
-3.164015556096933413e+00
-2.911365993792768947e+00
-2.810423771929311698e+00
-2.625198844299452272e+00
-2.528493377343313142e+00
-2.396218653018253431e+00
-2.310433096468532899e+00
-2.288799246513946617e+00
-2.258422842000502140e+00
-2.236237702577136499e+00
-2.386638996264649482e+00
-1.799536963339446738e-01
-2.409964584225806616e-01
-4.296301719852662071e-01
-6.051761294482671527e-01
-5.266732295615683679e-01
-2.872119821650329641e-01
-1.465944503673821675e-03
1.614368493442836783e-01
1.349217732715335683e-01
1.332061386591402441e-01
2.432580111182681137e-01
2.948409199572477046e-01
2.377029975583883625e-01
1.812649243300280544e-01
2.827907826298818872e-01
1.768694960180333675e-01
-1.546832518511137566e-02
-1.399163265530080080e-01
-1.411981072128462855e-01
-1.059317674000774534e-01
-6.201116203068873789e-03
1.038916690667196913e-01
1.210566761980499950e-01
-1.790010708285481034e-01
-4.474416723088933123e-01
-6.039266907200055989e-01
-5.572354245432578068e-01
-3.436066639566943692e-01
-2.593747693605620852e-01
-2.782602984543490754e-01
4.318644068126011731e-02
7.490792817253003055e-02
7.048673428016137554e-02
2.918218251504970939e-01
5.673665159257168522e-01
8.430756608838745336e-01
1.007395259920846442e+00
1.027685141117842038e+00
1.002387935337774483e+00
8.478110056644375669e-01
7.165352570031445767e-01
5.768041735289712868e-01
4.690862093852649628e-01
4.353743308223140263e-01
3.076464680232730009e-01
-4.065497666119100018e-02
-3.548811356712016640e-01
-5.028422127219952520e-01
-6.953645040265372668e-01
-8.594817858033961810e-01
-7.965808832768050962e-01
-6.809624608133789669e-01
-6.318645883982714206e-01
-5.486795401770112601e-01
-3.351317480226653212e-01
-1.463136332453493227e-01
-2.610248767153905414e-02
3.163333674661573947e-02
1.606612730718436771e-02
4.701248672506901094e-02
6.098618896139750001e-02
3.271410876844355053e-02
-6.594905388909298727e-02
-2.279638272975761937e-01
-3.450193496726038367e-01
-3.844091845418334263e-01
-5.595663568377802211e-01
-7.472845910189520602e-01
-8.106019650174423052e-01
-1.127607453247978953e+00
-1.485063645526793152e+00
-1.747269967298565208e+00
-1.805499417304513576e+00
-1.502241110026260928e+00
-1.032125852320187942e+00
-6.068007196179059370e-01
-2.411655893069357126e-01
7.334139787021864976e-02
2.966449730289670850e-01
4.987806046192999054e-01
6.386757263274764895e-01
4.929324523143117087e-01
9.116831295582672468e-02
-1.638176087874126940e-01
-2.594951479166022201e-01
-5.512356989740381241e-01
-7.889200639019887662e-01
-9.553777684095352551e-01
-1.148949026631760573e+00
-1.312618297186329164e+00
-6.958009027021994086e-02
-2.525535573885780843e-02
-8.721691110870355423e-02
-6.971087057110200713e-02
2.004755156322658716e-02
2.350516999538988516e-01
4.970841307000647413e-01
7.114956301037527187e-01
9.597532690664259958e-01
1.571895186255714449e+00
2.407915192622988254e+00
3.276265717798732879e+00
3.854008953978814489e+00
4.093588161450983698e+00
4.078091275533301641e+00
3.856417696168441100e+00
3.430996662054460522e+00
2.937487406815335156e+00
2.509746266453399599e+00
2.018672134173550070e+00
1.756179718987182170e+00
1.812926801014075107e+00
1.950782795240717737e+00
2.208910064785723382e+00
2.412098212148629184e+00
2.615709532602056520e+00
2.734127705213037718e+00
3.086274572957282469e+00
3.364875715904001918e+00
3.378319775125851354e+00
-3.322685971819101802e-02
-1.921856682517135151e-01
-3.107511250262523506e-01
-2.244182365893199194e-01
-2.484627455372001581e-01
-2.394302326580158014e-01
-7.338519438864091193e-02
-3.713812287076571905e-02
4.458758403910535739e-02
2.015125075583192316e-01
4.278403144557147986e-01
4.589139916689889409e-01
3.081386708874954694e-01
1.111624190587050809e-01
-2.102139680296121471e-01
-9.068496725050549934e-01
-1.505463945491746891e+00
-1.794163749949399200e+00
-1.834294132555267298e+00
-1.676816680152588779e+00
-1.595709240381627758e+00
-1.588106459324030162e+00
-1.387130111813059008e+00
-1.039822102507145241e+00
-7.269780944943156076e-01
-6.886225590756568371e-01
-6.273031452025111809e-01
-4.530391724984782487e-01
-2.425606182133027422e-01
1.072195985050458378e-01
4.478037798918395040e-01
7.382742310005885322e-01
9.406854932410073644e-01
9.543203018509647251e-01
9.122296109138920972e-01
6.691741976915056567e-01
2.650916417101776834e-01
-6.236317845643385427e-02
-2.798046891754376597e-01
-3.881400716600412748e-01
-5.157132655789813391e-01
-7.597940928505311220e-01
-1.123678567465917322e+00
-1.394906937932236746e+00
-1.466276970231010113e+00
-1.292995050030475435e+00
-1.124854280754043589e+00
-8.903518857712817702e-01
-7.891598790819650544e-01
-6.299754445615934895e-01
-3.790697306156256552e-01
-8.361606525745562957e-02
1.371159610627455949e-01
2.102932613267423645e-01
3.234237800433280574e-01
4.308822854659650758e-01
2.885709450921851715e-01
9.565112266127293039e-02
-2.660985174293810374e-02
-6.685021728516582495e-02
3.122819293676824468e-02
-1.356191502866372148e-02
-2.654452993848561149e-01
-5.637381685906310835e-01
-6.703930903418254816e-01
-7.028083340294324355e-01
-7.665766534247041575e-01
-1.022078792084561538e+00
-1.392610586398793426e+00
-1.671462360918604784e+00
-1.712707488466218342e+00
-1.678200023671126973e+00
-1.546184460478269740e+00
-1.198423266983708935e+00
-8.117585061518626244e-01
-4.552920423066520450e-01
-1.044824991246128265e-01
2.663623367524961538e-01
4.672997093903239474e-01
7.933603739948060785e-01
1.193785410113006540e+00
1.489502663023346996e+00
1.309238783996498956e+00
9.784906724618629426e-01
8.464769340237373596e-01
9.312820769748646477e-01
6.969444749995794552e-01
1.569489148768289377e-01
-1.861298215368522024e-01
-2.580443944178068549e-01
-6.271729898145844695e-02
-1.993862638431828926e-01
-2.302810316023971293e-01
-2.136716313265764056e-01
-2.370712069758351415e-01
-2.790871233720910727e-01
-1.472346945017618813e-01
-2.250280327027541494e-02
5.587789272665133478e-02
3.326160816736876136e-01
5.377682398760805782e-01
5.856165035070198810e-01
7.125990953788479132e-01
8.335920338736217960e-01
7.717193858368655013e-01
7.873107069314900786e-01
9.690369392232038859e-01
1.092415902140666972e+00
1.096143194121285358e+00
9.761577573186673851e-01
8.116006920458906926e-01
6.123068575678171088e-01
5.106706740908327768e-01
2.450703927121953285e-01
-6.241694829629790275e-02
-2.144551011500257232e-01
-4.247651967965746511e-01
-6.273305722355881908e-01
-6.969673033082457447e-01
-7.577456109132526541e-01
-1.477575376743981983e-01
-3.160964369917363959e-01
-4.535949773552824249e-01
-6.195975410461611599e-01
-1.132392936608872525e+00
-1.624369104463985192e+00
-1.816754862084955180e+00
-1.578837273136443953e+00
-1.221367961010183301e+00
-1.060942826533826988e+00
-1.004607642450377591e+00
-8.536444850877532575e-01
-7.183607068743486090e-01
-5.045186458394520512e-01
-1.502998696389777900e-01
1.469439482722671442e-01
3.578562620117614612e-01
3.604053395926031800e-01
2.435379397790532752e-01
2.124956725779839628e-01
2.410758603599003069e-01
3.818819423685060332e-01
3.933946554751421854e-01
2.648735857044816067e-01
1.059224848601091340e-01
-4.100070397653773902e-02
-2.457707866184551393e-01
-4.687683502696632365e-01
-6.028626197857953617e-01
-6.627625419874714208e-01
-9.042388488982824879e-02
-1.201818096139051772e-01
-2.363930104919346742e-01
-2.584237872033856021e-01
-2.209810992251260153e-01
-1.754487771994740486e-01
-1.932313860425671770e-02
1.522899717963066557e-01
2.500499274344665235e-01
2.277319543115448042e-01
2.410144194094638315e-01
4.889942313056500067e-01
9.144006437814626853e-01
1.343171135088075729e+00
1.711152554766007139e+00
2.035574006214063925e+00
2.178257124662823507e+00
2.150342631933694015e+00
2.199815891871599316e+00
2.398154756062681248e+00
2.477989748664139569e+00
2.309320518059549965e+00
2.090142986793598556e+00
1.853188228573753094e+00
1.585572537799011528e+00
1.390981046969328228e+00
1.219756257066246352e+00
9.432400932438347319e-01
7.575146910266357114e-01
8.731780893307119484e-01
1.810258795338493820e-01
2.223177548362504086e-01
1.704924467264838650e-01
2.858197882731959849e-01
6.386247394395914156e-01
9.446617931709466731e-01
1.077456336962553163e+00
1.314471756137137959e+00
1.797967957161366703e+00
2.158552122558217157e+00
2.174667155256468476e+00
2.131310940458744252e+00
1.922512613631233158e+00
1.403564767281052728e+00
7.553581912518901875e-01
2.925125440967832335e-01
-3.308025085740912141e-02
-3.023956651636088289e-01
-4.074446288441674890e-01
-4.129568300814166482e-01
-3.341942325356472843e-01
-1.242222987680645652e-01
-5.500947802285696686e-02
-7.740911746141206085e-02
-1.103334231065608573e-02
1.622170747474675212e-01
4.213523036392449184e-01
5.626857543580463528e-01
7.423250159547345461e-01
1.047998153936253285e+00
2.628657915146121460e-01
3.814457719449523831e-01
5.021322905346764509e-01
5.299789336367869419e-01
4.186238510169568716e-01
3.090145311735889022e-01
3.301437246112433055e-01
3.583901835346459119e-01
1.555495334682922837e-01
-2.190444193362983405e-01
-4.990887793199166866e-01
-5.534818484043105835e-01
-6.523727297546006998e-01
-7.637231647971923776e-01
-8.961720527810621562e-01
-9.659762009383923154e-01
-9.453084576198840239e-01
-9.467524567698898386e-01
-1.122747181379946335e+00
-1.155422311197820129e+00
-1.059279284905267904e+00
-1.104303002785218757e+00
-1.361807841874112635e+00
-1.594457329606916218e+00
-1.790687302033024508e+00
-2.065144167969902078e+00
-2.280928857734821236e+00
-2.382559458324757351e+00
-2.246839506293451194e+00
-1.997495208606061556e+00
7.263241435629876064e-02
1.266063798436007914e-01
2.935093058456494930e-01
3.789561587113615682e-01
2.904712990035207554e-01
2.781942572116746781e-01
5.123142038673169640e-01
7.370248202901192869e-01
7.777265576809859748e-01
8.453365992882556634e-01
1.013787516192203864e+00
1.097713045024103051e+00
9.306912608367855499e-01
5.589038669695276518e-01
2.978773752791987750e-01
2.476527334705065087e-01
1.816442044530397204e-01
9.403103330574447138e-02
1.477786215385174518e-01
1.943480728845309036e-01
2.515898102847459183e-01
4.455358232425332687e-01
7.687702729487406739e-01
1.089029867002174967e+00
1.316265391450273103e+00
1.468773160536841926e+00
1.498304561827260795e+00
1.511954197362501473e+00
1.598222172692744802e+00
1.659083409014613597e+00
8.579529522796217056e-02
2.270644163769167390e-01
1.721729397450923460e-01
9.544486409459596032e-03
-8.227225222775312596e-02
-2.404470122053650183e-01
-4.245975736644471699e-01
-5.117859337748811299e-01
-5.846355941261349720e-01
-7.987033328425487966e-01
-1.101369891675710422e+00
-1.303334740853983043e+00
-1.519568420138747822e+00
-1.662183161146173926e+00
-1.661620875360442229e+00
-1.534339523110364478e+00
-1.362482697168248214e+00
-1.169923450725212977e+00
-1.147253252210925778e+00
-1.213692563536697966e+00
-1.145903657329655712e+00
-1.027795505654955921e+00
-8.426732540736328048e-01
-6.092059030805750952e-01
-3.024568463046784506e-01
3.288322009401561941e-02
6.004755027543583201e-02
1.745581703564459686e-02
1.193191547484896836e-01
2.643555048064479274e-01
2.221135454666543496e-01
6.040585624486486394e-01
1.293853335629493007e+00
2.006431361441314287e+00
2.383165060817197478e+00
2.409981250673995934e+00
2.227414922748362613e+00
1.814835298708237232e+00
1.332305027153659172e+00
9.706345971192904543e-01
7.513133233286701795e-01
6.184385565464265433e-01
6.062841417950611822e-01
8.508093429485936721e-01
1.127139585487475282e+00
1.142482561491348081e+00
1.068064931801528061e+00
1.130718244746403478e+00
1.034413607705893856e+00
6.894530378118501890e-01
2.928062317744984933e-01
1.827151282282374334e-02
-6.873991573473899053e-02
-2.480846042176441668e-01
-4.936105468669074736e-01
-5.976995937092324240e-01
-6.967705685485524603e-01
-6.490324141823461401e-01
-5.418246247990274878e-01
-5.425429093716767071e-01
1.052468977929724159e-01
3.627587542554321920e-01
4.040344326820446419e-01
4.362113927866429486e-01
7.466871222091122640e-01
1.176357149916491762e+00
1.475200224323542475e+00
1.686202066755334794e+00
1.989865388908496069e+00
2.263237365873061790e+00
2.374666525956572016e+00
2.357120561410821491e+00
2.234700709519710671e+00
2.137981488319630863e+00
1.956243064817961397e+00
1.762973244071121659e+00
1.602148102547138242e+00
1.532302247324234479e+00
1.477867881901168579e+00
1.353614592345609768e+00
1.200319904897225065e+00
1.067329868621238464e+00
9.322986908386967642e-01
7.757455100247429014e-01
6.532121351163969747e-01
6.456086625095669440e-01
7.045830699540840403e-01
7.522425970112532889e-01
9.160338035976011151e-01
1.154499223855411483e+00
2.269722950099744563e-01
4.142584901604813297e-01
5.653808373849013025e-01
7.100064482808858823e-01
1.018384624941437000e+00
1.093211341697297945e+00
1.175904641931985628e+00
1.404585725261497497e+00
1.472273090711684107e+00
1.250719413465544605e+00
1.035594127850522517e+00
1.079292644740940998e+00
9.684947270286817789e-01
7.728789966241955689e-01
7.783692915261800627e-01
9.592319490269169968e-01
8.785979002582546826e-01
7.498411198036578629e-01
7.242717450679525548e-01
6.590006619323555137e-01
4.264889504631088624e-01
1.216025581044538617e-01
-2.415169512808371111e-02
-1.373230291912072576e-01
-2.590124382695687122e-01
-2.980275072798363456e-01
-3.119030507477326131e-01
-3.952577344169575513e-01
-4.954377295188652219e-01
-5.200045219885295333e-01
4.827345773366326781e-02
1.408174672970078090e-01
2.582180799064920373e-01
4.705075313018863281e-01
6.315637909865989830e-01
8.137955136723609151e-01
1.165994245293503928e+00
1.490712167325135118e+00
1.703521983202742840e+00
2.011252338411833929e+00
2.269634661153145494e+00
2.238123091284415889e+00
2.195408467865112900e+00
2.182248335805295092e+00
1.980130566758365074e+00
1.852558587289533376e+00
1.696840446825064186e+00
1.407308471648127668e+00
1.020479481053307991e+00
6.735746098811508098e-01
4.029680895244551753e-01
1.654530741512466319e-01
-1.065586634182111303e-02
-5.972984847426145161e-02
-5.242990508332375649e-02
2.245787335559102510e-02
9.457402355788491199e-02
2.312801472350557164e-01
3.292620014523183203e-01
3.560049553748672602e-01
-7.605375262342030374e-02
-2.241310433423080589e-02
4.024747690190264710e-02
1.256246142851318859e-01
4.732803261015745000e-01
8.400267683098987526e-01
1.123309322420433798e+00
1.387930612122421081e+00
1.622885416418418547e+00
1.684603857224548529e+00
1.776628382837900588e+00
1.871341605328507685e+00
2.086221706991712832e+00
2.292609870462198884e+00
2.474475224045286303e+00
2.651689462755407956e+00
2.775946951087869152e+00
2.695705157688576215e+00
2.438819823585431923e+00
2.155299970260172948e+00
1.923411996449615691e+00
1.694815877467163112e+00
1.465768872605909712e+00
1.262350966876209846e+00
1.168885370072909158e+00
1.125555038484397308e+00
1.146585729661058428e+00
