1.100168505798791163e-01
1.400378832923463435e-01
-1.477111268547526834e-01
-5.152379881288984276e-01
-8.218450580890535040e-01
-1.005813420673480785e+00
-1.037212148691550873e+00
-1.024490083316476952e+00
-9.982819633340150878e-01
-9.902360621890777814e-01
-9.970934853563192535e-01
-8.388839186390790736e-01
-5.720650466160673853e-01
-3.573382405409393225e-01
-3.059693933856074688e-01
-1.829689247438325006e-01
-1.346873578342069055e-01
-1.738639554696712608e-01
-3.454594740166683220e-01
-3.558096833009078419e-01
-3.111128510550966175e-01
-3.345172892814922139e-01
-2.706197565765756652e-01
-1.562380763146243856e-01
-1.251601035352093994e-01
7.484304904537969483e-03
2.297294232782333689e-01
3.484350598674876287e-01
3.028013466442732171e-01
-1.820122450751218979e-01
-2.584290751902257322e-01
-3.298296495021474373e-01
-4.592197117289741337e-01
-5.046593891949935351e-01
-5.220536178428544227e-01
-4.892277751561986965e-01
-4.921255648294829421e-01
-5.879556852402907374e-01
-7.505279387589791629e-01
-7.995203798223248226e-01
-7.876386685287014577e-01
-8.196499270718793362e-01
-8.263768842968961525e-01
-7.775932539767884677e-01
-7.742261816532376439e-01
-8.058728346295405132e-01
-8.115017644146585996e-01
-8.300673380906348209e-01
-8.124986921970978049e-01
-9.065610623193570694e-01
-1.059854921434422614e+00
-1.112055369578159647e+00
-1.093153213255955158e+00
-1.033099577569673855e+00
-9.599650476193124504e-01
-9.575730629727954302e-01
-9.812479173755608297e-01
-1.156576745156725705e+00
-1.411055622430561929e+00
-1.256190469102313745e-01
-1.521589529945155117e-01
-1.440687885011886493e-01
-5.564568214967215154e-02
7.300946427412173534e-02
2.015217035856816108e-01
2.304789506429030521e-01
2.096950156915942665e-01
1.476064828715326904e-01
1.562768536960218446e-03
-7.466950040556366575e-02
-1.462774742911776837e-01
-2.036245196260439982e-01
-1.620164972801879932e-01
-1.170862794226016079e-01
-6.496493027726164826e-02
2.464667605368993375e-02
1.806034890492512757e-01
2.725021271193994177e-01
2.150436752024103282e-01
2.735395911268832525e-01
3.810523416268315477e-01
3.735139431061613724e-01
3.261589337740586902e-01
4.349212997263763869e-01
5.911598821777294122e-01
6.910269811154080566e-01
6.672681406001468307e-01
6.530002013780679126e-01
5.429672224325037266e-01
-1.477614926638098347e-01
-2.262003192597193957e-01
-1.637519851973344986e-01
-2.278939903761331709e-02
6.319114899101052618e-02
9.757343588084804731e-02
9.694587611602153987e-02
1.508518176547928302e-01
2.195536005186082273e-01
2.494451487706954573e-01
1.508515614755508993e-01
1.353848463966745852e-01
1.297072458701347686e-01
1.184659223872341904e-01
1.600531491118434846e-01
2.172696892000415547e-01
2.641832715831056166e-01
3.279184779293931040e-01
3.178244287860715889e-01
2.628935957792716827e-01
2.264799496625517772e-01
4.365471765998698572e-01
7.411871869911068611e-01
7.450668313947227395e-01
7.282448974670560071e-01
7.571117569023144700e-01
7.104487237283103607e-01
6.780737164284907914e-01
6.627232551095386670e-01
5.826392438257909090e-01
-2.028579871089965514e-01
-4.676441139059120955e-01
-7.022427287782474492e-01
-8.062172352365593042e-01
-8.622804543088161688e-01
-9.279629650358285353e-01
-9.517346308289024170e-01
-7.889675448826820592e-01
-6.143155150335326553e-01
-5.186228536089294572e-01
-4.132011801334503631e-01
-3.980082808718236609e-01
-3.700702388568773982e-01
-3.644725758982021446e-01
-3.786059354641514996e-01
-3.710266371557438547e-01
-3.583667245663869072e-01
-4.604578390821082445e-01
-5.924140882613966319e-01
-5.380962721376814084e-01
-4.795789387539299287e-01
-4.344005694252914829e-01
-3.665362727208909543e-01
-3.561091911794482257e-01
-3.229875585973981944e-01
-2.736426748816397914e-01
-1.672167348250651053e-01
-1.108118070610843442e-01
-9.049234923713112000e-02
-1.061819063440345157e-01
-7.464261618135606402e-02
-6.231822380718692045e-02
-5.681515889326478608e-03
1.841672086085918980e-01
3.450594053411542017e-01
4.138589840096034700e-01
4.386745315014779489e-01
4.300678333922378638e-01
4.630357296208309492e-01
4.156529778433877276e-01
3.552400581548056380e-01
3.632207241866797220e-01
4.019423324136224829e-01
4.401479283751626448e-01
4.535394846973332950e-01
4.842229782486409118e-01
3.903787385968344736e-01
2.714807956136909839e-01
2.540827719668080076e-01
3.068045228006072711e-01
3.319549244430927692e-01
3.690359044508050301e-01
4.863296076139219659e-01
5.767406366776289817e-01
5.749974585810326833e-01
5.845829887131374081e-01
6.248854962220905529e-01
6.773374572226343870e-01
6.322725652910746730e-01
6.518249974043361927e-01
3.365979469178200043e-03
-1.227476678110652614e-01
-1.318601024257403109e-01
6.237371622017401362e-03
1.465772382084571668e-01
2.227953638544866166e-01
3.614641587537660294e-01
4.212860429101993320e-01
4.194221113982635196e-01
5.471150523996017867e-01
5.441940095719932646e-01
3.347289280297173208e-01
3.726445169177413641e-01
4.259014089104242728e-01
3.855668595704603296e-01
3.839735533230599351e-01
5.356348837166933219e-01
6.656400111388820484e-01
6.721531404496329243e-01
6.298745523522558676e-01
6.230970371223262250e-01
5.675771888120372255e-01
5.754089416719017080e-01
6.055131217179771097e-01
5.396837143705804918e-01
3.362126750330880487e-01
1.546575625881681793e-01
2.138836327851190156e-02
-1.846985810587255805e-01
-5.213505945180406664e-01
-2.682876160756890171e-01
-3.530333861138555962e-01
-3.799017795471634207e-01
-2.940358760108431335e-01
-2.851121261321408196e-01
-1.854771537883893318e-01
1.346398625094397949e-01
3.693761508358696100e-01
2.948078895178096737e-01
2.840430008011692875e-01
2.384292649344089687e-01
2.009170846439869429e-01
1.367695967273011570e-01
7.140065395620268096e-02
9.011371151291379389e-02
1.868978242794286926e-01
2.363429994771274190e-01
2.037470011026893679e-01
1.171215147672360207e-01
4.879994191002978710e-02
7.211206364154784665e-02
4.455081503839401075e-02
-2.370702023185663337e-02
-2.907328341784328266e-02
-2.321614210414713053e-02
-9.516908931997249133e-02
-6.240778383398863649e-02
-8.952390652681306571e-02
-3.022143802059297502e-02
-9.913208129890394016e-02
-2.283758394381452672e-01
-2.996796675592474646e-01
-2.745977363105264746e-01
-1.735552669116631752e-01
-1.323127420466517490e-01
-5.076231648620967152e-02
-3.274194962019430499e-04
4.965214491079590620e-02
1.052545794717080763e-01
1.324512326297728471e-01
1.950417994351874018e-01
2.316050765067014516e-01
2.502542992449322545e-01
2.872760928264314617e-01
3.255324268785014796e-01
3.453947907327564182e-01
3.842388440280947171e-01
4.583294937399711166e-01
5.950542143376523763e-01
6.031465598385513660e-01
6.278434380819984950e-01
6.281397286076676467e-01
6.353714041862200679e-01
5.616080469166674360e-01
4.239459914568797783e-01
3.995572642472401403e-01
4.636350780933647386e-01
4.518283224212227833e-01
5.437561639122483470e-01
7.614266109904070934e-01
1.763339576784803686e-01
1.111662966805792851e-01
-9.852498793872777050e-02
-1.546785455424758426e-01
-1.415007671387721599e-01
-1.809639376431815549e-01
-2.112751950420116431e-02
1.599741314624140986e-01
1.432532909164861146e-01
7.414794176449814034e-02
5.646504174906238904e-02
-6.367093044553069625e-02
-1.967004745851647085e-01
-2.389973065739370017e-01
-6.498344387435892044e-02
2.335170376637296652e-02
4.061816108948208826e-02
1.792527547177959479e-01
2.386000539966348089e-01
2.497460636405959833e-01
2.391053363534955123e-01
4.497592352922761272e-01
9.371469181693996564e-01
1.341918675092389490e+00
1.618926280342369184e+00
1.760581591859747386e+00
1.811281348499357735e+00
1.774858447392528626e+00
1.810955172369736577e+00
1.852903874613281099e+00
3.802432921871198163e-02
-8.796345846421085857e-02
-2.147398637462052950e-01
-1.383430449778285110e-01
2.860168261453585603e-02
1.653088548697218829e-01
2.504731776147139377e-01
3.210303913409890408e-01
2.775175133851292553e-01
1.750217276352884488e-01
1.138554468336459013e-01
1.107796939980118661e-01
1.029272919236181028e-01
6.403430957488366604e-02
1.285557691764584870e-02
3.878420149625250168e-03
3.110790842980366150e-02
-5.458174403876426412e-02
-1.560132341724425054e-01
-3.781152633489029968e-01
-4.642437635409313867e-01
-3.701368198641035723e-01
-3.252226812057250060e-01
-3.439607238422432989e-01
-2.077346524019970664e-01
-8.360041175171090133e-02
-5.446099735709308831e-02
-2.319784560676939333e-02
1.481943727188367865e-01
2.110530078501250129e-01
-3.584486026786635852e-03
1.428777980651632987e-02
-3.471125672353930769e-02
-7.177216500244092134e-02
-1.426846059773870801e-01
-1.341949301668867167e-01
-5.419955577963349314e-02
-1.231619266518258066e-01
-2.411391212118957905e-01
-1.822146010219906631e-01
-8.842891514142620091e-02
-1.696659209385213973e-01
-2.552752821773697223e-01
-1.540585614331791975e-01
-1.334567021980983814e-01
-2.530136571436450432e-01
-2.295271463657478361e-01
-7.051207927518143848e-02
-3.656227440258585926e-02
-6.217459527151138199e-02
-7.943124967728903973e-02
1.257447622066541204e-01
4.977596012839645701e-01
7.368252795190328719e-01
8.275775864165380025e-01
8.086745120774082585e-01
9.446030201701438589e-01
1.162129331780067387e+00
1.252021684645520772e+00
1.219000404327107212e+00
6.745350940377752014e-03
-9.237586296748157011e-02
-3.162172279448852708e-01
-3.407933263935040147e-01
-4.229295149846999391e-01
-5.960699488180616346e-01
-5.905162216942095865e-01
-4.870404054949935002e-01
-4.437805831865960227e-01
-3.324103286568980131e-01
-2.001946312646400439e-01
-1.916521641432496759e-01
-2.756887927332865029e-01
-2.921765299000246285e-01
-2.867089312293424341e-01
-3.678415343058326625e-01
-4.798626855259000568e-01
-5.649686064281493891e-01
-6.826973132561831026e-01
-7.626705262417740050e-01
-7.794266322935756719e-01
-7.475057513146050603e-01
-6.299829173803680460e-01
-4.955642154838645341e-01
-3.706613927396538721e-01
-4.306904993160287076e-01
-4.714452680701548548e-01
-5.039818017765217428e-01
-5.547812737651568460e-01
-6.225783455398080646e-01
-3.626357642807151883e-03
-5.714435840524467042e-02
-2.537472261169202575e-02
-1.709362257265797241e-02
-1.030669800899266242e-01
-5.897613840367396665e-02
-2.221734937990088588e-02
-9.439611988016251287e-02
-1.274753305183602692e-01
-9.953181850381946638e-02
-7.453282485838594318e-02
-1.128930471993738194e-01
-1.587735621771194650e-01
-1.119008254768755484e-01
-8.252420969439963616e-02
-2.635011532482763735e-02
1.374037838173836346e-01
2.841216486987629963e-01
3.308673845949782200e-01
3.692739941443183849e-01
3.838319527477038751e-01
3.949300000207594530e-01
2.845132679858015656e-01
2.568503931424265807e-01
3.681960196109206884e-01
4.061419110783551778e-01
4.775973712264444115e-01
5.354654262350511118e-01
5.815898387036818606e-01
6.162813542595059202e-01
8.016220985739894167e-02
2.947347933493579819e-01
3.757404901230750882e-01
2.898136039594719215e-01
3.156598175134882056e-01
2.523725055693011310e-01
1.875458841487247508e-01
2.625775739734562686e-01
2.975440379417951808e-01
1.289586529668200199e-01
9.399869735588599340e-02
1.822911681578648913e-01
1.585907068139298937e-01
3.596796742141732117e-02
4.011248043002680480e-02
8.217167308701356365e-02
-6.572901246939932829e-03
-1.209033232968506205e-01
-1.974590515616150288e-01
-3.432543258358130012e-01
-4.915584606151157665e-01
-5.220352691135280443e-01
-5.318912433651878935e-01
-5.159093004314295738e-01
-5.031318599992757878e-01
-5.656264145033892410e-01
-6.139171026081132743e-01
-5.942137459307721414e-01
-5.313552999330891646e-01
-4.912290165426327349e-01
6.898890798552846648e-02
2.056020628147314788e-01
2.659047629793019341e-01
2.274957974732829402e-01
1.212779696569913496e-01
3.384360348114552608e-02
-3.439037337707839814e-03
6.615326010144868818e-03
4.040188998222923877e-02
1.068967808164017208e-01
1.397614843040224653e-01
1.524530636899072700e-01
1.383339181374120819e-01
1.443399553949383241e-01
1.070717806850880749e-01
9.992053496842322191e-02
1.847765821214515936e-01
2.824420264484197030e-01
3.680338750968295547e-01
4.854052687117277887e-01
6.123993445058364404e-01
7.244482950900194007e-01
8.832279446281333657e-01
9.917720158895445559e-01
1.052482080971137490e+00
1.094746906605196024e+00
1.180307290618673344e+00
1.212622416359961708e+00
1.165403529040259567e+00
1.062913101708205188e+00
-1.592659285256139631e-02
1.845753903408761318e-02
7.295959232116397408e-02
1.208995484720238323e-01
1.371856912255939309e-01
1.474670276487399789e-01
1.254177120214028385e-01
7.907402567270535587e-02
8.495527818964007660e-02
5.989444235379617898e-02
7.305918569849474686e-02
1.737060128170846984e-01
2.188792407338154833e-01
1.399275108461477402e-01
7.155411637815012327e-02
1.167444569987588499e-03
-1.437925903287635143e-01
-2.164813385303968052e-01
-2.769194350178740827e-01
-2.706306958914390659e-01
-1.598043281742748678e-01
-5.580060574621117930e-02
-7.036624534177672585e-02
-4.399174106428550141e-02
-1.741350129203156349e-02
-8.085288210420765731e-02
-2.080043152954343111e-01
-2.877329800119845515e-01
-3.994091252872747355e-01
-4.191906459664806461e-01
6.310743802694944449e-02
1.389642400220062468e-01
1.543673748164320902e-01
1.747533573680704888e-01
1.864267148883806680e-01
2.305589562577031737e-01
1.602956745318896981e-01
1.373853009742065645e-01
1.448742798031117385e-01
1.385694069504485593e-01
1.657887266422545802e-01
1.983023223183029149e-01
2.142100021007638799e-01
2.663871867618226030e-01
2.843863371328722023e-01
2.731770970708310431e-01
1.882181652032078600e-01
7.719147404643057764e-02
-7.649723577949352205e-04
-5.342874500287740115e-03
-2.129940866001643965e-02
2.380679984400231944e-02
9.684239803271550706e-02
7.849453854075347237e-02
5.101299231925909838e-02
1.176700688197848121e-01
1.648347381467344386e-01
1.274396196060637587e-01
8.064770130969806106e-02
1.154750130836978417e-01
8.571243822749152752e-02
1.315493980282966824e-01
1.813916578983001682e-01
2.699035095576458043e-01
2.480316492473397527e-01
2.596854163834259599e-01
2.945441556691041352e-01
3.363480135952170991e-01
3.040200305948179138e-01
2.229279923263545737e-01
2.443056130059246267e-01
3.475990004527326760e-01
4.052687539803775385e-01
3.564253890039394412e-01
3.293657945335416448e-01
2.682148561711475421e-01
1.693392167539053417e-01
2.346433131441368336e-01
3.081529109748723516e-01
3.159252466328269504e-01
4.028498784629800378e-01
4.649981631937102899e-01
3.641701189178218612e-01
3.209484279310323429e-01
4.874622156997905353e-01
6.409140772222541305e-01
4.771268368716313768e-01
3.380413561937972711e-01
4.336277623587423413e-01
4.182106981326757511e-01
4.516274271901757863e-03
9.205664820934847392e-02
2.137051518565036279e-01
3.263532011418484591e-01
4.209824190224876750e-01
5.757118487741464952e-01
7.642257740807530952e-01
7.602633497669211149e-01
7.372462115928670734e-01
7.916909509833764957e-01
7.812241914775154283e-01
7.119885432226310540e-01
6.901580520211918479e-01
7.493477573553390947e-01
7.732448247401417785e-01
7.336974698027625141e-01
7.290051960422662125e-01
7.739309232974320718e-01
7.625086516415082727e-01
8.615118404702578614e-01
1.034300514962265716e+00
1.073746390698570696e+00
1.150006907137915757e+00
1.412097383184341082e+00
1.579886216417383027e+00
1.726908497175945190e+00
1.835051321616634645e+00
1.840799105525906532e+00
1.836957807716732560e+00
1.840639541635178178e+00
-8.001072081493905419e-02
-2.556239381386390952e-01
-4.499439915945638857e-01
-4.669850859800475096e-01
-4.522168320293169508e-01
-5.417816021903395507e-01
-5.889187984677739518e-01
-5.802003195255220902e-01
-6.532249499565547790e-01
-8.517199543395180816e-01
-1.038704744806047797e+00
-9.773320868129364847e-01
-8.988283907172691656e-01
-9.356971337585716642e-01
-8.708038949822846098e-01
-6.974686352906875886e-01
-8.694178339081544138e-01
-1.100838706228254082e+00
-1.240068955040770193e+00
-1.385910335532511084e+00
-1.600570567448068804e+00
-1.662525407883504558e+00
-1.670590653354940391e+00
-1.648216348120941976e+00
-1.513956716347337306e+00
-1.399109771241804800e+00
-1.441702611071677964e+00
-1.519236642348442912e+00
-1.521199382172823800e+00
-1.586241721359317403e+00
-4.918213603048306182e-02
-7.123326551389731753e-02
-1.964351297713243238e-01
-2.882292533232506115e-01
-1.489047975743123531e-01
-4.529904765779145526e-02
-6.756969847737545609e-02
1.725075562285874331e-02
9.495721525743745783e-02
1.445596221291233219e-01
2.956162219717026196e-01
3.860189128926556634e-01
4.894455419971248666e-01
6.158334888600589530e-01
7.797737963775505099e-01
9.583338666517622340e-01
1.258130486621763744e+00
1.508216699513905468e+00
1.594677033276805878e+00
1.503683947117240294e+00
1.416669966222322774e+00
1.455637078753782898e+00
1.409447707359161139e+00
1.413018901662788540e+00
1.373764356081965454e+00
1.290312018336417399e+00
1.289331677586050828e+00
1.275374893738163706e+00
1.244269460864495080e+00
1.238027062828742197e+00
-5.407928108014255913e-02
-1.316820931560763741e-01
-1.344953625123888608e-01
-5.233926914122496998e-02
-1.235987007138203420e-01
-1.936602407675161175e-01
-1.176746990464854481e-01
-2.481517546614010750e-02
-1.032135836098057313e-01
-2.581153405267249124e-01
-2.425336426693087966e-01
-2.821694485062827829e-01
-4.040395709057661433e-01
-3.814221409862993961e-01
-1.888271983047075386e-01
-2.020767350897518799e-01
-2.024749714552236401e-01
-1.155475948903876698e-01
-2.058761662394206771e-02
5.618454758962578011e-02
4.828427681268756405e-02
7.190005864223981968e-02
6.598841742297270607e-02
-1.644602626072688700e-02
-3.687499131627493959e-02
-1.516715358244800221e-02
-1.277270756714602162e-01
-2.528432703966178585e-01
-2.729106091116311195e-01
-3.094990282193329501e-01
-1.779993371398874008e-02
-4.267862492043853623e-02
1.408031676508696844e-02
6.824762698059688715e-02
1.488298081380583782e-01
2.985435047054977309e-01
4.323141303335632513e-01
5.035863602791628146e-01
5.281735721683772367e-01
4.308287078802522374e-01
2.619321444398707843e-01
1.262622276892074735e-01
7.437538267268711811e-02
-1.179353307481265101e-02
-9.628015792751971891e-02
-1.042964455721524519e-01
-8.721553514697237552e-02
-3.472254643464074003e-02
-2.828104695808773134e-02
-1.667762703057020790e-01
-2.415230162757733834e-01
-2.583223876658958251e-01
-2.771101042841931927e-01
-3.399070255737539625e-01
-3.553390101410809909e-01
-2.777087160896987150e-01
-2.773080792454593602e-01
-3.078074252862184612e-01
-3.575294712595961100e-01
-4.798189709803312164e-01
-2.202311861901922602e-02
4.637846878328607397e-02
-3.000836970623487615e-02
-9.644663787160981383e-02
-1.755807675575344617e-01
-1.937273072242079452e-01
-1.678900591445992019e-01
-1.916359476454587707e-01
-2.849665420410192329e-01
-3.289125426524108775e-01
-3.919867325834141547e-01
-5.903544755855703041e-01
-8.604796734901378752e-01
-1.244380913599600458e+00
-1.530520407716080111e+00
-1.651260396843784228e+00
-1.685635294152111108e+00
-1.735284374677120711e+00
-1.716237577228092004e+00
-1.692961731075518506e+00
-1.534338954940695610e+00
-1.397955583832826365e+00
-1.311263189627870140e+00
-1.273157581655393722e+00
-1.261294867339095127e+00
-1.198401245052387543e+00
-1.266913918226918678e+00
-1.334031131080667620e+00
-1.521613004937903746e+00
-1.831294517182502357e+00
-1.901043109290388999e-01
-3.180109006555555951e-01
-3.240577662020727168e-01
-1.661243613018544563e-01
-9.467101066137044441e-02
6.943365966924089361e-03
1.952894411407461450e-01
3.058883372362188879e-01
3.821313996850822514e-01
4.149395262976240950e-01
3.962490633003419305e-01
3.986773560614518819e-01
3.347150459891733987e-01
3.894765420544725187e-01
4.592157675276151707e-01
5.037741947113089092e-01
5.432059536091133900e-01
7.556171073812273375e-01
8.376030797345942469e-01
9.380632762537730596e-01
1.091198452109851669e+00
1.168862793466747485e+00
1.121116804795802224e+00
1.149589600590619431e+00
1.278990141746332743e+00
1.271549676521650074e+00
1.227746715090668905e+00
1.225033778188073574e+00
1.152922349265149915e+00
1.086044541705869282e+00
4.366062461187648902e-02
7.060406983055718400e-02
7.896237307389143700e-02
7.318434859752136201e-02
7.570938716969553839e-02
9.531555433313143588e-02
-1.367496220449186672e-02
-3.002244449359618705e-02
-2.719828897753771846e-02
-9.645698467972176060e-03
-2.506198901384578542e-02
-3.824249277774678657e-02
1.090298336612335883e-02
1.148533794921169013e-02
-2.108797783713806454e-02
-2.465123183858591166e-03
1.376520046242692696e-01
1.495847197141657592e-01
4.864933364077617117e-02
3.023154335161967049e-02
-1.027870394434335921e-01
-2.005588584234238303e-01
-1.936900716284846169e-01
-8.645536627545277741e-02
-3.936853710801333645e-02
7.570321049768544142e-02
1.149731425543847191e-01
1.537852789869760817e-01
1.566108885923326588e-01
1.688055114998130157e-01
9.193795868570544746e-03
3.089068127895253091e-02
9.931212711089522360e-02
1.992621904923319864e-01
2.704485447462546266e-01
2.872526778529685965e-01
4.074817160143078820e-01
6.049459408138895267e-01
7.300929518436012344e-01
7.912330425036178116e-01
8.621329132240194149e-01
8.298467348517165609e-01
7.696799896349229009e-01
7.356399179996326865e-01
6.989531918802343036e-01
6.366671939624417575e-01
5.619666619800620655e-01
6.097532578107875967e-01
7.180403344174340896e-01
7.463059260492673763e-01
6.489578408091359885e-01
6.966225390107515514e-01
7.441312764047047779e-01
6.977359961593951887e-01
6.154787922118720722e-01
5.822032147678500857e-01
4.624864373800858797e-01
4.032241517629676641e-01
5.568543491398013634e-01
5.975796271604846277e-01
9.609889195145921489e-04
4.106920530789206353e-02
2.115936854724818905e-01
2.374983202523344161e-01
2.603717271393717336e-01
3.732880898859067820e-01
4.728705435870206308e-01
3.221951251603655253e-01
2.011756191017018414e-01
1.941407903688172620e-01
4.641823907858963483e-01
6.113603146050972104e-01
6.033008651646803999e-01
5.653363750359331474e-01
4.459953913766600553e-01
3.540805944836616370e-01
2.517841660384014801e-01
2.071620756622437609e-01
2.214896328445838392e-01
3.423663091913297651e-01
5.003197597575442801e-01
5.781368234039844234e-01
5.460070281425778438e-01
5.323755382297868932e-01
5.465007366582395054e-01
5.412854080267276435e-01
4.515707299161552668e-01
4.316700247755688169e-01
3.790166273380426443e-01
2.626183170636909869e-01
-1.253665662156681904e-01
-2.504018545442001642e-01
-3.421070449538103908e-01
-3.711354707438485057e-01
-3.640189913801544774e-01
-3.103460746137014503e-01
-2.597040131396992635e-01
-1.713264184628130460e-01
-1.487105182510563839e-01
-1.092060846823346004e-01
-4.450873757554678345e-02
-5.780505388318368798e-05
-5.273541067907713820e-02
-1.636823644178077020e-01
-1.868979790335957292e-01
-2.257073230737215441e-01
-3.165652715927614325e-01
-2.392086818073812515e-01
-1.712395535591023643e-01
-1.989148922751313164e-02
2.082680971781681600e-01
3.364698179390847033e-01
2.910065638236198904e-01
2.096795152872240053e-01
2.246685018251847465e-01
2.205341617057261783e-01
2.181761539407233164e-01
2.855548632941893317e-01
3.360241574319526858e-01
4.901256655216454927e-01
3.093122659574065181e-01
5.933300678806654460e-01
6.006938693475118995e-01
4.408153723819251413e-01
3.064808068189304735e-01
2.880501274318065796e-01
1.450130192516091709e-01
4.358076639915726969e-02
1.293899355167114629e-01
2.095296387474322453e-01
2.974127949492090806e-01
5.255207442370086746e-01
6.751566207351614723e-01
6.898763684536658447e-01
6.732894953488783862e-01
7.215669652650690269e-01
9.660258351942038191e-01
1.145866521919948644e+00
1.238733170599520816e+00
1.306447729396512658e+00
1.356929927004272951e+00
1.385230389513126603e+00
1.346145005344027368e+00
1.428882779555521676e+00
1.455972869605061781e+00
1.419331296350345495e+00
1.360843592942297731e+00
1.325462660737131149e+00
1.379003147483414127e+00
1.393757259562246942e+00
-6.883667657404976548e-02
-9.203154636615901163e-02
1.348817439914579142e-03
9.638713399299998763e-02
8.043572068671667186e-02
6.691022977532247451e-02
3.003493186374420892e-02
-2.011223624524881293e-01
-5.095336048464733647e-01
-6.700345518047834403e-01
-7.074258433392919265e-01
-6.874073759659217187e-01
-4.723942182876873508e-01
-2.554408761938040118e-01
-3.103026123089585586e-01
-5.646504713558448962e-01
-8.992223765023579229e-01
-1.248227874218148070e+00
-1.466806316718233472e+00
-1.465101419382698555e+00
-1.489867486529740992e+00
-1.332393649853842899e+00
-1.143615851676309303e+00
-9.521951822848406799e-01
-7.338349705723865579e-01
-6.929043616673479233e-01
-6.838636697158494426e-01
-7.179231211242015354e-01
-7.372479319166909129e-01
-7.430493123287006396e-01
-7.226042611001584626e-02
-1.483274824993094376e-01
-2.898639298878196158e-01
-4.398482611257458208e-01
-6.399840995201784288e-01
-7.840641352035039313e-01
-8.598498097060036649e-01
-9.409553086870368066e-01
-1.003548493996659463e+00
-1.012720148139652387e+00
-1.060536668732329435e+00
-1.144171746778324783e+00
-1.118933776052845275e+00
-1.160816727089097888e+00
-1.339843734522488283e+00
-1.417960318474668302e+00
-1.462162597955412036e+00
-1.514666052302327648e+00
-1.551022633661043537e+00
-1.472942157430473964e+00
-1.395427985273000271e+00
-1.398848626911212367e+00
-1.353789196828121488e+00
-1.371919088382841601e+00
-1.426969089273810054e+00
-1.393884126309953508e+00
-1.313826893928737194e+00
-1.348030387085538573e+00
-1.313034130586972825e+00
-1.194112699523557586e+00
1.395228260595756387e-01
2.914777961617247559e-01
4.358769728977945901e-01
3.868566798717121835e-01
3.278043415978669772e-01
3.680336382224045355e-01
4.025364061974883167e-01
2.621104722100880968e-01
1.747534933012344083e-01
2.487465201796317804e-01
3.477024529624551108e-01
3.892118571304412633e-01
4.796336550033786228e-01
5.376712159795974388e-01
5.020965584805621162e-01
3.898211650602782519e-01
4.147973493128181421e-01
4.555545670665768765e-01
4.323274213122499932e-01
5.217753416477457495e-01
6.470080779220879208e-01
6.287341148682721315e-01
6.728623788565570862e-01
7.267813282581159218e-01
7.122740866264777315e-01
6.934278201574450851e-01
6.688981232146564704e-01
6.136316938936151599e-01
5.887509159115587032e-01
6.134018823913887086e-01
-4.966064945911800171e-02
-1.467994143117437589e-01
-1.573013828276676740e-01
-1.202213244629918298e-01
-9.498337391402422725e-02
-2.234536390328455135e-02
5.502462419740096478e-02
2.206944764774389917e-02
-9.446504775085512451e-02
-2.961026476302763832e-01
-6.201985309122066692e-01
-9.405000153252544015e-01
-1.127237610423020842e+00
-1.138052240789162450e+00
-1.035698747506113904e+00
-8.101283636405558486e-01
-5.044448933687410985e-01
-1.732910888949837358e-01
-1.714336388146425749e-02
6.854054856276624308e-02
2.065650396674272860e-01
3.476470300762504184e-01
4.182093455616536781e-01
3.508561423460589412e-01
2.485564497402004136e-01
1.617049019141795219e-01
3.336391606165722834e-02
-2.204167418312332621e-02
-1.916473624732871819e-02
-8.108658876021088147e-02
-3.140487419675073305e-02
8.681434312976096801e-02
2.557950012224217140e-01
3.129072904368794261e-01
4.075472122389915963e-01
4.293941993022907799e-01
4.848792904486017297e-01
4.287626547593413884e-01
3.576123421637644739e-01
2.939899241283858711e-01
2.398436274803996959e-01
1.748758373830678337e-01
1.681677805705713291e-01
6.385996957241452110e-02
4.880615708868364655e-03
2.380239666332314985e-03
-9.925776914618651692e-02
-1.968018901143196442e-01
-2.189969426258557283e-01
-2.595478085716997896e-01
-3.376954370945341455e-01
-2.985711502477356727e-01
-2.871663433001596655e-01
-2.038311073646663085e-01
-1.748214895114711676e-01
-1.970108219893377532e-01
-1.754513291850736678e-01
-1.092755238280984920e-01
-1.035232168338145048e-01
-6.372763453504232123e-02
-1.669334053878230098e-02
-6.941484246016180193e-02
-5.506156349693459851e-02
-5.978506421868498566e-02
-2.557055925973235333e-02
7.305523901734890801e-02
2.739639768233407824e-01
4.148888445556124793e-01
4.654025045507555469e-01
4.934550816720884581e-01
5.085476368300467787e-01
4.674733846550865324e-01
3.562190710803644356e-01
2.652133797196205012e-01
2.654545056904255573e-01
2.805795051103414095e-01
1.622929619890487452e-01
1.414810640002935327e-01
2.012039161285827105e-01
1.061954865739718895e-01
-1.944429456104746490e-01
-2.787157537966757914e-01
-2.012024652802266167e-01
-2.115768482746165080e-01
-3.671370150812605648e-01
-3.833813674177236619e-01
-3.038876750750214573e-01
-2.594950561282849399e-01
-3.460712873342079998e-01
-6.240370699033368496e-01
-2.821558814889520428e-01
-3.383496263996819131e-01
-3.212672835813171202e-01
-3.398716329828335159e-01
-3.730642611750194515e-01
-1.965253576833850824e-01
-5.800963093570413176e-02
-7.330569089756179546e-02
-1.833859577887262948e-01
-1.324817849271359149e-01
-1.128049199058764329e-01
-4.472516947608382032e-02
3.611773543696122912e-02
2.611248301867874488e-01
3.992780065843172244e-01
4.556202808628080914e-01
4.557960491445423590e-01
2.564617718717290273e-01
1.689947373663236441e-03
-4.548348135787241148e-02
5.252505884807875253e-02
2.218221595048095462e-01
4.856343531139990510e-01
5.567810637151873188e-01
5.910607663056297589e-01
6.146928345165849628e-01
5.214221076190921345e-01
4.270942826154582317e-01
4.735132719969562531e-01
5.341773005846912614e-01
7.911097141954338829e-02
1.325306499968735285e-01
2.296173098513011879e-01
2.638001525807653347e-01
2.587098066407493846e-01
2.421523863212450001e-01
2.710072194667281775e-01
2.904933916593265830e-01
3.883826808022429189e-01
3.636845286454798432e-01
3.387409831279347139e-01
3.186646982939349559e-01
3.230914086140837527e-01
2.951054565014865627e-01
2.439621813352487179e-01
1.298849120772385679e-01
1.089759515829052117e-01
1.430682410386124592e-01
1.404082659968830804e-01
8.237153204280871222e-02
1.214564257790639867e-01
2.583236471463413730e-01
2.697381680359458023e-01
3.646319124919156773e-01
4.929221285080088721e-01
4.937017438966346261e-01
3.454883090507998578e-01
1.596445282423778755e-01
6.477426908138517181e-03
1.703396039096409520e-02
1.731267571406292782e-01
3.096734305215165795e-01
4.678703549646665572e-01
6.349437984415258196e-01
9.472112318698843181e-01
1.188083490974445322e+00
1.249626655566439926e+00
1.185372663000272775e+00
1.242989323268236079e+00
1.335628559918478953e+00
1.289523075186897794e+00
1.160150898548487186e+00
1.154513312208634179e+00
1.150631570215592481e+00
9.816094444587044610e-01
8.796604599912519751e-01
9.279786494775086325e-01
8.860678731828453003e-01
8.149096843570413640e-01
9.067341394605463734e-01
9.775217817535413189e-01
9.818678257058841563e-01
9.905800527587469428e-01
9.755656980035720682e-01
9.907735899899504650e-01
9.489910391360362185e-01
8.959123646917499517e-01
9.389468707316982465e-01
9.731210480107660432e-01
8.550691738239060147e-01
-1.832505203285802742e-01
-3.630842126182809437e-01
-3.993028782979571867e-01
-2.988078033509289910e-01
-2.291539311872357043e-01
-3.416219013213863676e-01
-4.747914650174526185e-01
-5.888528539724563471e-01
-5.140004633773656018e-01
-4.897889290656515238e-01
-4.619077050783764737e-01
-4.096851864756375639e-01
-3.614400962172544807e-01
-4.171611863597643466e-01
-4.991072747749151772e-01
-6.059357694480649315e-01
-6.320909526031612824e-01
-6.351773141532670586e-01
-5.885863388052786638e-01
-4.877172587093653311e-01
-3.427065254610492384e-01
-2.469114753209631363e-01
-1.857356200237111621e-01
-1.244965977783220046e-01
-9.875365868587038243e-02
-1.994451107370189269e-01
-3.709268341622198317e-01
-3.737119552731286709e-01
-3.408033336811909786e-01
-3.453078626884666935e-01
8.886349106739054038e-02
6.611988656394754416e-02
-9.356008891290870655e-02
-9.320239173065152094e-02
5.538248343569913967e-02
9.173745945873304497e-02
7.372343366196690284e-02
2.273664620205361475e-01
3.824266820326897576e-01
3.691621012181932060e-01
4.094967504087578813e-01
5.054379147036492936e-01
5.707289924156755401e-01
5.744605690746580340e-01
5.523287684858519953e-01
4.277818798282326807e-01
3.590548497246133230e-01
3.424293956136499895e-01
3.286789623208352107e-01
2.997661889235121446e-01
3.077529585407059454e-01
3.087617561316137738e-01
3.738685938090638983e-01
3.406471689569967043e-01
1.817200276245150015e-01
-3.808271262333826068e-02
-1.711804010215245975e-01
-2.558172075519737909e-01
-3.878576377475650983e-01
-4.524006683773910131e-01
4.781646605731686150e-02
1.106476803320303737e-01
1.689886821146992513e-01
3.159412692673764789e-01
3.955649725055948585e-01
3.328455505891106392e-01
2.763946306876197689e-01
3.167809469799559574e-01
3.481538064122507437e-01
3.732617991559172288e-01
4.296653426317368907e-01
4.414893015224920503e-01
4.595725051432905661e-01
4.753271832450897683e-01
4.993782845791323588e-01
5.128973691948879310e-01
3.880981438337287592e-01
3.576426834135433275e-01
4.626619434080059268e-01
4.652123248448067905e-01
5.461689779676689449e-01
6.925056530119104714e-01
7.965897153735506109e-01
7.839988405306630437e-01
8.570521667394580545e-01
9.319907533218840801e-01
9.302974001414677785e-01
9.433771718189313260e-01
9.177980009430526387e-01
8.025842671598303335e-01
-2.707925498853196167e-02
4.343914396895152963e-02
4.811251254227300045e-02
-3.904414322102622847e-02
-1.101440247775508363e-01
-7.005579412598432476e-02
-2.570681033680500410e-02
-1.644492328277711440e-03
-2.993709827592225259e-02
-9.852693045219125534e-02
-1.436069676893595992e-01
-1.300749430491091874e-01
-9.727861887410316211e-02
-2.156163015992304532e-01
-4.445604905234987747e-01
-3.103495491214538493e-01
-5.824054423893848531e-02
4.486908740946024543e-02
1.285597180498290470e-01
2.571053426985345780e-01
3.152760511413040256e-01
2.710216898881553926e-01
3.131593126669540705e-01
3.070680143135215423e-01
6.636930929030029902e-02
1.583813232238509561e-02
-3.587635915366620826e-02
-1.585405968700408230e-01
-1.538630316707699508e-01
-5.671863067326116115e-03
2.062668517505139923e-02
-2.706125637274899715e-03
-2.320372506757955450e-02
2.134517589336599325e-02
5.754683701593886480e-02
2.875018083887716583e-02
-1.585198745777801135e-02
-4.848887473147059368e-02
2.093793241100652680e-02
3.533362577601030508e-02
5.917540667717689773e-02
5.576681104252050047e-02
-1.857091922549243546e-03
-9.334650488428611337e-02
-1.584018828596472361e-01
-1.856704481206164492e-01
-2.541659007396354641e-01
-3.734210774461073634e-01
-3.324807378632218535e-01
-2.937932883911945625e-01
-3.006299370792383518e-01
-2.966599783045029137e-01
-2.817334752584267354e-01
-2.966976603877684582e-01
-3.367430664397027540e-01
-3.660591878641237251e-01
-4.048935932449878039e-01
-4.276298810682762630e-01
-3.785420190206715274e-01
-3.406624940405223456e-01
-1.379883740848411849e-03
-2.631484836452322590e-02
4.524417288528551767e-02
6.479118949629716906e-02
-2.213829443398381003e-02
-2.852059809441332208e-02
9.567087184830505575e-02
1.573260046622847463e-01
1.417563335854865325e-01
1.770424936961869089e-01
2.394265574226563942e-01
3.052474591637441836e-01
2.366396406690498555e-01
1.796109420252184896e-01
1.304899320571165922e-01
1.237802998868389737e-01
7.764048969720324656e-02
4.022541202014665029e-02
1.704083360567952843e-01
2.724608502764123141e-01
1.828027364525720844e-01
1.440581741994461096e-01
-7.994468095439560829e-02
-3.541743879296772035e-01
-4.203070596926544722e-01
-3.913073610418604242e-01
-5.274701102415092491e-01
-6.658188399227302767e-01
-5.723416962618995685e-01
-4.964295379919266282e-01
-1.526330943080446943e-02
4.345897462569589531e-02
