4.344528382228237673e-01
5.000949443782266579e-01
2.060355627403445133e-01
-3.012456679229941203e-01
-9.906429211883417407e-01
-1.810864080755357985e+00
-2.952549135463405250e+00
-3.598601865358173058e+00
-3.636059847277836710e+00
-3.003591708904809643e+00
-2.325602365996375376e+00
-1.530144082945515738e+00
-9.053276771072293894e-01
-5.188085738965328986e-01
5.818942089540790619e-02
7.613559882537910273e-01
1.388811349453901389e+00
1.973997377849852741e+00
2.253751344056115880e+00
2.385339854211242283e+00
2.266785970416291818e+00
2.026506147629046684e+00
1.691079672948776924e+00
1.367492159329061874e+00
1.151890193714170341e+00
1.118610970849171160e+00
1.362537959897424988e+00
1.653295133229508496e+00
1.606954491463287837e+00
-5.138116939864962873e-01
-1.203321098610185880e+00
-1.861747498858926653e+00
-2.152200783633620773e+00
-2.181091391678577907e+00
-2.076821043677509859e+00
-1.952209558989651539e+00
-1.971149465135032308e+00
-1.955087280504343328e+00
-1.753621569179149020e+00
-1.268468066280903805e+00
-6.747845754358077208e-01
-4.771660772737612022e-01
-5.818714851263029342e-01
-7.563791125879610888e-01
-8.481752497342436303e-01
-1.069833626189767184e+00
-1.702278567784795360e+00
-2.285110303895669048e+00
-2.938944340853849369e+00
-3.603602227348867260e+00
-4.233905209176115569e+00
-5.004964942177059228e+00
-5.696503335179951222e+00
-6.254753948180088230e+00
-6.587101609154135673e+00
-6.717623526725299499e+00
-6.793978771686266960e+00
-6.981199056062750152e+00
-7.228896858889442001e+00
-6.407324530021646369e-02
2.632482786578647926e-02
3.882667537319798856e-01
7.137701618571420381e-01
9.326754509801128412e-01
1.000376701104458421e+00
1.050161664124924066e+00
1.083684171868693591e+00
1.078330916945537954e+00
1.020402129611470476e+00
8.504568276425379381e-01
6.835719580075351187e-01
5.829524004624837552e-01
6.117582549306559425e-01
6.756348810419413597e-01
5.516950836719056728e-01
2.840321016200492710e-01
-9.129137931534614392e-02
-5.709677780001587433e-01
-1.045948849306124195e+00
-1.523898297894193954e+00
-2.085624774878133358e+00
-2.697882310864582855e+00
-3.212215235060635443e+00
-3.612424321409632100e+00
-4.013828314544917397e+00
-4.380972854686146611e+00
-4.600072890490578992e+00
-4.756483423370535313e+00
-4.861600461878046175e+00
-1.736331188574589957e-01
-2.221565380685242008e-01
-6.755936069860327131e-02
2.586024074196379141e-01
9.027786841740006452e-01
1.651372147351327868e+00
2.546161250641530760e+00
3.395527464610986534e+00
4.120791724504354825e+00
4.636883112364418302e+00
4.971355017824570233e+00
5.466027160203355884e+00
6.059529723075103291e+00
6.684261263969252909e+00
7.098039086116949115e+00
7.248798758062140024e+00
7.188409571248777219e+00
6.924288455577493728e+00
6.540815920322822663e+00
6.078311561623273462e+00
5.532739173774571029e+00
5.193799087319604268e+00
4.900199209047164217e+00
4.605205666338836323e+00
4.157561278454107168e+00
3.544772171893711743e+00
3.171381463098650322e+00
2.969050285577731429e+00
2.813504730056957115e+00
2.599630986770530505e+00
-2.519873220551300252e-01
-4.199328141078519927e-01
-5.035412005647086353e-01
-5.373912344454345735e-01
-5.486608661504220885e-01
-5.389702901588689921e-01
-4.586368989382070271e-01
-2.769860139101352203e-01
1.263471080833616922e-01
7.360104447871999023e-01
1.309546180146164085e+00
1.898672668012674425e+00
2.515735478972756400e+00
2.929036080260634556e+00
3.409481351961841433e+00
3.906310623805758109e+00
4.324292827299154318e+00
4.652190160294654930e+00
4.892143408673192084e+00
5.160508308149039713e+00
5.305605046662300595e+00
5.239566430127180929e+00
4.981753865813967508e+00
4.640426244630690533e+00
4.158401976533456335e+00
3.635150181055899932e+00
3.164132754379246570e+00
2.544176106613874389e+00
1.811426473724730091e+00
1.094412347560889121e+00
-4.972900219026479829e-01
-7.951911882960218669e-01
-1.039837979320427763e+00
-1.142637570255492729e+00
-1.139918768578549235e+00
-1.185823086562146411e+00
-1.145286385589586287e+00
-1.004059210680213532e+00
-7.669019664132576963e-01
-4.981354697637549456e-01
-1.958880588839450598e-01
1.161933525242653253e-01
3.939261353554383560e-01
8.646052497846030693e-01
1.569824126698236899e+00
2.351878952747191054e+00
3.146065686907701497e+00
3.752702171753222515e+00
4.114424663788187608e+00
4.450897535743523648e+00
4.834702148648995390e+00
5.217432365980571696e+00
5.531800614547289996e+00
5.753084189682446947e+00
5.797730345644938055e+00
5.616747954512968377e+00
5.309276373325831244e+00
4.783495668750166629e+00
4.081444590052258903e+00
3.358649276000701178e+00
-7.535694854100590812e-01
-1.542166489272251528e+00
-2.437424412491643544e+00
-3.115053428204044295e+00
-3.813261750701129937e+00
-4.272153008041463806e+00
-4.463771856504139102e+00
-4.495088700178012431e+00
-4.404821383245604238e+00
-4.298051576191121548e+00
-4.153091544814606628e+00
-3.881228749968946623e+00
-3.585429965765310811e+00
-3.292525549716665001e+00
-2.962722367736400741e+00
-2.644836229907573610e+00
-2.223134797084586722e+00
-1.588822897457310424e+00
-9.608370348058123955e-01
-4.723199058121774763e-01
-7.339678299943053208e-02
2.830349477105497114e-01
5.737690514324241819e-01
7.678223261399828026e-01
8.764124584464116907e-01
8.052015218868993074e-01
6.954762820041557880e-01
5.576364414128291980e-01
4.015398307745743356e-01
3.178417337649987462e-01
-2.637881733055739697e-01
-9.072837779241194056e-01
-1.685768806672498510e+00
-2.335442593580858706e+00
-2.998002730909735014e+00
-3.708606236442407056e+00
-4.325804118839267964e+00
-4.953458210477881707e+00
-5.368503410966959599e+00
-5.665195358498918310e+00
-6.023143931414862706e+00
-6.243100748669348832e+00
-6.267974123750390980e+00
-6.223165108111945010e+00
-6.063472010228898590e+00
-5.855841055934918771e+00
-5.666290393877400966e+00
-5.350121048926660627e+00
-4.940376987138873410e+00
-4.413821800279486673e+00
-3.561724980561518983e+00
-2.546278143795430715e+00
-1.689396165447517362e+00
-1.153133914809363780e+00
-7.745125648840133215e-01
-4.617928209311116250e-01
-9.770050890111864339e-02
3.212083146739134754e-01
4.770778997261806431e-01
4.738134296376159682e-01
1.902837982882318868e-02
-1.289141176719582893e-01
-3.672952161533259430e-01
-7.411194348970738810e-01
-1.459992632336795548e+00
-2.296852347579056541e+00
-3.107146406329787336e+00
-3.907971546638115967e+00
-4.489854675837998244e+00
-5.139124002896043208e+00
-5.982917183729368205e+00
-6.695223881333917326e+00
-7.245508608775421244e+00
-7.641401536892399093e+00
-7.925041198453501856e+00
-8.255957806066046345e+00
-8.672787870380386011e+00
-9.134227645654693362e+00
-9.500921641154011610e+00
-9.786996797248765034e+00
-1.008317200715770490e+01
-1.016865928715264111e+01
-1.003951221480757638e+01
-9.911345188526892613e+00
-9.676068847319571731e+00
-9.545109190625197471e+00
-9.340101797392300398e+00
-9.166743581197527746e+00
-8.972400461052366438e+00
-8.799733699749964444e+00
1.509281066661424253e-01
2.646545159604772879e-01
3.455028399139344897e-01
4.156428381762624635e-01
4.549879880204581450e-01
5.178701763559777627e-01
5.741919350702954228e-01
7.578270017236192757e-01
8.861282111173592879e-01
8.250248846445947803e-01
6.262314607543204570e-01
4.223756497703543555e-01
2.386343253901994366e-01
3.557790719980524763e-02
-3.143587446752207915e-01
-6.653403264628584557e-01
-1.040408132435443722e+00
-1.290207600531048104e+00
-1.448437884582328916e+00
-1.566068525295877478e+00
-1.686605961077646043e+00
-1.715192479655534896e+00
-1.721569187049405869e+00
-1.695609006153868670e+00
-1.618494726091173952e+00
-1.549119644477599644e+00
-1.247163674932400212e+00
-8.208332909999364047e-01
-2.538117788588870605e-01
5.220686233288840405e-01
6.480916150807876086e-01
1.100631417977139703e+00
1.522378585240131255e+00
1.884590563579238376e+00
2.216861977278881568e+00
2.506407199482829196e+00
2.690098513307409345e+00
2.766643622872994701e+00
2.711055276598803854e+00
2.728487168441501520e+00
2.659259369466122180e+00
2.392229205917879131e+00
2.025074059840739960e+00
1.674863959268160229e+00
1.385542008447177231e+00
1.012766420686118662e+00
6.445616355828364119e-01
2.664411492579832896e-01
-4.876697681692854225e-02
-3.403575059269596248e-01
-6.698292940294026110e-01
-9.174247145839076190e-01
-1.026459395051003476e+00
-1.105875159181661793e+00
-1.155467727511094944e+00
-1.087667155847529932e+00
-1.084752269566703342e+00
-1.060913040362258419e+00
-9.405173549729924920e-01
-6.959305412554133152e-01
3.455654085267696463e-01
7.558789374813110751e-01
1.284504020111531863e+00
1.820893231570241300e+00
2.306570569573544560e+00
2.788921915794927653e+00
3.192303697411916552e+00
3.534198198555881021e+00
3.863418238234246349e+00
4.112515642307588593e+00
4.256605284123971877e+00
4.294532039720834860e+00
4.238567112314012952e+00
4.052679128677042719e+00
3.760164285371621506e+00
3.371942996100108836e+00
3.102101006010887119e+00
2.792057200773053971e+00
2.472717272165679603e+00
2.192278371399821957e+00
1.743141953628054353e+00
1.394701427654162940e+00
1.018073880273674847e+00
7.716526430556485128e-01
5.178115386472028625e-01
2.724538772696146194e-01
7.840832705445524575e-02
-7.395351713966660800e-02
-1.387460312440243482e-01
-1.248878797732388968e-01
1.925895695070997116e-01
5.092713247344564653e-01
9.421167503039353797e-01
1.519371404388549340e+00
2.180237080999269494e+00
2.763182300900305588e+00
3.126183215100004631e+00
3.426814134059235073e+00
3.749551019811482533e+00
4.018561742145247528e+00
4.282703375351109898e+00
4.527349736541454561e+00
4.482307654298642419e+00
4.271737585277256777e+00
4.046924014061293207e+00
3.743023687951576584e+00
3.357621575654408552e+00
2.918546189797623480e+00
2.350117085037826126e+00
1.766217126267215942e+00
1.255601332847591678e+00
8.210840688322214032e-01
4.883210014663638132e-01
1.476887903968937543e-01
-1.718606897373122777e-01
-3.886016228803304551e-01
-6.403693311464621063e-01
-7.616128610522466813e-01
-8.386936232830526361e-01
-1.100996710274804169e+00
-3.771432655448410665e-01
-5.560657025752491212e-01
-5.775622184775305312e-01
-3.946001006126572674e-01
4.811347123508125101e-02
7.074030883779732770e-01
1.492324732230896345e+00
2.359906145302224090e+00
3.037262807557454369e+00
3.614575006966079140e+00
4.236851685433141945e+00
4.840679467884191567e+00
5.297557855371048063e+00
5.580613683255267965e+00
5.744608317378980367e+00
5.804079391465158722e+00
5.723248926291930161e+00
5.581090193217451478e+00
5.378369920888415479e+00
5.027125208980459448e+00
4.514826487901360430e+00
3.897520722339406163e+00
3.327463392023880306e+00
2.849280229163809519e+00
2.504684320407521092e+00
2.229181339518806482e+00
2.018868800202306524e+00
1.898724484436848714e+00
1.912251517256826627e+00
2.013323320210111067e+00
2.773354920196510753e-01
7.033919494692448815e-01
1.267557540168071428e+00
1.758589046366668018e+00
2.156703567117464360e+00
2.509126410012684882e+00
2.981062937963402160e+00
3.421186473266971451e+00
3.836503818013628830e+00
4.161648194980434923e+00
4.238923287723687316e+00
4.187274768820707926e+00
4.027488181731572858e+00
3.656201263760133546e+00
3.196172519012892455e+00
2.755577252281522949e+00
2.352596869667048729e+00
1.798922522283229242e+00
1.104472935972943493e+00
5.910529066796642583e-01
1.292611772605578024e-01
-2.342529258881916876e-01
-4.911230803087550667e-01
-6.885620042557384357e-01
-8.127955421331312102e-01
-7.738730321273769031e-01
-6.752012927034599654e-01
-6.331923443070960333e-01
-4.381349745735886869e-01
-8.548406143049380734e-02
5.488600276318376103e-01
1.309798093596404200e+00
2.040553799921774214e+00
2.552163169693355105e+00
2.911396948208175850e+00
3.105365336752110572e+00
3.170746194867810619e+00
3.061892114947450061e+00
2.893095143508841893e+00
2.738297945961236657e+00
2.595944119453762688e+00
2.364711119813299955e+00
2.144342572661273039e+00
1.874407045499098201e+00
1.616220155746443510e+00
1.449516137009542849e+00
1.382145324999831004e+00
1.277620675170906273e+00
1.091562144891942587e+00
8.835248854408770391e-01
6.095312074315588635e-01
3.186622874586872434e-01
-3.302072591184102013e-02
-3.497598852215121901e-01
-6.202750506290723997e-01
-9.037533895799745309e-01
-1.068168963837464069e+00
-1.066569826829034451e+00
-9.116588748662752817e-01
-6.986447009964611432e-01
2.446684582049802881e-01
7.016447625373195551e-01
1.444346921115300386e+00
2.190089419419078531e+00
2.807859031678580752e+00
3.251504081392421419e+00
3.730526940506039502e+00
4.096784107958736598e+00
4.342828825585963060e+00
4.480769017389970799e+00
4.397357561895619327e+00
4.148914704704138146e+00
3.812715069951733149e+00
3.507872811049734363e+00
3.203000047273139472e+00
2.860895283403877887e+00
2.380437962672221630e+00
1.964671769104325394e+00
1.467234635521330377e+00
1.103515693614275817e+00
8.414622332585494080e-01
5.006889385467740983e-01
1.193371234179361196e-01
-6.981493308090136463e-02
-3.151386876850292840e-03
2.509364045687701439e-01
7.276370907875527871e-01
1.368852154791295295e+00
2.054299513621795636e+00
2.661291372916899878e+00
4.284332586158929868e-01
7.126749916337444812e-01
9.063094955438043554e-01
1.083553045936445525e+00
1.099491597793203157e+00
8.185990848859248104e-01
3.656221498485259236e-01
-1.298670904914805968e-02
-4.568906889873308175e-01
-1.029449149420743170e+00
-1.705107777331351659e+00
-2.423753871213384148e+00
-2.959920693722666307e+00
-3.431259487572005717e+00
-3.840417880759643410e+00
-4.135654927978458240e+00
-4.323843368774577200e+00
-4.423173286651539193e+00
-4.274668049340134779e+00
-3.931361091107155037e+00
-3.446946168338376637e+00
-2.937048642980176538e+00
-2.293070665641811612e+00
-1.600702707473655728e+00
-8.959242099332684894e-01
-2.206695941842418129e-01
3.978643430178977480e-01
9.440219606442917799e-01
1.313832822831481284e+00
1.517814404749773693e+00
1.114913185010328878e-01
3.113911662884237541e-02
-2.424563008588075941e-01
-6.600421730196450731e-01
-1.211763421961270737e+00
-1.704283550308191897e+00
-2.200348292752239754e+00
-2.629341021103178022e+00
-3.255384891751710086e+00
-3.694077986651911338e+00
-3.962242542063732831e+00
-4.200515815988800306e+00
-4.455071191268780595e+00
-4.637598191785865076e+00
-4.739992038231755522e+00
-4.777401294179448143e+00
-4.731664638865540340e+00
-4.400352477568944209e+00
-3.894803351083298004e+00
-3.382604229630787884e+00
-2.841205545598422866e+00
-2.300383631334564249e+00
-1.802642317573929009e+00
-1.366825060975608519e+00
-9.469760014799852854e-01
-6.578064898194695420e-01
-4.660712147017374574e-01
-4.180710605641507760e-01
-6.123228648143265174e-01
-9.359212682134185890e-01
-4.360882571025931354e-01
-8.214368488153268588e-01
-1.251245720416765517e+00
-1.714649488400383337e+00
-2.195034584849828274e+00
-2.477250914938427862e+00
-2.701800318465123585e+00
-2.882889456820018736e+00
-3.071289283376575696e+00
-3.171751632305625179e+00
-3.201578068998857329e+00
-3.221328705175349416e+00
-3.156422071207363622e+00
-3.111263261512162703e+00
-2.964045439148287997e+00
-2.684155783777613102e+00
-2.438126952340120557e+00
-2.134973294068288840e+00
-1.841446317673721023e+00
-1.767847021577236832e+00
-1.759331476901601743e+00
-1.743446324633944888e+00
-1.764669554363420767e+00
-1.812849420149022173e+00
-1.858653289381831941e+00
-1.974991678750591451e+00
-2.212192460538944250e+00
-2.464307492348622564e+00
-2.858248554384654749e+00
-3.230926677962752791e+00
-2.021278468526153393e-01
-5.749196404767082935e-01
-1.004777193305066874e+00
-1.621002168402422949e+00
-2.169218636442083792e+00
-2.611261499067936143e+00
-2.925563372480830093e+00
-3.108162018118069803e+00
-3.158786575795355489e+00
-3.075217583463471183e+00
-2.757232350820201017e+00
-2.238222091085187326e+00
-1.619256216559451955e+00
-1.251103340484992943e+00
-1.383691052002955502e+00
-1.905743504112875408e+00
-2.578793002844032678e+00
-3.136584962739437099e+00
-3.559485998017272390e+00
-3.908178931430822622e+00
-4.251780947154491841e+00
-4.552559774103185575e+00
-4.802329147414481803e+00
-4.975302106671612989e+00
-5.134777522389170734e+00
-5.368427134379346377e+00
-5.550007098637088632e+00
-5.739594427247434183e+00
-5.877539996546390810e+00
-6.002091017474712409e+00
-2.936986103039499266e-02
-1.017535685194951439e-02
-2.144077735666162499e-02
5.704865626909337573e-02
2.607943570922423016e-01
4.636135298292203277e-01
7.155191820552838644e-01
1.109774725239107696e+00
1.694648892686608566e+00
2.303238034541688517e+00
2.805166662902166763e+00
3.369645067182931442e+00
3.987391709528508965e+00
4.623213501959231309e+00
5.243813930009010527e+00
5.729775054671415013e+00
5.853720423723002497e+00
5.774055712962162801e+00
5.548529907016856555e+00
5.304032022737803054e+00
4.897562495896677248e+00
4.346884046558417758e+00
3.722427090743185119e+00
3.121620508575880582e+00
2.485314382282149737e+00
1.963923523462689502e+00
1.479588410285892941e+00
1.118653587214700984e+00
7.240678612385198498e-01
3.913772840653618745e-01
-9.730280126235953120e-02
-1.492612064421074136e-02
1.211979798109564938e-01
4.374047037070084576e-01
9.332235688830561315e-01
1.634408570953576945e+00
2.394215077777608780e+00
3.131224576814223948e+00
3.873707097143228584e+00
4.477024795953697733e+00
4.929748855330644552e+00
5.237550052312356819e+00
5.335109430204487246e+00
5.299925723452787452e+00
5.155474240654873697e+00
4.881597368399852144e+00
4.505714614100417847e+00
4.049001292041472411e+00
3.543311354705813265e+00
2.947198317898595654e+00
2.430557164495201761e+00
1.973772361255945462e+00
1.569882539742798011e+00
1.296612337126710202e+00
1.029211582394569557e+00
8.272628513588616839e-01
7.947334784635413651e-01
9.776365265874800148e-01
1.239746250345331369e+00
1.730299176693336216e+00
6.717060205939682227e-01
1.279450119027608412e+00
1.813339725298167338e+00
2.263458711729691153e+00
2.619229747088744453e+00
2.922793535516305941e+00
3.019945583834872327e+00
2.917296015756281058e+00
2.643036117089069492e+00
2.312001644257932753e+00
1.915174432248359038e+00
1.451232918895108970e+00
7.904158880001197485e-01
1.303277637546097489e-01
-5.377258685160879459e-01
-1.277444298335946860e+00
-1.938221726776339970e+00
-2.347662741378027551e+00
-2.515121955387320973e+00
-2.549486782257553763e+00
-2.576105120881647004e+00
-2.693498025422716768e+00
-2.703012265679110904e+00
-2.581056062762226322e+00
-2.304890988487473980e+00
-1.989418041429000805e+00
-1.578393694501760702e+00
-1.157075288369037835e+00
-8.406032786999797501e-01
-6.288877039580677009e-01
3.597344747015872035e-01
7.554972887678808036e-01
1.009315227667182402e+00
1.040520397082650650e+00
8.967599002900423777e-01
5.934373537918323782e-01
1.791650283915132147e-01
-2.783418169508699580e-01
-7.511874936385398716e-01
-1.256347412557299315e+00
-1.714974301132322410e+00
-2.049343201328127861e+00
-2.409519317431067620e+00
-2.754470817863290399e+00
-3.106062434744476963e+00
-3.432644982715268966e+00
-3.714538973419310164e+00
-3.911518687821033069e+00
-3.977523823650272128e+00
-4.102102749764868328e+00
-4.245212149686506287e+00
-4.265862966048331373e+00
-4.267395195744776437e+00
-4.335071556986368257e+00
-4.468107683404679342e+00
-4.773647824024893183e+00
-5.210633685631163914e+00
-5.719013931614703061e+00
-6.199488862079975959e+00
-6.711336960996394652e+00
-5.210885874870203605e-01
-1.148417321847155836e+00
-1.600965702352278086e+00
-1.780750652333445094e+00
-1.642524672555657261e+00
-1.177884620334132215e+00
-7.930321212958888477e-01
-2.628532945144883559e-01
2.955855853407306499e-01
6.480665522193728156e-01
6.645716059137657394e-01
6.963316519301488983e-01
6.460474828245909018e-01
4.393647174077068285e-01
2.845095187182247187e-01
2.568751407034336465e-02
-3.667964034881408542e-01
-6.669835160966833820e-01
-8.843874376285245642e-01
-8.862463986061318577e-01
-8.841439280631268050e-01
-9.031611028224898474e-01
-8.430302141904204571e-01
-7.456463450482212485e-01
-7.549674970429255394e-01
-7.698229571950613304e-01
-4.257330887563191557e-01
7.925561834671773775e-02
4.393803224576526834e-01
5.955759055249927325e-01
9.631773728675672996e-02
8.046236472102782922e-02
8.702969260755985537e-02
7.311322581084662986e-02
-1.033384250952761041e-02
-2.053135736460826588e-01
-4.379387161155851027e-01
-5.630721500475152075e-01
-5.964493771802558131e-01
-5.220140532044410531e-01
-4.055558729747469893e-01
-2.817635610059259776e-01
-1.083905002533409323e-01
1.877831520356273154e-01
4.079490972603220245e-01
7.050025524164789115e-01
1.014759430888330538e+00
1.243481613554298537e+00
1.453474755763485282e+00
1.595253990759369467e+00
1.743298718425170479e+00
1.840297176497218246e+00
1.876234603188011052e+00
1.781041386228534584e+00
1.526221847508900220e+00
1.290944575450977849e+00
9.788987702877718355e-01
6.745555474396400797e-01
3.913767032415616520e-01
1.100092291598206984e-01
-2.751489474820469905e-01
-5.349554923219839164e-01
-8.048032343037938574e-01
-1.062322719658139958e+00
-1.298081380503182336e+00
-1.405377132381436800e+00
-1.625184354642253526e+00
-1.750526470592955519e+00
-1.677723578883221212e+00
-1.526353263052376175e+00
-1.383911264454761758e+00
-1.143234123133463509e+00
-8.507498805409678955e-01
-4.866679900906097922e-01
-1.680045750524079562e-01
1.451627890935441312e-01
5.612434581042636816e-01
9.291320172551955636e-01
1.311002245853905013e+00
1.566432618548883937e+00
1.578641898867098048e+00
1.385890678601676251e+00
1.130237457410646185e+00
9.220760127838203424e-01
7.174178244457011244e-01
4.883600619284643729e-01
2.024543688170272193e-01
3.042119599632908677e-03
-1.553229065400884845e-01
-3.870097130263849827e-01
-4.075948450859366301e-01
-7.334457035841193129e-01
-9.341687415300966579e-01
-1.100832473791278243e+00
-1.103154229555356025e+00
-1.055832970169372054e+00
-1.006954187153973113e+00
-8.984182351573510861e-01
-7.356359584088620895e-01
-6.031344837964470740e-01
-4.090651775609225327e-01
-7.504772918772656398e-02
2.684641532471864211e-01
6.927240210020874089e-01
8.982205150284165995e-01
8.734878692528105226e-01
7.270983503577193030e-01
5.882036022708783118e-01
3.400311052677575385e-01
7.482911140538789363e-02
-1.842509816379916399e-01
-4.345583292525572183e-01
-6.458375407977113847e-01
-7.041960696355962224e-01
-5.752769386206323388e-01
-3.274183469422042858e-01
-2.457831059874882040e-02
2.493551743900002116e-01
5.144845451464521435e-01
7.725338926025226982e-01
2.907071846391179326e-01
4.559597293751410096e-01
4.857426036719911244e-01
4.136307728074084533e-01
2.781258798695733780e-01
-1.334621385614320754e-02
-3.334161783122819300e-01
-4.844499482320003825e-01
-7.038711010018002812e-01
-1.127970688678859190e+00
-1.613950322114984015e+00
-1.973381810655287394e+00
-2.274384354650027529e+00
-2.458844152674771966e+00
-2.674399367060007915e+00
-2.809516134223049466e+00
-2.834869131807782772e+00
-2.808370295634934788e+00
-2.720520766177633387e+00
-2.559235418002507423e+00
-2.240109394228553263e+00
-1.967242243779740996e+00
-1.749680985319442161e+00
-1.427105219087781318e+00
-1.007985930348217041e+00
-6.378404215658306509e-01
-3.429132772378357119e-01
-1.546099411137493163e-01
-2.940763215846603496e-02
6.956893355617975450e-02
1.113974836262209139e-01
1.336609771589053475e-01
3.108753108454123670e-02
-2.659918489962549426e-01
-5.295501188977012053e-01
-8.411124134341312342e-01
-1.121798661800140540e+00
-1.471838422382636180e+00
-1.957111540905607239e+00
-2.260653802028375292e+00
-2.614356976831771817e+00
-2.956540786406888888e+00
-3.163928822337730651e+00
-3.322727464228389493e+00
-3.432480139166040445e+00
-3.482493727701383435e+00
-3.514093453407795220e+00
-3.390841413181017838e+00
-3.170350674591527529e+00
-2.967884310784006274e+00
-2.666040481284106978e+00
-2.261787044269545799e+00
-1.959628376642534642e+00
-1.664226640180610506e+00
-1.321632296414896546e+00
-9.211181324964399231e-01
-6.190734072997035042e-01
-4.459465991154122344e-01
-3.461523295139893319e-01
-3.060454584126000577e-01
-1.433666353282198325e-01
-3.776306445379676302e-01
-6.225406732473286464e-01
-8.940222820926844172e-01
-1.131488150682220084e+00
-1.318267522540037318e+00
-1.509039719631110277e+00
-1.607779913518183390e+00
-1.652695855379356260e+00
-1.684013602354463401e+00
-1.764170106873293120e+00
-1.771018785038717569e+00
-1.799275283365804556e+00
-1.767709043645698364e+00
-1.662974136916614443e+00
-1.548258828999407255e+00
-1.285755852584512304e+00
-8.799144068725847090e-01
-5.116786451787916912e-01
-2.461216891993815992e-01
8.445912252810772181e-05
2.244138352103507983e-01
3.607104120080166232e-01
4.242424199482047187e-01
3.754480564411445398e-01
2.140153019032333959e-01
7.648331189458670853e-02
-1.482405532487050259e-01
-3.657533462697541982e-01
-5.061081324790525082e-01
-2.298698383109821497e-01
-4.666320619187317442e-01
-6.722010455677743801e-01
-8.862079145275093550e-01
-9.892302386881558496e-01
-1.072140304725162974e+00
-1.258707517349985761e+00
-1.493635348952595532e+00
-1.703818390428390117e+00
-1.740662013520321239e+00
-1.744700637946291710e+00
-1.718680778960778976e+00
-1.624639485375925840e+00
-1.573517388928140637e+00
-1.518042464816042436e+00
-1.396716328563656351e+00
-1.085159796490519524e+00
-8.568038380770143236e-01
-6.586795866071656347e-01
-4.605472372874186426e-01
-1.776330238030972009e-01
5.712198573521268252e-02
2.718776163232237142e-01
3.958388842530546348e-01
4.325629951196074408e-01
3.823378492220389502e-01
2.175628714322739299e-01
4.662893767727074867e-02
-9.348058328398803352e-02
-3.105525806730325411e-01
-2.343177369446289848e-01
-5.339248257183744073e-01
-9.109344716638345663e-01
-1.244687220207618683e+00
-1.479074094118947080e+00
-1.655459067697680808e+00
-1.741724635688550960e+00
-1.749505451038297688e+00
-1.711679872094872712e+00
-1.612551717146483821e+00
-1.502983744887219197e+00
-1.292728641435340498e+00
-9.898315932334298406e-01
-7.625699647234048806e-01
-4.789630349765048867e-01
-9.149807422472955309e-02
2.549289460371316762e-01
6.928921998793140524e-01
9.812500266359773793e-01
1.111239168526382715e+00
1.217868228213869308e+00
1.384554547865715524e+00
1.474910122338509044e+00
1.490797399814461910e+00
1.345696315069532467e+00
1.136254232200229364e+00
8.859910894625411260e-01
6.263125193173928462e-01
3.833860665191836659e-01
1.858637193380319463e-01
-2.617566043480296090e-01
-4.911743912491408626e-01
-6.029826165354785772e-01
-7.728688362382377663e-01
-9.222632629417129024e-01
-9.786268860258959812e-01
-1.011476077150421204e+00
-8.904853774651967369e-01
-5.609915531023517143e-01
-1.942389281890211095e-01
1.384182155272360437e-01
5.506622408029019367e-01
9.493292217538640276e-01
1.319787395639442806e+00
1.622458176140458175e+00
1.850007657139065786e+00
2.033349058065562431e+00
2.207764481199605999e+00
2.463924759040370560e+00
2.762642854752077604e+00
3.030624803487961483e+00
3.152283642006630693e+00
3.095647807575600208e+00
2.909529683216280471e+00
2.610590395787505624e+00
2.467479830781205585e+00
2.211518013563326335e+00
1.677156113211613064e+00
1.264843109112343100e+00
9.917840980519030403e-01
-1.150874936161015577e-01
-1.817039356111936621e-01
-2.378982108725370415e-01
-2.931032818455638345e-01
-3.751958757144846501e-01
-3.641340325820529022e-01
-2.248026089055668308e-01
-4.612013338177112232e-02
1.146024984073856223e-01
2.039241105710837831e-01
2.876440647282338392e-01
3.266378903130721656e-01
4.624031951785582129e-01
6.131457768826347188e-01
7.058846034174514061e-01
6.808456020636994843e-01
5.703660367112843854e-01
5.351300011522580613e-01
4.706522089432583766e-01
4.334932488769489556e-01
3.560434922211709319e-01
2.659806116305967194e-01
5.711279071983363376e-02
-9.082559672027837316e-02
-1.501219090994041772e-01
-3.356289729290714563e-01
-5.295025182197432567e-01
-8.258418764957645708e-01
-1.155504755404139772e+00
-1.194977036511873258e+00
-7.708320853321785904e-03
-1.315537899136585420e-01
-1.630388140798667840e-01
-2.364768528919296009e-01
-1.757080932579159482e-01
-6.381818614279922974e-02
1.807420993692064604e-02
1.726390455335408691e-01
1.792232933169800868e-01
1.506418406954691258e-01
2.678793028656274444e-01
4.988147363263530920e-01
8.089892760547394701e-01
1.057288932649957047e+00
1.329538030326336440e+00
1.421159697498645347e+00
1.461019896397568463e+00
1.567073054695356848e+00
1.646687408032540212e+00
1.664630098373055755e+00
1.638864098746703357e+00
1.559764853222890046e+00
1.551055291733381303e+00
1.521731259054732055e+00
1.300809492339922713e+00
1.121720940423164947e+00
9.273142831923006923e-01
9.054035587476991775e-01
9.193913656654748578e-01
8.183138443456343669e-01
-1.145560189589077266e-01
-3.611254694340770288e-01
-5.068540993576475806e-01
-6.686146086594225713e-01
-8.424075226690320717e-01
-1.019693014951845278e+00
-1.231168589524293200e+00
-1.333690210132682408e+00
-1.235666011312998691e+00
-1.008210258177723917e+00
-5.811679181539237682e-01
-3.969157781139309726e-02
3.754776245468229301e-01
6.156514275570192929e-01
7.033741182051881369e-01
8.979543670560659052e-01
1.141437676633570986e+00
1.318951994334730760e+00
1.367961101797474432e+00
1.344930958056655301e+00
1.313571675703771202e+00
1.314839175459268095e+00
1.246041486839898127e+00
1.100722110706179313e+00
9.170510859405578419e-01
7.103542443672901108e-01
3.693434059000588188e-01
1.008296326310614832e-02
-3.005755625851694868e-01
-5.707535004176459426e-01
-2.562735008514174795e-01
-7.803965701118575904e-03
7.575428491860545233e-01
1.694032714673356033e+00
2.398821695051006841e+00
2.897661715887946965e+00
3.219213208534806636e+00
3.252325262385030946e+00
3.154023459318154199e+00
2.974703616283251417e+00
2.619487625754931326e+00
2.027844335526967967e+00
1.597809117066100848e+00
1.322920983856671340e+00
1.090250449465048010e+00
8.870704458069758047e-01
7.369732092769150089e-01
8.307634489333175498e-01
9.616655631923515246e-01
1.024125063917881162e+00
1.032659558832849989e+00
1.045104437534099651e+00
8.783462619130526505e-01
6.890534538308418222e-01
5.366499548622474247e-01
4.349400940035119678e-01
5.758214385415596492e-01
7.740053315241606224e-01
8.314163355192140115e-01
9.505978595364623640e-01
8.933293732876043669e-02
2.078020159889628071e-01
3.921533904347783706e-01
6.112572087412483368e-01
8.009854125867194030e-01
8.947231814934992755e-01
9.372965988644585966e-01
1.083787856684658379e+00
1.203169008951621155e+00
1.294650088337292670e+00
1.332274120617267243e+00
1.301033172524736159e+00
1.046825551206423732e+00
9.160849169950184834e-01
8.654093567098622986e-01
7.254152780495251029e-01
5.083523265299598748e-01
4.051477434501431496e-01
2.999291920695796865e-01
2.163921506162790886e-01
2.115584508222852211e-01
1.289542610806288514e-01
1.026879200103279766e-02
-4.269871208516554453e-03
-5.781073213758231889e-03
-4.315301363514704308e-02
-1.679163189663496203e-01
-2.978311127052051255e-01
-4.649981469361472719e-01
-5.925594649594574381e-01
-7.558324661578226522e-02
-6.971162228872875011e-02
-1.619406085904209758e-01
-2.373804426544073864e-01
-2.839031153034540789e-01
-3.392502601319811184e-01
-4.127842621172871374e-01
-5.113326589183418980e-01
-6.010462645085421496e-01
-7.015445693855707487e-01
-7.107427606270827480e-01
-6.383794981270457525e-01
-6.427530291756610170e-01
-6.275750411685067087e-01
-5.146419694796869893e-01
-4.459394449228097912e-01
-4.147659532862885690e-01
-2.250199022753262557e-01
-2.581526288562216442e-02
3.976258919192947328e-02
2.130781653011784571e-02
-4.509831887991280763e-02
-3.160934456747070687e-02
1.197255499908621429e-01
3.974672032649033404e-02
-6.610935846461660215e-02
-1.268389511284874205e-01
-1.446698856186849069e-01
-1.669445695352690662e-01
-3.043710017800507761e-02
1.302200588514908497e-01
1.668564184699909414e-01
3.906051331890064704e-02
-7.295884153834410191e-02
-1.179494063061354292e-01
-1.939258501947329905e-01
-2.748348145008983057e-01
-2.263473417241422814e-01
-1.960230065456221304e-01
-2.511278621863177740e-02
1.243162482313759087e-01
2.373189368090338758e-01
3.979119695272248514e-01
5.350679483119211710e-01
7.490659823275390705e-01
1.048398922934907773e+00
1.261798743306322912e+00
1.401881638021746923e+00
1.508622792209066477e+00
1.447720849694316358e+00
1.269691259267308414e+00
1.195550922951809980e+00
1.009688547337559195e+00
8.749806627276446314e-01
7.823168526022731273e-01
5.711785322166242906e-01
3.043620843313979973e-01
-5.159259575968599965e-02
-3.872615089938855060e-01
-5.432903967203484008e-01
7.640969194231643502e-02
2.427535815853453238e-01
3.392099455624454918e-01
3.761819120737829314e-01
4.287962612914234528e-01
5.597019781934338134e-01
6.764254287365200069e-01
6.958732969940283342e-01
8.199013012739745365e-01
1.082187500755452891e+00
1.284893586288601064e+00
1.615652195664200264e+00
1.832097703405972222e+00
2.031992457822801246e+00
2.362097600864736968e+00
2.552082626860581627e+00
2.689508819436796649e+00
2.828665423668361711e+00
3.011088886974186529e+00
3.270141632810516175e+00
3.504019861389528145e+00
3.612001081628816834e+00
3.729404062407817744e+00
3.509120946996067580e+00
3.195060742847366075e+00
2.880973598912587086e+00
2.429984092606464419e+00
2.097125897606359146e+00
1.912654319274741610e+00
1.623239047664332579e+00
-2.489121323677016273e-01
-4.064734844152723126e-01
-4.314262347325681923e-01
-4.547741754258641245e-01
-4.655587055314526213e-01
-3.645171522246165030e-01
-3.045344062367563720e-01
-1.795315265271598126e-01
-9.770450514953926691e-03
2.354937133722521253e-02
2.390757278490693999e-02
1.615585382451641960e-01
4.225880160009078956e-01
6.911387307543437331e-01
7.700849747108681198e-01
6.527963949561860213e-01
4.897455534828712431e-01
5.086937049008252165e-01
6.810275323276299142e-01
6.836420883326410625e-01
4.841273192700090711e-01
2.158163832881957456e-01
-7.844104413247404706e-02
-3.373495007314197269e-01
-6.785607024160974499e-01
-9.067374938829516617e-01
-1.123601395291109917e+00
-1.149271755280238949e+00
-1.075485317996229151e+00
-1.015668972231797973e+00
1.260756859923226059e-01
2.740589691868691169e-01
3.996047615022491062e-01
5.974244118470107834e-01
8.486522236414588694e-01
1.027759871800774549e+00
1.159229748995280751e+00
1.286283984948052517e+00
1.348551358690072588e+00
1.622153949910304371e+00
2.052631835468639032e+00
2.361293156031038176e+00
2.478521542382557286e+00
2.584778151628035481e+00
2.656976286136699450e+00
2.493388578315170356e+00
2.165308020626600882e+00
2.058446454856917018e+00
1.989046817556899605e+00
1.846312098871628837e+00
1.712388035860693325e+00
1.487354103338124567e+00
1.217341283683615050e+00
1.009799034243692883e+00
5.994501177095807876e-01
3.520143517315303394e-01
-4.704532590107179946e-02
-2.250675446025845461e-01
-2.467423846203451732e-01
-1.065807611847657821e-01
2.887845052183943273e-01
4.466691769166796222e-01
4.871402147896072843e-01
5.282360248895211496e-01
6.073565432805951847e-01
6.621857414367948724e-01
7.208220298805435577e-01
8.292571714370567948e-01
9.367269897517297439e-01
9.965273559705377648e-01
1.066821165008448702e+00
1.242043126734920122e+00
1.449277608990645394e+00
1.572005253993512763e+00
1.643270223574951672e+00
1.615948541198806598e+00
1.494692220159453466e+00
1.401575530954829452e+00
1.317076345299577955e+00
1.172939407090897612e+00
1.086066509073147390e+00
1.087776055404133579e+00
9.918461596114376277e-01
7.377847557311055793e-01
5.302439832517693574e-01
3.804090866107402436e-01
1.943092386959434370e-01
1.528445072278217243e-02
-7.016991103487400794e-02
-1.242011348382434099e-01
-7.994604407027419701e-02
-6.519454876051307413e-02
5.696509791292635183e-02
2.520360592781741849e-01
5.544994720783111841e-01
7.854530998603664882e-01
9.903197185297416549e-01
1.317884938989252408e+00
1.738007426692209201e+00
2.200404454625321193e+00
2.683927878946199108e+00
2.888239809112151057e+00
2.884653657051569287e+00
2.773092231479365566e+00
2.655389211093405422e+00
2.605335082782616496e+00
2.484362920625315052e+00
2.339319810384647980e+00
2.141416398083556327e+00
