2.111804684817963074e-01
3.383984714146184847e-01
2.780153711937966010e-01
2.209208610904304648e-01
1.846484166495325763e-01
1.034280132501344540e-01
1.076327862707954913e-01
2.110831732294962682e-01
1.833458606922089840e-01
1.985870333548269417e-01
1.531954421510521580e-01
2.083729613678935444e-01
3.078630871668425750e-01
3.121409478988237951e-01
3.455015066509871668e-01
2.841598763365694169e-01
2.693082283960575030e-01
4.525752667782939054e-01
5.323730237603092608e-01
6.813144193289213391e-01
8.668972118493692980e-01
9.788439640113260065e-01
1.038674569087881139e+00
1.042536357575140515e+00
1.089997289908804845e+00
1.072146986621892450e+00
9.719061760290705898e-01
9.270837543350666232e-01
8.365715107510873771e-01
1.038781362559993218e-02
1.151646525760951084e-01
1.719781990131078742e-01
1.986925702634344537e-01
1.797328040558069384e-01
1.298608709335710987e-01
1.244110389179412107e-01
2.416982360110148664e-01
3.347174176551155345e-01
3.086453783597754019e-01
2.994262954586790482e-01
3.706037180558657274e-01
4.972582830523518682e-01
6.580828732779058221e-01
7.291511015998904943e-01
7.690558299571637058e-01
8.587821299314410961e-01
8.941557598980023336e-01
1.022000043731192021e+00
1.093345435352623296e+00
1.157822401241123567e+00
1.299660981344788580e+00
1.307449832276054602e+00
1.401814952432306915e+00
1.572603812293302594e+00
1.686857055276892225e+00
1.781975210437859669e+00
1.754959165484830219e+00
1.827889137085853433e+00
1.822710257175512050e+00
-1.034884318738708842e-01
-1.871728637115314120e-01
-2.407764527620772643e-01
-3.567649528998041997e-01
-3.938393244648106251e-01
-4.732249632336207323e-01
-5.563148064153481398e-01
-6.527718442987407999e-01
-7.644914086616388937e-01
-8.265835061211287416e-01
-8.300768690512841941e-01
-8.565274979397788924e-01
-8.948924780813413138e-01
-8.708488416553556988e-01
-8.122562834513155083e-01
-7.764995214622549824e-01
-7.598227663159122791e-01
-7.722137632539284313e-01
-7.602735461288088192e-01
-7.883337713525147006e-01
-8.261137698047573696e-01
-8.201722363896842838e-01
-7.506717240736265895e-01
-6.418137535316885689e-01
-5.529204826989437827e-01
-5.156588575393177276e-01
-3.770271579118531502e-01
-2.604771283812259419e-01
-2.370612643724407109e-01
-1.959072237999303079e-01
-2.726108598597446440e-03
9.373999338463993858e-03
6.059450513256009474e-02
1.718302734554806588e-02
2.686041974505198882e-02
7.184074594868776475e-02
1.483746002822213805e-01
2.010786051867601287e-01
2.478612423883166938e-01
2.318603567472145577e-01
2.231777266838837204e-01
2.498760853750190136e-01
2.901183199404099855e-01
3.584721669772448771e-01
4.888218610583139334e-01
6.136810910632772842e-01
8.264037137474262718e-01
9.444193864905952029e-01
1.009712136823341488e+00
1.097282958057591351e+00
1.126109818432571963e+00
1.195093214641510304e+00
1.235916948588572595e+00
1.198164571323404370e+00
1.136607572826334511e+00
1.137868901561712054e+00
1.216924325306692811e+00
1.333956636967303488e+00
1.671702430211335688e+00
2.097906535544478146e+00
2.345936810321766486e-01
3.375956887403288587e-01
3.128545341788553924e-01
3.789932323293045968e-01
4.251239473422440129e-01
3.977469237028209426e-01
2.620456367754812055e-01
1.946411445338951385e-01
4.099719435171408910e-02
1.356536046262473219e-02
4.421799642819969692e-03
-3.464601249167769542e-02
-6.424115630479985961e-02
-1.288036166226129431e-01
-2.718071499066228580e-01
-3.586683902176528993e-01
-4.070025919805172476e-01
-4.613536557508527425e-01
-4.912836213851355383e-01
-5.230944107748614069e-01
-5.144807155209488725e-01
-3.969659862930045024e-01
-2.105587813018459098e-01
4.696428147919157192e-02
2.034164293653905886e-01
3.584613415773162393e-01
4.256685668109841392e-01
4.775663754574304698e-01
4.365329859679605295e-01
3.836521767868092403e-01
-1.104839904971220838e-01
-2.018255314632211861e-01
-3.276812494891302441e-01
-4.288977322358561439e-01
-4.696863557255356869e-01
-5.356977299690992567e-01
-6.294737400884973244e-01
-5.942393693916935282e-01
-5.210935899667212823e-01
-3.183574593664953989e-01
-1.741576862860756136e-01
-1.147735629701468474e-01
-1.034323403807834579e-01
-1.368720771716248896e-02
6.531758105848414764e-02
1.303358931742976123e-01
2.134300219278241761e-01
2.577220621130236755e-01
3.488854505807246764e-01
4.314570996697527638e-01
4.919426499839198441e-01
4.652337383672874860e-01
5.048604958857950686e-01
5.722005747463918546e-01
6.137321818802866646e-01
6.744573543902278034e-01
7.065829949181671177e-01
7.985097380521537502e-01
9.327221819366557920e-01
1.053393716877762953e+00
1.191740865448444736e-01
1.559493797647041602e-01
1.847529081932914319e-01
1.995694197390320834e-01
1.927500938716130152e-01
1.801869263826600953e-01
7.302832653788812745e-02
-1.609411430869225057e-01
-6.404314609297643290e-01
-8.141439748595236114e-01
-5.892739558418635948e-01
-8.657998633016017465e-02
3.138399861107813993e-01
6.237774194824612373e-01
6.688803812535125681e-01
6.748028218607504680e-01
7.142488884789328640e-01
7.740533133265883325e-01
8.991792534015793370e-01
1.010017171075795250e+00
1.127525771598382187e+00
1.267696403757427648e+00
1.253132688387027072e+00
9.400700447579717345e-01
7.206452196449160130e-01
7.289287939399280436e-01
7.857055388166461762e-01
1.011139092569610431e+00
9.652926692111916118e-01
7.934019239890193198e-01
-1.812330024288008046e-01
-3.366684647205421266e-01
-3.653423810227490187e-01
-2.055236210237383621e-01
-1.231241928916543688e-01
-8.399215378395491483e-02
-1.080423008438626681e-01
-1.759358298865648096e-01
-3.775041430054852931e-01
-5.095069118479109704e-01
-5.776632423438767816e-01
-5.520916585786465047e-01
-4.495486072857494131e-01
-4.017318588250016198e-01
-3.199809125887667638e-01
-1.707645532269405353e-01
-7.030152680045749503e-02
2.105963028670874981e-02
3.287085891935741244e-02
8.864075610615201883e-02
1.614591517052778036e-01
1.872194342865569627e-01
2.624995816490534040e-01
2.218396786307346435e-01
1.833766972444251242e-01
2.252089959701435995e-01
2.546351552123705120e-01
3.235998308715896665e-01
3.716651723705283183e-01
4.238509308502682593e-01
4.919042825656800427e-02
-1.450521574247185669e-02
-2.425444020802326739e-02
-2.076785574713474469e-02
1.061038729309724260e-01
2.597181497626893099e-01
3.827380277524690122e-01
4.754369443062244627e-01
5.732569702226426589e-01
5.497898304212602838e-01
5.120414080061749251e-01
5.876473645887796415e-01
5.677995788541514433e-01
6.365956368932531584e-01
7.139560207975245154e-01
7.246193046906674873e-01
7.208199030064670332e-01
7.501834079362467156e-01
7.212263981616334751e-01
7.056935133813346805e-01
6.613739967494276506e-01
6.275683051838359949e-01
6.563211772943062794e-01
7.307907049072210892e-01
8.614831954713819684e-01
9.077280808886345476e-01
9.435560451174490604e-01
9.332103198078914863e-01
9.999169290266785026e-01
9.935854445346891106e-01
-2.240561320021117533e-02
-1.141282214123475608e-01
-2.416699577376310026e-01
-2.595966062927241857e-01
-3.156327638152627846e-01
-2.678347752130784132e-01
-2.256307429422598765e-01
-2.053286099327341074e-01
-1.476735210367590700e-01
-2.448352519613232470e-02
2.105560847792843360e-01
3.807436036164366655e-01
4.693631980385863378e-01
5.000922572649629805e-01
3.398119396715751916e-01
1.492304780645719864e-01
-3.790352511168160188e-02
-1.275247070964096729e-01
-1.565690738401923077e-01
-3.331066208584053667e-01
-3.453226034791055388e-01
-3.718999802706270397e-01
-5.020537822212429724e-01
-5.767512249862560836e-01
-7.179533548516884300e-01
-7.748115072016944493e-01
-8.320857560105626716e-01
-8.705080564277554167e-01
-7.794922894150807524e-01
-6.799861579796552258e-01
2.801637156310422122e-02
-1.651687035542918902e-02
-1.672949182903308851e-01
-3.379124487707113600e-01
-4.914545874843607165e-01
-6.268296920584123244e-01
-6.751567856088389608e-01
-7.217701869345891641e-01
-7.302851719569107836e-01
-6.940003464550028589e-01
-5.727596602126570069e-01
-3.857607126910127526e-01
-2.372652978014790637e-01
-1.550870842189976395e-01
-1.920892980583632781e-01
-2.481752299645663962e-01
-2.295805163236244173e-01
-1.531649934677039859e-01
-1.056848227262890405e-01
-1.406411151888806721e-01
-7.553876163174957914e-02
3.364341712103827153e-02
3.234940175938820772e-01
6.528555935359525719e-01
8.846526523431607059e-01
1.096696372733077185e+00
1.248339310972333305e+00
1.417289627158322185e+00
1.590960772012381064e+00
1.748110951409733715e+00
3.936277182109759049e-02
1.206505884853902866e-01
1.627160258911146129e-01
1.648859418104720032e-01
1.607601552408813306e-01
-5.279038050767292933e-03
-3.536885875802331380e-02
-1.146171036082496986e-01
-1.955328916490111091e-01
-2.387422420879716511e-01
-1.394455170703270408e-01
9.282839286656491273e-03
1.243866478393489960e-01
2.029102234747034439e-01
3.234210103867057873e-01
4.012533056093884332e-01
4.306401648168021734e-01
4.712053971111792583e-01
4.841981543593238957e-01
5.238253641373115110e-01
5.274434367912326227e-01
5.039545478483116181e-01
5.769902544698899405e-01
6.106998842884796552e-01
6.390705319670081375e-01
6.812995139835306135e-01
6.924501017355960686e-01
7.063557334699761547e-01
6.335338201063245300e-01
5.650971494051821864e-01
-8.834060804197439720e-02
-2.276619190894594302e-01
-3.173898848057375432e-01
-4.609157622946192245e-01
-5.873622823274792237e-01
-6.015583479407647927e-01
-6.939810176629214178e-01
-8.327347793747826854e-01
-9.988599437881169330e-01
-1.171120677688739509e+00
-1.314502010618304295e+00
-1.363451735089760586e+00
-1.396445917826445893e+00
-1.385834104867746275e+00
-1.369258959965525158e+00
-1.360977234708806272e+00
-1.342953222659144963e+00
-1.392396547313600630e+00
-1.430557526264439883e+00
-1.560969262726266571e+00
-1.683194412088758751e+00
-1.807359162992349555e+00
-1.926308441154443329e+00
-1.964293835063235960e+00
-2.008191251183235160e+00
-2.125573827692884166e+00
-2.143211052782109327e+00
-2.135131060749267284e+00
-2.029405888135119351e+00
-1.952710240257102603e+00
3.525055206314206546e-02
1.119911512755009664e-01
8.072017823124433278e-02
7.842108632518583755e-02
1.105657286994239652e-02
-6.229267421698075902e-02
-2.236377058046967459e-01
-4.130190827504859330e-01
-5.803842682772503148e-01
-7.052170551914302976e-01
-8.141521454561839732e-01
-8.931571102466020484e-01
-1.020171015416384774e+00
-1.009914813338343320e+00
-9.850649650378716649e-01
-9.458171345370459671e-01
-8.977171122945847292e-01
-8.594466728289714696e-01
-8.339247169047470098e-01
-8.352352553157645909e-01
-7.919465450921360228e-01
-7.542876676519714163e-01
-6.901771989315258482e-01
-5.811072158587389236e-01
-5.102142366696383879e-01
-3.693808628894836854e-01
-2.672395556561319996e-01
6.222579216168239169e-02
4.650356094720094480e-01
6.822920167873364194e-01
1.062597851358008383e-01
7.066821114039342766e-02
8.855847313778718310e-03
-1.414181993515626484e-02
1.098578753176866485e-01
6.605923018701190808e-01
1.212198910963845577e+00
1.701705409172026284e+00
2.054179390976742070e+00
2.499657085009415525e+00
2.960249107416169423e+00
3.465688549338909574e+00
3.462776340962448796e+00
3.335966002705697431e+00
3.372964083853131623e+00
3.412094962926887742e+00
3.586574633624078690e+00
3.730932183164663574e+00
3.759092778171769567e+00
3.775822398249494949e+00
3.849895272856589834e+00
3.997473814842711803e+00
3.997621988207022969e+00
3.943679493931951274e+00
3.913377657149161415e+00
3.783103825048445223e+00
3.723324391685342682e+00
3.571855677669582008e+00
3.415519888876108023e+00
3.127312786234176301e+00
-3.249796384346300138e-01
-5.303711992752977444e-01
-7.812483076913381286e-01
-1.039759687761914408e+00
-1.264625454982718056e+00
-1.518446203263705385e+00
-1.703730028976551347e+00
-1.848929616521758579e+00
-1.936639398905352971e+00
-1.898723590502611414e+00
-1.868953217687860491e+00
-1.848846244411827433e+00
-1.816493099115351839e+00
-1.776392292491646874e+00
-1.629740103359525349e+00
-1.528745886719169222e+00
-1.397701571419075695e+00
-1.309770255061589728e+00
-1.350964037567269349e+00
-1.251008656368914673e+00
-1.198610363838553683e+00
-1.150732773241499585e+00
-1.130633508810845234e+00
-1.189839097359815856e+00
-1.184458221870764660e+00
-1.285601483405015122e+00
-1.389957962021936888e+00
-1.464235668191468331e+00
-1.581197437366579139e+00
-1.601574378858895420e+00
-6.512988494275108453e-02
-1.710358719082180068e-01
-2.114963337549684297e-01
-2.483635072037082558e-01
-2.811978393255856190e-01
-3.240819322779727729e-01
-3.915133426257250693e-01
-3.828086257884540933e-01
-3.692279437910899187e-01
-2.732686538621215133e-01
-1.729475659878959570e-01
-1.104780624751614815e-01
-1.051438767064886010e-01
-1.121067001309232480e-01
-5.226400856018176971e-02
-6.602577871233736295e-02
-1.007317121000262383e-01
-1.040767715982710007e-01
1.599698685866986214e-02
2.625106652369031401e-01
6.183181152083816468e-01
1.015187104592037759e+00
1.259542647951576777e+00
1.385848078488639779e+00
1.493120840537355942e+00
1.627505098280221718e+00
1.704181542791826542e+00
1.698735830746682218e+00
1.614171963649603248e+00
1.625452065570633264e+00
7.486710550542352571e-02
2.010796218735589058e-01
4.112939576827413513e-01
4.589698982567740337e-01
5.080911384031244760e-01
5.819224412687903358e-01
6.638325134488016754e-01
7.068415940167823708e-01
7.038459290345587815e-01
6.879443112579260999e-01
7.832030977103638936e-01
8.519825371521684287e-01
8.196571752526486954e-01
6.718568741914491271e-01
3.469965978972476273e-01
-5.175784487598605876e-02
-3.384098245964234364e-01
-5.280269803370649662e-01
-6.797030196498965449e-01
-7.049473699034869423e-01
-6.260519453901620679e-01
-5.184407438707602234e-01
-5.134463544834952931e-01
-5.135695281250218791e-01
-4.721259962618816752e-01
-3.958803419980020388e-01
-2.592647863921724305e-01
-8.028793752993160227e-02
6.049684310042663382e-02
1.582895715266937897e-01
1.241620114615610559e-01
2.650480033078184139e-01
4.359859791792381478e-01
3.841368606317809298e-01
2.306530719893087611e-01
-7.809487067233958357e-02
-4.408246734802339084e-01
-6.940907313100530551e-01
-8.844639304073850239e-01
-1.018227466622036559e+00
-1.121454066151382989e+00
-1.191627992955766491e+00
-1.265384009054594694e+00
-1.418679812341880897e+00
-1.556043847627051502e+00
-1.561063880180086016e+00
-1.604671694184312658e+00
-1.646180729808063514e+00
-1.764874088438817434e+00
-1.946623465463396263e+00
-2.144064294748646571e+00
-2.314954316205855456e+00
-2.566030034909718704e+00
-2.681270377813619099e+00
-2.684025147416639889e+00
-2.607159199271535499e+00
-2.541588852530964893e+00
-2.451242250424973790e+00
-2.260826639903867008e+00
-1.978829370747225758e+00
3.181951865771202592e-01
7.118868846423044294e-01
1.096539794519800104e+00
1.448256117242995966e+00
1.892265205006681050e+00
2.286372956312961779e+00
2.623074721419791366e+00
2.887310545506189818e+00
3.084149381741666307e+00
3.215731700458416498e+00
3.474267455761697487e+00
3.656207278495560598e+00
3.841694529793992618e+00
4.037736338047026585e+00
4.113990071726029818e+00
4.114585723155992802e+00
4.084000210453325508e+00
4.026319875681983795e+00
3.957367272685234472e+00
3.876484584433645075e+00
3.870954379510946897e+00
3.964330607346686630e+00
4.180188352529594198e+00
4.377961156060010239e+00
4.451850938748911801e+00
4.468104584680803626e+00
4.384635974494332622e+00
4.262176855431155431e+00
4.180452092130560793e+00
4.110745695481353934e+00
-1.974650742760914249e-02
-6.616989970325559689e-04
-5.195171065670028607e-03
1.896016096637098691e-02
2.256012445535285002e-02
-2.021595214235072727e-02
-5.667317566002336160e-02
-8.493565734140295920e-02
-1.294310344117549361e-01
-1.739681204912318924e-01
-2.604992573327442051e-01
-3.397817130186288059e-01
-3.789483787588122099e-01
-4.376408131322230277e-01
-4.551757321071206452e-01
-4.602680788791182476e-01
-4.681894379381900118e-01
-4.821606097016739034e-01
-4.894709844919571395e-01
-4.231001953017073935e-01
-4.205585838690094613e-01
-4.672648731945840961e-01
-5.364494298702398023e-01
-6.352074623182459856e-01
-6.892960542469460661e-01
-8.504676849202233990e-01
-1.075938967290804849e+00
-1.272850172377216760e+00
-1.401700880252764403e+00
-1.452674327237427843e+00
-6.743078614940918591e-02
-1.031263784335219036e-01
-1.434389053384566570e-01
-9.251055264453846017e-02
-5.899340627185722941e-03
-4.247737476927135880e-01
-8.242804069380649246e-01
-1.123122097766241723e+00
-1.149025917950881714e+00
-1.078343679796055943e+00
-1.006578187519898693e+00
-9.696836585997149482e-01
-8.344537681076434898e-01
-7.674171139539878173e-01
-7.416412985815741266e-01
-7.366520753724552506e-01
-7.602901319956784087e-01
-8.080707229026343752e-01
-8.509348584559690565e-01
-1.025831008536112865e+00
-1.127271810061695634e+00
-1.195810373269767579e+00
-1.097904857678130952e+00
-9.723220647192010180e-01
-8.163185458878439160e-01
-6.424224194240009123e-01
-4.946539804885519143e-01
-3.227753376350873671e-01
-1.336601051018793118e-01
7.258533810314513057e-02
2.602816517035729249e-01
4.942869151007777684e-01
6.214699801799424828e-01
7.427629034909837280e-01
8.410012533865383055e-01
8.432426276676981969e-01
8.741138504825254341e-01
9.613918866256402351e-01
1.182190561643339910e+00
1.382638051662796741e+00
1.589605009727386165e+00
1.773580877121280874e+00
1.931735184422208373e+00
2.126742767408750456e+00
2.319839323233627404e+00
2.549204313163063951e+00
2.706413435739256634e+00
2.807266422106573067e+00
2.915235765664660583e+00
2.938596914938597315e+00
2.919598802160857431e+00
2.971096422718161989e+00
2.987732787834117332e+00
3.002163877048739771e+00
3.054099814317539519e+00
3.197682443058524449e+00
3.323559552632346037e+00
3.337580905403330078e+00
3.310593993849590966e+00
3.307292218225026392e+00
-2.942935270858005117e-02
-2.836473045795038367e-02
-1.918970315897313567e-02
-4.424012091597515073e-02
-4.896781188241421806e-02
-5.048908323828350114e-02
-1.145273383439218695e-01
-1.690980434995712767e-01
-3.254406621191610061e-01
-5.740797792240482922e-01
-7.796942437566674045e-01
-1.039867636219808711e+00
-1.275728247926969816e+00
-1.521818858140867814e+00
-1.675788830074514291e+00
-1.711375333879119998e+00
-1.672936864038245153e+00
-1.527971778384053625e+00
-1.334097959985173221e+00
-1.245030604105810346e+00
-1.221277443274406460e+00
-1.236096140497245921e+00
-1.227390710254313122e+00
-1.145136095881898797e+00
-1.117632652869340770e+00
-1.109616940039861888e+00
-1.121479401025778477e+00
-1.128280252295061459e+00
-1.133564369045702014e+00
-1.208735332010626884e+00
-8.440977661671757171e-02
-1.142942333299711705e-01
-1.240324802575019092e-01
-1.881567061498433668e-01
-3.046101931283417552e-01
-5.308973053554794097e-01
-6.697162814420845045e-01
-7.457259334180553756e-01
-8.204954419046867065e-01
-8.553278049840536967e-01
-9.038741036955825203e-01
-1.053312018301763908e+00
-1.156261168480155366e+00
-1.164915924561978899e+00
-1.226046862464643672e+00
-1.262823537471672752e+00
-1.267292104478789705e+00
-1.199645078607551874e+00
-1.059914316505474963e+00
-9.568876577507516856e-01
-7.437750863820739022e-01
-4.967230031112698230e-01
-2.785528905133945465e-01
-7.661648361552039765e-02
1.057721695842593623e-01
2.377527040219659382e-01
3.441431518386082189e-01
6.025222638995650914e-01
9.532726885466125122e-01
1.380091190604294971e+00
3.581589911084536171e-01
5.515348062617798641e-01
7.848837173146209212e-01
1.004520907269512486e+00
1.157225332666313999e+00
1.282360987330820601e+00
1.296303593930284048e+00
1.277571003146720896e+00
1.271768741997818974e+00
1.259211920075612001e+00
1.174416744699461557e+00
1.090168759674352783e+00
1.098007515974706028e+00
1.188202784068470352e+00
1.263280821005096755e+00
1.115682857327494393e+00
8.616252093822132085e-01
7.364507573116164663e-01
7.572748654945705704e-01
7.927974331292779731e-01
8.841803526605908070e-01
9.823047654353758151e-01
1.074743234492085975e+00
1.111222893343951856e+00
9.537190016249612601e-01
7.951278469444013064e-01
5.656795643432469545e-01
2.708214958710820075e-01
8.196035729770698164e-02
-7.165310815604661321e-02
-1.860538777097484608e-01
-3.644070985822536191e-01
-4.609635676723382036e-01
-5.076389839662952541e-01
-5.388285604367513137e-01
-4.923533323468905487e-01
-4.982387750160454654e-01
-6.123303476647188326e-01
-6.104012714601234624e-01
-5.591083732261632466e-01
-4.584326098787149251e-01
-3.674552202625432917e-01
-3.554788347338939114e-01
-3.438400602921066751e-01
-3.626720344008689811e-01
-4.551013294575434465e-01
-6.002541442347854028e-01
-7.792686910802989475e-01
-8.628671469371371749e-01
-9.658712220314117358e-01
-1.091202991129927913e+00
-1.148448534490854156e+00
-1.254905507510399199e+00
-1.318123646332425514e+00
-1.296345679531264450e+00
-1.265002055237668843e+00
-1.259390226121595013e+00
-1.213415363849938089e+00
-1.309955338828070026e+00
-1.400472533294770283e+00
-1.028881065985606247e-01
-1.124411241752624191e-01
-6.353900893521230442e-02
-4.276357743676108963e-02
8.337211423108586983e-02
1.998822360272151655e-01
2.852432704600917912e-01
3.958048401531780169e-01
4.876932592028915270e-01
5.590863925322087091e-01
6.134587999590834784e-01
6.627539056164353237e-01
7.073712981097837194e-01
8.269813555673470873e-01
9.902516703748587279e-01
1.134702048230634919e+00
1.213646735338357319e+00
1.356925614290322102e+00
1.467670814630399390e+00
1.639188973534362992e+00
1.693377586443956195e+00
1.754941710630572249e+00
1.994370140124889890e+00
2.413004504692214613e+00
2.725039741515347558e+00
3.063784546785610186e+00
3.328342369295704373e+00
3.670106539008708424e+00
4.076736238667495016e+00
4.309651400743370608e+00
1.932944719959588942e-01
3.442042272411721671e-01
3.581692586089899044e-01
3.742962453682781576e-01
3.732387504222656194e-01
3.124885406666395027e-01
2.796674169996846149e-01
2.152242324003261209e-01
1.829840813253530984e-01
1.603446281480084556e-01
1.694348300554764375e-01
1.476922123999600267e-01
1.980330580398087514e-02
-2.186360437451207173e-01
-5.495862686236173689e-01
-8.951784044204296187e-01
-1.104646885434679593e+00
-1.264002478359785409e+00
-1.383664490561823390e+00
-1.554741611140346258e+00
-1.855522603338122245e+00
-2.154649403231851501e+00
-2.329854784801554057e+00
-2.368468546868893299e+00
-2.350917887220085323e+00
-2.300251858776399150e+00
-2.346748609577215205e+00
-2.461092367913583878e+00
-2.579869287320219584e+00
-2.697667835260240121e+00
-1.214250762234899556e-01
-1.745848564276428205e-01
-2.669072220459064448e-01
-3.278578732712938981e-01
-3.755126595593787364e-01
-4.037812427613318711e-01
-2.158917623235698802e-01
3.206224316293460053e-02
1.543822865271133604e-01
1.431408728414206577e-01
1.943417457319508712e-02
-3.353482989133080294e-02
-1.750871263141402512e-01
-3.640059804965690149e-01
-4.061378301755643183e-01
-4.415365978212889009e-01
-4.761670108852601446e-01
-4.482684751621524577e-01
-5.482880609594931176e-01
-6.764011068885422695e-01
-7.329388066168591731e-01
-7.129088622145633991e-01
-6.199692165022429036e-01
-4.714634332886636914e-01
-3.178844314168249863e-01
-1.543676199028699292e-01
-1.032394705370295318e-01
-1.504947380076379071e-01
-1.355633874576912812e-01
-2.730329524672486796e-02
1.248493693406936417e-01
2.958901347446316055e-01
5.163422689015044753e-01
7.094384203715835557e-01
1.086840474554802149e+00
1.446095442510132667e+00
1.802132318899955621e+00
2.076384470231955603e+00
2.153990282709429493e+00
2.154640605776251938e+00
2.270729934381655379e+00
2.484116252462071461e+00
2.871074386756572672e+00
3.236118249175742090e+00
3.407684573796665450e+00
3.473911748554828538e+00
3.616567542873277308e+00
3.729911711212301029e+00
3.676020578312356957e+00
3.590423220753288014e+00
3.500007460094334277e+00
3.282101005836576046e+00
3.154341980995232220e+00
3.131913924919950354e+00
3.109909165596957070e+00
3.121211284679581421e+00
3.115788155642300161e+00
3.121628930227532628e+00
3.130652783729510169e+00
3.134534397701325581e+00
-3.608539618247866287e-02
3.773890666359150381e-03
-1.197321872057542300e-02
9.757548172980898271e-02
1.267235029851437877e-01
-1.555037139261234436e-01
-6.408582738226442643e-01
-1.114213335465521260e+00
-1.527273249815556788e+00
-1.886818817206509902e+00
-2.061606345051567146e+00
-2.126784216722659160e+00
-2.133110232801818551e+00
-2.038593489035603668e+00
-1.917694770014600536e+00
-1.781109806067510348e+00
-1.701520949042575781e+00
-1.674738159621472766e+00
-1.618782946000584477e+00
-1.607533965899207828e+00
-1.600875532603713181e+00
-1.609114674379350962e+00
-1.680889409222488418e+00
-1.732423036655047266e+00
-1.818101604700091967e+00
-1.878927060230041857e+00
-1.898306423419229727e+00
-1.894263251275698057e+00
-1.932402858618800234e+00
-1.889240714731715398e+00
9.206719029549746691e-02
1.432098626528289231e-01
1.289659588842934634e-01
1.554137793975790549e-01
1.954337965940884381e-01
2.414935870111049043e-01
2.020786817134683777e-01
1.203731752526451815e-01
1.037486521063881312e-01
1.009322233672338281e-01
2.142408847677305106e-01
3.466980557482951530e-01
4.010335666809011768e-01
2.634913065716173453e-01
-3.401729683283333250e-02
-3.030703196291943402e-01
-4.360698255228587783e-01
-4.398123144527624762e-01
-3.984215057330108833e-01
-2.359024074040365904e-01
-1.230724857281480789e-01
5.455632672709340159e-02
4.180319350718324500e-01
8.600177311224324050e-01
1.274005570335390969e+00
1.483783199742645609e+00
1.611787645919273704e+00
1.787434708446572929e+00
1.958999403247400073e+00
2.077984322663953165e+00
1.346114935092511400e-01
1.587835993113182464e-01
1.038104746158289293e-01
-1.236627309994951796e-02
-7.558926058627561673e-02
-9.068961527161237268e-02
-8.525243170682443583e-02
-3.758474191588291602e-02
3.068378235172428137e-02
6.296257066021757054e-02
4.967905769159321194e-02
2.271012530795010753e-02
-4.171322139393550399e-02
-6.644452736239911395e-02
-1.796595682584796738e-01
-3.214644436312076858e-01
-5.012708964156570302e-01
-7.343536459938282412e-01
-9.279241578370270860e-01
-1.110655290565705666e+00
-1.190464688757913114e+00
-1.323587521250609855e+00
-1.448549479484414260e+00
-1.537976835699909506e+00
-1.711952328709904991e+00
-1.847532292659610720e+00
-1.905066248616779312e+00
-1.911776197669100563e+00
-1.904279998754960568e+00
-1.892100377322228022e+00
-9.210081457550869932e-02
-1.740229733512784205e-01
-2.330652688056787936e-01
-2.718597766562507734e-01
-1.977024536500110452e-01
-2.056325920422783227e-01
-1.325419711446651494e-01
-4.923505271640232772e-03
-4.915375390827964736e-02
-7.037533459813197223e-02
-1.408206777444289681e-01
-2.629255906350911332e-01
-2.600551965537754584e-01
-3.496617614217223391e-01
-3.420845919828545689e-01
-3.140799576223942124e-01
-2.777466300316456249e-01
-2.422969444541085982e-01
-1.469322000604463274e-01
-1.238771987265807895e-01
-1.560835501376145462e-01
-1.388481326138139293e-01
-1.199029540746779504e-01
-1.320732317875284167e-01
-1.377646440633297220e-01
-9.474020091517279529e-02
-2.506329837016678386e-02
4.884540515918082970e-02
1.267272793034152079e-01
2.302401377064006716e-01
1.061762001421828333e-01
1.542545939966822044e-01
2.834605325625683125e-01
4.209321726494700822e-01
5.756099185615340952e-01
8.233766527974510918e-01
1.083432955628711669e+00
1.322028224420007447e+00
1.662775774274886986e+00
2.040430401626449175e+00
2.408807075380876128e+00
2.754602186054845081e+00
3.111987819608830641e+00
3.398318619241952554e+00
3.693369447311994680e+00
3.890119222467655735e+00
4.011334020911092146e+00
4.147597921866388759e+00
4.354068600680080614e+00
4.565635841588553845e+00
4.676716836044843895e+00
4.676548906073510814e+00
4.635442153702796553e+00
4.482526537799037314e+00
4.298746809418801718e+00
4.294261047109911189e+00
4.287858037499015396e+00
4.211412239576178607e+00
4.134581996432540762e+00
3.974450679262337527e+00
-2.228182699231469333e-01
-4.070714747285676394e-01
-5.988760001148314416e-01
-8.311204133610652356e-01
-1.015182345171961042e+00
-1.287457142139591504e+00
-1.530312337487792274e+00
-1.742317993195762416e+00
-2.012480869647616188e+00
-2.241729122286744591e+00
-2.404637959530148361e+00
-2.615071756719901330e+00
-2.903539887863696656e+00
-3.264970641414153718e+00
-3.497243541311225279e+00
-3.627030002727320124e+00
-3.686457438254628460e+00
-3.766337476693166320e+00
-3.878611766414984618e+00
-3.975486687408255282e+00
-4.037710981358536344e+00
-4.169282403562224459e+00
-4.270686790864734128e+00
-4.341141374395642849e+00
-4.481641327612894798e+00
-4.620335220812205712e+00
-4.788177482262859108e+00
-5.017331146851685020e+00
-5.159400903500343638e+00
-5.353985298852895092e+00
-1.605540982625637270e-01
-1.566602049786971484e-01
-2.550397651077030980e-01
-2.928986260049195045e-01
-2.224667322960713622e-01
-5.301028805362031915e-02
3.945356312142299371e-02
7.552220899445932778e-02
1.188374865505190253e-01
1.468077518712604113e-01
9.125580374366557002e-02
3.847892946259438146e-02
-1.065115989082973114e-01
-3.691727551877430624e-01
-5.661043975676647300e-01
-7.570867792904490967e-01
-9.087469509630978770e-01
-1.014178749675535673e+00
-1.120677669353614681e+00
-1.138677179936848693e+00
-1.008630675853318781e+00
-9.980067906534418887e-01
-1.025048322079581187e+00
-1.153089464321768620e+00
-1.282768684457639363e+00
-1.399444710397701686e+00
-1.560620583941157324e+00
-1.743233973888426824e+00
-1.915853537763625214e+00
-2.063236809625641488e+00
-1.748242296094752457e-01
-3.094678233286809466e-01
-3.429760918911309298e-01
-3.817188138819532228e-01
-3.491958580915077714e-01
-2.413326402419075922e-01
-8.350030715000961168e-02
8.999862738582500854e-02
2.444684122452381037e-01
3.504124576287052650e-01
4.330201571346083966e-01
3.462389795543860949e-01
1.605967719317099862e-01
7.511124455932793875e-02
6.088933431187482093e-02
2.037144131444880435e-02
2.970370910420389726e-02
-8.545891667515442824e-02
-2.035016396439122688e-01
-2.496583608771680285e-01
-2.289819429242379023e-01
-1.368253052867245412e-01
-5.979188909774854621e-02
8.734691155357079961e-02
3.127390507557482602e-01
4.551038569679365375e-01
5.422125799220607334e-01
6.801359472333516898e-01
7.629531709856351984e-01
8.602672140951749258e-01
-4.266644355722080950e-02
-1.777021047099686668e-01
-2.503087655810992684e-01
-3.135761870111656857e-01
-3.237365157866615162e-01
-3.631626090210238189e-01
-3.575186360726241852e-01
-3.111854447646756894e-01
-3.689048113733257583e-01
-5.391974403204322641e-01
-5.741407342684659021e-01
-5.181717382816447559e-01
-5.102222295283579401e-01
-5.281046994770283165e-01
-6.288125148432975875e-01
-7.276561106458404593e-01
-7.434347367316056499e-01
-7.455666329188599395e-01
-6.904994737499126067e-01
-7.051817635979582555e-01
-7.835136376845411865e-01
-8.614498179912120079e-01
-9.132677810236687899e-01
-7.864279605112309834e-01
-6.696406268097337966e-01
-6.657739145782478607e-01
-6.636908555176646018e-01
-7.846850983526103551e-01
-7.919417397013081006e-01
-8.591213761673843763e-01
-8.279810386659076926e-02
-1.801248616000866165e-01
-3.004825575696322693e-01
-3.036643879478385655e-01
-1.713845542308249370e-01
6.120782427508603130e-02
3.997629841660754746e-01
