-2.856073999348341156e-04
-2.022490945159940295e-02
3.521445224923955980e-03
1.230057472879221570e-02
4.775831651141421857e-02
1.367036723212614602e-01
2.363462182680599599e-01
3.034359041311191496e-01
3.700670635244389661e-01
4.090980365780926276e-01
4.377532674531466328e-01
4.589277617168732171e-01
6.040058087937174580e-01
8.735784190043351938e-01
1.001723766632318213e+00
1.123816862608912448e+00
1.240395595843335697e+00
1.441870831076561998e+00
1.555762594156997025e+00
1.646439714962115053e+00
1.664006031814152742e+00
1.662464143182951881e+00
1.676314884517525750e+00
1.697605874155858618e+00
1.716977001120354007e+00
1.688548542478183645e+00
1.657789822723600759e+00
1.613489048167948914e+00
-6.498876675298352612e-02
-1.151352562708365113e-01
-2.278334943887682651e-01
-2.737186148098437188e-01
-3.316741225880854294e-01
-3.766907453458070432e-01
-3.824914779236285867e-01
-4.035529901128737107e-01
-4.143911524291540305e-01
-4.227071628747797183e-01
-4.776818843174543971e-01
-4.968430928024005766e-01
-4.743323863624635539e-01
-4.734256386169445330e-01
-4.790760460796297249e-01
-5.192973205772237755e-01
-5.909775900874140175e-01
-6.469596961156426351e-01
-6.499823735975295280e-01
-6.629853635715614590e-01
-6.434995178323800191e-01
-6.333500698380695182e-01
-6.496068632732225900e-01
-7.041977318470485914e-01
-7.252188304513162986e-01
-6.124568932612101113e-01
-4.531405417533014290e-01
-3.842530480004654470e-01
-3.601740735812366534e-01
7.487047523246920244e-02
1.396540366897783825e-01
1.644403876414861632e-01
1.597277648718062604e-01
1.406607445711863247e-01
1.428778286065970904e-01
1.814090007462322296e-01
1.929075808945757420e-01
2.008730529519274499e-01
1.963972257275664046e-01
1.504043977666860710e-01
1.715626201771006942e-01
1.910580556864138746e-01
1.901250629366267597e-01
1.758748680272967380e-01
1.907501316444277506e-01
1.992821989539554084e-01
1.881781874550366163e-01
1.707148708244299318e-01
1.527396179734480663e-01
1.319603596896491426e-01
8.592658694977223233e-02
1.266905602107631923e-02
-7.156630454578047362e-02
-1.176461502306671847e-01
-1.391048417948724802e-01
-1.451922717600454549e-01
-1.570245704860731839e-01
-1.597621570627664467e-01
1.517845315595633439e-02
-6.137137950461247007e-03
-5.095940417374508757e-02
-1.139407948481563071e-01
-2.125010109389274260e-01
-2.581467453960924474e-01
-3.287159163684538754e-01
-3.384858807033392369e-01
-3.103421969843265793e-01
-2.911108510492880774e-01
-2.946606278584320004e-01
-2.616270553586617642e-01
-2.346641433549571665e-01
-1.922811252140538829e-01
-1.455984619565773019e-01
8.033376583216900180e-03
1.952105789696716442e-01
3.140453595159987676e-01
3.766230957206132546e-01
4.559959643402271001e-01
5.281730818845227216e-01
5.542987917704749190e-01
5.759179185758879216e-01
5.553224804315052276e-01
5.418085432178916250e-01
5.025943495610328826e-01
4.722393620471592723e-01
4.598629370256334670e-01
4.947316182292580966e-01
8.687058523548765732e-02
1.382708796912904270e-01
1.979913930019266133e-01
2.231698944166893295e-01
2.413035377611407462e-01
2.696435140412742348e-01
2.691778785849673894e-01
2.799881234063747448e-01
2.732914780252304054e-01
2.512841962389439909e-01
1.831984359509866434e-01
8.991225282046214073e-02
-4.258359427583799373e-02
-2.135106106807438953e-01
-2.769687569043181585e-01
-3.212476019733333521e-01
-3.698986956697095096e-01
-4.057744487683950796e-01
-4.464770617477612502e-01
-4.763309949210038363e-01
-5.157855177066332786e-01
-5.191830328543729500e-01
-5.623742000835337818e-01
-6.007909054266666882e-01
-6.143928623003395151e-01
-6.202735745951081237e-01
-6.251375766336156881e-01
-6.654753620724548346e-01
-6.798937514246865543e-01
-5.970390427800478794e-02
-1.044613614435347254e-01
-1.366338932122188599e-01
-1.631405815414794791e-01
-1.956349009528634553e-01
-2.226050897347795765e-01
-2.281388893589213485e-01
-2.162739773528609133e-01
-1.911867341024979516e-01
-2.035845787100851179e-01
-2.112796336718179013e-01
-1.975239502655239121e-01
-2.074931003163478505e-01
-1.942184025660063651e-01
-1.780571945727133232e-01
-1.435796053570360387e-01
-8.532701584582430554e-02
-5.187229213781158893e-02
-1.398150148224117095e-02
-6.353047302727796511e-03
1.428980580820747061e-02
1.743468275601637793e-02
-1.731032091670244716e-03
-3.408115890836053985e-02
-6.486350695149337153e-02
-4.616437054071770296e-02
-1.470910841190839480e-02
2.466731482385008806e-02
5.169536745570599279e-02
3.464631595804210096e-02
6.282428491632555123e-02
5.863864181647084756e-02
5.398101726821299962e-02
-5.744076293640178188e-02
-1.340576893299361694e-01
-1.776650746509521039e-01
-2.019628485582846966e-01
-2.120804784835820800e-01
-2.012873294807418501e-01
-1.762682324888638352e-01
-1.870777798138859860e-01
-1.693022196368048626e-01
-1.486628373720684793e-01
-1.519980808212142709e-01
-1.700211743300986122e-01
-1.967441576015757920e-01
-2.013909309867839559e-01
-2.228884658005928499e-01
-2.631452802921366851e-01
-3.772104772710056508e-01
-4.854914938717108108e-01
-5.249287268428146636e-01
-5.689101637612283824e-01
-6.056270563542889285e-01
-6.439108508879484161e-01
-6.201921280968374361e-01
-5.834247964274249520e-01
-5.617549042473295451e-01
1.472610418611652525e-02
-3.165837200573509702e-02
-9.416067833530047948e-02
-1.867095234082511712e-01
-3.080756709134253590e-01
-3.406626157322022452e-01
-3.498223540271374055e-01
-3.310427013062731683e-01
-3.113202244709083466e-01
-2.741301212552686439e-01
-2.460216951077190961e-01
-2.109690745499535613e-01
-1.697055932215649210e-01
-1.353877757364707890e-01
-1.158131377599666278e-01
-1.184150995454118643e-01
-1.204134205673734609e-01
-1.334991909019512257e-01
-1.472099576925897102e-01
-1.731912415203770705e-01
-1.709646844428880375e-01
-1.568121883456104759e-01
-1.199055591130471776e-01
-8.515707269922104250e-02
-4.775085651046350604e-02
2.140876560671434864e-02
7.022164066036568064e-02
1.301869271076054879e-01
1.609007466671024955e-01
8.185722737829774498e-02
1.134466837903892744e-01
1.983503137742304578e-01
2.299782299379889150e-01
2.409407287002803266e-01
2.153731744656357527e-01
1.851846446352119202e-01
1.490477358836581889e-01
1.075473950072821511e-01
1.017912566469616198e-01
1.000735264210070030e-01
7.330252246014901107e-02
-3.481303484408102000e-03
-2.994908989123478554e-02
-3.775309717325089215e-02
-6.033529194445266114e-02
-9.083550148225559562e-02
-1.454844979748236011e-01
-2.206057496772410031e-01
-2.448412004872359549e-01
-2.764755119659457749e-01
-3.037723703926940022e-01
-3.295656327280744868e-01
-3.757319776247020626e-01
-4.015531165878823971e-01
-4.047228693319636639e-01
-4.141300140201463198e-01
-3.877510183328861104e-01
-3.655787913581213244e-01
7.070930231724927018e-02
1.052722227907831043e-01
1.263847223007726339e-01
1.389147084120909148e-01
1.263976202711726005e-01
1.385787062912844925e-01
1.108998805248283676e-01
9.299825388318008756e-02
9.508774116124811548e-02
1.040346159812921001e-01
1.183001730154010639e-01
1.324027565759115510e-01
1.536382052150560562e-01
1.593307805658016885e-01
1.568751434334573203e-01
1.313343721554665333e-01
1.331030015073020600e-01
1.346391594449273255e-01
1.496087519256214526e-01
1.313460467142297805e-01
9.165321854697350279e-02
7.996238498676083717e-02
2.846151760262285307e-02
-5.299661291552765219e-03
-6.061274264251639149e-02
-6.010262268527721136e-02
-1.440764058297933775e-02
5.798150743886709008e-02
1.497667869426914378e-01
3.824451728301757336e-02
8.771092825073006916e-02
1.029095345103979153e-01
1.321266022238321569e-01
1.731693693840094250e-01
1.747327966541856736e-01
1.993497016223374774e-01
2.409065632137915580e-01
2.971800382624316117e-01
4.010651454529671200e-01
4.706348186671143186e-01
5.162670693912856379e-01
5.431757755338730842e-01
5.433598850348229092e-01
5.049188839788237848e-01
4.830214021214374598e-01
4.465938093291969002e-01
4.707824763939473800e-01
4.594490980246941914e-01
2.904751079143201853e-01
2.193387757963454754e-01
2.359238792919529093e-01
2.407745506039807026e-01
2.159964927791609146e-01
1.966902480733903058e-01
1.500053684840660095e-01
4.912451850336625736e-02
-1.199181203679419022e-02
-2.154701579546440190e-02
8.776658119169007677e-03
2.643374429730742728e-02
4.147828448783467264e-02
5.630366205970286503e-02
4.813641045399000284e-02
4.151056489534536709e-02
2.421615580621733904e-02
1.118612455585157525e-02
1.902123232198134686e-02
4.486448415929085443e-02
6.663270680584612582e-02
6.630506786647394346e-02
9.098730917396115336e-02
1.034177103333589476e-01
1.083111187846695772e-01
9.996647245867334997e-02
8.339570175611435432e-02
7.770216922899157719e-02
3.932932208527469692e-02
4.002555074351252240e-02
7.506837926769663327e-02
1.055668913212702426e-01
1.486205797354273050e-01
1.878135408307949339e-01
2.485503277172836922e-01
3.265136152522676860e-01
4.118726328408077730e-01
4.888309416178908129e-01
5.731668170049852851e-01
3.579605616992984768e-02
4.955319580103952071e-02
1.299950949509853793e-01
2.461609486991814255e-01
3.624347941153805985e-01
4.200982809162593368e-01
4.354627930047552109e-01
4.305770480381256315e-01
3.922356258969836862e-01
4.250917941990540183e-01
5.050063404358661190e-01
5.546219100363686261e-01
5.745062367014477367e-01
6.695315397405000590e-01
6.933135839873638684e-01
6.875100284768951298e-01
6.599676044163217403e-01
6.123215613874477548e-01
6.245385361044342165e-01
6.468620787756939050e-01
6.721657177620130597e-01
6.911970505367679429e-01
6.800037726864458509e-01
6.929134310804230257e-01
6.991710462785140079e-01
6.834858081371092409e-01
6.461784266384411612e-01
6.022041677571329243e-01
4.826339218063693259e-01
-1.636205913353678820e-01
-3.190172868517465177e-01
-4.475384213986346449e-01
-6.118631793179289957e-01
-7.981827435746248200e-01
-8.891272986733078643e-01
-9.725233467789928810e-01
-1.018181803637746130e+00
-1.030757813731719263e+00
-1.062150923107355149e+00
-1.070479937065966780e+00
-1.079931874130624969e+00
-1.084562331501178756e+00
-1.055942520968453424e+00
-9.948972712550798736e-01
-9.541537023653831051e-01
-8.807931181055063119e-01
-8.053734274394679371e-01
-7.413828466995563415e-01
-7.278040803133579706e-01
-6.893439117339494882e-01
-6.480469387766440992e-01
-6.265182980071383190e-01
-5.644092953969359616e-01
-4.825524437568042280e-01
-4.305489228185284678e-01
-4.169368565816165551e-01
-4.178305315489196370e-01
-4.769566949632413344e-01
-6.160939747901687108e-02
-9.800002427857225362e-02
-1.167187976155013157e-01
-1.109952606998782787e-01
-6.348591199975131549e-02
-1.871062078934764006e-02
4.623379119795192893e-02
1.201120267467770120e-01
1.771313692992066424e-01
2.121120741988090086e-01
2.684251190706812285e-01
2.958677545648794593e-01
2.470415778344439983e-01
2.254398727733075425e-01
1.874414551391153927e-01
1.267818547346787339e-01
9.648997476964768505e-02
1.067326034694749959e-01
1.085473748216459200e-01
1.003496955078677644e-01
1.261265118747289249e-01
1.380800262892138419e-01
1.561495890799599884e-01
1.909693580729509566e-01
2.122765746463522174e-01
1.767376393584289829e-01
1.643907222116226807e-01
1.674474379119736400e-01
2.050411766369519273e-01
1.052001358318104506e-02
5.057684169342800858e-03
-1.272701328466355544e-02
-5.530735529955058127e-02
-1.969811783332681976e-01
-3.580618636134265120e-01
-4.999103490489332779e-01
-5.756124552789319004e-01
-6.019610692544340447e-01
-6.210066595816400303e-01
-5.809745790177334168e-01
-5.549658875705237859e-01
-5.248090807379839351e-01
-5.136777666537274412e-01
-5.210229719687160532e-01
-5.527254834123264127e-01
-6.031687301434416337e-01
-6.158688181090126168e-01
-6.358298608039032462e-01
-6.216035226914682355e-01
-6.058838993332599232e-01
-6.260338238818650147e-01
-6.176827582771590164e-01
-5.957269528993145435e-01
-5.519592605015385400e-01
-5.118073480998882596e-01
-4.596474518249038521e-01
-3.998524444763815189e-01
-3.132607687874164326e-01
1.001864706129450971e-01
1.744012370537028067e-01
2.650549497475309102e-01
3.257619235941942026e-01
3.860597902121232217e-01
4.136691985483585410e-01
4.609959546324749469e-01
5.148998487433028570e-01
5.101597045677249698e-01
5.316609667262686134e-01
5.771202324534333572e-01
6.316609650571284318e-01
6.620740015171162618e-01
6.996763428209823443e-01
7.257044830209818942e-01
7.414825631929737870e-01
6.898537344832603724e-01
5.664823136047003604e-01
5.551302981938174286e-01
5.625663118188812817e-01
5.968299206941641843e-01
6.264485443095482164e-01
6.629778588562533770e-01
7.072137053239953008e-01
7.307083397995982610e-01
7.544348773733178248e-01
7.438117669881014749e-01
7.348574078794093412e-01
7.201588276722697968e-01
-3.170315144437654137e-02
-7.849408280246514269e-02
-2.455854372489654491e-01
-4.165946136269325084e-01
-5.575771366135831020e-01
-6.409153284734405709e-01
-7.049323913636497130e-01
-7.571299682086650717e-01
-7.950926836668833486e-01
-8.387438222337435523e-01
-8.551359081944052143e-01
-8.635313059345008924e-01
-8.970730519162624095e-01
-9.593389019263994788e-01
-1.021381540480900574e+00
-1.051094917057065148e+00
-1.103030142443260253e+00
-1.132936878953285653e+00
-1.143063192475724188e+00
-1.149401989553902270e+00
-1.167499044234532768e+00
-1.166464440449255457e+00
-1.166276235986472010e+00
-1.143233446763138206e+00
-1.143322960010377365e+00
-1.131282196036827115e+00
-1.117961609433060666e+00
-1.114433305162495280e+00
-1.083109558611197620e+00
9.250214688735635890e-03
3.699392544959669016e-02
7.427564390783727988e-02
1.160892184962015322e-01
1.415360924651435370e-01
1.448906843536955924e-01
1.507552533181982235e-01
1.665384811056910275e-01
2.134833478452866085e-01
3.319779708574228105e-01
3.553162277691182536e-01
3.589827124811360570e-01
3.790394869378750364e-01
3.936408018783709162e-01
4.229859750728390821e-01
4.412948800722176768e-01
4.825620799240112890e-01
4.966039636352206355e-01
5.267878823798698429e-01
6.401815326149453700e-01
6.566833409606077643e-01
6.629614545174516982e-01
6.512446639134689130e-01
6.146955659051884791e-01
5.527169182712489137e-01
4.485460086479775565e-01
4.084198342349823485e-01
3.877502341053049029e-01
3.929892221718133127e-01
2.701885508110677542e-02
9.582898684823478591e-03
-1.743075647462273212e-02
-6.277174567026444496e-02
-1.164333828554321992e-01
-2.036563298363011643e-01
-2.662472387404719587e-01
-3.621308897366434798e-01
-4.343845105099231052e-01
-4.924576520141241143e-01
-6.461860967521910748e-01
-7.670463395557254316e-01
-8.823086584198023274e-01
-9.748760611123449271e-01
-1.020417968230278305e+00
-1.080338711263793439e+00
-1.125803884571286329e+00
-1.120397832807442651e+00
-1.039202147749076266e+00
-8.956281476678447095e-01
-7.435658423265049111e-01
-7.024972061022864978e-01
-6.604463435402357918e-01
-6.413249000524822163e-01
-6.147413705618659518e-01
-5.602128025121786425e-01
-5.443415061680223488e-01
-5.496936979748862084e-01
-5.552758580448690084e-01
-1.257217817329815517e-02
-2.759028299364820608e-02
-6.959527814785958222e-02
-1.214893854286591274e-01
-1.429797960872056795e-01
-1.707148126969958157e-01
-1.749924880614696643e-01
-1.608491457974555727e-01
-1.375707842457534469e-01
-7.810880881797004072e-02
-3.523675908230573112e-02
4.534636919184958925e-04
5.612594773268414494e-02
7.436059314461829217e-02
8.654457233757033296e-02
9.713840969315819251e-02
8.031948670918841182e-02
8.188840662247935664e-02
8.620168507321357421e-02
1.268999732433822303e-01
2.127263996580144312e-01
3.128516883392845616e-01
3.456976665295793394e-01
4.001881554494076676e-01
4.882433372775313307e-01
5.057204729844874125e-01
5.170932134770336308e-01
5.353674330295064010e-01
5.418588712913873229e-01
2.524296232534785356e-02
5.150220111950934432e-02
7.981916952577355895e-02
1.311902083727743695e-01
1.389833937469553971e-01
1.455360065053235563e-01
1.625295811884641117e-01
1.710038566971628649e-01
1.728426144144593612e-01
1.285632969303444617e-01
1.032569874118776376e-01
7.270110256336551058e-02
1.598290324981767319e-02
-7.672159190032553505e-03
-2.524474676139368962e-02
-6.055409033441945532e-02
-8.766891253262676376e-02
-1.420974058437612098e-01
-2.047249928113171191e-01
-2.923331126854183948e-01
-4.214650662992628916e-01
-4.857801137823965498e-01
-5.138672650211203452e-01
-5.142793963658712775e-01
-5.123577880002280205e-01
-5.073917208170233284e-01
-5.157465697789169745e-01
-5.188298160914365242e-01
-5.173174138593487070e-01
-1.433413808905767417e-02
-2.647415804715243237e-02
-5.543081165930202614e-02
-8.089807793734733743e-02
-9.695467810610491899e-02
-1.045960214309236691e-01
-1.138209316830295081e-01
-1.180558949748957143e-01
-1.153869084596755995e-01
-1.124952845870327844e-01
-1.240198024274336702e-01
-1.058815232253125793e-01
-9.483848205126682585e-02
-8.084460724906189499e-02
-5.837552795081324408e-02
-5.190051964165724729e-02
-3.392198739146838615e-02
-1.668446858709277114e-02
2.961058132364797341e-02
1.317704967905302116e-01
1.862842272815140865e-01
2.290877485220240706e-01
2.606285414939102929e-01
2.897469946061987378e-01
2.793780992376675432e-01
2.542597975101283936e-01
2.082649729035931374e-01
1.229236790762394116e-01
4.167555545893573965e-02
-3.697557776716224598e-02
-6.711984993857364468e-02
-9.753490528484473621e-02
-1.038727387819828735e-01
-1.200855269902431077e-01
-1.099142751868554951e-01
-1.103794416960808267e-01
-1.097422951984147049e-01
-1.124706233824000479e-01
-1.166059119883045975e-01
-1.228876300419578793e-01
-1.789482430384088940e-01
-2.252061806221436480e-01
-2.523182753247863452e-01
-2.903566784191718986e-01
-2.895018176944172406e-01
-2.948160590621700106e-01
-3.095107647683875696e-01
-3.463614322528810185e-01
-3.771821454162989085e-01
-3.977732357325941548e-01
-4.563322001401065586e-01
-5.400795269034387447e-01
-6.181706718785097143e-01
-6.992694529243521639e-01
-7.233288865294787984e-01
-7.780820310989547961e-01
-8.292342710030400355e-01
-8.329082064174483380e-01
-1.271279301434404679e-02
-2.631726496333069293e-02
-4.733705774379200898e-02
-6.878794834081128351e-02
-7.740761439913028397e-02
-1.006101727900155784e-01
-1.631910009941728301e-01
-2.014964970390214494e-01
-2.112523414633603880e-01
-2.239206301097219076e-01
-2.373807458065448905e-01
-2.451638428014820126e-01
-2.348687528364590549e-01
-1.943166261570526132e-01
-1.829465263701350042e-01
-1.877978618526122134e-01
-1.993001052018399111e-01
-2.056957484215905518e-01
-1.412749554406341201e-01
-9.543237239950060069e-02
-5.737771120559306826e-02
-3.881729245979828602e-02
1.685284502155232067e-02
8.267885990581159972e-02
1.214573210142404630e-01
1.568554237964252529e-01
1.713226909363715356e-01
2.013305910057066328e-01
2.146165717142102247e-01
5.136224201044198995e-02
1.202566667053841520e-01
1.073351580687073453e-01
1.088344362150497346e-01
1.304359767076053167e-01
1.620423392316286682e-01
2.505924097335268663e-01
3.065931245159135843e-01
3.671065146916533406e-01
4.001285964060010691e-01
4.414878214854572325e-01
4.473481991666355961e-01
4.099811687788830206e-01
3.862568499257656440e-01
3.306955955984998141e-01
2.966932742361769182e-01
2.708314898170921525e-01
2.861164990429591604e-01
2.948979283319719813e-01
3.062527788598406464e-01
3.190035399311854092e-01
2.910687641485764643e-01
2.808339739604766017e-01
2.272800709575115152e-01
1.521842394876029292e-01
1.367519332100055329e-01
1.284607684492773405e-01
1.452303161899519690e-01
1.402428811202558745e-01
-4.668556940072895317e-02
-7.134527419234330814e-02
-7.407517555267349729e-02
-4.027516164031205020e-02
-5.473013807005676357e-03
2.207050552138370078e-02
2.746053183936190967e-02
3.488919724007252809e-02
3.438023518823765667e-02
1.446480288649971968e-02
-1.101332318296388904e-02
-2.384503107817435158e-02
-7.132101022267463980e-03
-1.411537687956061077e-02
-3.780896885517770825e-03
1.964643346747539654e-02
3.650262711817826855e-02
7.620316075888491913e-02
1.202052482935415251e-01
1.312607673985831114e-01
1.358374424283637916e-01
1.315886328957071028e-01
1.438289896930515233e-01
1.543356761362290330e-01
1.564034959338775066e-01
1.600345768271358438e-01
1.423102743902175116e-01
1.417981991286308974e-01
1.289494100297226831e-01
-1.418458970669214149e-02
-2.176093980312624604e-02
-5.152370927075414220e-02
-3.082024600505802944e-02
2.370328328367584531e-03
1.022412486670720710e-02
1.213208817982180249e-02
-1.232560114958246647e-03
5.869495614987520725e-03
6.258868600040172828e-03
-2.508733256789213995e-03
-2.288147395686613780e-02
-5.879758262917195166e-02
-5.248063824122799204e-02
-4.527494560461525763e-02
-6.637169863954626992e-02
-5.183786107325454029e-02
-5.078923422695787171e-02
-7.469124844010771591e-02
-9.008750325538723847e-02
-1.523652391322895261e-01
-2.157111778071012231e-01
-2.505073850156022686e-01
-2.647918349865053256e-01
-2.547755760179600815e-01
-2.320387913410687231e-01
-1.992438137595963776e-01
-1.665702189450549708e-01
-1.254388307732487440e-01
1.790926107462861502e-02
3.969327229775956867e-02
7.911974066759719371e-02
8.199764957116298381e-02
7.308559913992795920e-02
7.316204757728930752e-02
5.102875554238749806e-02
2.885890507687036144e-02
4.025590697363521514e-02
4.730198004753340124e-02
5.707158012943205211e-02
1.127579729858083774e-01
1.477385372049412893e-01
1.672209886797418055e-01
1.705806160920431691e-01
1.637914634218008703e-01
1.592597002070612888e-01
1.182776865379494002e-01
8.978415735672115594e-02
1.108844176741286686e-01
1.153193692513650864e-01
1.573577215623145342e-01
2.586753214559366354e-01
3.235214423731236355e-01
3.820940899808362712e-01
4.247476119618343038e-01
4.663815190327043059e-01
5.325721974384610702e-01
5.764353129982775492e-01
3.643525151059920364e-02
1.833748593449588057e-02
6.828159666970879879e-03
-2.269041794311580512e-02
-5.273714152386554249e-02
-5.202074836806203084e-02
-6.638007461232109385e-02
-8.914381762595754988e-02
-1.319533730831434215e-01
-1.668022609955409075e-01
-1.670149694150626085e-01
-1.758410444629081026e-01
-1.691291492829705978e-01
-1.985417425108056966e-01
-3.140960977311663127e-01
-3.959152079416869974e-01
-4.442910813671756554e-01
-4.608232576342212727e-01
-4.657084544478140575e-01
-4.608632505454725581e-01
-4.536126288118038641e-01
-4.379292647353559831e-01
-4.169070304484873146e-01
-4.300582450881098584e-01
-4.868391236071471506e-01
-6.026487146360313130e-01
-6.822511482978946828e-01
-7.533516658069843164e-01
-7.753015168254988598e-01
-9.014790630663944634e-03
-4.388457268621764190e-02
-3.085042568225911802e-02
-1.075387897048683816e-01
-2.268175790183410978e-01
-3.705888055375830548e-01
-6.212840157480681302e-01
-8.546472034541396923e-01
-1.013417515289592341e+00
-1.110996564152968435e+00
-1.138002253088163718e+00
-1.142653234237910098e+00
-1.123388033740162939e+00
-1.076739044736605866e+00
-1.046320444365066216e+00
-9.891962218269023666e-01
-9.353179781524566527e-01
-9.192865299381252076e-01
-9.049667986587014434e-01
-8.959987842139974790e-01
-8.648254239074024685e-01
-8.193358717321620466e-01
-8.019333264915140536e-01
-7.879353338004549956e-01
-7.708799226815392647e-01
-7.630300258483355691e-01
-7.675641736502336610e-01
-7.751029298418986579e-01
-7.727369317857362141e-01
3.852646868803577193e-03
1.549441381607371757e-02
6.431927402125227344e-02
9.024591406935102145e-02
1.261151060844494243e-01
1.796584941589017270e-01
2.435031791230800879e-01
3.150124481239440222e-01
4.233439197902933993e-01
5.266259378474242858e-01
6.314586533116774980e-01
6.721806221546647864e-01
6.682050506247227961e-01
6.755284534683848596e-01
6.414204306504062147e-01
5.924356546279909708e-01
5.644729576626669187e-01
5.501439867220619950e-01
5.632325632176136132e-01
5.976142076815899040e-01
6.399819498887331370e-01
6.814983129496374747e-01
7.224725195671394262e-01
7.619573886994415179e-01
7.831830508974736427e-01
8.083165324696363063e-01
8.035981676475590918e-01
7.751384819998656805e-01
7.844538219940556667e-01
1.899734125094774267e-02
8.440077966911083140e-02
1.357308825308411182e-01
1.941939681403437312e-01
2.177333383149151202e-01
2.639789115682975584e-01
3.154721809656821918e-01
3.116500182626586457e-01
2.912648438325068367e-01
2.786682659980925236e-01
2.646682682466618419e-01
2.416177813065522040e-01
2.239165369434494013e-01
1.783036085026182271e-01
1.515457815436250522e-01
1.277422476184567890e-01
1.119184423323501959e-01
1.037837327935177689e-01
9.281920363037653166e-02
9.810428738650771308e-02
1.107497203719021855e-01
1.242206460862728679e-01
1.330153333457052556e-01
1.796443211689939257e-01
2.473309038272424876e-01
3.580093990240179602e-01
4.592914252808536490e-01
4.987970482526346561e-01
5.146040007102553604e-01
1.932389501655688152e-02
1.960145748613600566e-02
-3.355190229622564968e-04
-7.371729139284488065e-03
-9.953969834791282986e-03
-1.403724588071389619e-02
3.522913303719635292e-02
1.107430571972818217e-01
1.881338323466849316e-01
2.503404018171346834e-01
2.757282010999869137e-01
3.203076718676566292e-01
3.711815955055727811e-01
3.654909820848258328e-01
3.478719842735503720e-01
3.618777066275885579e-01
3.696150036958026353e-01
3.467982949415024940e-01
3.393665039087073731e-01
3.330256617700017019e-01
3.116113156878211332e-01
3.103574952658375574e-01
3.050649687265689081e-01
2.999874732560847135e-01
3.043698407280052698e-01
3.067211437372838190e-01
2.994481585550756164e-01
2.617155595269649027e-01
2.426279048480600442e-01
-1.109302090854612059e-02
-4.794015059484252328e-02
-5.677017625291574943e-02
-5.480892211773198686e-02
-5.107814133892717851e-02
-2.123401394979620299e-02
-5.088908433711139545e-04
2.828985134504210727e-02
7.256705314177498700e-02
8.756731012722240859e-02
7.906124727705540756e-02
8.670046789081174710e-02
5.152291027323462752e-02
-4.523583220742253413e-02
-1.162376268907164834e-01
-1.939614580472676098e-01
-2.317890200488441077e-01
-2.710657268774270268e-01
-2.736208329599209010e-01
-2.852059400219110752e-01
-2.955103829064633647e-01
-3.036867332754444870e-01
-3.192031207305441320e-01
-3.306955354231279065e-01
-3.501993889248099512e-01
-3.781229264817235203e-01
-3.875426280306451532e-01
-3.932569213700832789e-01
-4.175018973671321132e-01
5.776203119035740186e-03
1.826200644036978654e-02
2.879964598994391028e-02
4.022312271780943693e-02
3.424074893047790447e-02
5.047098631485692072e-02
6.826736479595316154e-02
7.091857053185542104e-02
6.173650502437300069e-02
2.680338308249636398e-02
1.416846550740039762e-03
-3.249876887068050592e-03
2.426652896003974116e-02
6.576169506305250267e-02
1.409787450466326031e-01
2.418151147200682805e-01
3.231721167476101497e-01
3.624866560205198818e-01
3.678709501326999920e-01
3.557745934867321824e-01
3.244582949478895251e-01
3.158128490654060760e-01
3.492835508582238790e-01
3.885578168721373071e-01
4.500774898395393797e-01
5.105348280799998362e-01
5.722881733048627018e-01
6.282810225650636848e-01
6.440454438352789523e-01
2.521281497277436459e-02
2.490706811377957006e-02
1.782410462912828106e-02
1.119995414484508539e-02
-3.918690359359145586e-02
-1.196871962474476414e-01
-1.841853915757778459e-01
-2.902357455615131032e-01
-3.238756949246197614e-01
-3.279610648653095706e-01
-3.302144042306472405e-01
-2.892121521194005451e-01
-2.797237822711807764e-01
-2.689702248289468356e-01
-2.569269553908118398e-01
-2.837896282903278333e-01
-3.381660589488153512e-01
-3.781380193549437330e-01
-4.308428601459144969e-01
-4.902622311895841745e-01
-5.488407854443189127e-01
-5.916753244862482664e-01
-6.377479912929698846e-01
-6.825897165912663267e-01
-7.407880475432661038e-01
-7.722360404079030571e-01
-8.088917531207432399e-01
-8.140049654671638324e-01
-8.156528512181641100e-01
-4.377967794750693004e-02
-9.246356496584806628e-02
-1.002025058209294744e-01
-1.113960158038892062e-01
-1.359980388769252979e-01
-1.352865010667058943e-01
-1.325326886547715244e-01
-7.163767272917970219e-02
-7.149035547972729110e-02
-6.139161912327055493e-02
-3.439688764027694357e-02
-3.378337772724063215e-02
-1.384568586896616632e-02
2.391892476428069542e-02
2.496408476098118528e-02
1.928508372245406333e-01
2.661332430882623612e-01
2.658535997110069715e-01
3.763561391560231728e-01
4.235478952869963787e-01
4.251026833129357696e-01
5.679943131789002564e-01
6.368239326596707439e-01
6.367120463506810157e-01
6.320310544128370234e-01
6.158555164192121012e-01
6.165664295077354362e-01
5.842803845493211856e-01
5.776851836624765646e-01
-1.242971715551083930e-03
4.821288798866835840e-02
5.478618945329444268e-02
8.932182606060898311e-02
1.185906236975010075e-01
1.545221489086770483e-01
2.250924795897076280e-01
2.726658357833778856e-01
2.548629333900217508e-01
2.148975503602937320e-01
2.055891377735855896e-01
2.049316218922477284e-01
1.792375224865276340e-01
1.492501837633109785e-01
1.365712404020833215e-01
1.436094623618608956e-01
1.528199914411721982e-01
1.813105628388729518e-01
2.425140801347215880e-01
2.973657766197232988e-01
2.866882207175365793e-01
2.274161295850051501e-01
1.236838783767742755e-01
1.698179465130741916e-02
-9.518838180053444675e-02
-1.241124342930386981e-01
-1.378293743912255565e-01
-1.420474748669798559e-01
-1.177501553839504916e-01
1.843676152199797552e-02
8.012523629563426258e-03
-2.601891021425547720e-02
-4.261466869386429379e-02
-4.121489134933240678e-02
-3.233549203861629806e-02
-3.056229620061192559e-02
-1.921996465077776758e-02
-6.250397990592697697e-03
2.130596440421343718e-02
2.277223957881570338e-02
2.160620409923609542e-02
2.552784941253552833e-02
1.306875071594742165e-02
-6.762330293311283672e-03
-2.616771965531684493e-03
-2.040473857834272653e-02
-3.909196900967637500e-02
-3.837627594037723577e-02
-3.754574127761249602e-02
-2.730062990683631424e-02
-2.524267223144470440e-02
-3.166431017996642477e-02
-4.894865068323119017e-02
-5.493667345947761405e-02
-4.847855807294813163e-02
-3.744437630175018877e-02
1.546098871926845919e-03
5.844955760012348484e-02
5.141914272246299322e-02
1.000699576955569325e-01
1.217572652219105211e-01
1.252965188713338063e-01
1.238384578528827912e-01
5.763175174218064523e-02
-5.713748399794489619e-02
-1.637998989807532002e-01
-1.934681666512067799e-01
-1.768106373808841225e-01
-1.468697371661640827e-01
-1.521833102770377422e-01
-1.604830699962297436e-01
-1.553075152543457738e-01
-1.550754936367858550e-01
-1.133845578870340542e-01
-7.926780469490506131e-02
-6.772650448260877920e-02
-6.954698544220502821e-02
-1.351143118261000087e-01
-2.653216584591393534e-01
-3.984049615024664037e-01
-5.056833251106839233e-01
-5.579469199285955749e-01
-5.454289743738193197e-01
-5.284349611149593562e-01
-5.159224841324259181e-01
-4.768211392190963571e-01
-4.351171367621633479e-01
8.301532953439138759e-03
4.301237349155860590e-02
1.059210595448008829e-01
1.349728162848884416e-01
1.496366190099079896e-01
1.455396597673317971e-01
1.302887738602531431e-01
1.338806122726343417e-01
1.846286442026761343e-01
2.433014067935088121e-01
3.121019723689145708e-01
4.045961304896229516e-01
4.518162380961997515e-01
4.846747622941459110e-01
4.974085340896465812e-01
5.043602821397347169e-01
4.763202917417037052e-01
4.645729423862625662e-01
4.400843069320454215e-01
4.017766364208572027e-01
4.085742009700135124e-01
4.233953852054667122e-01
4.386843871037144904e-01
4.561782771495089817e-01
5.043865634306076151e-01
5.422158612951128998e-01
5.687261106796421828e-01
5.886939619117890210e-01
5.859410284642809774e-01
-3.998876739721396456e-02
-9.319718922192060662e-02
-1.893573440700808685e-01
-2.375811119331705801e-01
-2.585089259171686749e-01
-2.594373088184704357e-01
-2.261114204113657822e-01
-1.865988310129420014e-01
-1.381493706841745439e-01
-1.055248220865274145e-01
-1.075057396186162167e-01
-1.185584105006419753e-01
-1.364615218296392762e-01
-1.642436267191876575e-01
-2.051282278595959740e-01
-2.244927206741002268e-01
-1.970172045705965991e-01
-1.651451193566664255e-01
-1.579788102002063765e-01
-1.439782027663900066e-01
-1.357442296565774253e-01
-1.164356785383195980e-01
-1.198863580286832348e-01
-1.313363562970639442e-01
-1.296514816581827712e-01
-1.630061705617283918e-01
-1.874512400685482416e-01
-1.953541317090186913e-01
-2.076272871003622955e-01
7.125681663959024942e-03
-3.829224622346806550e-02
-7.902100927379512862e-02
-1.057510600404519829e-01
-1.414744604322657473e-01
-1.761422843327848098e-01
-2.273043641868622844e-01
-2.665348340508195135e-01
-2.960992449404225013e-01
-3.325092876609371806e-01
-3.560194279696735631e-01
-3.798442653360978305e-01
-4.074735917178388678e-01
-4.218918495395829749e-01
-4.174667233884131190e-01
-4.026681893484779229e-01
-3.834866316817391318e-01
-3.730195805364447947e-01
-3.572388563310380238e-01
-3.664210487989787435e-01
-3.867257769926377708e-01
-4.091438297410529001e-01
-4.267008836670764804e-01
-4.427411921273846640e-01
-4.378312021567806744e-01
-4.353158021840833891e-01
-4.274276555819841450e-01
-3.988081510458819645e-01
-4.028902594491809985e-01
-5.734693854980626136e-03
2.214303451048970674e-03
4.154567637641255057e-02
7.766517672622086366e-02
1.058151952940597218e-01
1.528600918177902002e-01
1.857258347295602241e-01
1.985846361155861883e-01
2.124470481656741960e-01
2.191508999357905385e-01
2.342306012204339594e-01
2.606901554736852367e-01
2.937356281725436724e-01
2.920005655565632852e-01
3.042850754206960495e-01
3.011423822479608048e-01
2.784929409314649273e-01
2.689257034402711688e-01
2.493981152913142540e-01
2.621674113976956710e-01
2.851627354340713905e-01
3.255075502293412471e-01
3.448011886075330046e-01
3.651513773807769092e-01
3.735361062937624377e-01
3.724530934057541098e-01
3.824199135642862291e-01
3.787428723321538682e-01
3.733036760742287630e-01
-1.322665411066276109e-02
-2.662149122383119376e-02
-1.415364586673947649e-02
-1.399205957673131141e-02
-1.226841645901395605e-02
-1.447658048982237468e-02
-1.772037378113457823e-02
-4.860446456008005178e-02
-1.010722340916218459e-01
-1.533130949715520441e-01
-1.941546748272217349e-01
-2.185127585239268200e-01
-2.539737858813619908e-01
-3.162250103793384226e-01
-3.671441434672351734e-01
-4.305174700690752587e-01
-4.413946190865166708e-01
-4.347203876068634898e-01
-4.394040268063631460e-01
-4.425438613616257677e-01
-4.358014186705695958e-01
-4.609735464894305634e-01
-4.987478175275089076e-01
-5.246029689428811649e-01
-5.564394464927772121e-01
-5.597638594951360735e-01
-5.767221611162843820e-01
-5.796235884143704498e-01
-5.668656569595338368e-01
-3.816012915156097307e-03
8.186410760440661696e-03
2.337658719228077192e-02
3.794144784740328957e-02
5.121339888320729228e-02
4.744570061251676685e-02
2.703631040441188682e-02
1.667970791336789715e-02
3.182212812033893834e-02
3.989309961286945788e-02
2.561534807195194746e-02
4.320294551369194269e-02
9.837544320890208305e-02
1.726622912718349112e-01
2.649664795129516026e-01
3.147779015093142840e-01
3.419856190341315494e-01
3.517916035834129929e-01
3.349038252111847802e-01
3.016292267840742225e-01
2.868066101984458882e-01
2.437318436418154932e-01
2.053686289392852027e-01
1.949344875422063805e-01
2.069237600000184141e-01
2.018182965770588810e-01
2.087219166994932484e-01
2.763299129849330349e-01
3.316747272117359091e-01
9.322002361597904463e-02
9.794587227467334289e-02
1.132935799915694153e-01
1.241882070466350102e-01
1.073617060262721246e-01
3.944616841420063580e-02
-3.497427388652950275e-02
-5.236052285396789602e-02
-7.325966308705907093e-02
-6.003027568243024525e-02
-2.826618749096996425e-02
-6.086086984311050302e-03
9.480030695835115623e-03
6.161309406269266375e-02
8.764055692473468606e-02
1.034753965810917969e-01
1.145565294996059719e-01
1.241241796954541121e-01
1.262617457039778290e-01
1.279110172369464504e-01
1.394931911374029665e-01
1.135252138099070995e-01
7.748853027378099778e-02
8.599498234498355320e-02
8.720209067585941998e-02
7.770759427655271612e-02
9.155340885068385948e-02
1.030929700242046165e-01
1.094716032015629198e-01
1.685950312673957507e-02
9.862022394047167961e-03
-1.346301725565335686e-02
-2.972651152898776392e-02
-4.654526818750168160e-02
-4.591757393319419178e-02
-2.354365531726051661e-02
-3.892284275806771887e-02
-2.356030874085171534e-02
-1.263129554075054922e-03
-7.476824162972494844e-03
-1.579965273475038637e-02
-2.542962897635183545e-02
-3.453648771394292327e-02
-5.437707515920056633e-02
-9.257537763717910151e-02
-9.726326675412948208e-02
-9.865412155112368575e-02
-8.657908607298034354e-02
-8.595358210874647076e-02
-6.937240258699325923e-02
-4.269213101656108705e-02
-4.332792414909270723e-02
-1.460144255754357995e-02
5.760646427530168728e-02
1.140736350607307326e-01
1.461730570417099917e-01
1.375286334256446419e-01
1.241806193283320481e-01
-2.451359996741865437e-03
-1.751686285843580618e-02
-1.932139483533035912e-02
-2.489173180109878480e-02
-2.130766985416995482e-02
5.734223680704256948e-03
1.880122376748053631e-02
3.201031731043618711e-02
4.231945057695540857e-02
3.839279135401119092e-02
-1.485664653739276336e-02
-2.517832516212611255e-02
-3.866403836005845307e-02
-7.396210050250193180e-02
-1.296547069823912601e-01
-1.741527227391351240e-01
-1.928673820005853135e-01
-2.116228846511785666e-01
-2.185865579292633754e-01
-2.480900927117730137e-01
-2.425571174457824275e-01
-1.985491855255335780e-01
-2.029383595314056543e-01
-2.354495761795894482e-01
-2.786729667680615807e-01
-3.190571345540733073e-01
-3.723366565078787827e-01
-4.044716593869415178e-01
-4.331170553592636474e-01
-2.465893695857003173e-02
-5.613214511677368235e-02
-1.106623616081272299e-01
-1.697524967004812035e-01
-2.211532082298003909e-01
-2.416728110650465944e-01
-2.725868655614158698e-01
-2.729955391709803503e-01
-2.768504217709435444e-01
-3.177708398644848997e-01
-3.259261692950815581e-01
-3.213024541557860658e-01
-3.147484174961460157e-01
-2.774513361633254571e-01
-2.645937822342171453e-01
-2.599882549475090454e-01
-2.475265172881160880e-01
-2.516947914662926444e-01
-2.577857234883139670e-01
-2.487689507143173995e-01
-2.312300633498722835e-01
-2.113010275208387356e-01
-1.843005422309804131e-01
-1.454995967540892721e-01
-8.575368963082316554e-02
