-5.219678961892603060e-04
-3.881263429508691187e-02
-7.181889359726401079e-02
-8.577084982533700330e-02
-9.708889940744171165e-02
-1.376532882965970095e-01
-2.389851726312196278e-01
-4.424458345986828078e-01
-7.392594227216451319e-01
-9.341462513704786863e-01
-1.131936740146503251e+00
-1.408053039861472122e+00
-1.590603724709542588e+00
-1.699881554926619076e+00
-1.764328801820243431e+00
-1.786763618452748004e+00
-1.763717264658441364e+00
-1.732901133287283901e+00
-1.704030120771318657e+00
-1.665961150065570218e+00
-1.616290478260259622e+00
-1.592897325511680950e+00
-1.489367914049999131e+00
-1.418801126617969421e+00
-1.366654989340547299e+00
-1.200329159887126629e+00
-1.055949470704164561e+00
-9.197145490726883477e-01
1.722445103664163313e-01
2.475819159903964728e-01
2.963461028989664015e-01
2.819775690383412026e-01
2.846537371954848128e-01
2.728748432145104985e-01
2.020680067595999052e-01
1.754428017451908350e-01
1.762918263556640941e-01
1.110977596102441650e-01
-1.111570730303006183e-02
-5.939890301523503835e-02
-1.340499850359634926e-01
-2.169674316550674331e-01
-2.434755858361151715e-01
-2.199246384366383422e-01
-2.361969733434569063e-01
-2.280767248950975601e-01
-2.278064584531011016e-01
-2.344961766088640431e-01
-2.486549919670477671e-02
1.088661542991065101e-01
3.452839130688757363e-01
5.710280404594698656e-01
5.203378247540909607e-01
3.568955066167018297e-01
1.906576700362542787e-01
1.529629413431777829e-01
1.893976604356893134e-01
1.283137930728403542e-01
3.075098877508038453e-01
4.499744089911356104e-01
5.574726964996692402e-01
5.652210433435786996e-01
5.563044311693318145e-01
5.308659029062308132e-01
4.200874156200731790e-01
3.377655044891256786e-01
2.379760403359199028e-01
1.534030338528410975e-01
1.313827421453343525e-01
2.374734079646478035e-01
2.500085771352429376e-01
1.418341712625618145e-01
4.503047473586292704e-02
-3.284810617735134386e-02
-8.537284315963866721e-02
-1.376082961436033425e-01
-1.646756526406902843e-01
-1.435566563729207268e-01
-1.284071411504315585e-01
-4.690217943063414163e-02
-1.287262350791065074e-02
-4.555993038653147198e-02
-1.051354255080953759e-01
-1.850709248702836485e-01
-2.150240628773469886e-01
-2.078052944432286497e-01
5.600171908579314878e-02
1.101784473262357317e-01
1.473341034864208421e-01
2.415517149862635438e-01
2.760476888833120479e-01
2.943636512508164271e-01
3.246877615440307840e-01
3.610543802149807080e-01
3.993270207011657691e-01
4.263013590081159432e-01
5.011023330461392700e-01
5.055622675139149758e-01
4.891250145239198766e-01
4.155177053713265956e-01
3.437981350558102500e-01
2.379642541740337736e-01
1.125085240011415577e-01
3.984932538058272300e-02
9.059794232957329996e-03
-1.678826234228579864e-02
-3.684917009555865181e-02
-7.977714155609910707e-02
-1.899737630784093800e-01
-2.138234563396710364e-01
-2.473401851747989710e-01
-2.671059494301366577e-01
-2.628361766209562633e-01
-2.536158962068264522e-01
-2.096640901760110920e-01
2.685941936548570316e-02
3.695907191180215073e-02
6.574363097593133309e-02
1.181759896551391326e-01
1.751590956110903874e-01
1.488006927788694256e-01
1.501432442374067977e-01
1.572795504184673898e-01
1.953563369734707678e-01
2.501768452028471645e-01
2.330614062114184093e-01
2.398718958885140695e-01
2.525428076180237791e-01
2.510383382480955716e-01
2.232060509603560616e-01
2.091933957935858401e-01
1.847883612566509903e-01
1.004943622825342359e-01
5.335554351743373308e-02
-5.806566642615233059e-02
-1.885750996460627826e-01
-3.219806555780986290e-01
-3.415663020485439350e-01
-3.698510793575747746e-01
-4.672489006808002165e-01
-4.851790741527443052e-01
-4.915182551240969144e-01
-5.178730403620006584e-01
-5.212081203991388856e-01
2.849727960495422596e-02
3.077958909415014210e-02
1.772523142939818816e-02
-1.710195153921656094e-02
-2.684808717878664139e-02
-1.135156149610593024e-03
4.568538474821363937e-02
1.456956766484427956e-01
2.160010703912815522e-01
2.528347914993754331e-01
3.143813479714862025e-01
3.242626401268741687e-01
3.495559306240349495e-01
3.730231664194318952e-01
4.006220052075821769e-01
4.240180962036345091e-01
4.173682042082025867e-01
4.245897258389368378e-01
3.673881809417516298e-01
3.336046982399709648e-01
2.722680325608987650e-01
2.403424503579632554e-01
2.179637073763607824e-01
2.067626987172787034e-01
1.720423282678877341e-01
5.982569046492804132e-02
4.079522614842023137e-02
8.423109924554285366e-03
-2.910166313841391905e-02
-2.438411048753438837e-02
-5.652020767788701328e-03
5.780649850774140230e-02
9.527318144427027180e-02
1.087942822767083845e-01
1.214148788068134394e-01
1.336568518292177155e-01
1.679793649050385640e-01
1.818237988808845962e-01
3.082163316875695669e-01
3.679817543717538442e-01
3.862130131645676312e-01
3.653025863550691255e-01
3.512598362462604484e-01
4.147186362327712206e-01
4.334126604051303233e-01
4.808267648920660498e-01
5.380014662939307524e-01
5.442747736723453356e-01
5.564875923935993507e-01
6.665409737627302489e-01
7.512071314415325052e-01
7.748931939641988675e-01
8.339314509531544628e-01
8.401260418192368906e-01
7.660182767767331757e-01
5.516321377108267532e-01
3.576815716861682093e-01
6.179303305533329072e-02
-2.069979707690638437e-01
-2.277654992091474040e-01
-2.175639087795367965e-01
-1.261365232577395523e-01
-1.099905463726266047e-01
-1.376588872178583223e-01
-1.639477176060859798e-01
-1.320660766527578800e-01
-1.373983047739760766e-01
-1.507970217342351760e-01
-1.282174629962463119e-01
-1.374080200430476406e-01
-1.241198322959301409e-01
-1.145878410720811286e-01
-1.034885164817255787e-01
-9.785642161327659516e-02
-4.735789160389721614e-02
-1.850030563130736563e-02
-1.815263673226844010e-02
1.576174937685783511e-02
5.806283008370997228e-02
1.270278853627367088e-01
2.049060207574093240e-01
2.597077514804678744e-01
2.843674105797006635e-01
2.820762023179939626e-01
2.208551120963429260e-01
1.807239061732297258e-01
1.711219865588298750e-01
-7.439047325235988162e-02
-1.313220130761797444e-01
-2.151178539396279843e-01
-3.152557666548596593e-01
-4.104836051483321535e-01
-6.078473454272188548e-01
-7.425655694182090594e-01
-8.023745303973589538e-01
-8.639196316614902171e-01
-9.007930590027662943e-01
-8.926907541915688471e-01
-9.371219704779981674e-01
-9.516821774016364088e-01
-9.528321257250240706e-01
-9.512923524756390359e-01
-9.457479786326334903e-01
-8.628484723036717874e-01
-7.697191313609323959e-01
-7.325982392587294667e-01
-5.508712464880501924e-01
-5.260884245868422404e-01
-5.172024727042853209e-01
-5.583155995016121365e-01
-5.297982909613369040e-01
-4.032591951020898513e-01
-3.297111896616330418e-01
-2.789062494825376715e-01
-2.667051671955930625e-01
-2.877647623061106441e-01
-1.255160923800402797e-02
-1.769708162595423906e-01
-2.596386610176846799e-01
-4.753001106986636248e-01
-7.096268918151288352e-01
-9.084536142492926070e-01
-1.025057577864615155e+00
-1.075500802434363301e+00
-1.100120759826392680e+00
-1.087781010605831433e+00
-1.065086785344357301e+00
-1.060287618209311944e+00
-1.102409341951861022e+00
-1.094853547822804751e+00
-1.212756899124977084e+00
-1.279814788338295761e+00
-1.288758390470665205e+00
-1.308865660330098990e+00
-1.299255644615471050e+00
-1.270801100926953753e+00
-1.200949878707554985e+00
-1.089345186822364031e+00
-9.383821804692040747e-01
-8.896784066118320622e-01
-8.916837346330144243e-01
-8.200631035263095114e-01
-8.715649715108039208e-01
-8.756140147634912108e-01
-8.713655585620357913e-01
1.086025625002192199e-02
5.120745220274254550e-02
1.197851937966080554e-01
1.356106000997285566e-01
1.415048865765855535e-01
1.608689024911740262e-01
2.110427411624573590e-01
1.885366733565076169e-01
-2.687360667767987876e-02
-1.831214352702524584e-01
-3.844548109493367005e-01
-6.300020195822080282e-01
-8.501136748052076086e-01
-9.531107724087566346e-01
-1.057278526474149327e+00
-1.162451601699583836e+00
-1.168031107920910916e+00
-1.182421133957973547e+00
-1.235418252213871471e+00
-1.250396174984561348e+00
-1.233252927508973640e+00
-1.197074814856657010e+00
-1.093690145519691903e+00
-9.704906148810362732e-01
-9.244673499554703078e-01
-7.517681808995129167e-01
-5.525889996001146498e-01
-4.798243189476133486e-01
-4.347663443721485055e-01
-3.140909787693141829e-04
-2.424411183038758036e-02
-9.822885546918785904e-02
-9.228481610365101007e-02
-6.085079215607121922e-02
-6.389466624895505376e-02
-6.269358773028825549e-02
-7.925786156952425998e-02
-9.579724857280857986e-02
-1.585532456260226875e-01
-2.063900563455326465e-01
-4.177811173906996745e-01
-5.596292256374774121e-01
-6.186661855607933358e-01
-7.681419522695873692e-01
-8.555410678089360177e-01
-9.222599860266147420e-01
-1.006123733673626841e+00
-1.123350827397618268e+00
-1.162052102445875645e+00
-1.203460004573122966e+00
-1.204585915043708821e+00
-1.150191194200882894e+00
-1.065431489628020811e+00
-1.011181259485195660e+00
-9.467159662958871680e-01
-7.926455930627236413e-01
-6.381777149309935115e-01
-5.814764477641809481e-01
2.965647264149482917e-02
2.908276015983092891e-02
1.284251903712748527e-02
3.140465090716113711e-02
1.065232672157362948e-01
1.436120428978447661e-01
1.622868588937174950e-01
1.922262336923992176e-01
2.044359954195354712e-01
1.889712885709204926e-01
1.784380542294494443e-01
1.502868097020877147e-01
8.607662322070216976e-02
-5.739836919431029472e-03
-2.337227802706031560e-02
-9.845364997461741874e-02
-1.480926432077278310e-01
-1.999394544195658430e-01
-3.390711038573257508e-01
-4.135479828808817371e-01
-4.818868026217145162e-01
-5.541165774831895430e-01
-6.679988669395922063e-01
-7.274829978655950047e-01
-7.203063102892829361e-01
-6.979006034229452426e-01
-7.336045440606588919e-01
-8.107252954098465025e-01
-8.531805153481200055e-01
-4.523562454829956753e-02
-1.993262016637379133e-02
1.084523497728444308e-01
1.987545928255755323e-01
2.990221034518207310e-01
3.518426665864174963e-01
3.653735355594988077e-01
3.098703324131928949e-01
1.091074554122829221e-01
-1.442585500330385850e-02
-1.403932149659631867e-01
-2.623337155882985439e-01
-3.039915798717313655e-01
-3.373953012307134292e-01
-3.210715240998282538e-01
-3.085513817233859202e-01
-2.666046991205336392e-01
-2.373292660637971452e-01
-3.208046715017504602e-01
-3.747597397526603036e-01
-3.779994730145155302e-01
-3.823922383229942934e-01
-3.749607794035236807e-01
-3.872704990826450477e-01
-4.247076934739393295e-01
-4.713029517165254201e-01
-6.001588270887289189e-01
-7.078866439623391349e-01
-7.915816383974449977e-01
-4.928375576390971180e-02
-7.960020578316301387e-02
-1.761147955072064897e-02
1.313265515163739572e-01
3.238169970652648999e-01
5.774499604704028677e-01
8.137134871374258616e-01
9.343179215800753168e-01
1.014971333156517330e+00
1.100028815976022756e+00
1.289828254947669395e+00
1.356930572075249808e+00
1.478173962559406807e+00
1.519313401489999382e+00
1.563979016713030967e+00
1.650674861959478434e+00
1.618033000050248305e+00
1.481503179282941618e+00
1.327452853563292123e+00
1.179239965958402303e+00
1.002533671838141238e+00
9.139623380195056601e-01
8.282089429957781856e-01
6.501239762498519648e-01
4.864783837927884047e-01
4.313438232117903781e-01
3.671233333124471199e-01
3.475043311475307095e-01
3.561309688283471608e-01
7.491355327252656774e-05
1.186265923133950247e-02
-7.210490126873256647e-03
1.949621467472822944e-03
-3.022319796330754683e-03
3.172567357161319712e-02
1.028935520182693714e-01
1.854323968139516832e-01
2.906026456301413763e-01
3.413242743606782481e-01
4.920816779930248241e-01
5.601096320942364759e-01
6.409913110647065260e-01
7.030143601528309194e-01
7.543613624163703069e-01
7.954258859274896398e-01
8.775798417897195947e-01
9.372808355107475897e-01
9.444198285963344430e-01
9.299134819693484211e-01
8.445437626840887058e-01
7.440019066484628851e-01
6.508378540848026583e-01
4.911230029674551467e-01
3.291236069955869037e-01
2.647573771127209596e-01
2.261246546967609072e-01
2.019103627834868686e-01
1.874766011119138875e-01
-5.446943171454798199e-02
-8.981821814582224839e-02
-1.207181393975066269e-01
-1.220375922437898636e-01
-1.278607005630894300e-01
-1.303642363572448115e-01
-9.657022989696975590e-02
-4.419403948585391012e-02
8.199164909923437050e-03
4.834902940743274896e-02
1.317090018989653111e-01
1.859415378321988555e-01
2.971396758300250407e-01
4.161236244744685453e-01
4.812148577995374876e-01
6.107777330228483237e-01
6.106957015796110610e-01
5.980096513158917881e-01
5.868805828478799169e-01
6.356011936140011365e-01
7.033054302704387917e-01
6.974113241613507652e-01
6.811134911833741645e-01
5.728721069072729710e-01
3.747222217818964585e-01
2.572415724159459183e-01
1.742313061238147665e-01
-9.315801905189380339e-03
-1.069714680589743394e-01
-1.726073260585745672e-01
-4.790019322394184487e-01
-9.594575467371138089e-01
-1.152121648399515363e+00
-1.279911225275883968e+00
-1.309010165121986979e+00
-1.226185059024511581e+00
-8.692795086078350941e-01
-5.741477086537916108e-01
-2.739576711410139365e-01
-1.625137181451191126e-01
-4.001132235579268892e-02
1.328037984340124100e-01
2.036228561727241870e-01
2.128253941427328544e-01
2.449986738277498133e-01
2.876895691924134524e-01
3.042698194597517336e-01
3.999254137771760531e-01
4.308012205420602703e-01
4.400663769298139849e-01
5.091545755527900896e-01
5.790494805169756898e-01
6.379308957545372083e-01
6.521076824707122688e-01
6.578964960498729919e-01
6.295074799751851913e-01
5.369376828652246969e-01
4.219147136589768698e-01
-1.934813396579448119e-01
-3.556177170001285637e-01
-5.726731666783515529e-01
-7.045721479211035643e-01
-7.330601987292578725e-01
-8.279625719587826449e-01
-9.250820353181496980e-01
-9.856758526968105727e-01
-1.015113917622715745e+00
-1.035166873098021245e+00
-1.086040070177586081e+00
-1.051808686596197528e+00
-9.587219065405486740e-01
-8.849506349054503396e-01
-7.933666204623884832e-01
-6.592934748760330699e-01
-5.361727799742989076e-01
-4.429554141232770470e-01
-3.290258041813657330e-01
-1.354050615806544622e-01
-8.544985736307403323e-02
-1.770034423249997046e-02
1.800554697542312843e-02
5.698952837461808418e-03
1.903971677909348584e-02
2.259090753981632393e-04
-2.618691483572293741e-02
-9.274067605726321606e-02
-1.495892607086801440e-01
-5.135843327014175119e-02
-1.155699459738220025e-01
-1.022441095224638635e-01
-1.421456998821674644e-01
-2.125054697760720979e-01
-2.882823685598342456e-01
-3.422587011523005596e-01
-3.937487085547524135e-01
-4.479288130288272551e-01
-4.917908955826248985e-01
-5.375206101861121910e-01
-5.427167939154644571e-01
-5.691986100616757138e-01
-5.591204146741858283e-01
-5.423248584294703134e-01
-5.330108836919611459e-01
-5.524608539760657022e-01
-5.613015903194923384e-01
-5.532943055377461672e-01
-4.819990682476260613e-01
-4.290576050517260764e-01
-4.427240035620885195e-01
-4.413189380562700381e-01
-4.428950060192223814e-01
-4.623772134937854661e-01
-4.915124385472821600e-01
-4.782241906319809610e-01
-4.691896651496098025e-01
-4.691762514902730885e-01
-8.055077063614971694e-03
-4.076984705208584747e-02
-7.968940874193550239e-02
-1.517077686400244152e-01
-1.959142456547967592e-01
-2.619466056114807540e-01
-2.834815815757459889e-01
-3.041323356747467899e-01
-3.533866664656947765e-01
-4.005977835439503143e-01
-4.601584242658447454e-01
-4.668220951806519858e-01
-5.068347870345349948e-01
-4.868383732406179609e-01
-4.207573650139362909e-01
-4.265692220294319825e-01
-4.320533091664907066e-01
-4.573239972278005938e-01
-4.977776525522674134e-01
-5.088819239702147001e-01
-5.320727009261868590e-01
-5.291938300344075641e-01
-5.135983543672822949e-01
-4.215300697495701909e-01
-2.657436582668359915e-01
-1.742924792697858050e-01
-9.937413853550669529e-02
-4.738674478829141973e-02
3.879078459738168755e-02
7.204217994213363285e-02
1.090061968542846843e-01
1.025880447662124578e-01
8.865741836598703407e-03
-4.608706160225874149e-02
-1.590202335860322336e-01
-2.667666201813410631e-01
-3.735949017626436497e-01
-4.019509908400661913e-01
-4.082696916132269038e-01
-4.677569636953884391e-01
-5.227197859915539979e-01
-5.827607059355396357e-01
-6.579930293543028164e-01
-7.953091610979000636e-01
-9.589179391280215903e-01
-1.024822164467123820e+00
-1.109328963354903719e+00
-1.138135786370570335e+00
-1.171408869025252875e+00
-1.170224441161605400e+00
-1.131685140630069197e+00
-1.120894832925318774e+00
-1.072941752223314893e+00
-1.006771185088061848e+00
-9.356570417389545868e-01
-7.613334446866222294e-01
-6.404633947913310754e-01
-5.552760912310116259e-01
1.551139715466523517e-01
1.984577521457044358e-01
2.395230642480035144e-01
2.406211611536214212e-01
2.421400466237391691e-01
2.595781787621049830e-01
2.521312941909895078e-01
2.719253796114612931e-01
2.953068070297864556e-01
2.831027071773358217e-01
2.434919440068015750e-01
2.254403824403031775e-01
1.857608934816748492e-01
8.413051985237440800e-02
5.728138585277617323e-02
1.564034086094422821e-02
6.232911810323916307e-03
-7.004642469086495848e-02
-1.596960016326597342e-01
-2.833382304010287345e-01
-3.456137887282981769e-01
-4.071696120475430947e-01
-4.069847105713693125e-01
-3.987346769742394770e-01
-4.039752048406837770e-01
-4.154484920054259955e-01
-3.967048738274148167e-01
-3.827875863152143676e-01
-3.695018092961052103e-01
2.986215188004193166e-02
4.043294154606991847e-02
1.053311894916251212e-01
1.378930871284555215e-01
1.757860881878171855e-01
2.537235740346260870e-01
4.213183472485524383e-01
4.806337379621276051e-01
5.164971631235564242e-01
6.939468668223088832e-01
7.492975054581401118e-01
7.610823907349657524e-01
7.515029619863980992e-01
7.680132289327938899e-01
7.939191222917271196e-01
7.825268412344998925e-01
7.553567378031179613e-01
6.704907963099868695e-01
5.920672995238135394e-01
5.042814171837048942e-01
3.241541017643927436e-01
1.875142177203818761e-01
2.570353269772632232e-02
-5.632488569954741120e-02
-1.646943661503026957e-01
-2.441590593445197577e-01
-3.021885840022509595e-01
-3.387514916640843032e-01
-3.409651031482524020e-01
-4.769832787810673186e-02
-9.160936238891820294e-02
-8.989248499931624947e-02
-4.105788860250141059e-02
9.373160833488457244e-03
4.935411771593350982e-02
2.787704942985149703e-01
4.422789558710261693e-01
5.092000348513538999e-01
5.666371090048536452e-01
7.018197209632665023e-01
9.322202323116004496e-01
1.118297652411188725e+00
1.219533660497850169e+00
1.261463374719743236e+00
1.251885781817222654e+00
1.159214351930420994e+00
1.130482791556514544e+00
1.027805417332714244e+00
9.171931486386103449e-01
8.454333877462644198e-01
7.945975789477351947e-01
7.466857343896318167e-01
7.175897325953433104e-01
6.639750476090473530e-01
5.482612730183870076e-01
5.012235790292181026e-01
4.234505184035001202e-01
3.806694903341649727e-01
-1.135182627039866415e-01
-1.783723280275009426e-01
-1.912570140712570310e-01
-1.881291127234240024e-01
-1.966982758288776112e-01
-1.674935945311976093e-01
-3.327578156604768522e-02
1.334730019886481711e-01
2.910899186287156937e-01
3.414749024384052256e-01
3.878666019898671102e-01
4.499250200440697012e-01
4.472965814549869079e-01
4.412042280885078438e-01
2.563427599299171744e-01
1.306819873716059399e-01
6.279461014935203145e-02
3.333283427424352241e-03
-4.681708327111495926e-02
-9.664536582816869725e-02
-1.022838407222290275e-01
-1.111767053105020137e-01
-1.314809339948964373e-01
-1.447807699420801397e-01
-1.977793320022432633e-01
-2.769043005636040444e-01
-3.430078127919067854e-01
-3.976508265614129289e-01
-4.287759490455389511e-01
-1.365447725505748375e-02
-1.553622550699989766e-02
6.388127995820711003e-02
7.702302873768525349e-02
1.068849431284846635e-01
1.339661834056598555e-01
1.305090636096247203e-01
1.423649243807597331e-01
1.761743810217246409e-01
1.922977170354838450e-01
2.460058109014854055e-01
3.891577998980957909e-01
4.381751941004898288e-01
4.882017775001835092e-01
4.903280194203827880e-01
4.689479093279154687e-01
4.095008464758491118e-01
3.719601723635643786e-01
3.552207076775497074e-01
3.136742181419728270e-01
3.395496913840119202e-01
3.688850359568727200e-01
3.813775955806092410e-01
3.655860210326037918e-01
3.294828027053042785e-01
2.797458687194518401e-01
1.051000949454832523e-01
-3.499719713116028474e-02
-1.400676708746452781e-01
-3.120564345322142732e-02
-7.559533424441473859e-02
-1.081065314411711609e-01
-1.441543401929256674e-01
-1.963684154101943968e-01
-2.293510812404514487e-01
-2.429439432031809121e-01
-2.267845289083883775e-01
-2.276009820017818319e-01
-2.228432112011276001e-01
-2.014741042625851075e-01
-1.677831893748449321e-01
-1.210097688506376334e-01
-1.044027184508253964e-01
-9.187803597083415985e-02
-1.352901628959017333e-01
-1.327005535757733168e-01
-9.968334048237768863e-02
-3.755589455721279613e-02
6.447483423495957433e-02
1.935944746586460430e-01
2.906685649879316435e-01
3.235981728533134927e-01
3.292434144374655203e-01
3.065910857645303134e-01
2.766208195463784048e-01
2.358797207110079341e-01
2.307191005833921227e-01
2.134431995056637055e-01
-1.385095964407294100e-01
-3.254096230337790718e-01
-4.466828864452427328e-01
-5.495348063752514278e-01
-6.439872232938328445e-01
-7.222544377553381523e-01
-7.409223582512308726e-01
-6.802183977131639470e-01
-6.510908270360412642e-01
-6.639583026003023081e-01
-6.865212051089432110e-01
-6.561946623533199130e-01
-6.048310059326675869e-01
-5.335893491776392272e-01
-3.496657683701750452e-01
-2.817868227381890578e-01
-1.830568733929882896e-01
-5.285743413447877015e-02
-1.366888681372635528e-03
1.262485889505656211e-01
1.692394230436146396e-01
1.573262720110922275e-01
1.447003111848249590e-01
9.919711485245991112e-02
8.696154112453366447e-02
4.421505459039126035e-02
-8.846625506763608482e-02
-1.392823018258005641e-01
-2.418880047528811916e-01
-1.374148485342197856e-01
-1.464016783584459747e-01
-1.545947133181911626e-01
-2.043302551015478419e-01
-1.986082513330230670e-01
-2.063633150978990138e-01
-2.171666566223196260e-01
-1.656816043130568405e-01
-1.325905456924821035e-01
-1.134081380621299873e-01
-1.172147010495078745e-01
-9.919034337343420049e-02
-1.040490185021323705e-01
-1.151472941050411952e-01
-6.326079019344862941e-02
-2.716020870592861236e-02
4.288777432164715686e-02
1.131248969518939690e-01
2.681488571219478589e-01
3.805689778134948575e-01
4.602410079063620763e-01
6.353315729198085737e-01
6.858720011864352095e-01
7.132512282606030540e-01
7.130516141307657874e-01
6.301227807464296893e-01
5.953971092698263634e-01
5.548692898254229400e-01
5.269714206203263140e-01
-4.235242692048781649e-02
-1.129321278898415548e-01
-1.067124923764658784e-01
-1.437632347589519188e-01
-2.409248534371889461e-01
-3.583933313266236542e-01
-4.123183522399853640e-01
-5.174107518068550293e-01
-6.361872912102174427e-01
-7.116128537615025174e-01
-8.084728830352888584e-01
-8.363592824601746578e-01
-8.329753730995201888e-01
-7.427141037089250997e-01
-7.421278601348717530e-01
-7.179320474024285526e-01
-6.092688985529167711e-01
-6.086833173999243174e-01
-4.844138924327328066e-01
-2.356814911942980151e-01
-2.357097603723128654e-01
-9.764009512961180359e-02
-6.599815967461344912e-02
-6.609506710906398741e-02
-5.331367837813871802e-02
-1.630061912123713930e-01
-1.601798269215708170e-01
-2.041426497228307768e-01
-2.159707190256669185e-01
-5.494352837783589120e-04
4.456584915103378730e-02
-5.116938531353365516e-03
-5.990219584678760020e-03
-2.655070787997614312e-01
-4.053472336295009804e-01
-4.055646372386268461e-01
-6.006573535615294945e-01
-6.337610568906291153e-01
-6.337653504498241830e-01
-7.084991015943502557e-01
-7.986990151943865746e-01
-7.990705298789027022e-01
-8.201073226854631582e-01
-8.117510524176039244e-01
-7.436759644946961956e-01
-6.911371844292898414e-01
-6.447811641755337719e-01
-6.384341231471869493e-01
-6.252450778325755465e-01
-5.910246892424672049e-01
-5.498607778597932594e-01
-4.539077984930495746e-01
-4.034667813935898795e-01
-3.574331761899700588e-01
-3.115447514214400027e-01
-2.313856721489532253e-01
-1.370023363020513862e-01
-1.250315412439257090e-01
4.690427983101502774e-02
2.542512691862604951e-02
-2.882576992270554500e-02
-5.933663598677119122e-02
-1.075073219348469666e-01
-8.279622024262689450e-02
-7.817227692213768453e-02
-9.729563786083246513e-02
-9.149463677726545063e-02
-1.195629756381682146e-01
-1.864195913457604714e-01
-2.328750538265799419e-01
-2.199501722812252091e-01
-2.247361913535479705e-01
-2.163550743607398075e-01
-1.888491008427927720e-01
-2.003901809852682292e-01
-1.947969562870796867e-01
-1.846622961633085369e-01
-1.926605007418419890e-01
-1.853843486874126034e-01
-2.065192300346615495e-01
-2.184483460379892938e-01
-1.581617268011916155e-01
-2.041474258818667953e-02
4.681842091782602300e-02
1.251236446072913899e-01
1.917515173375458071e-01
1.904380751269070249e-01
2.915171116860190009e-02
9.411015589667495740e-02
1.002770942022150891e-01
1.042059144831284090e-01
8.962618487029011538e-02
7.032161832756773923e-02
4.973897617864411758e-02
1.446821937163372818e-02
-3.745646317216807381e-02
-1.014522020135264491e-01
-1.285232580385299583e-01
-2.690346708073502180e-01
-3.985077101602559901e-01
-4.733673981803934172e-01
-5.396139048553941775e-01
-5.538826471293889497e-01
-5.412733076560930501e-01
-5.410762949997943716e-01
-5.479789542210251607e-01
-5.693889208986180339e-01
-5.680407145975772121e-01
-5.265424548996895382e-01
-5.026268921288091773e-01
-4.738794863656257128e-01
-4.580725353612314366e-01
-4.788913600871936849e-01
-4.623847467540289080e-01
-4.271735731659499491e-01
-3.871813510523037238e-01
5.137292632560776923e-02
1.320562694836464046e-01
1.926690641839025886e-01
2.117105647352540698e-01
1.918352313850687219e-01
1.381540193581476117e-01
7.666010502285440509e-02
-4.347125749780809956e-02
-1.023028029448906362e-01
-8.952914763364511197e-02
-1.162216343322006323e-01
-1.276253401119692987e-01
-1.488132423960849549e-01
-2.424176554213008650e-01
-2.739750577858998115e-01
-3.339588756949486426e-01
-3.585645482640780202e-01
-3.508203585253220069e-01
-3.435037844455880451e-01
-3.310160198904072426e-01
-2.923659731290784713e-01
-3.103057531170293482e-01
-3.443503307487270071e-01
-3.705163737532884416e-01
-3.543366424176779828e-01
-2.973789099530334545e-01
-1.884254703989079460e-01
6.837341595892304502e-03
1.035049566869441218e-01
7.462951099183597059e-02
1.660794891775639603e-01
1.900856239062658493e-01
2.242376757082432115e-01
2.332017059115598923e-01
2.212268936735128366e-01
2.265165737803717938e-01
2.455650368416263940e-01
2.634032664527334866e-01
2.500502360310366545e-01
2.647654892507929625e-01
2.713302343244255455e-01
2.056032226141836228e-01
1.599790748050628486e-01
9.983446472749599176e-02
-5.185732319029551229e-03
-4.393977264936392568e-02
-1.062319158441676625e-01
-1.669737438737611546e-01
-1.989915570916981069e-01
-2.086288327190554404e-01
-2.022671998176574781e-01
-2.189473055894072262e-01
-2.155319401751630837e-01
-2.254517345150811314e-01
-2.269955577137541813e-01
-2.061086788059666441e-01
-1.980618115461680595e-01
-1.762288026044828704e-01
5.636250616299282729e-02
5.167244700516405997e-02
6.468405040385000193e-02
1.867365240354289524e-01
2.802923968109580777e-01
3.649267556153918957e-01
4.817576140933936824e-01
4.936892794881510005e-01
5.374982906921962345e-01
5.440550565478209366e-01
5.292713173083928302e-01
5.240472471498789364e-01
4.677056682084217432e-01
3.745955641768297095e-01
2.435121282720440761e-01
1.216796044563310114e-01
2.702046405757607683e-02
-3.066802915616368558e-02
-5.751386221579593561e-02
-1.051022831877573838e-01
-1.281135589260898600e-01
-1.404082268064051342e-01
-1.732891930416953219e-01
-2.320602043777208190e-01
-2.844476094373317165e-01
-3.688309625903366529e-01
-4.760532169931258606e-01
-5.049809385590650068e-01
-4.997806074614453142e-01
2.178845050013540618e-02
9.220538660016708299e-02
2.301813686253986468e-01
3.570828906904947031e-01
4.134697551671066007e-01
5.256780883680215455e-01
6.459456342448360866e-01
7.405863758262640761e-01
7.697807732274861703e-01
7.851173785222919088e-01
7.610056289426762044e-01
7.299657917397439633e-01
6.966488851934236060e-01
6.641647437229181161e-01
6.400949854579309761e-01
6.334253496656033766e-01
6.220931008563906905e-01
6.265094285190075940e-01
6.117146842641854043e-01
5.770096774187328803e-01
5.161218403817184885e-01
4.639281746174292453e-01
4.324371237290439707e-01
3.379161601327282938e-01
2.193001978817578634e-01
1.448443364654936616e-01
1.303269529030630092e-01
1.010525996992998610e-01
5.040150996807798295e-02
-2.851780577983081821e-02
-2.926167893146924825e-02
-8.554488628842102371e-04
3.916534287160994277e-02
1.121297838469324792e-01
1.881048078980450677e-01
3.131911452943297314e-01
5.089292831448718468e-01
6.712846691656795262e-01
6.766414177546088426e-01
6.922466734412181522e-01
6.704147770317641086e-01
6.863950715584041795e-01
7.628741254582346309e-01
7.824498567289130957e-01
8.146070797093023508e-01
8.870180395928861650e-01
9.046267242908648809e-01
9.223754067752698571e-01
8.553677338263638852e-01
7.770327715986277139e-01
6.662549229294243425e-01
5.118654259034141063e-01
4.753043212923165339e-01
4.813470253089918716e-01
4.416699090742210454e-01
3.530075951397886880e-01
3.050655841544299141e-01
2.894904385853807050e-01
-2.400511553394592268e-02
-4.345420372776009899e-02
-5.170428935951078275e-02
-7.658005093896499971e-02
-1.067292838009338551e-01
-9.354498047751355627e-02
-4.191128754038636606e-02
-8.759324851108016285e-04
9.937412128818437496e-02
1.895725687789620029e-01
2.076900970927772205e-01
2.382635296673747960e-01
2.554154658563517200e-01
2.503813238274865682e-01
2.838501658239249159e-01
3.517252420976605953e-01
3.514022154426040823e-01
3.755216126003438903e-01
4.263050931960081780e-01
4.464141041628024720e-01
4.400477950847588304e-01
4.598039179273491484e-01
4.204249225586357830e-01
3.718607109698067736e-01
3.470828022770405807e-01
3.137112592824279900e-01
2.297094932348168750e-01
1.197528054557450011e-01
5.112219823469629776e-02
-1.077631920701409562e-01
-1.506156115548675234e-01
-1.970023618095753659e-01
-1.703318502841612847e-01
-1.336954992572773060e-01
-1.181442180551663529e-01
-3.944535215955892460e-02
-1.644224370755745235e-04
3.618748338438294854e-02
6.725805064880792383e-02
1.200187997390014805e-01
1.620052093841743424e-01
1.733284665804790681e-01
2.459478863979266960e-01
3.284239205437334830e-01
3.864747994215703142e-01
4.249678562666981962e-01
4.590072943140545148e-01
4.642983761035916479e-01
4.872308371155797957e-01
4.938673917814643821e-01
4.867699404039487199e-01
4.981466718009146533e-01
4.812257642221792198e-01
4.476575016687145969e-01
4.020473149166202131e-01
2.595067251242660356e-01
1.322943031095487887e-01
-1.154897645844393805e-03
-7.385165234427139291e-02
-7.184167811087324718e-02
-7.561629196778775486e-02
-8.726134399700392896e-02
-1.294252878056132983e-01
-1.370849250170088351e-01
-1.205493093356050233e-01
-1.635289651287806512e-01
-2.073886792830129666e-01
-2.281304734715146332e-01
-2.255539270695894882e-01
-1.706890632585380541e-01
-1.587440344357565480e-01
-9.168849777060958384e-02
-3.318652292880885923e-02
8.143088067874254543e-03
1.142518771573837050e-01
1.663607468568949199e-01
2.641794052477275390e-01
3.357672137750008501e-01
3.447415058746948202e-01
3.769053791326040792e-01
3.689209321405240161e-01
3.472740035259218039e-01
3.386578349441191627e-01
3.139835885808209270e-01
3.130523472039967725e-01
3.100647602256954016e-01
2.917016328812438997e-01
-7.561929226402524552e-03
-2.014632210513350730e-02
-6.434623000848872787e-02
-1.167255211460755393e-01
-1.472524726183184474e-01
-2.062983111293490712e-01
-2.785365442485564502e-01
-3.285291928583181642e-01
-3.556225788754970307e-01
-3.547291418351380954e-01
-3.893975748586706587e-01
-3.967011564012241087e-01
-4.120681200029559510e-01
-4.111092952931174049e-01
-3.887609525844652469e-01
-3.898703049982482627e-01
-3.499642768442941532e-01
-3.228778883896472052e-01
-2.951933706681069691e-01
-2.461773215293473482e-01
-1.902034714844958174e-01
-7.964446076895258242e-02
-2.000837321285722781e-02
2.850355564442765693e-02
5.511778387015198871e-02
5.948328545267691364e-02
1.034875114241732563e-01
9.935323267866311148e-02
1.148932836993360462e-01
3.832936684906201874e-02
4.449876874529867798e-02
4.672939132719261535e-02
2.640372175532918961e-02
1.521442869137082377e-02
5.500464846152656670e-03
-2.324804225339723029e-02
-8.557836721870587526e-02
-1.946464024498839318e-01
-2.888713996471826140e-01
-3.979890754731817415e-01
-5.496042646082316407e-01
-6.317572021684805250e-01
-7.264562721588844196e-01
-7.557824137632193073e-01
-7.802335185897096848e-01
-7.573675690856942477e-01
-7.358013765177027210e-01
-6.932011494059576728e-01
-6.272002307779154240e-01
-5.984028923454297599e-01
-5.352922877285059000e-01
-4.799193879028670340e-01
-4.369187334876046824e-01
-3.476415766523478501e-01
-2.822417988802087829e-01
-2.336835705618962311e-01
-1.362913106437723121e-01
-3.825462452001579527e-02
2.923010786784929413e-02
6.918072031674708799e-02
9.284700703465008365e-02
4.993590805778352903e-02
3.210325373411558603e-03
-2.589145349937761222e-03
-2.041447509591546444e-02
-3.720009010862343479e-02
-4.592327237075433805e-02
-1.191919486060671884e-01
-1.493816806646696693e-01
-1.892274089233532963e-01
-2.277826150787774784e-01
-2.310459867061578076e-01
-2.673438573370975346e-01
-2.907448349876317617e-01
-3.157855402225606678e-01
-3.521289924010692074e-01
-4.294688305429117392e-01
-5.028821643014691478e-01
-4.974224799076648051e-01
-4.511286754776432373e-01
-4.616464585480404281e-01
-4.462053554997836846e-01
-4.081785968239398099e-01
-3.449512040797229617e-01
-2.287927708011936734e-01
-1.511811217568301557e-01
-2.707682406175196399e-02
8.493840736378581446e-02
1.534925477091241830e-01
1.587539526107596688e-01
1.435733399307056180e-01
1.461169122805349718e-01
1.049133899083999344e-01
9.855860183946954511e-02
1.012205051019273577e-01
1.138636983267825586e-01
1.179340637983947310e-01
1.124634734756816551e-01
1.688888437317231372e-01
1.786081511135890754e-01
1.701897738544706773e-01
1.568762988968908922e-01
1.068110012478411947e-01
9.590119643279962358e-02
4.388569997574403442e-02
-1.359836691896907507e-02
-5.887498251229189572e-02
-2.040290642066824589e-01
-2.651411884424179077e-01
-2.830948643726159952e-01
-2.730313740435238445e-01
-2.603424508542231952e-01
-1.942648883294557094e-01
-1.721463745501308207e-01
-2.127329088684746794e-01
-2.054507092826774461e-01
1.165769904201159265e-02
-5.955376869561216507e-03
1.753517684161304616e-02
4.239569250772313308e-02
6.337629700061511717e-02
1.555590228844316580e-01
2.477749572184873017e-01
2.745526194360500272e-01
2.654523205546804321e-01
3.418521702707560950e-01
3.784589631761879902e-01
3.835003197759353499e-01
4.136933531899030791e-01
4.243963628927546194e-01
4.289538184179312874e-01
4.342563093409106401e-01
4.517016076984815554e-01
4.384037887632896702e-01
3.547024439695630749e-01
3.065915846224638308e-01
2.606410126543138306e-01
1.514520278416352506e-01
5.565284321011487734e-02
-5.663625114176232267e-02
-1.859030158860918436e-01
-3.231885914577555807e-01
-4.763408452241107427e-01
-5.069461522215291671e-01
-5.411729158416094254e-01
-1.480725403130106997e-02
-1.254706107905791991e-02
1.476572073633526487e-02
8.220790822888099370e-02
1.714886257753677201e-01
2.715886287125643395e-01
3.214634469218640711e-01
4.075529163416704570e-01
5.097405332121838217e-01
7.746937815882101175e-01
1.056019250573500878e+00
1.085522105900111001e+00
1.065683940851692268e+00
1.065956806664324574e+00
1.070407471068632876e+00
1.089717038734594468e+00
1.107134345793631791e+00
1.144603070995823479e+00
1.148507711981797463e+00
1.137794857488814371e+00
1.062678086858589444e+00
9.620634941634598203e-01
8.457671941768500901e-01
7.414397657739318914e-01
7.216102832015243163e-01
6.846252145731855920e-01
6.076927906519677958e-01
5.914178681987027897e-01
5.533005277553232348e-01
-4.627297793981548918e-02
-1.010770625137734913e-01
-1.070948598054995010e-01
-9.766691896533011286e-02
-8.961154874495284861e-02
-6.392611721330289376e-02
-3.850202126483889820e-02
-3.806526655244544394e-02
-2.959016423716893246e-02
-1.781151557776972788e-02
2.557400499834706908e-02
6.344560953513872503e-02
1.438003419973228891e-01
2.270389057407972699e-01
2.333554559273111895e-01
2.563412023787692839e-01
