6.501664797204660239e-04
2.047072888799985127e-02
4.067597086785978283e-02
4.146714316702386494e-02
3.421748577987404616e-02
1.472564037641146614e-02
-7.644615049480787961e-02
-1.428438817139764117e-01
-1.744015965918319366e-01
-2.133602326224235957e-01
-2.333079587082324824e-01
-2.771204414918736481e-01
-3.516248862051626900e-01
-3.629658258265275328e-01
-4.346474241739690658e-01
-4.415589472728117526e-01
-3.001056040050996687e-01
-2.813960172191680709e-01
-3.737180194689853074e-01
-4.025542266444194772e-01
-4.548763049955023008e-01
-5.190486746043111443e-01
-6.100076800176114089e-01
-7.149654476535213243e-01
-7.689599147471850582e-01
-7.785153282999049962e-01
-7.736479808901415289e-01
-7.123560864802787052e-01
3.530801311211869548e-02
5.291996540328289950e-02
7.928246359914184471e-02
1.080867741265398585e-01
1.455616775140275987e-01
2.196075015928080076e-01
2.681756239467965042e-01
2.988109073321880693e-01
3.023590828943788500e-01
2.955105691248834376e-01
3.280325883316548841e-01
3.792160923662560301e-01
4.423201564243051109e-01
5.057655557502402921e-01
5.555248832900452349e-01
5.932000069208618331e-01
6.260529748810221840e-01
6.416811674727121995e-01
6.473334501269182306e-01
6.619029828971516594e-01
6.561247398685254861e-01
6.476876602064550736e-01
6.540659796811517657e-01
6.634678548352238581e-01
6.619875521320685019e-01
6.848749248805564571e-01
6.983940878829959509e-01
6.493932232713521824e-01
6.372215852451320606e-01
-5.008945541102667598e-02
-1.091198519399256966e-01
-1.203949001552620246e-01
-1.763185151210175383e-02
5.400198267819786291e-02
9.080177669235792171e-02
9.504571726196603398e-02
5.627792686752914469e-02
3.559454109267631838e-02
1.787006795493758030e-02
2.058669685746956912e-02
3.105751470952879123e-02
3.135742561540010021e-02
1.821637430857109274e-02
-3.015140602260827501e-03
8.169858808921862114e-03
1.601048501056910600e-02
1.107482720375680373e-02
3.251208232965852735e-02
3.591512040780319576e-02
5.205429394676490407e-02
1.131316973483627031e-01
1.680044156491725393e-01
2.089451080167715191e-01
2.758373933234555819e-01
3.287758003110891614e-01
3.914339623597730133e-01
4.494414311504005277e-01
4.631794422053374105e-01
2.168265348885837704e-02
4.884107156227085467e-02
6.659438269650667930e-02
7.098999940021369359e-02
6.467029873257905404e-02
3.717529693243336320e-02
1.072303659998896652e-02
-1.814400105210405359e-03
9.227617667637544666e-03
3.083301436040444127e-02
5.239998612203751460e-02
3.675730728774698891e-02
-1.651035515207716076e-02
-7.297905910770341453e-02
-1.210384650871697276e-01
-1.925792260830652691e-01
-2.381642893621971069e-01
-2.698039253273764593e-01
-2.949960018569862674e-01
-3.090317052909053452e-01
-3.082886885274573330e-01
-3.124161345012161917e-01
-3.100171922541990477e-01
-3.069986581198672626e-01
-3.210208191920361220e-01
-3.433875558919209925e-01
-3.516214393098834323e-01
-3.322917940455614727e-01
-2.864933828695937490e-01
6.929010465232733618e-02
1.366865975848725601e-01
1.569245470179641000e-01
1.604582894482908806e-01
1.721063975195188667e-01
2.061250761822856492e-01
2.681418340616739671e-01
3.126592054802368459e-01
3.702166366420017729e-01
4.073469266896654339e-01
4.197198054818544466e-01
4.621487851655005086e-01
4.672057867601214776e-01
4.576497478460820889e-01
4.696828054278860964e-01
4.582768665632203087e-01
4.362495596677281040e-01
4.007475486336747328e-01
3.481743137788789189e-01
3.029309379881267028e-01
2.792189950248512020e-01
2.697649195774461939e-01
2.399410103510275505e-01
2.215394775404330163e-01
1.760507985600975323e-01
9.347452785377564910e-02
7.255289060573216764e-02
5.801239456510435405e-02
3.373811838644709404e-02
-2.619590987742430321e-02
-5.798116621630883954e-02
-7.566258014811180765e-02
-5.472941883262362472e-02
-2.754564102369614839e-02
-4.585817372053560548e-03
4.872803878297522762e-02
1.117530753393799481e-01
1.493080886193040857e-01
2.122950672609673906e-01
2.417921165311327780e-01
2.785771893996193405e-01
4.042947150957451052e-01
4.178307068409738978e-01
4.319653288639509481e-01
4.418251250748089221e-01
4.379112122669383544e-01
4.222906578762835594e-01
4.327021241240958105e-01
4.373301410995211747e-01
4.518412595987240099e-01
4.901790816251944127e-01
4.980968660056702690e-01
5.123005079597695577e-01
5.347623264607513915e-01
4.681540998835593825e-01
3.977387079736472986e-01
3.290986777292884136e-01
2.226147165209581003e-01
-4.760134803043367113e-02
-8.957965929870778665e-02
-1.079510984508920135e-01
-9.778130965138333297e-02
-1.122018183421915616e-01
-1.015914280535727549e-01
-1.053407923186143597e-01
-1.245623657026419806e-01
-1.654016175995152438e-01
-1.939168394422733643e-01
-1.825225969545490323e-01
-1.749139966641408139e-01
-1.299068830680384090e-01
-5.668250520170244056e-02
-1.891226082394024260e-02
1.716969501066381576e-04
1.954458014385404563e-02
3.762107714553047932e-02
3.021768993611479923e-02
5.533249915764502230e-02
1.020612003032207726e-01
1.426224435474919838e-01
1.613399311663603619e-01
1.561823152463157338e-01
1.403945161418234666e-01
1.646267333664607202e-01
2.001796860661783362e-01
2.262564588992596881e-01
2.513594832080596753e-01
1.289671191763588042e-02
-2.651649656628664309e-02
-1.347528540433394484e-01
-1.911868385424149996e-01
-2.667257483166137755e-01
-3.100609404938930447e-01
-3.601353958898337870e-01
-3.583632160664257937e-01
-3.536940084975272458e-01
-3.923431310695662533e-01
-3.932052309889291219e-01
-3.864351998533487875e-01
-3.997517722191502587e-01
-4.138116834494252605e-01
-4.081202675520794743e-01
-4.017536329635811865e-01
-4.055244597050875477e-01
-3.872640238894602960e-01
-3.665527546109434431e-01
-3.521295529399790514e-01
-3.514278774428106766e-01
-3.487629988292748617e-01
-3.297671535265467857e-01
-2.819761941995636012e-01
-2.023947377411086934e-01
-1.779043092341932586e-01
-1.020730898645494100e-01
2.274807993369200310e-02
4.103049380415454278e-02
-1.049749617687272332e-02
-8.813416221301904885e-02
-9.117826781056756480e-02
-9.172477036510089110e-02
-1.222275624725307763e-01
-1.397764467910178054e-01
-1.100202161107021459e-01
9.832786553176170452e-02
1.827068836690141085e-01
2.202202619247554671e-01
2.496704742625147078e-01
1.937162793119194260e-01
1.052808641995411076e-01
3.996901874354215345e-02
-5.862459950988331558e-02
-1.130418712672734138e-01
-1.472661313480792267e-01
-1.737607475040783278e-01
-2.038193933169464012e-01
-2.589322516214500047e-01
-2.785555243430742900e-01
-2.881180582816492697e-01
-3.033489243114840805e-01
-2.986134895948174828e-01
-3.100909963984694873e-01
-3.151618829509891251e-01
-3.299538951047556457e-01
-3.331685813634048809e-01
-3.178650611046584529e-01
2.433901724841909184e-02
4.320810729877880285e-02
1.952960435581309606e-01
2.908111108497153374e-01
3.079496286956427409e-01
3.593491502608866517e-01
3.994068692385321362e-01
4.431215009331459509e-01
4.678650784469031154e-01
4.717228582901203948e-01
4.941600232109241708e-01
5.078436222304681946e-01
5.105884876714998910e-01
5.252810490436321533e-01
5.257353967734557099e-01
5.167109716822131382e-01
4.395483159182868027e-01
4.070639347637525218e-01
4.388155311792499846e-01
4.187696921319138954e-01
4.009532945012233562e-01
4.036381583840639720e-01
3.752727186961773431e-01
3.541219547743963969e-01
3.263948604372546303e-01
3.097341617910584488e-01
2.889137432069966427e-01
2.560029413577418755e-01
2.389718927425532879e-01
-4.269935956583825049e-02
-6.447247548872787892e-02
-4.217217191341429694e-02
8.856484926436092309e-04
1.786447220514901860e-02
6.182050057503508944e-02
1.284716026148890466e-01
1.741079273948782924e-01
2.168747402276197667e-01
2.685937257096611130e-01
2.647836888889628093e-01
2.655658962529172662e-01
3.084666388575076357e-01
3.217207726290113867e-01
3.492576722590618465e-01
3.726138230449387856e-01
4.046971616391520365e-01
4.486634353180960488e-01
4.427305662418133392e-01
4.286987441350111894e-01
4.295903067268449504e-01
4.501826112959448345e-01
3.923466647691392084e-01
2.904123333692816833e-01
2.103464819339795067e-01
9.711095828665639029e-02
8.099559658240755577e-02
9.085807620182996536e-02
8.557422442486649350e-02
-6.947700301379348790e-03
-3.760977240600419519e-02
-4.147168218450955623e-02
-1.295487678751077940e-02
4.545897759708119462e-04
-9.526314424136714601e-04
-1.870105809346819109e-02
-2.531292256941203994e-02
-4.371985284124829674e-02
-4.975741169270965492e-02
-2.288053711683683128e-02
-4.139731323338582264e-03
3.859206349927345181e-02
6.212568029270123388e-02
8.345976180293650237e-02
1.193304517734887493e-01
1.595003188723375653e-01
2.010838923188912331e-01
2.586507286388861071e-01
2.523960875056416864e-01
2.734971479907838954e-01
3.117570906347633675e-01
3.129341541239356039e-01
2.993637196079998453e-01
2.984772406932266198e-01
2.903361276177893191e-01
2.626238938897122455e-01
2.559826038323484432e-01
2.241632306640626848e-01
-1.153217332344994711e-02
-1.699420622771505990e-02
-5.248962049096339566e-02
-1.299885532470185789e-01
-2.077956634572313832e-01
-2.547055201121863899e-01
-3.041641883127728652e-01
-3.264361208371172052e-01
-3.463880384493243647e-01
-4.011760789963916829e-01
-4.318013335193620628e-01
-4.798839327621018946e-01
-4.980976240454886850e-01
-5.204465981310318901e-01
-5.418248784803637585e-01
-5.480428040398452882e-01
-5.830607999544953346e-01
-5.977044302760174954e-01
-5.981936595436050386e-01
-6.185634864948528211e-01
-6.058870036958412530e-01
-5.439721446982960229e-01
-4.790975509043230995e-01
-4.092132071093642631e-01
-3.360352452893988762e-01
-3.254062218241253746e-01
-3.110455309375547150e-01
-3.030519355774238810e-01
-2.921219691620331460e-01
3.862221407172009013e-02
5.826670641704162490e-02
8.013448250627447367e-02
9.142030202882550638e-02
9.686410105824573569e-02
9.221186381381533959e-02
9.594959207259334821e-02
8.782037407486485703e-02
8.372721088936474487e-02
1.033338535046229856e-01
8.718516630640479881e-02
9.615603316352150376e-02
2.107243551990572450e-01
1.184138918693597720e-01
-8.020771216458985609e-02
-1.173785210807519602e-01
-1.339430300298943000e-01
-1.650833075126525717e-01
-2.127490126147385530e-01
-2.230341158121422751e-01
-1.732808491212259605e-01
-1.575669692260770471e-01
-1.467593303940304961e-01
-1.552682988661826524e-01
-1.723968543732827541e-01
-1.816067444932805419e-01
-1.768289935434828597e-01
-1.164704469551892940e-01
-6.031990616809083244e-02
4.130564401587990403e-02
1.339005830071480774e-01
1.125767522282348360e-01
1.359803320769348289e-01
1.793106315119903371e-01
2.046979158297553003e-01
2.369578667874730760e-01
2.539943518063436101e-01
2.955126071714886948e-01
3.390090518111843476e-01
4.199769302046498787e-01
4.757429256269551932e-01
5.452513372257619118e-01
5.568847734436729313e-01
5.312131179686524485e-01
5.048840094681571466e-01
4.265798058194013587e-01
3.556460644580901054e-01
2.961195154323019163e-01
2.027029107045959233e-01
1.514609656651335345e-01
9.634277083720324542e-02
9.652664743528842350e-02
5.766423881345090346e-02
-3.191588535787296538e-02
-1.150424752995473088e-01
-1.338597449333447098e-01
-1.339251028022455103e-01
-1.515942798411388237e-01
-1.424185007107162636e-02
-4.979515184131358407e-02
-1.145539363945370370e-01
-1.150884146231538063e-01
-1.077445761260612672e-01
-9.752815096536000816e-02
-5.331632683430412301e-03
1.328830120345674271e-01
2.376903945721656752e-01
1.381143359439902241e-01
1.380918911415272843e-02
-1.118926831898297766e-02
-4.229723703890776731e-02
-3.550609964090404441e-02
-4.083001274739939818e-02
-4.541842693668129982e-02
-3.080161823562715950e-02
-9.587525702964526386e-04
1.358603378328706451e-02
6.497659537969892839e-03
-8.419568763694498803e-02
-1.816754987917039155e-01
-2.224155362566621330e-01
-1.985921455249627654e-01
-1.557672041149698039e-01
-1.369241491590478255e-01
-1.116064720962142154e-01
-6.621673059813626416e-02
-8.625457256944178697e-02
-1.544777612810110078e-02
-3.618935133452070435e-02
-6.593916381789147185e-02
-7.010959314195799874e-02
-9.015446030081708528e-02
-1.903584632211564875e-02
-2.769133004207116264e-02
-1.655290944823527566e-01
-2.185830983178791154e-01
-2.855773484852530686e-01
-2.901397528099019518e-01
-2.341210686522257334e-01
-1.809257347038466524e-01
-1.417336657620094087e-01
-7.487202415614918616e-02
5.099962431704707644e-02
1.219294664161910818e-01
1.583977162023497698e-01
2.068511529556881778e-01
2.513082284586981019e-01
2.974459610009380639e-01
3.489117813710124749e-01
3.430252018317703211e-01
3.486268001462318189e-01
3.459598228503605877e-01
3.076807878894657344e-01
2.524948717227264439e-01
2.162054229811690431e-01
1.954825505660597040e-01
-5.698977464585365006e-03
-4.467902577762393468e-02
-8.136689518255109388e-02
-1.215095989987001329e-01
-1.282281635634055783e-01
-1.327837764284708899e-01
-1.094875416622360931e-01
-6.534158517920704567e-02
-7.368078317758347540e-02
-6.139359582306212065e-02
-4.879052357997448741e-02
-6.437207701627575829e-02
-6.153686099038929713e-02
-9.754766149302249167e-02
-8.915477998532181370e-02
-4.243745745671177738e-02
-8.136296093196986046e-03
3.875485969844150863e-02
7.118701312062984676e-02
1.063353076249180795e-01
1.142831592403596441e-01
1.123500313225914843e-01
1.505678365158965304e-01
1.850790438036368502e-01
2.241297048221408961e-01
2.257935570771126554e-01
2.178238594562090791e-01
2.191199529364225018e-01
2.218463886759591275e-01
-7.410820108410653105e-03
-6.542101158032310147e-03
3.051955105913425198e-02
1.144339490332477866e-02
-1.706120535741610308e-02
-1.180342260792827808e-02
-4.265082224459561255e-02
-8.299678681706998407e-02
-1.384531256891283757e-01
-1.887572757313482341e-01
-2.481277695819001095e-01
-2.635746774076852539e-01
-2.375618591340412089e-01
-2.417149360268782410e-01
-2.406605741908091345e-01
-2.249666597862277628e-01
-2.264079565005089889e-01
-2.320804915981018457e-01
-2.255224168227063508e-01
-2.403319033326496712e-01
-2.443554670194910683e-01
-2.369829929039951599e-01
-2.396917127931828262e-01
-2.486418881627336652e-01
-2.880297990474012804e-01
-3.007143660449784761e-01
-2.722682529931648165e-01
-2.369307471465877668e-01
-1.899752586442629010e-01
7.637679158588368822e-02
1.185748972262257450e-01
1.472942996141131944e-01
1.656995065619866481e-01
1.749659423960795712e-01
1.761932151680859482e-01
1.643775674238370510e-01
1.744008282379259644e-01
2.163129966820973027e-01
2.818729448140025462e-01
3.605244293617059226e-01
4.472536406294875810e-01
5.737915212987988456e-01
6.647273978719154819e-01
6.964873118722321177e-01
6.679590328996571902e-01
6.189038492845678752e-01
5.653924049709058153e-01
4.962046588345747633e-01
4.167615322157207647e-01
3.618859946365430846e-01
3.365057763876648234e-01
3.399070537723073437e-01
3.859210390723210038e-01
4.576936406191730589e-01
5.125476879604380365e-01
5.675190649911721064e-01
5.407804190309769554e-01
5.389122296849895299e-01
1.321228844968780304e-03
-5.384925520812825633e-02
-8.534523497694176952e-02
-8.173375612327675455e-02
-5.868453834000885577e-02
-1.583362297117041351e-02
3.496004927593724526e-02
3.120305966382846963e-02
1.336473338690647578e-02
1.717841845400453621e-02
1.683174674282802291e-03
-3.591779982511049754e-03
-1.814172932493183718e-02
-5.230034487773488339e-02
-9.459405929959809056e-02
-9.674703814606945562e-02
-8.718359599084626876e-02
-2.596582291689498306e-02
7.053563413919422542e-02
1.208005363435866730e-01
1.450189571179508197e-01
1.029849433374085271e-01
2.801294350900566943e-02
-5.692537346113794861e-02
-1.983325799987220583e-01
-2.691846715614050201e-01
-3.452369471741031925e-01
-3.549153020495901534e-01
-3.344902969883801203e-01
7.641030914032250973e-03
3.624611952338550880e-02
2.493759481241333842e-02
4.433987982374831827e-02
1.129342326325746271e-01
2.221013933644681027e-01
2.699199307270341297e-01
2.712510859308192024e-01
2.777699549463449880e-01
2.598884180051632131e-01
2.359078801386031987e-01
2.817778714579682875e-01
3.217291296662298516e-01
3.800884114965528138e-01
4.390633795243624182e-01
4.614534631786406660e-01
4.998019661083017984e-01
5.147498200213986852e-01
5.248880431436745431e-01
5.622136092401924801e-01
5.528784056682278791e-01
5.200991554620029156e-01
4.899304997606553358e-01
4.364050520178892612e-01
3.992177256468888435e-01
3.888994394637495522e-01
3.621578959905496498e-01
3.390680785779984774e-01
3.084497178332665790e-01
-5.149610327625162715e-02
-8.958483838637829044e-02
-1.287691230253742436e-01
-1.424253703626637002e-01
-1.286130024605223188e-01
-1.333582752800251681e-01
-1.506253770141859349e-01
-1.817129273148465618e-01
-1.467436497324149103e-01
-8.025089324176858108e-02
-5.573166611017110750e-02
-4.588533787956722981e-02
-4.165363528652690772e-02
-5.353905171556738729e-02
-5.966608741818612421e-02
-7.947667567628929897e-02
-1.014738217993319258e-01
-1.990730163515800899e-01
-2.595713825092315630e-01
-2.631830927319722679e-01
-2.049960430678904322e-01
-8.146677695210194359e-02
1.493888932288426896e-01
3.209756922300884829e-01
3.890243971736756512e-01
4.923995083704412190e-01
4.662760639660548101e-01
4.933366986293292733e-01
6.415496104229561070e-01
1.221750703070495214e-01
3.168425930758316245e-01
7.043536364266086425e-01
9.576186552138832297e-01
1.212810252044530523e+00
1.404189851483010010e+00
1.290874656694821931e+00
1.049639560055672272e+00
8.520189026126515630e-01
5.346981702978166329e-01
3.189361591005568375e-01
2.354009670065017601e-01
5.308840125619290751e-02
-5.812214282384278730e-02
-7.043115341071949642e-02
-1.212428652857317490e-01
-1.824897500802903083e-01
-2.596131369992372706e-01
-4.437628171700809254e-01
-5.307781819641376186e-01
-6.060097806035295021e-01
-7.298372108227280108e-01
-7.803692518166421843e-01
-8.393010820694237761e-01
-8.990626764472473553e-01
-9.447882563405911593e-01
-9.937829150456729543e-01
-1.018051597279066245e+00
-1.056742255949256526e+00
-4.149525249135453675e-02
-8.043314091464694171e-02
-7.179706914211858582e-02
-4.667340220550872387e-02
2.458854980486767372e-02
7.295708678091790411e-02
1.082434142357615592e-01
1.725039159049967796e-01
2.063055332496998295e-01
3.232003207738176620e-01
4.055033658977283961e-01
4.436552726341857489e-01
4.929342249119552100e-01
4.815791631597223788e-01
4.880950201400598432e-01
5.074783920048737684e-01
5.288399310012642518e-01
5.441797300195704290e-01
4.985110264553854198e-01
4.202501683046823144e-01
4.062653668722842615e-01
3.899133352262557639e-01
3.415773842046738729e-01
3.017202928852829591e-01
2.619685032205816833e-01
2.531013678409378409e-01
2.251627049166414762e-01
2.247886157416381092e-01
2.261903377001363846e-01
8.018915632524427307e-04
3.173316266103007321e-02
1.708001335280515814e-02
-1.017772706105157798e-02
-8.083590505482497746e-02
-1.312426823339298831e-01
-1.447922718039204026e-01
-1.290826265704465015e-01
-8.738445312381279417e-02
-3.827128395122913335e-02
-2.137102622744477265e-02
-2.642440045520474262e-02
-5.175958697015144161e-02
-2.581338842226233929e-02
-4.852739287402582646e-03
1.513623593625720160e-02
4.135369737495202258e-02
3.649780874363058730e-02
6.057903729500856149e-02
7.555808723456394760e-02
7.904992784110416448e-02
1.213439588501497302e-01
1.322636521267335497e-01
1.326164755089622449e-01
1.244714074751200050e-01
8.157488958141582980e-02
5.911496248255830588e-02
7.605921655456883423e-02
2.035211705314237535e-02
-4.461737489443028809e-02
-6.798830636382660608e-02
-1.333592559767757812e-01
-1.615717741882561342e-01
-1.636536472990506308e-01
-2.184510340632646874e-01
-2.644825151332554358e-01
-3.018297846664994566e-01
-4.200987580055212667e-01
-5.353686638969941125e-01
-6.142172579830674772e-01
-6.264559531138663706e-01
-6.512204556280902779e-01
-6.689400379507818295e-01
-6.571369661836975462e-01
-6.379512148948572881e-01
-6.304026968551349475e-01
-6.034520624291251911e-01
-5.752947982595788545e-01
-5.777340239837772673e-01
-5.536447777518325175e-01
-5.305273166118553707e-01
-5.123215073167015632e-01
-3.450991228067895600e-01
-2.826901220636159895e-01
-2.466241824055862009e-01
-1.857006865744180724e-01
-1.979573652189645927e-01
-1.933264120298306965e-01
2.086073658123486704e-02
5.313636722312291283e-02
2.891844625958610304e-02
-9.566478808387200716e-03
-1.076023279272260609e-02
3.114532378073960051e-02
1.030485235718471559e-01
1.010725758292219945e-01
6.784462759805470755e-02
-2.817689471410017577e-02
-1.962984548110773830e-01
-4.597415821093256971e-01
-7.462395653283742103e-01
-9.978822193216170255e-01
-1.066607212035023622e+00
-1.072420434348888119e+00
-1.025270217809118645e+00
-8.790952450115173678e-01
-8.493779564991724707e-01
-8.495690736442144120e-01
-8.222947647706213559e-01
-8.013710385926646751e-01
-7.728206953169421967e-01
-6.575776369811680011e-01
-5.733820555203030800e-01
-4.717513352159552475e-01
-3.178412501465158191e-01
-2.722626870735190274e-01
-2.239817542359726077e-01
7.391006318681413167e-02
9.779195426083460430e-02
1.105749324741533979e-01
1.189141273706784269e-01
1.247771046616311802e-01
1.581850476191097310e-01
1.647861676061044001e-01
1.760344658605529633e-01
1.715523725686934065e-01
1.825320877561091293e-01
1.854875536616809872e-01
1.883553450636890059e-01
1.685168861294135678e-01
1.078778100743790214e-01
-1.123284651941999779e-02
-1.214798833468485328e-01
-2.566690871194060031e-01
-3.401622519145119927e-01
-3.789542066944265319e-01
-4.184634919622527427e-01
-4.257410282862285622e-01
-4.118171499074492758e-01
-3.995581882054105027e-01
-3.238549303236261112e-01
-2.764108697712978624e-01
-3.016912305491453172e-01
-3.512966818608833086e-01
-4.182832560355453366e-01
-5.257231923923193495e-01
-7.166200351181495343e-02
-8.273526285644870748e-02
-4.282607064738873370e-02
7.815108156473148104e-03
9.038676464996997506e-02
1.489128943257353732e-01
1.480739004463966779e-01
1.380679602022331087e-01
1.164847215531322339e-01
6.535131534620383653e-02
-4.993562450819111209e-03
-4.612014760936538477e-02
-8.474498982404743419e-02
-8.480386316087516752e-02
-5.434705954636781522e-02
-6.586082566311864117e-02
-6.634631424228382146e-02
-4.404180857597134180e-02
-5.586195114288044355e-02
-7.796997884873248241e-02
-1.035951059678924674e-01
-1.640362391245767659e-01
-2.280176286475352754e-01
-3.096102523370775073e-01
-4.392211279034218263e-01
-5.255549825507451756e-01
-6.372266649706177510e-01
-6.632579986800694050e-01
-6.775011768226090192e-01
1.103601571680515835e-02
5.348312194766271371e-02
5.968168686242358162e-02
4.320294825955250939e-02
2.419967092787929375e-02
-1.529887503468854021e-03
-4.855870363998622541e-02
-6.489050365216547656e-02
-7.674770296279492809e-02
-5.409088026511783831e-02
-2.378679816129108948e-02
6.451728539545831947e-03
1.168768924956676142e-01
2.490949362033029191e-01
3.228422450601151628e-01
4.027004322613002008e-01
4.569253162574648530e-01
4.791993643249536361e-01
5.157257378493288469e-01
5.313758723284515151e-01
5.317247623618068797e-01
4.819317445993107629e-01
3.331854076392001263e-01
2.361622099480581438e-01
2.232108362145457381e-01
2.821512830437747921e-01
4.236212868468421933e-01
4.855005605757727882e-01
5.777926103057300367e-01
4.965886359394048460e-02
4.593240454512224902e-02
3.187283866496501417e-02
-1.108624696722118608e-01
-3.506274942293128305e-01
-5.683722336113901097e-01
-7.142113153755252908e-01
-9.063811067346124739e-01
-9.834307875798289356e-01
-9.988208030229505097e-01
-1.033626907850520471e+00
-1.003612383574057576e+00
-1.000559541033257061e+00
-1.020513714283355355e+00
-1.036679446454904729e+00
-1.040519582870572446e+00
-1.026707426876828810e+00
-1.002103525764134861e+00
-9.456997856063127372e-01
-9.160302217375636546e-01
-9.330541563882995826e-01
-9.331424181989333988e-01
-8.932195553900159624e-01
-8.015600231066023484e-01
-7.121437046072633947e-01
-6.275397978988090930e-01
-5.350991388484978017e-01
-4.627488591103932070e-01
-3.671088203810278228e-01
-1.539772085540053875e-02
-7.131528837100856166e-02
-1.117446651912140099e-01
-1.680437902900766556e-01
-1.807156840731980463e-01
-1.773376065306553340e-01
-1.865036151737840264e-01
-1.717116111775177645e-01
-1.315731109472653149e-01
-1.007925930378720941e-01
-8.401382257110863450e-02
-1.052568310287625430e-01
-1.704495589990099313e-01
-2.297609047146136896e-01
-3.432643090922993800e-01
-4.281184521618021099e-01
-5.455987791411387455e-01
-6.696631265808299371e-01
-7.260068698200378146e-01
-7.520275275159840067e-01
-7.487135630300045808e-01
-7.086434199641780118e-01
-6.919119036190929384e-01
-6.763224255409753249e-01
-6.683365711097686290e-01
-6.545241893590669768e-01
-6.398228047391210094e-01
-6.197617974910797356e-01
-5.747590994459228497e-01
-7.229102028132272824e-03
5.363367477889708669e-03
6.021654108058904775e-02
9.803323875688207956e-02
1.339474014169793614e-01
2.282063591881454689e-01
2.852914332470634085e-01
3.492372725856029980e-01
4.001225612769986340e-01
3.871904714732515851e-01
3.859066884035907696e-01
3.817794295097956536e-01
4.018677731227638938e-01
4.237111135774303539e-01
4.368752076030198439e-01
4.358355406465746484e-01
4.279973971009013445e-01
4.129149441992330805e-01
4.035415244964261072e-01
3.543587187096648994e-01
3.334527580051283024e-01
2.979478625615873955e-01
2.824402818595854736e-01
2.541621717073543341e-01
2.167269324549790932e-01
1.793796779496307781e-01
8.123904439698625968e-02
-7.327211943414874140e-03
-1.514658326762164872e-02
-1.945749949641911725e-01
-4.914131444289038808e-01
-6.095449644980737158e-01
-6.835920702292445084e-01
-5.825370687791139312e-01
-3.008441934227644166e-01
-2.305869491862818088e-01
-2.019872943952548960e-01
-1.110741366320348034e-01
-1.259249193374784026e-02
8.273828348665449028e-02
2.371526740762801289e-01
3.833261584559781721e-01
4.622458984486548794e-01
7.254787762102301585e-01
8.720275346612427203e-01
1.009516815879892615e+00
1.146054529631528762e+00
1.385056953736303775e+00
1.779508466402084377e+00
1.935706982619995076e+00
2.267477344789247340e+00
2.698774979981131139e+00
2.981679431604271624e+00
3.219071642604626415e+00
3.339649880053648268e+00
3.358928988406541638e+00
3.421017296904488525e+00
3.360318833623028745e+00
-2.194756052480750508e-01
-3.630539225797986269e-01
-7.090558171107843588e-01
-1.065762490127448947e+00
-1.284958441291589093e+00
-1.675312154927187436e+00
-2.028673511524504036e+00
-2.277483072773033079e+00
-2.435447407173805701e+00
-2.478785433692594076e+00
-2.550277151068975900e+00
-2.598310168987899793e+00
-2.575795242965247311e+00
-2.579658844346435220e+00
-2.712324001972787446e+00
-2.922482795277321355e+00
-3.059299703045707641e+00
-3.129818336068609153e+00
-3.213631946616195112e+00
-3.163303112294643782e+00
-2.837506388070756280e+00
-2.574865353423672509e+00
-2.449219653226456739e+00
-2.255457732338203680e+00
-2.180121520769833232e+00
-2.126572522968299239e+00
-2.094779967918588337e+00
-2.126928449262247778e+00
-2.093495097996813215e+00
7.399056037302900735e-02
1.053983981531487757e-01
1.099499249513931631e-01
1.188289716654634953e-01
6.926044500052366826e-02
3.445040520243111692e-02
2.580094349122101505e-02
2.352469919485727229e-02
1.901888437861803255e-03
-5.178116388231393530e-02
-8.791230465329835653e-02
-1.134440651375670656e-01
-1.238646175308106140e-01
-1.695365284313583853e-01
-2.223834718736066307e-01
-2.620806728909286232e-01
-3.286285501063806458e-01
-4.213108622263869174e-01
-4.674279460591018731e-01
-5.426907961329459074e-01
-5.514296928667584696e-01
-5.689156983708169024e-01
-5.926253226081158454e-01
-5.896615042066258860e-01
-6.089806703194978743e-01
-6.612372485297243196e-01
-7.179381552944787970e-01
-7.657352745140969530e-01
-7.984875910287989598e-01
1.189841367402777288e-02
8.198369004144258343e-02
1.488857770143031112e-01
2.709077076215800628e-01
3.969652533766701019e-01
4.701884805125896016e-01
5.543448095004892551e-01
6.809049379637878152e-01
7.551654104482853347e-01
7.971620265989983745e-01
8.193001607354196691e-01
8.158482708179669585e-01
7.806478101436937767e-01
7.452874017878544644e-01
7.298915131008940627e-01
7.073040619692348985e-01
6.585747486879653945e-01
6.563703761441229689e-01
6.646261446271578555e-01
6.759517619049701942e-01
6.532380538978412865e-01
5.669590767282135513e-01
4.245889059893560580e-01
2.079866415001977720e-01
7.144371719414754907e-02
-7.247380975393555302e-02
-9.170895138081495979e-02
-8.110687735579215352e-02
-3.919389169942982809e-02
4.024283363624714394e-02
6.108766500023907198e-02
6.560737920236889287e-02
4.037136682161959755e-02
8.025874598793281134e-03
-1.051170048524164430e-03
-4.351667004715847886e-02
-8.470929834353464749e-02
-8.484528587154076262e-02
-4.472190118107871593e-02
2.712570039833589464e-02
1.126836948027901547e-01
1.618299555196394679e-01
2.173017537222636242e-01
2.482587237550183401e-01
2.899200347474955586e-01
3.025334440549613535e-01
3.104112022574967433e-01
3.218151523416767912e-01
3.419987025152074200e-01
3.225076355891770552e-01
3.451483576330955372e-01
3.905354618274489154e-01
4.249667017091922072e-01
4.734492792310304732e-01
5.267129959338919809e-01
5.517795381418320044e-01
5.537930352770950027e-01
5.616400639708880593e-01
-2.096314522094424454e-02
-9.204324192941198968e-02
-1.373651652045234095e-01
-1.945280338616550420e-01
-2.789090440301211227e-01
-3.085816224813837660e-01
-3.390204006850285334e-01
-3.744336313386624759e-01
-3.464958326082353546e-01
-3.082184668817868345e-01
-2.842723102766213095e-01
-2.974460067134457320e-01
-2.862374725039814605e-01
-2.634281921442407914e-01
-2.345037210039725983e-01
-2.342486518407568830e-02
4.614189824091387282e-02
4.776670125329016137e-02
7.037355361517988461e-02
1.494148941630769334e-01
1.984088923011045058e-01
2.224669276811758190e-01
2.820755577426766192e-01
2.819643787688929648e-01
2.788722225061183169e-01
2.502148985125222103e-01
2.497995018677668655e-01
2.011700798996121919e-01
2.336837304264698378e-01
1.353796512913330724e-03
1.003837743741524263e-01
2.166395961250223712e-01
2.158516836570481823e-01
2.531123811320447614e-01
2.391013354116963974e-01
2.378286956729416257e-01
2.692640990209365648e-01
2.419801873473690912e-01
2.409314780702072889e-01
4.485476956677172944e-02
-1.366426117828366954e-02
-1.371760034093020934e-02
-9.904561393395519553e-02
-1.568487631744461541e-01
-1.571695410061823284e-01
-2.677813022558830358e-01
-3.052636140776181506e-01
-3.045212171843657556e-01
-4.682361669900409473e-01
-5.078010519475942841e-01
-5.549653598320744008e-01
-5.587415593217586185e-01
-5.552938654704470123e-01
-5.686860995467473145e-01
-5.667945977982540295e-01
-6.188781577487590946e-01
-6.516537435611305940e-01
-6.078316284146161319e-01
1.040186355846575705e-01
2.305039731834451766e-01
3.612615196926814431e-01
4.339212621858297148e-01
4.948721295494592498e-01
5.191111408678443784e-01
5.172105752512080601e-01
5.326577101037972550e-01
5.762240922656934883e-01
6.311794568107307324e-01
6.967553526376497608e-01
7.014607066934234192e-01
6.998940934857287299e-01
6.714484834086080767e-01
6.501460267194687503e-01
5.930071955605933365e-01
5.017378986533354013e-01
4.165804225929978233e-01
3.595952658016728920e-01
2.556194530365873407e-01
1.889242117540103905e-01
7.944881132349178310e-02
-6.573019052694754893e-02
-1.263273105398745599e-01
-2.530510319682024445e-01
-3.813303728735706888e-01
-4.541063320135194092e-01
-4.811027422892019123e-01
-5.035128140177085321e-01
-6.297037580053212180e-03
-2.968544126892940990e-02
-6.823204330916325666e-02
-7.337099300673440017e-02
-5.985698101888145550e-02
3.654891363280288186e-03
1.343818989032800060e-01
1.764696625756259074e-01
2.673665611037877032e-01
3.267149518272634001e-01
3.657735495418116822e-01
4.292328801491773760e-01
4.633204677573926067e-01
5.632909249631243842e-01
6.113082386987788164e-01
6.501961048033378932e-01
7.278754756744041376e-01
7.980000456189960678e-01
8.782824551409249558e-01
9.112394850113533229e-01
9.329894465258222747e-01
8.686833428607345642e-01
7.777941418003492258e-01
6.461666695087358026e-01
4.462755708301047175e-01
2.499589916699284931e-01
1.189676618114269557e-01
6.927902464026358675e-02
-4.634412511873554907e-02
-6.709959201611426227e-02
-7.699690248169599460e-02
-9.625683167455187372e-02
-7.785556999439993686e-02
-5.334319074998774418e-02
-6.950289719284420686e-02
-1.097284067596362989e-01
-1.082143209802837597e-01
-1.147830597376903600e-01
-1.098496023756566492e-01
-7.663051300264139831e-02
-6.683164906319438714e-02
-4.401544483042153788e-02
2.408680726961871799e-02
7.982110708358919338e-02
1.880210869989170641e-01
3.342379207437892186e-01
4.186436031590363704e-01
4.716360449019115220e-01
5.688377440516970696e-01
5.646000085939969493e-01
5.444208886137110737e-01
5.391913337065902256e-01
5.133932669147696082e-01
5.404278529479562554e-01
5.800668228187401132e-01
6.276188613018405249e-01
6.669092967279559581e-01
6.899200180159351659e-01
-7.324189711456251597e-03
7.883672156821751320e-04
-9.377944026945760764e-03
-9.710936315845519751e-02
-1.810223214206451992e-01
-2.514716738346974290e-01
-3.541462487925388647e-01
-4.523547636469458233e-01
-4.879511957292818614e-01
-5.624999579900634705e-01
-6.468091389919098377e-01
-6.326894419334817554e-01
-5.885969983602238331e-01
-5.810888728255001467e-01
-5.523461673661637095e-01
-5.383839922399216160e-01
-5.513997156382921538e-01
-5.549659663969003232e-01
-5.438224069642917380e-01
-5.028060652401573627e-01
-4.647708144537068820e-01
-4.368292847940350443e-01
-4.062108620368436451e-01
-4.092154381145650111e-01
-3.928250808078417311e-01
-3.512424035614659101e-01
-2.918424768882474929e-01
-2.304662181683726496e-01
-1.339123090314914832e-01
5.528730250600857182e-02
8.933444765404702226e-02
1.004505119964813897e-01
8.241329749804623961e-02
6.520028516526772677e-02
3.694357533748536537e-02
-2.861229371532950094e-03
-7.310194372814615010e-03
-4.148866225520682349e-02
-7.780739071503325888e-02
-3.791632448131932592e-02
-5.934102158272114291e-03
-7.555519549805211899e-02
-7.696655690756011581e-02
-2.882812032109335898e-02
-8.093298504962855022e-04
1.460764711186970759e-02
8.484163744352919007e-03
-3.616900455672737713e-02
-9.107468106037980293e-02
-8.618968507867531825e-02
-8.258409947978391508e-02
-2.835897324064248076e-02
8.793315325825265538e-02
1.504532661069908350e-01
1.506866437565646810e-01
1.289093038513575151e-02
-5.928276849694634476e-02
-1.667914947553734151e-01
-5.229453798052288716e-02
-8.405076306091971428e-02
-2.110182764510841469e-02
6.344134568658064965e-02
1.258239188033152545e-01
2.945098681560098797e-01
3.771373076440560634e-01
4.167263188880237501e-01
4.599537976532570571e-01
4.108937724473885611e-01
3.594792348743624522e-01
2.962187980653770425e-01
2.188733952823856410e-01
2.390818540884286914e-01
3.035749735936243976e-01
3.594513451069981658e-01
4.055057504496035747e-01
4.457387401397874815e-01
4.321062736629596168e-01
4.257683613139559009e-01
4.481444720928924319e-01
4.554581057853748782e-01
4.605668511050303171e-01
4.606574032591530532e-01
4.281836718485860782e-01
3.907341118216316467e-01
3.084770763618760459e-01
1.541186587650229534e-01
5.460370064486219643e-02
-6.119973412486862802e-02
-1.352636048370329525e-01
-1.769907882146089517e-01
-1.852292761422872358e-01
-2.210962696355137647e-01
-2.226686942408995784e-01
-2.070848357632295300e-01
-1.831933738011793378e-01
-1.603853274040277221e-01
-1.532220823669799281e-01
-1.752119868134003056e-01
-1.707692141429416610e-01
-1.339477295292174630e-01
-1.141704257020422497e-01
-7.978734543610219165e-02
-4.587398935304520114e-02
-3.836419031432642540e-02
6.620581249062736096e-03
1.190738035675338036e-01
1.810808563942047367e-01
3.061602387134111369e-01
3.648208488586895948e-01
3.814536569507619435e-01
3.671553423080233247e-01
3.567290976781222200e-01
3.433010557919766170e-01
3.309218221964451145e-01
3.275897205024089764e-01
2.838457422626762816e-01
-1.767207217089745638e-02
-4.004101072083011970e-02
-1.081602006562308871e-01
-2.357434492889291244e-01
-3.293593301269412410e-01
-3.106756030924058831e-01
-2.434103245911901636e-01
-1.362916424026340834e-01
-1.273030558472690033e-01
-1.180541206876036392e-01
-1.511696930732011335e-01
-1.420529746052534847e-01
-1.510793775824881557e-01
-1.688581606436065641e-01
-1.496520323775313577e-01
-1.966167870443890076e-01
-2.077160969755916797e-01
-2.624411987892285580e-01
-2.963797127471592407e-01
-3.205879769355163833e-01
-3.368848306150544203e-01
-3.536718273162762216e-01
-3.660855795438101024e-01
-3.845291415218292652e-01
-3.804209352592243243e-01
-3.140000577972540952e-01
-2.974500208907143173e-01
-2.591745880898653764e-01
-1.288825232600863957e-01
1.017737774245175836e-01
1.547810766932270210e-01
1.694666542687132127e-01
1.345723469880068524e-01
2.661117986729072404e-02
-1.002039932816057577e-01
-1.651648198617936547e-01
-2.119136068462222355e-01
-2.454695796704647048e-01
-2.676625753545603947e-01
-2.981754657964486577e-01
-3.840207763063108182e-01
-4.703335952202468695e-01
-5.132666201131125261e-01
-5.662809264128400022e-01
-5.727854613611206291e-01
-5.519556563058513055e-01
-5.210670366103339335e-01
-4.806868916556537585e-01
-4.721638288173456433e-01
