-5.560517733266701762e-04
3.565497124308108362e-02
9.977989973875267538e-02
1.944896021719296764e-01
3.372317939010182064e-01
4.930277031930481169e-01
6.139133385417643307e-01
7.187369998014196959e-01
7.460798022588207568e-01
7.266726265431109333e-01
6.833888298483183910e-01
6.262243708372716711e-01
4.617786694365641487e-01
2.660612308372504731e-01
1.329650384940678776e-01
-2.688239603547529222e-02
-1.864423706402336955e-01
-3.388060330052659053e-01
-4.324871681400992984e-01
-4.722699695004989873e-01
-5.051309060381964366e-01
-5.704387802817081354e-01
-6.103672890850584398e-01
-6.206617280431384609e-01
-6.151888831614855668e-01
-5.723206089442840483e-01
-5.429463540271871613e-01
-5.287167307719492504e-01
-5.559223197311714999e-03
-5.386801744793623566e-03
1.029314662266447855e-02
1.935892425249391077e-03
-7.878588762760051038e-04
1.971012119878416333e-02
6.919784191327051082e-02
1.049662404101715796e-01
1.940452824678906008e-01
3.619218799750650306e-01
4.761339456343485210e-01
6.087636475639464084e-01
7.989500254091638221e-01
9.474279186823360011e-01
1.046227157090764637e+00
1.178604232609475000e+00
1.262081278663373274e+00
1.341843157398685538e+00
1.399930584021710889e+00
1.436172015254847611e+00
1.445717963141215590e+00
1.451066317509037029e+00
1.465412257274065322e+00
1.471567424256589041e+00
1.498573316689907342e+00
1.536873102356776100e+00
1.541054867969287701e+00
1.534947098538913757e+00
1.524592821816595611e+00
-8.149592350764175075e-04
-4.651409347766297109e-02
-9.257310950600564081e-02
-2.013416599125548156e-01
-2.686481450177690689e-01
-3.150638124661007677e-01
-3.777456498146574693e-01
-3.914652652361689800e-01
-4.075559855156282718e-01
-4.371589835641029320e-01
-4.875083745728142071e-01
-4.949901428331685005e-01
-4.912663776009754679e-01
-4.878498023117147642e-01
-4.751312829872734733e-01
-4.670659479185304552e-01
-4.682846095841428080e-01
-4.703662625239092843e-01
-4.693191736733524078e-01
-4.789870174672712921e-01
-5.243731627883816415e-01
-5.405246060990714918e-01
-5.230043848920503669e-01
-4.851856641937327130e-01
-4.242039850158741965e-01
-3.418823767063041141e-01
-2.786221289454845484e-01
-2.849082613322994617e-01
-2.548651633153664053e-01
7.679091870922905017e-02
1.106660889863824160e-01
1.505920086992005025e-01
2.453446887815415312e-01
3.456131464563907407e-01
3.748333066822571169e-01
4.058029617790487875e-01
4.343622342558826066e-01
4.668498693264993005e-01
5.255809336156362921e-01
5.440866976137490596e-01
5.256261333197392860e-01
4.647778455138653064e-01
3.993148585671554840e-01
3.872113290889678816e-01
3.859749805100581854e-01
3.803854085242313610e-01
4.017328318929941910e-01
3.886907906552108383e-01
3.186185254642295295e-01
2.455951004719496567e-01
1.296062425670724272e-01
4.117959080619780499e-02
-1.198511936051358667e-02
-1.242943436347661856e-01
-2.523559587545720073e-01
-2.999181118485230169e-01
-3.365577975811658296e-01
-3.580894593762952161e-01
-2.491969912916607716e-02
-5.534971540589300742e-02
-7.000886890047902655e-02
-7.322776754823373535e-02
-3.687188060854754840e-02
4.585266273019777267e-02
5.465820409056787454e-02
1.036315438299799940e-01
1.269816791385753041e-01
9.230899252922712683e-02
5.048350910595857111e-02
-3.071623682456031679e-03
-7.140117098045310751e-02
-1.253426912809246230e-01
-8.442624653258574974e-02
1.981421748979476927e-02
9.782353216622792502e-02
1.911607226579957741e-01
2.956429574076378519e-01
3.720539342172204944e-01
4.212111549683568157e-01
4.515036673530015143e-01
4.490986774843860885e-01
4.352541700474589770e-01
4.676248046494118071e-01
5.058646678924830775e-01
5.747181150985128939e-01
6.850826447757181192e-01
7.242080542646096575e-01
2.327497282048228075e-02
1.993697710778801618e-02
1.437543355863370176e-02
-9.618974486835359106e-03
-2.636935788546823992e-02
-3.889005357333353424e-02
-1.086497886636453580e-01
-1.141437970898565163e-01
-1.227171448778887897e-01
-1.367310206050559862e-01
-1.620999440852926576e-01
-1.981035843397427054e-01
-2.405268987824341342e-01
-2.627707516483035466e-01
-2.885074026230909916e-01
-3.205101762624613659e-01
-3.516243776342004024e-01
-3.882368098011681479e-01
-4.082134384676726624e-01
-4.349847433284552145e-01
-4.752805862988864205e-01
-5.008421355784474782e-01
-5.102512479464872408e-01
-5.202899463581382999e-01
-5.065666356537683601e-01
-4.915790818640078386e-01
-4.775913396947445988e-01
-4.428053409498208248e-01
-4.416247113739646957e-01
-3.420319452275762118e-02
-8.505123756204040208e-02
-1.366403054286326468e-01
-1.598040422206466471e-01
-1.672221591734261992e-01
-1.596027438338891713e-01
-1.433667331301655412e-01
-1.114887686429545943e-01
-4.560615671619343281e-02
1.255566169759070316e-02
3.906876025460266633e-02
6.683072039994794600e-02
8.597892106530520551e-02
1.124364536096333911e-01
1.125861757964864984e-01
1.861209779084279370e-01
3.676266920904673330e-01
3.781223179356518749e-01
3.827655447775146214e-01
4.117047770050475952e-01
4.313994516631847742e-01
4.374051070352375503e-01
5.547293655670542112e-01
7.370092286991425379e-01
8.689132205781548990e-01
9.895204463337258227e-01
1.036478784348297211e+00
1.005299924612037321e+00
9.668836323852183501e-01
-5.326156974508174796e-02
-1.379889387399600431e-01
-2.212771969498237845e-01
-2.652857399269380467e-01
-2.839890847519416228e-01
-2.973324158972318609e-01
-3.044607039812719518e-01
-3.209526685001885538e-01
-3.814956433212709497e-01
-4.374566954517687956e-01
-5.606048874620288558e-01
-6.455132705326278586e-01
-7.228780417429604421e-01
-7.606490550429332309e-01
-7.584966066890201919e-01
-7.399375181828329318e-01
-7.309978818234670328e-01
-7.228911296981344048e-01
-5.919710150712833574e-01
-4.162147192518069749e-01
-3.885470544809123128e-01
-4.281597264034491812e-01
-4.723645948087685786e-01
-5.854074940095623791e-01
-6.865549960262735674e-01
-7.636089884903364267e-01
-7.976440224498818621e-01
-8.523134998013202068e-01
-8.793784935742020581e-01
-1.303912796732459300e-02
-1.574942223829296079e-02
-1.413996568397486026e-03
-5.516484134470229540e-03
-1.721420174137003323e-02
-1.298029711361055674e-02
2.365447675405348352e-02
7.083573398334420956e-02
1.115573168811183208e-01
1.515251998949526391e-01
1.654017760113178359e-01
2.029867417187625755e-01
2.435062669473402053e-01
2.712364647284862818e-01
2.966658781945393786e-01
2.977028280691675355e-01
3.122245462648079450e-01
3.389321572400144644e-01
4.045987914467083502e-01
4.355706864999453476e-01
4.734692287740592809e-01
5.091901687910442842e-01
5.074124934989850955e-01
4.992412688601784998e-01
5.119025508880078457e-01
5.028564011098201059e-01
4.951182183580869478e-01
5.065125063255653259e-01
4.781728801255124006e-01
-5.397475497585729060e-02
-8.773619576650092122e-02
-1.212557471450706331e-01
-1.465105513252709102e-01
-2.018844342391999946e-01
-2.589122403054399668e-01
-3.134645142290017894e-01
-4.129481010930015072e-01
-4.755824984794973509e-01
-4.872064096015059076e-01
-4.947501349467215981e-01
-5.054093776090716750e-01
-4.982648131120898660e-01
-5.117442966989642628e-01
-5.163250033882779144e-01
-5.120362105660484220e-01
-5.542522110457437368e-01
-6.052149175526260194e-01
-6.415532528170293514e-01
-6.927481237891398580e-01
-7.202691516110418801e-01
-7.303835333266950336e-01
-7.282648587669205975e-01
-6.807169690858586586e-01
-6.465962264592806097e-01
-6.055484596262853403e-01
-5.948823443095379027e-01
-6.016053602857979188e-01
-6.037967206675250997e-01
6.172238546577886280e-03
6.441676923401688792e-02
1.204093757429279266e-01
2.131738465794458803e-01
3.472161975383257215e-01
4.311953677843823329e-01
5.565185182884040405e-01
6.225703592942205544e-01
6.536630713239595103e-01
6.603880642608386253e-01
6.604228229093419555e-01
6.902369248424405912e-01
7.309941423514609848e-01
7.745681053250530468e-01
8.174568602513765381e-01
8.582412141826613050e-01
8.954287241995493307e-01
9.317504023837899219e-01
9.457670093268543132e-01
9.661356119690631683e-01
1.007500851484368853e+00
1.051301487239387100e+00
1.061375218561072975e+00
1.073062821610074158e+00
1.072475644884416823e+00
1.025618422555492737e+00
9.537028605044055585e-01
8.775947191596709107e-01
8.123361792828294181e-01
-4.027850382045400357e-02
-8.820320330789735430e-02
-1.452069544230097653e-01
-1.843577754164560933e-01
-2.123577164010229112e-01
-2.426048654488804079e-01
-2.802513980772429192e-01
-3.623588245457275425e-01
-4.076015391891344986e-01
-4.390983250125873871e-01
-4.912712256577662084e-01
-6.837514968115004921e-01
-9.805795766409305392e-01
-1.069993488942980742e+00
-1.114204726678312829e+00
-1.109464636003032245e+00
-1.078437789735958940e+00
-1.009169309850204144e+00
-9.328038056049416937e-01
-8.800865237649116990e-01
-8.575643222425132217e-01
-8.240182255476258266e-01
-7.903357071249415000e-01
-8.323633492391654398e-01
-9.129720141088305541e-01
-9.265997117787988513e-01
-9.306499019345484403e-01
-8.967429803281052880e-01
-7.961625450185070285e-01
1.274024586897795630e-01
2.209003743448095247e-01
3.056438983147612976e-01
3.988771175549480352e-01
4.542416480390659150e-01
4.721921121188979997e-01
4.686456422479715056e-01
4.692362914534155549e-01
4.826167199013843279e-01
4.601299389150144137e-01
4.253384049616419360e-01
4.213185903931804810e-01
3.699840601629476589e-01
3.354680392842342429e-01
3.339259624771273582e-01
3.312724726433368683e-01
3.325654593789741931e-01
3.395520924665612617e-01
3.486537164402330191e-01
3.627158302096049614e-01
3.860741990177166127e-01
3.728583784072412866e-01
2.882536239833669578e-01
2.423887787268897420e-01
2.076272880006133914e-01
1.795023342643300435e-01
2.078311984240093779e-01
2.332207358769853855e-01
2.493844204111095864e-01
4.014455243574079762e-02
5.428226939080358499e-02
5.817492054192652251e-02
5.430937196160221664e-02
2.249446198611562003e-02
-1.444984842659088192e-02
-3.669676649418419923e-02
-7.119622254579352494e-02
-8.715290428902386366e-02
-7.832486737111775399e-02
-9.114238509493943763e-02
-9.958624426915232974e-02
-1.016368562775436524e-01
-1.089489858647023357e-01
-1.148785752834942109e-01
-1.287306247543052451e-01
-1.136428409694723585e-01
-1.150014735938700156e-01
-1.331375474326373931e-01
-1.252151720286225345e-01
-1.260975701984514974e-01
-9.168163078702468161e-02
-1.064467908576655075e-01
-1.443138379882203115e-01
-1.439632551536796090e-01
-1.151874601174301682e-01
-8.718753677341058161e-02
-4.714802619872084793e-02
1.035158665152235979e-02
3.060923323486365241e-02
7.451802778818905626e-02
9.992976812046744373e-02
7.305597004209191114e-02
6.329221438187444815e-02
7.428043922317206782e-02
9.370870031958639101e-02
1.336194395011673919e-01
1.919887481277798846e-01
2.056768132706825736e-01
2.102373907538769848e-01
2.034065237891226618e-01
1.792744223718573116e-01
1.417758169587732819e-01
1.170638390638864407e-01
1.121199134728829705e-01
1.210441801517111587e-01
1.389781543527548457e-01
1.204589499551422666e-01
8.244887712466188179e-02
5.656475405123699562e-02
4.032874707681508020e-02
-3.305444871482404734e-03
-4.930986783855284550e-02
-6.502324682353130547e-02
-7.160345529176853629e-02
-8.849021928744559007e-02
-8.974327477115877361e-02
-9.061663519478700690e-02
4.740132008674465859e-03
4.529974254802154182e-02
6.348463323340469699e-02
7.570671597499145644e-02
1.119387769600996285e-01
1.214030454665414732e-01
1.137068515966373344e-01
1.037293256058933466e-01
7.607408966922946103e-02
2.225754983321517194e-02
-4.762481754110119841e-02
-7.119248911008593805e-02
-7.680906559146997992e-02
-6.489949054378084392e-02
-5.093956452183884265e-04
6.418071464907487700e-02
1.461089968608376144e-01
1.591886854817267660e-01
2.044269226730522915e-01
2.352267194173776055e-01
2.805536122335657856e-01
3.424455023369619711e-01
3.823776856968376658e-01
4.247247509203320170e-01
4.455173989884445573e-01
4.659278116237698941e-01
4.757742909603642767e-01
4.589096717455615204e-01
4.614825858157672878e-01
1.860574154493776014e-02
2.113491205300936648e-02
3.775862956025988204e-02
5.812231009127807879e-02
4.385584052755833739e-02
3.436784423658799381e-02
2.067186986884097036e-02
2.125835967156195633e-02
3.042837673791081582e-02
5.115152022121696035e-02
7.081243978273749073e-02
8.801620706461445176e-02
9.229695334299373166e-02
9.800536387902979152e-02
9.040944415909568654e-02
4.257572261905830796e-02
2.580939942143929688e-02
-7.151818015763221348e-03
-5.803565275369501619e-02
-1.479916176931089233e-01
-2.458832474947277302e-01
-3.104770939551816933e-01
-3.798294002587469520e-01
-4.386571518662115143e-01
-4.779142851969728767e-01
-5.029974876695127994e-01
-5.589500307539378987e-01
-6.498050667716017692e-01
-7.265354124468391683e-01
-9.824486234412371788e-02
-2.176344297484027190e-01
-2.825954230871378092e-01
-3.438470112881599761e-01
-3.648393723974972525e-01
-3.585804921653742983e-01
-2.899409411255767788e-01
-1.353691782388853349e-01
-1.064134347128893598e-02
1.291671288825844144e-01
2.821994995703714926e-01
3.681230186010546745e-01
4.048764318405636553e-01
4.209302748516198234e-01
4.396602670714225836e-01
4.571592742484748562e-01
4.740322024257451750e-01
5.202917400991464714e-01
6.363603450064309053e-01
7.470425814064638459e-01
8.657465703699420700e-01
9.630074668188769449e-01
1.029909475747375680e+00
1.075460917725052035e+00
1.124693816140242220e+00
1.181909940308510265e+00
1.248866672186058846e+00
1.352923560652323332e+00
1.456817745816985088e+00
6.050999694791155126e-02
1.245495301498002055e-01
1.806023983538946887e-01
1.900054355782864191e-01
1.976440071681938304e-01
2.140474018623984009e-01
2.148226283327145936e-01
2.061512882308275396e-01
2.058482624284597717e-01
2.089060802382063375e-01
1.895444567629738231e-01
1.364324798412982487e-01
5.242820803164736920e-02
-4.909799704409305299e-02
-1.470970310200864217e-01
-2.123278296443004420e-01
-2.736691268243768849e-01
-3.177895832648429120e-01
-3.437686382963878184e-01
-3.546990911803060698e-01
-3.579769317179749555e-01
-3.578936069745305426e-01
-3.811219012513766269e-01
-4.217294857858691071e-01
-4.642912681848235246e-01
-5.013888852720117528e-01
-5.276341566474782585e-01
-5.433760841856395407e-01
-5.513178498065668398e-01
-9.530537313711973449e-03
-1.084599863788855527e-02
-3.452989629861912685e-02
-6.045991402893653027e-02
-7.842039102461845212e-02
-1.035877715198891824e-01
-1.170238736506076516e-01
-1.097105279636240299e-01
-1.023667695799245908e-01
-6.434030674804830374e-02
-1.015623672048782122e-02
5.957016069507506395e-02
8.167659785828601526e-02
1.092523468534643133e-01
1.293887588336587458e-01
1.237279055735742983e-01
1.308991798672139995e-01
1.288875512407067769e-01
1.302899934038641849e-01
1.633383025349458006e-01
2.119103895088965128e-01
2.106187800336775384e-01
2.120249894315833772e-01
2.209067825562739118e-01
2.350632533170518568e-01
2.526816554977939777e-01
2.831702714552242761e-01
3.259182308600646061e-01
3.521630945639692700e-01
3.618306632085947772e-02
5.296839140729166229e-02
5.108953284834289593e-02
5.494698041231082380e-02
3.276818656142992114e-02
1.227141932641055352e-02
1.325648844459042380e-02
-2.419827228567883459e-02
-6.552833401060895180e-02
-8.086813855427807396e-02
-1.604608022681724422e-01
-2.207733426873138005e-01
-2.256584089567915397e-01
-2.180499381011598847e-01
-2.452890888163927474e-01
-2.502681906866765504e-01
-2.453349052271630859e-01
-2.565305922119925919e-01
-2.857767099957548296e-01
-3.313945641965672095e-01
-3.929918803001881678e-01
-4.661834776351403975e-01
-4.953127295201316116e-01
-5.028986830594340818e-01
-5.017577459312702048e-01
-5.173194005220433933e-01
-5.158865715732044999e-01
-5.107327559451901866e-01
-4.918583540624755779e-01
1.140509054912795459e-02
3.394637353346066644e-03
-1.942362166691413011e-02
-3.409435780151043316e-02
-3.868348552596787004e-02
-2.966706602149132149e-02
1.554479191289436651e-02
3.875382981184258280e-02
5.410432561805329083e-02
1.226544437737814019e-01
1.856061064940354721e-01
2.431740793891006835e-01
2.904039844144946092e-01
2.872004310837393271e-01
2.934192906927006739e-01
3.158389717635203264e-01
3.183137880630541594e-01
3.290810600428547006e-01
3.597275050551412279e-01
3.754089280279860330e-01
4.074774943082238310e-01
4.243369945500674034e-01
4.590222085536133645e-01
4.795714599474287798e-01
4.951701394508901122e-01
4.925569103236427382e-01
4.992793814542996755e-01
5.049017452361904690e-01
5.059943267299996661e-01
7.537901479807303760e-03
2.533965944349634083e-02
2.990308272814882692e-02
2.891249226429841446e-02
1.330583732317659057e-02
1.560989922280968910e-02
2.811523701196278618e-02
2.439241222157857367e-02
-3.304168070805552082e-04
-2.259790003116398521e-02
-5.792193931355788666e-02
-1.569256902742028059e-01
-2.590017352061863010e-01
-3.109600539355345528e-01
-3.542895345374338922e-01
-3.617678176841852555e-01
-3.536273664630879554e-01
-3.652375173241332318e-01
-3.698454070181058650e-01
-3.722002083658824123e-01
-3.928354015603563454e-01
-3.973298925696350237e-01
-4.149998383424948756e-01
-4.378052417066354840e-01
-4.383936507165852037e-01
-4.562461074108185022e-01
-4.610403318038170384e-01
-4.636605759185483122e-01
-4.685679886303951158e-01
1.191462641821264094e-02
2.929293812613700809e-02
3.791791194602592285e-02
8.076044463507753290e-02
9.713577245014043404e-02
1.169602108765401133e-01
1.393820869799381745e-01
1.421046265386375906e-01
1.629157993928932735e-01
1.947574931334010162e-01
2.095268399252323555e-01
2.294458715694335238e-01
2.505250251114168325e-01
2.492447756348176724e-01
2.589817924782433223e-01
2.640456031923956171e-01
2.672535239521235395e-01
2.642850473772025421e-01
2.897737684945517755e-01
3.099015971833720684e-01
3.200504411114071801e-01
3.400134488281164602e-01
3.679967072478648182e-01
3.813142505905640078e-01
4.089165620213166541e-01
4.108406921416132285e-01
4.215148778016162834e-01
4.357524517103539829e-01
4.204095945039956206e-01
-2.079821051027787391e-03
1.113105117372928561e-02
3.409999320467350936e-02
3.168081869404783951e-02
-1.245426692938024493e-02
-7.822013697456269010e-02
-1.410953482502119716e-01
-1.819109509151453086e-01
-1.980548927311355234e-01
-2.009241237226170873e-01
-2.036888698905902628e-01
-2.114940608827239055e-01
-2.160965255233822380e-01
-2.198945566645376659e-01
-2.590204749425507047e-01
-2.816510743369847192e-01
-3.109679142751911596e-01
-3.450267839250123481e-01
-3.505679897139402645e-01
-3.553940770321941667e-01
-3.502757131294622628e-01
-3.309241376525844935e-01
-2.940162605421889341e-01
-2.674668394243655545e-01
-2.222470175373119916e-01
-2.091881537151107362e-01
-2.241046623739892385e-01
-2.296390029584214065e-01
-2.327377788284454574e-01
-2.642941987958518594e-03
-4.570748736978980792e-03
-7.097035195563533919e-03
1.455601935075062810e-02
3.303461134825100287e-02
4.253229054265915410e-02
6.507146904885226235e-02
9.332643433903613228e-02
1.104341350376161629e-01
1.568660661507754739e-01
2.740647271517177574e-01
3.323815962083537245e-01
3.181124463350221143e-01
3.128107344325415928e-01
2.934170999141723635e-01
2.693274868135386857e-01
2.657243030556497021e-01
2.563843720264721293e-01
2.648214032730016876e-01
2.608236469914062550e-01
2.739873300130786227e-01
2.846058023783916702e-01
2.664305567588960422e-01
2.227484161158884701e-01
1.411693316782455798e-01
7.741985762670502980e-02
2.769379527814842812e-02
2.768299969872880725e-02
3.694467261876807629e-02
5.107409006216923064e-03
2.863259982775062662e-05
-1.015927913532487740e-03
-1.897305997402756045e-03
4.385818745962378334e-04
-7.618605945630505406e-04
-7.293614110256169993e-03
7.553301473470419233e-04
2.907319875460774930e-02
5.478808105094652714e-02
7.982572434347565138e-02
1.010167357708887798e-01
1.131064840845222158e-01
1.368923557101715816e-01
1.655703007229224477e-01
1.666354133243694302e-01
1.418690953855001047e-01
1.366698691334303495e-01
1.351671775114224039e-01
1.339100803784200877e-01
1.538734534982914015e-01
1.662112642595843792e-01
1.620221637117421620e-01
1.520644451643793915e-01
1.871359253491327312e-01
2.466012125507212605e-01
3.106232504084675550e-01
4.041505440153640993e-01
4.085775258894141504e-01
-2.186548901793725422e-02
-4.417684151176987095e-02
-8.339137620664285877e-02
-1.342979614943747013e-01
-1.981059273017020672e-01
-2.228923751898141681e-01
-2.302760249726177322e-01
-2.309791829299143173e-01
-2.089864765832281646e-01
-1.914719752434938249e-01
-1.840523182648292899e-01
-1.825468696015628556e-01
-2.089893642905635007e-01
-2.248530111643727847e-01
-2.407027563174096163e-01
-2.671606882303082520e-01
-2.810712613274602423e-01
-3.159408007847645528e-01
-3.691581818257866909e-01
-4.220745872495228479e-01
-4.827183261177486195e-01
-5.320002361698955573e-01
-5.781378638568052120e-01
-6.917267623980803970e-01
-9.367259327837721417e-01
-1.281373240400927038e+00
-1.498623889763227579e+00
-1.569418458261879978e+00
-1.570651357810173954e+00
5.059681875441676691e-02
9.778886800714681193e-02
1.474508168179539946e-01
1.996476405430102630e-01
2.387733975339998427e-01
2.679809234889816150e-01
2.761449708617105259e-01
2.987476197000517031e-01
3.029997873062819647e-01
3.168076555827201712e-01
3.374770971268674646e-01
3.769721238393626273e-01
4.083155538063268364e-01
4.535544056150661030e-01
5.282827536843857086e-01
6.126554788407824192e-01
6.949753262095312856e-01
7.083891677358297168e-01
6.936631944767186475e-01
6.529003040685754655e-01
5.921067839307830871e-01
5.718565475567080059e-01
5.570378723268492038e-01
5.281409746761563939e-01
5.193123854741840129e-01
5.151622682163667921e-01
5.043605493484383251e-01
4.945220470681411795e-01
5.041761761552241428e-01
5.161807339922261373e-04
1.671995823260920624e-02
4.436379469201479075e-02
5.950609304037055014e-02
8.553791545527283935e-02
1.185511619360014590e-01
1.459883929402966407e-01
1.682418289962782920e-01
1.723690200882347090e-01
1.589380208899685010e-01
1.134008650013942077e-01
8.428205561390808565e-02
6.489469504701551872e-02
6.107670009665330801e-02
6.118773059748936621e-02
4.956007085654613037e-02
2.734340585873874796e-02
2.648464014627791019e-02
2.050191486622176401e-02
-6.643229104452100242e-03
-6.613570026309491950e-03
-1.339089214932816067e-02
-1.573473946667918594e-02
-1.488468949160152814e-02
-6.083954461543639169e-03
8.199321474923246256e-02
8.383030079543392354e-02
1.231682473500170794e-01
1.732325917030657636e-01
-5.559835466646676546e-04
-1.212547714992491185e-02
-2.316696876634910182e-02
-2.313268910980361207e-02
-6.710367047904094995e-02
-7.637158282227257677e-02
-9.737397050005931753e-02
-1.027740472054397836e-01
-7.945356369887399128e-02
7.250998583809648013e-03
7.327545039545015071e-02
1.078179422741677579e-01
1.069578199393495799e-01
1.315366212791299616e-01
1.274672272153191954e-01
1.274674058985004466e-01
1.157295847031372116e-01
9.778363433534310867e-02
8.918914236413973129e-02
8.381969972027561444e-02
8.686192470158785039e-02
9.220135066422739667e-02
1.143706173846205654e-01
1.264258426201804453e-01
1.296344910651402171e-01
1.518248428523683580e-01
1.697269741374866636e-01
1.794651953193929506e-01
1.830392429564641488e-01
-1.054525640313670742e-02
-2.618787488256784507e-02
-4.853371647994091098e-02
-7.252882972034135900e-02
-8.520208578832585977e-02
-9.165857304346530787e-02
-9.979254492643553631e-02
-1.135657828352413662e-01
-1.354573771690566197e-01
-1.626540338815972153e-01
-2.114191364574112830e-01
-2.738159254408683574e-01
-3.241353242353162134e-01
-3.591706966788179578e-01
-3.830616954496284254e-01
-4.150833620040694227e-01
-4.614541397488626240e-01
-5.003203462345275909e-01
-5.268316037001392615e-01
-5.418659946242340153e-01
-5.441907088698866302e-01
-5.476771726579271471e-01
-5.304004018244676821e-01
-5.039193886272115286e-01
-4.978584447900731291e-01
-5.026023940317940752e-01
-5.239608004630048610e-01
-5.525088730086340494e-01
-5.658870543037154421e-01
-1.576393674949106685e-04
2.753791716681708301e-02
3.514163970470429027e-02
3.997092676133259109e-02
7.318474108162303926e-02
8.505928898677651839e-02
1.142532225152632086e-01
1.737117917469468142e-01
1.956163217834263612e-01
2.042145239932596501e-01
2.024101956076263253e-01
1.893269395305849923e-01
1.930715907293660549e-01
2.136330786835969886e-01
2.400956240525650709e-01
2.598179410073437889e-01
2.603287932260987536e-01
2.856382266852566798e-01
2.992796491191898611e-01
2.889707484553148964e-01
2.814574322927369532e-01
2.863758568142398819e-01
2.855764249486344997e-01
2.768588352195683333e-01
2.474136163554465639e-01
2.320019381974071093e-01
2.375897409513529346e-01
2.751044663661444956e-01
3.039868818603791989e-01
2.081588211871372024e-02
3.517448242148411147e-02
3.021587982668555786e-02
5.404685293950634017e-03
-6.897723734440194127e-03
-4.627470241664995154e-02
-9.987743222497630358e-02
-1.282933122344383781e-01
-1.565932081616874805e-01
-1.818710262105278086e-01
-1.693588361653916019e-01
-1.508682671492037886e-01
-1.419076410939782151e-01
-1.551060467165359391e-01
-1.760657468936909498e-01
-1.981859647326725260e-01
-2.034996012037004753e-01
-1.938355588165100729e-01
-1.409048496529691774e-01
-4.399221912568941628e-02
-4.359462960514648433e-03
-9.116958254647370558e-03
-5.880621605130650908e-02
-1.093376138301193623e-01
-1.442801154745975700e-01
-1.396099547403696073e-01
-1.450681805382119383e-01
-1.760125112342225684e-01
-1.817256545427120284e-01
8.509005226286702958e-03
5.007259144161180925e-02
9.763908076777225165e-02
1.295258881286576180e-01
1.471010553496457374e-01
1.525530455351484516e-01
1.649115191724141449e-01
1.670595058332884908e-01
1.751994477136619710e-01
2.063134923821283717e-01
2.612094690972175948e-01
3.045443480425938931e-01
3.292550185562128640e-01
3.532690832410209647e-01
3.773530248795931019e-01
3.921667901567894576e-01
3.877471280521109787e-01
3.599132590692377121e-01
3.210765602073663016e-01
2.925846173403852668e-01
2.834583692868796745e-01
2.798256174449011424e-01
2.736583830717982946e-01
2.786396432327017947e-01
2.843398620602174409e-01
2.926917017729681048e-01
3.010284203507761491e-01
2.961676849183698113e-01
2.956433988683557779e-01
5.648893973505349567e-03
-7.022971747790386285e-03
-1.363834480145196398e-02
-4.514620009399446243e-02
-6.176707985279050739e-02
-7.661248440398274462e-02
-9.866281002832955060e-02
-1.132917273930585667e-01
-1.265676024769933072e-01
-1.366660239074597993e-01
-1.499846322190676595e-01
-1.799503928562300459e-01
-2.264091505274203886e-01
-2.926097558788101627e-01
-3.486366224289806359e-01
-3.442879657911572799e-01
-3.212072720286605620e-01
-3.109872150880018116e-01
-2.833290552222333392e-01
-2.643840038546526605e-01
-2.649382360955030435e-01
-2.687560652440505460e-01
-2.695604126832855663e-01
-2.725802248064230771e-01
-2.636120268329303351e-01
-2.684301933955848818e-01
-2.653469873731937323e-01
-2.721839637079106478e-01
-2.653274386352986736e-01
3.897309575491119532e-02
7.564530912350612979e-02
1.295455153122400394e-01
2.049160227130908396e-01
2.500241340840770321e-01
3.006143586552303959e-01
3.671446394469994323e-01
3.947923553588496559e-01
4.473426845276678443e-01
4.677553054971414492e-01
4.549128981946433670e-01
4.221554763120393128e-01
3.726244620407903607e-01
2.978224448194757290e-01
2.614424266854865064e-01
2.572125605800600345e-01
2.433018854292718081e-01
2.469771085469071592e-01
2.751421971791756516e-01
2.770627306422966396e-01
2.990480378303482234e-01
3.360820415639630410e-01
4.073209951271140605e-01
5.023013813715042630e-01
6.000698284475417532e-01
6.554781420245547885e-01
6.580281428092464857e-01
6.098042188438954625e-01
5.353914304407404456e-01
-5.214867312969164587e-02
-9.875268898127816108e-02
-1.651620790741728240e-01
-2.230909446001190788e-01
-2.077297764649356226e-01
-2.065028325215984284e-01
-2.356610559430501184e-01
-2.731522156772496213e-01
-2.843069192011322688e-01
-2.743360739801005699e-01
-3.242017070018979319e-01
-4.336414857571541104e-01
-4.812696757852122365e-01
-4.890468470264636158e-01
-4.907750178292091259e-01
-4.922712930500889317e-01
-4.854027981539185688e-01
-4.740800874274441190e-01
-4.660093935971888479e-01
-4.787875538898018757e-01
-4.998971929140292314e-01
-5.014848111642447037e-01
-4.986275776042811136e-01
-4.708849940020144453e-01
-4.511380537555290671e-01
-4.223426532222623875e-01
-4.208299176112517137e-01
-4.283577486017680069e-01
-4.013371725754439900e-01
3.627310851280125120e-02
1.096333065123122896e-01
2.175299260756579645e-01
3.159364620149018310e-01
4.212241629457267322e-01
4.934426919246767129e-01
5.039711425799835443e-01
5.245130628415826113e-01
5.592879937578471017e-01
5.465137511477765608e-01
5.349226750231469429e-01
5.291080969768657827e-01
5.151612295784372408e-01
5.236308098229632835e-01
5.239568115975431484e-01
4.762935381846868377e-01
4.236397862184687613e-01
3.976124986003489736e-01
3.750442670487829644e-01
3.748301261310529875e-01
3.898237878741104834e-01
4.069292904449685611e-01
4.368213124522239421e-01
4.702605745677238547e-01
4.817325270926877678e-01
4.848493857399456264e-01
4.606587296996650371e-01
4.016137046809243327e-01
3.948478156563130503e-01
8.076305763134599552e-03
1.958172133172860971e-03
2.394702742484553643e-02
4.394716528947863882e-02
3.069997742291476900e-02
2.987433852355778074e-02
1.419688447180250668e-02
-2.456182480702467225e-02
-4.278656303258669691e-02
-5.484831254007689616e-02
-9.022905892635123271e-02
-1.066382928085306131e-01
-1.198276706034943628e-01
-1.176712284898704247e-01
-1.062918328722030903e-01
-8.168879535016854154e-02
-6.393478101800072200e-02
-6.618422278400336312e-02
-7.986838629452999716e-02
-8.842815282082785999e-02
-9.410967924094995607e-02
-1.003007459977300342e-01
-1.092907738102275872e-01
-1.073085520984284336e-01
-1.089956122228646490e-01
-1.098499329874711855e-01
-8.722305389308258883e-02
-5.374854645925551677e-02
-6.232424230086987954e-02
-2.064980750425526521e-03
6.945410851972493374e-03
1.497755736478138637e-02
3.286180430823235771e-02
4.151524875979600848e-02
-1.031105430206646911e-02
-1.632679400244429202e-01
-2.302075065486363370e-01
-3.186679118407413358e-01
-3.670080275976875250e-01
-3.629900200958354195e-01
-3.336696890835217366e-01
-3.090870167694056980e-01
-2.571468122056086436e-01
-2.178005900854609600e-01
-2.130827861723624261e-01
-1.938375001662553110e-01
-1.895708459539441892e-01
-1.754003145061240609e-01
-1.644586777139421530e-01
-1.857824165066429001e-01
-1.855047270728183706e-01
-1.697455849158657493e-01
-1.583993171598093719e-01
-1.498852200301295512e-01
-1.264132566287595738e-01
-1.339906905330710274e-01
-1.637920112677853923e-01
-1.789263582161637056e-01
-1.425070182841535818e-02
-3.981246539537779822e-02
-5.507921684914929977e-02
-7.115035717747505983e-02
-1.247231194168971768e-01
-1.560436929689730245e-01
-1.978037977959954952e-01
-2.792012921076950649e-01
-3.329708847623875090e-01
-3.716952177439377114e-01
-4.323586752040599057e-01
-4.690683396234691660e-01
-4.526533302275033699e-01
-4.626848862272698315e-01
-4.859279650633713810e-01
-5.064817173034343867e-01
-5.419622088378995839e-01
-5.512385574818636780e-01
-5.520833436798386895e-01
-5.662885631680005805e-01
-5.707809451634070497e-01
-5.751720073525504739e-01
-5.895694643871626228e-01
-5.977668667035643812e-01
-5.878127954397013299e-01
-5.709783214919512684e-01
-5.495521345079930065e-01
-5.189160882871086677e-01
-4.911230142260522569e-01
6.041567950652783348e-02
1.147530203848101671e-01
1.580103964790798010e-01
2.216843051330436576e-01
2.845345320933272970e-01
3.414505624157389008e-01
3.945624334319436377e-01
4.247630356036908306e-01
4.463636684121118914e-01
4.762265350271696063e-01
4.741837353539879452e-01
4.692140499103524265e-01
4.620736454341820565e-01
4.601845134557477901e-01
4.812583614022248879e-01
5.018505536392030564e-01
5.262583186268162683e-01
5.435539876614642329e-01
5.508227209104921140e-01
5.661913697627062314e-01
5.945738648042792063e-01
6.049286024897378988e-01
5.994656149105891396e-01
5.571368010433073170e-01
5.132448235755031618e-01
4.381402734645050145e-01
3.645772330697554242e-01
3.269593880104138539e-01
3.123015600260637958e-01
-2.645959500211992818e-02
-4.318123366496459670e-02
-3.953141992784466041e-02
-5.883709363756174648e-02
-8.665006919044712652e-02
-9.941455464713926105e-02
-1.186659596676360728e-01
-1.636566849766829257e-01
-1.947015815333534849e-01
-2.345952858882228431e-01
-2.836372241015240325e-01
-3.153144303489200939e-01
-3.318201599557128456e-01
-3.703776579485239528e-01
-3.794044523149846526e-01
-3.738471512806814667e-01
-3.874676141873610868e-01
-3.851812374695046670e-01
-3.742535099480930327e-01
-3.967267814763682510e-01
-3.999776893113766163e-01
-3.855333094333872612e-01
-3.672152630809926710e-01
-3.281957346974176404e-01
-2.675160681202607416e-01
-2.013495388070565273e-01
-1.496489806234870268e-01
-8.706298870327545958e-02
-5.771065517755527563e-02
3.666575447633727697e-02
9.974048315412512022e-02
1.389240394277516666e-01
1.600808432770772782e-01
1.750864003554237214e-01
1.671678677666637025e-01
1.476756216211614070e-01
1.398685763467699683e-01
1.296325479565484107e-01
1.175547742403729445e-01
1.125790013787059396e-01
1.161370556285708233e-01
1.279759556332385473e-01
1.320577330949573580e-01
1.490921557524218788e-01
1.497507381864029707e-01
1.491741052087268704e-01
1.570351108668437412e-01
1.578088612767102883e-01
1.411050164986145383e-01
1.327876397458052637e-01
1.168552637651482651e-01
1.124569871411269101e-01
9.340894379845138262e-02
7.354478694422758589e-02
5.941813045829455464e-02
5.815404702479224502e-02
5.834274817642364636e-02
3.565668379387772202e-02
-3.161710771240718032e-02
-4.280688012866310649e-02
-6.722100560554507276e-02
-7.032069982301346334e-02
-6.110289680459922435e-02
-5.089092686023873047e-02
-3.869119154312983255e-02
-3.107093146417249513e-02
-2.883986031772855368e-02
-3.448904629120637388e-02
-4.184957528557076839e-02
-4.793291656299423359e-02
-5.526860807959442512e-02
-8.644864207518231092e-02
-9.521969508054915765e-02
-1.005586321335106698e-01
-9.963519753699301429e-02
-6.737331326321699398e-02
-1.517969840907548024e-02
3.215659399816132857e-02
6.838861593714733178e-02
1.057665920576185692e-01
1.463344384863221603e-01
1.934096063357916839e-01
2.138703417216527847e-01
1.987655913460883994e-01
1.813214766545083179e-01
1.755975401675995140e-01
1.613175482804306560e-01
1.575043802405164117e-02
5.438495416443696329e-02
7.660239704324227350e-02
1.051843002227287605e-01
1.283751336245676500e-01
1.421877598433577972e-01
1.720360379112304272e-01
1.903349945688872502e-01
2.020604009988914984e-01
2.109920606997095771e-01
2.155747401299122901e-01
2.217915620470236604e-01
2.240958944364851435e-01
2.388791729468704994e-01
2.740533386110798331e-01
2.789860052914731603e-01
2.933295842776185158e-01
2.784281655226973906e-01
2.022114430845611821e-01
1.079388731903758308e-01
4.001576261797477885e-02
4.330069501937525156e-03
-4.757738288359872336e-02
-9.474901783793840404e-02
-1.188252515878591431e-01
-1.228533758530089420e-01
-1.357260912831359523e-01
-1.402485563013504966e-01
-1.421030927913408681e-01
-1.294824134372664706e-02
-2.416389693913000014e-02
-3.166792790621728720e-02
-4.395183345923529827e-02
-3.843508858643823745e-02
-3.110335196416876002e-02
-3.970190706108422951e-02
-4.010069692361327431e-02
-2.743696671816222427e-02
-1.330518260141165705e-02
2.575995386833792450e-02
1.113848459359940701e-01
2.044188790329309335e-01
2.644921068337195424e-01
3.151767440301311840e-01
3.716164642368143811e-01
3.795487261819167624e-01
3.656572081607748492e-01
3.501241301057581579e-01
3.294562222934153684e-01
3.204854723504990122e-01
3.625467157277947883e-01
4.068788355796457146e-01
4.577991310269506897e-01
5.157032511555729171e-01
5.473924587826393129e-01
5.459242157747662416e-01
5.394947300579204796e-01
5.376921494300900273e-01
-2.856304512610685718e-03
-1.112808318312755868e-02
-1.936236815180918114e-02
7.927812287520898810e-03
4.292332676742389996e-02
8.357140496538331687e-02
1.137053580452394852e-01
1.261842384501184466e-01
1.187643991341574695e-01
1.079497000279377450e-01
6.319105580765566055e-02
1.270588283180703465e-02
-7.853225170510406278e-03
-4.152585693362720320e-02
-8.442026666995502970e-02
-1.031503310863172151e-01
-8.800396927974860062e-02
-8.141777919664899832e-02
-4.210945416237584643e-02
-2.229151617238505495e-02
-1.430597076591121411e-02
-1.179369848190646441e-02
-1.927828487164172377e-02
-1.482016028208213605e-02
-1.656178956234750227e-02
-2.196498314155121562e-02
-3.006001924809408032e-02
-3.496638173990937459e-02
-3.430319318401691547e-02
9.054189345783824130e-03
2.003550023809986397e-02
2.598856336089709618e-02
5.060903250576960499e-02
7.053999044094794169e-02
6.793646520024830548e-02
6.549956681378189816e-02
5.879267985892215609e-02
4.629428043867626907e-02
6.241851506870553512e-02
6.634875713365370742e-02
8.117136223172088938e-02
1.315399785689783385e-01
2.420918829912362957e-01
3.452329376624729829e-01
4.270187718738486793e-01
4.310961559471198079e-01
3.953346927524626908e-01
3.519633230343667263e-01
3.531725796675340145e-01
