-1.016615409827097399e-03
-1.287469870194577707e-03
1.288825888897798116e-02
1.581735580514399830e-02
-4.608800200900437655e-02
-6.682790024581820865e-02
-2.646580264574859703e-02
1.027582926596887214e-02
5.769884278686789048e-02
8.956365566159094072e-02
1.035802564117035696e-01
9.217978872658047496e-02
4.943957109701014457e-02
-3.370497189422807377e-02
-1.263440154115372804e-01
-1.948115788866827680e-01
-2.554506872437806164e-01
-2.591849449602003364e-01
-2.673056176516946381e-01
-2.620649370391446298e-01
-1.157706623924217582e-01
-4.738563881439118719e-02
-4.890352470640663141e-02
-4.093331487906076704e-02
-1.074957454858496003e-02
2.148482137191206481e-03
-3.222358260435349842e-02
-1.023191333631875005e-01
-8.656729364349323441e-02
-1.637484967246642387e-01
-1.999115769943981546e-01
-2.654090507969174006e-01
-3.119137618676551815e-01
-3.482403386000974543e-01
-3.590932501151314349e-01
-3.705803013531382417e-01
-3.565988729125121326e-01
-3.014060074834457037e-01
-1.961146969351159342e-01
-1.073064093184226686e-01
3.700118952729924970e-03
5.646880681453778084e-02
1.940369573912275325e-01
3.194281058094832204e-01
3.093666038914726912e-01
4.799164223359236314e-01
5.549491575172593727e-01
5.486875168219583765e-01
5.476030153073966344e-01
4.507893849853656931e-01
3.017240346894946579e-01
1.972126790704959998e-01
1.808225588365459657e-01
1.723392221213055908e-01
2.184178058486027640e-01
2.709555932958624402e-01
3.177166656524219590e-01
1.211166949126956799e-01
1.205750140360777184e-01
1.316585107627047668e-01
1.849666122559355530e-01
2.657510603566201057e-01
2.988279558171689776e-01
2.957614110296590826e-01
2.970517258942181882e-01
2.323264162236297059e-01
1.097187274958162928e-01
-8.101053035417415948e-03
-1.532387550450840796e-01
-2.677038940012705370e-01
-3.696689531476390345e-01
-3.980788721651425943e-01
-4.038368913091344714e-01
-3.909424410508484660e-01
-3.646138658368378582e-01
-3.366009201485698488e-01
-3.330724398317120305e-01
-3.420410727628461767e-01
-3.496825842177260224e-01
-3.790144325222284394e-01
-3.862485068264792099e-01
-4.028432984426941199e-01
-4.595848154273771136e-01
-4.825385503311118152e-01
-5.131289437253726549e-01
-5.210308170920140425e-01
-3.071724482338994075e-02
-5.188873866554957748e-02
-5.265323036047932226e-02
-3.908075711506574235e-02
-5.369989865971751264e-03
3.968446854585139238e-02
7.309818268291114196e-02
1.465667881466468925e-01
2.868127161074833786e-01
3.204526184196897498e-01
3.454352571403064287e-01
3.756189495256605504e-01
3.820438764679349175e-01
4.256580288729792660e-01
4.625712298465926575e-01
4.612938655604478799e-01
4.477987558634509146e-01
4.401253047018234277e-01
4.554154087747917523e-01
4.754549201158067562e-01
5.174811952602615950e-01
5.877979506391862730e-01
7.012172663216684754e-01
7.012846853053369411e-01
7.168517089336238213e-01
8.612297386929981258e-01
8.611844667324768388e-01
9.345657803068145864e-01
9.632594605815707478e-01
-6.776606176419775612e-04
-7.140019825348596638e-02
-2.034681871571197842e-01
-2.030705220145233580e-01
-4.269860626388604641e-01
-4.795905735016041671e-01
-4.795941874402685490e-01
-4.393688521990413709e-01
-4.437804026777772970e-01
-4.429930835821636603e-01
-4.484290068144327623e-01
-4.565724954129164459e-01
-5.044183217887885373e-01
-5.385255543538568501e-01
-5.757083506889665303e-01
-6.202181206035497496e-01
-6.551225875320705327e-01
-7.025145451118836037e-01
-7.061029352387049318e-01
-7.250280332868335176e-01
-7.436696486089084956e-01
-7.609841469728957364e-01
-7.875755096136959343e-01
-7.954379753645393070e-01
-8.120201607726720283e-01
-8.074206357805910894e-01
-7.516499214786453997e-01
-7.148983910035288103e-01
-6.803369522325024565e-01
4.242729774015841643e-02
5.225817430510598660e-02
8.276593349761809937e-02
1.071700522991101967e-01
1.459568711164569987e-01
2.185130318188608367e-01
2.898859326754298360e-01
3.315820848159994338e-01
3.555527751704322115e-01
3.705618827168088991e-01
3.808954976119798830e-01
3.824546022430108105e-01
3.850554956071778889e-01
3.913350861462036590e-01
4.249340903605842712e-01
4.117867325734101969e-01
4.202224021303550550e-01
3.802452201821326372e-01
2.817877763234520883e-01
2.277997886810293748e-01
1.645679222172490019e-01
1.681417619681689624e-01
2.021064175260529894e-01
2.576618871773457276e-01
2.965563883810958812e-01
3.167788598230915631e-01
2.877492524296937915e-01
1.889213594914030125e-01
1.344178180040803972e-01
-6.141287438724156444e-02
-1.096274176920170734e-01
-1.137666834187506942e-01
-1.276415164839842242e-01
-1.366389417824089847e-01
-1.610796871711797917e-01
-2.173034111317949102e-01
-2.944657433119403089e-01
-3.589430463533080928e-01
-4.053756030921024101e-01
-4.114115378941365919e-01
-4.031540158240645155e-01
-3.922774344367613297e-01
-3.874573133096976818e-01
-4.120215816053229840e-01
-4.582428493191250118e-01
-4.868984926444133721e-01
-5.545505716814008723e-01
-6.506486486007904135e-01
-7.424166681337702745e-01
-8.041604640341328825e-01
-8.431859852692568102e-01
-8.424012715629141113e-01
-8.442973566503579885e-01
-8.271780439944430574e-01
-7.896092986766296562e-01
-7.198188560167645411e-01
-6.377818417637388659e-01
-5.949575212319111461e-01
3.171866449086750694e-02
4.839363384628844744e-02
5.350187545413518514e-02
6.182340169805179697e-02
7.885042381158541280e-02
1.003202249390003215e-01
1.359585229028879572e-01
1.903277459993450993e-01
2.461577786837339521e-01
2.811214413289501723e-01
3.213894705081082326e-01
3.539444849599910903e-01
3.727054224465314314e-01
3.939045940262606571e-01
4.484450697948570985e-01
4.797972699142056818e-01
4.685769203557363927e-01
4.116600635790566010e-01
2.764998183583540214e-01
1.617826393683169384e-01
1.460717852710400888e-01
1.887368369057746409e-01
2.170564844350000300e-01
2.381928530216687045e-01
2.267455822392454856e-01
2.174227785436542160e-01
2.093910842411240147e-01
1.797481480130349585e-01
1.368041194343697642e-01
-6.547306198112209930e-02
-1.347279043884263561e-01
-1.807713151960458620e-01
-2.803595528123673519e-01
-3.548884800303536702e-01
-4.147677581843968730e-01
-4.748495964381834744e-01
-5.013067363191520132e-01
-5.635071889406059187e-01
-6.256387840641974840e-01
-6.547012600272157368e-01
-7.002915482039583361e-01
-7.392754465419548726e-01
-7.661213599761372839e-01
-7.803636329569536567e-01
-7.992301362750769966e-01
-8.180617856054958059e-01
-8.144198366409003409e-01
-8.028741278338618059e-01
-7.860381964513227793e-01
-7.216219812688662305e-01
-6.600310220283273077e-01
-6.126754126775180165e-01
-5.304144290818292307e-01
-4.176178457378607600e-01
-3.665609535619763215e-01
-3.046568213423668237e-01
-2.673034693809124840e-01
-2.598064842396844432e-01
2.451988358654446157e-02
3.718269984562268260e-02
5.710353425277714390e-02
8.816066583757346808e-02
1.224104408251765891e-01
2.362544408084193137e-01
3.032011328414145890e-01
3.701557541585998590e-01
4.627114692518021766e-01
4.988513027537823663e-01
5.343174678735377325e-01
5.316735450958368636e-01
5.220416807866072872e-01
5.303612026461761442e-01
5.462371718754460703e-01
5.576116838450201341e-01
5.565085929534696607e-01
5.728764096426686159e-01
5.794069257300904496e-01
5.779979639056052054e-01
6.065283578908987616e-01
6.321236943450785351e-01
6.344245072454465229e-01
6.238546251797825182e-01
5.812769947831275541e-01
5.086238661078723577e-01
4.478372729795922491e-01
4.100669030547937632e-01
3.717975301476792449e-01
-1.478115955639045485e-02
-4.590681530654422415e-02
-1.245033365029199202e-01
-1.441996046243587681e-01
-1.487659754423843184e-01
-1.802359482203791941e-01
-2.015611366337875243e-01
-2.397753809365183730e-01
-2.619598306116636688e-01
-2.783719294911937148e-01
-3.193459048039983261e-01
-3.666887645544976704e-01
-3.733174837810250835e-01
-3.865203075741162619e-01
-4.164657767187724957e-01
-4.653650459491536773e-01
-5.011029353281555299e-01
-5.472463050126050721e-01
-5.883462097571374727e-01
-6.113813727311665502e-01
-6.170103493309667675e-01
-6.201834092142515242e-01
-6.137264796855207427e-01
-5.603438877595965373e-01
-4.870394074845882382e-01
-4.473197463781045657e-01
-3.994065310035597727e-01
-3.552499024274777262e-01
-3.043411476523917858e-01
3.380772556221302294e-02
1.031815864870226501e-01
1.472603099596085374e-01
2.212552991067135710e-01
3.554697567255048485e-01
4.468160536438354202e-01
5.685498726342244069e-01
6.454699472538760752e-01
7.051367256649637705e-01
7.410461566310161396e-01
7.605365972821229725e-01
7.868764098438080223e-01
8.162262088821135020e-01
8.081479184157722706e-01
7.674838529907864748e-01
7.353074261780114806e-01
7.543441235145691426e-01
7.295452036990294209e-01
7.143415559210063437e-01
7.140309359078345075e-01
7.382500521137145277e-01
8.534854760791670270e-01
9.279894285023786438e-01
1.019780304841197527e+00
1.070408834035786461e+00
1.049570374291928232e+00
9.990431812271117762e-01
8.955978330573806101e-01
8.355203634324452899e-01
-6.329802319852248504e-02
-1.031913125632677591e-01
-1.030825601628987953e-01
-1.044678139389604021e-01
-1.318230260722155767e-01
-1.529245859232166438e-01
-2.358830788678565882e-01
-3.912975728769552131e-01
-5.133205203543900197e-01
-6.400657320729929989e-01
-7.659129467414522718e-01
-8.217557418020190463e-01
-8.571478883234492363e-01
-8.646215468312458130e-01
-8.729766582263499552e-01
-8.758784799575447533e-01
-8.607784913351105294e-01
-8.435155455630121146e-01
-7.921551728520686009e-01
-7.469630957994113363e-01
-7.263112492065362247e-01
-6.924725748076648868e-01
-6.865501391373435291e-01
-6.781380252493381944e-01
-7.124240259798132469e-01
-7.592674491024165029e-01
-8.055952864486496390e-01
-8.026177306048133397e-01
-7.802328764187880239e-01
2.257100571514093768e-02
1.003753859299599677e-01
1.540515760888684915e-01
2.109290179818222588e-01
2.758727802957985920e-01
3.114933272707416378e-01
3.260368042250280096e-01
3.258234231129105707e-01
3.504310570422600746e-01
3.793375314798609899e-01
4.261683539867007209e-01
5.444689555167723238e-01
6.549350882534146212e-01
7.372398776828315015e-01
8.325128090049014329e-01
8.482165028306574150e-01
8.739178677981681576e-01
9.021449288539579170e-01
9.076043902533169616e-01
9.475794583362397994e-01
9.750201508909958070e-01
9.970521336221889186e-01
1.035648465580740085e+00
1.058665607740912007e+00
1.068551822821938835e+00
1.056771019885357266e+00
1.055657718798867606e+00
1.020929886696761990e+00
1.000469560570439675e+00
1.540328701692755820e-02
6.090328675362405644e-03
-1.837050843066285327e-02
-8.796549157241889683e-02
-1.796654999610731718e-01
-2.653538067158178748e-01
-3.332454878859637537e-01
-3.616902110084190825e-01
-3.946157537247486635e-01
-4.436545707455578635e-01
-4.489036829062444389e-01
-4.506998072401650623e-01
-4.492552992974438442e-01
-4.405026227316957144e-01
-4.924976501617535640e-01
-5.519002017220755452e-01
-5.818001014584898156e-01
-6.306615339401886455e-01
-6.395571521210050570e-01
-6.346861418442446556e-01
-6.149840239639787765e-01
-5.674350057862951324e-01
-5.730392846677951901e-01
-5.845504620846684318e-01
-6.073740260193315477e-01
-6.513726343415435771e-01
-6.715087365275861364e-01
-7.342596348783941851e-01
-7.569747362015456504e-01
1.988093438686472370e-02
4.631412103997241403e-02
8.795995827629793373e-02
1.695083000996249201e-01
2.528662036311503103e-01
3.101827071177189477e-01
3.253726553278520894e-01
3.522540668841114830e-01
3.712514245443633287e-01
3.866108369012108414e-01
4.250676899380266271e-01
4.369335837889548046e-01
3.968581648107365467e-01
3.782917484545775255e-01
3.751644289996133863e-01
3.666890699911326545e-01
3.764070033378670854e-01
3.932772487381150928e-01
3.994086597349473799e-01
3.755621371088159743e-01
3.628376472282572873e-01
3.815613097203346404e-01
3.884736894027524534e-01
4.043199419465935973e-01
4.368844346128905043e-01
4.335496166330708445e-01
4.389471462326086648e-01
4.385992353283800216e-01
4.118700722550104887e-01
-8.313272755852708570e-03
-1.444656852342354227e-02
-5.204787195753195900e-02
-6.127605757862023689e-02
-7.791810704593053749e-02
-1.285819080468970088e-01
-2.280667052171319598e-01
-3.338898108638860829e-01
-4.181650816690186123e-01
-5.073245059029325432e-01
-5.542810303113643311e-01
-5.957682878942532900e-01
-6.352235492711939546e-01
-6.132437422133849569e-01
-6.072855233987126677e-01
-6.197981552716959053e-01
-5.828655345860764836e-01
-5.840802428043162520e-01
-6.223504548274010340e-01
-6.354258311633259604e-01
-6.506025459197748440e-01
-6.583532122475395099e-01
-6.544612279528424503e-01
-6.657433944314662400e-01
-6.716993944053113452e-01
-6.760019211147356710e-01
-6.843693997868484091e-01
-6.869300101478444942e-01
-7.032754308287030298e-01
-4.011479681237825785e-03
-9.863334841852981066e-03
-4.456546276028638953e-02
-4.639964104310806414e-02
-3.795108167762487050e-02
-4.591132234730871398e-03
5.759824509483146143e-02
7.016260601331364422e-02
9.079047673652408668e-02
1.637615573849780515e-01
1.781391832768003669e-01
1.849332858403021085e-01
1.990855454523918211e-01
1.769939807189645775e-01
2.245604109195549203e-01
3.481250093636635845e-01
4.052398162992416619e-01
4.155320809426583106e-01
4.509921517632337062e-01
4.683602500615794417e-01
4.748090132104507699e-01
4.601879407642178732e-01
4.862307470811665366e-01
5.494455664528108407e-01
5.995493610767070880e-01
6.226507575805886319e-01
6.403634702156655312e-01
6.459318226447516853e-01
6.461305873426236301e-01
2.215102726273278366e-02
4.767999505296634244e-02
7.833412671609360500e-02
1.331167501146122978e-01
1.215292325465719830e-01
8.738755981540424767e-02
7.563413600720417240e-02
8.641187096849786697e-03
-5.862870435051346918e-02
-9.445411594081404294e-02
-1.359529497106809759e-01
-1.307255521598620351e-01
-9.796125859725071661e-02
-1.089682541755035705e-01
-1.295452050627767804e-01
-1.535550308522697360e-01
-2.377750767696541478e-01
-2.890948972751460899e-01
-3.055163019408155267e-01
-3.512486309451680055e-01
-3.745432654510882364e-01
-4.155159490883088003e-01
-4.661705731590225499e-01
-4.844180692385378073e-01
-5.243324307310480714e-01
-5.781068431167997179e-01
-6.294398840317594335e-01
-6.618911293849286670e-01
-7.011909770405885256e-01
-3.243704395075863028e-02
-2.801423373133338918e-02
-3.735187485767689497e-02
-8.105328874373776693e-02
-1.161824376514565688e-01
-1.593318903782557638e-01
-2.177684049165942159e-01
-2.478655574231454217e-01
-2.974059214300590614e-01
-3.146628566162185114e-01
-3.029665850233910773e-01
-2.691246321863733360e-01
-2.024522582631916867e-01
-1.465569525576571330e-01
-9.219685688108369970e-02
1.627366611914426997e-03
5.679248739637823840e-02
1.111074518381597598e-01
2.063914354456692357e-01
2.601662548148949705e-01
3.359436301638653033e-01
3.941627579562921868e-01
4.309540942056972468e-01
4.533133627958682021e-01
4.697623208155796704e-01
4.817295451496478864e-01
5.216768361912449414e-01
5.649617774372908130e-01
6.078286873383331734e-01
3.493220062005628762e-02
6.647884332689693587e-02
1.029052760963002910e-01
1.354685693202338781e-01
1.475873768276053932e-01
1.542091773388963027e-01
1.624344014769571465e-01
1.594067161889894391e-01
2.060516950399016167e-01
2.256146143709281959e-01
2.271336352779264600e-01
2.170104193956178262e-01
1.620493561639486657e-01
1.572147062258740235e-01
1.651125144325212013e-01
1.681261047493289584e-01
1.794307520386057564e-01
1.866689637703919380e-01
1.726680253862206416e-01
1.618773160930429555e-01
1.451201067654266930e-01
7.693280720320667954e-02
2.542008648206478538e-02
-5.120890000391564723e-05
-6.582122053487379776e-02
-1.147277387485190758e-01
-1.128501943780961109e-01
-1.264760005978895763e-01
-1.277967893369806318e-01
-4.069646239207576170e-03
-4.062308739612891656e-02
-5.520462026221345520e-02
-5.874735682102052298e-02
-6.498383905774299252e-02
-4.957279907413995879e-02
-4.920760909335970129e-02
-6.483151723040306291e-02
-8.464310031183348848e-02
-1.051170424955956972e-01
-1.039962452823676026e-01
-6.789091688423273818e-02
-2.960856682393472883e-02
1.179487942949950657e-02
5.141645191687816557e-02
4.331772618725442114e-02
4.587713622007821845e-02
2.369947131640116889e-02
2.775010719981072654e-03
-1.310114327558397490e-02
-5.012133137283108358e-02
-5.323434901866179458e-02
-9.917345213203060394e-03
2.890153464492565411e-03
2.376596037650794205e-02
7.409810729048736666e-02
1.065153223210997535e-01
1.194832115448295762e-01
1.476872377597162889e-01
3.069972385973008394e-02
6.119731248154177544e-02
1.187310595135883384e-01
1.317196952556548561e-01
1.437945390134138801e-01
1.482565011509087705e-01
1.450484581234749715e-01
1.556577360025896695e-01
1.889534791971432814e-01
2.143977181944852761e-01
2.242628544705382032e-01
2.557444765957595512e-01
2.558247744511795707e-01
2.401519350361095984e-01
2.277411944271279798e-01
2.057934900712524717e-01
1.945335802030236927e-01
1.679305233487718430e-01
1.633985051690693413e-01
1.586413441477925179e-01
1.535442232127930962e-01
1.544010152403720304e-01
1.545719301712918103e-01
1.371591066826733096e-01
7.983689206463709387e-02
3.133215176422151499e-02
8.869627613331071414e-03
-6.443421975672695978e-02
-1.094622903077521886e-01
-5.023812866799852450e-02
-1.253261357186221669e-01
-1.380802842346914028e-01
-1.545570735515286176e-01
-1.871450003328494760e-01
-1.911561110997007928e-01
-1.742039212616094679e-01
-1.760087941480831808e-01
-1.365514096979220104e-01
-1.316899042710220902e-01
-1.755779810480226077e-01
-1.885680609830092114e-01
-2.138091509991278671e-01
-2.511332383249467171e-01
-2.595989837970886227e-01
-2.696337919447691633e-01
-2.827259505005803031e-01
-3.159269874918647636e-01
-3.408117305269371400e-01
-3.475982726844201176e-01
-3.498744034801933855e-01
-3.384159948093219961e-01
-2.603093652574492434e-01
-1.803499276663214357e-01
-1.151149666112478154e-01
-6.747521557512109469e-02
2.827729023333752645e-03
9.703174647697472566e-02
1.806204456900510902e-01
3.730923751974283414e-02
5.932344970336106416e-02
8.920554706065426942e-02
1.141501146577608705e-01
1.324937724633088454e-01
1.574010472367807500e-01
1.907834870707001973e-01
2.265675969182874838e-01
2.325792697632836914e-01
2.368057367322143336e-01
2.519524621233181216e-01
2.524352527688538128e-01
2.835204832935002139e-01
3.360231238893591765e-01
3.590511775556484153e-01
3.661336568031466343e-01
3.573939543904312011e-01
3.282527476878888129e-01
2.930254560520902940e-01
3.023332730917310807e-01
2.950010069265769364e-01
2.404010508763205767e-01
2.107879048388786036e-01
1.715461568201426534e-01
1.469257493883679155e-01
1.514402200263434140e-01
1.364997586682726860e-01
8.981357136427829679e-02
8.388223996046093034e-02
-1.012491330086844922e-02
-6.213611710047663855e-02
-9.687175152781518639e-02
-1.205459869524271588e-01
-1.656291273934315522e-01
-2.169072616512336682e-01
-2.611368179046554827e-01
-3.151182085572143965e-01
-3.534799941364888398e-01
-3.619653199789233944e-01
-3.644000664342819662e-01
-3.569642023979373024e-01
-3.437228266264963361e-01
-3.444274975692606655e-01
-3.475118800379115580e-01
-3.578808458457539143e-01
-3.880451932822382433e-01
-4.238485221101778166e-01
-4.489211304249691170e-01
-4.821077064015920066e-01
-5.477936147536131006e-01
-5.789396323826239144e-01
-6.148907908033208747e-01
-6.352422694608895748e-01
-6.232537693000032020e-01
-6.000828257363371998e-01
-5.478156635485108561e-01
-5.004052521018844679e-01
-4.622787750687511465e-01
3.170136778554123735e-02
4.493147445321216821e-02
2.953679164999674714e-02
5.321035874454160125e-03
-5.085088870144657477e-03
2.374166998671065586e-03
2.957570217168300347e-02
5.060233267561702053e-02
1.391085448345890652e-01
1.563008219687615219e-01
1.584479101219760933e-01
2.067494933952182534e-01
2.525194044746300603e-01
2.740604351266806571e-01
3.295048462716888560e-01
3.420157722465467787e-01
3.356564847058237655e-01
3.394621399737473011e-01
3.616474377299102594e-01
3.717380301216741123e-01
3.907925761451465640e-01
4.217820032765032257e-01
4.380821882915061916e-01
4.688675756533786654e-01
4.857810547842204008e-01
4.867658780871780833e-01
4.937767146999678114e-01
4.978796271344005930e-01
4.866822845196290825e-01
-3.244899575442528744e-02
-6.456957984469174905e-02
-9.437055689154801030e-02
-1.273015949555986737e-01
-1.318831039742335565e-01
-1.728709102223258132e-01
-2.073627761193306551e-01
-2.322508726675888979e-01
-2.753887397102712242e-01
-3.058291804768823452e-01
-3.216187823108703214e-01
-3.624669966991065362e-01
-4.079712004515027579e-01
-4.636165696073572540e-01
-5.141416267704371768e-01
-5.111684991050302607e-01
-4.961480962081931678e-01
-4.878179988944471579e-01
-4.684313228403638174e-01
-4.811136415119914300e-01
-4.999161785763528432e-01
-5.056724071669350673e-01
-5.073556351969171763e-01
-5.118439342345852960e-01
-5.308146621650362551e-01
-5.255194464697930945e-01
-5.178214505325811068e-01
-5.131263938950673120e-01
-4.604295075188225561e-01
1.286610544293431517e-02
5.017918907725010813e-02
1.138522100847627616e-01
1.749056824391120868e-01
2.359623981019881300e-01
3.235811500874505309e-01
3.870303841547501622e-01
4.770505455924740623e-01
5.440195852429294820e-01
5.841393895851576534e-01
6.101124791410219572e-01
6.542273216756208098e-01
7.446495188126351916e-01
8.591428054912152446e-01
9.382851730556502901e-01
9.764219722907915289e-01
1.006040935408965442e+00
1.015064661159532866e+00
1.008656015117223692e+00
1.002280983801139724e+00
9.804091662874185875e-01
9.458439181160275266e-01
9.186717456984117014e-01
8.737456570639667852e-01
8.661460641031358820e-01
8.617643543423390007e-01
8.525284563877715271e-01
8.528145399539696081e-01
8.394299180706559227e-01
-2.038354540790807135e-02
-2.266229067775176256e-02
-5.370819802231555778e-02
-6.893477598754334246e-02
-1.200712686968199994e-01
-2.202049350981226117e-01
-4.169798970517206715e-01
-6.056190797324625397e-01
-6.999939807996456986e-01
-7.522293608902443918e-01
-7.791118668127872127e-01
-7.512059161056694467e-01
-7.223708097564593977e-01
-7.240603382931822818e-01
-7.376580046387901657e-01
-7.849104001139394216e-01
-8.458682912829283973e-01
-9.301036592757367938e-01
-9.920291186007785811e-01
-1.025990752682874207e+00
-1.067161904893336954e+00
-1.067373623495710744e+00
-1.063688202809700112e+00
-1.057778289321177789e+00
-1.042591233352218705e+00
-1.044772864928799727e+00
-1.036606492198136831e+00
-1.022400424300739852e+00
-1.007514837283419951e+00
2.226072963500462173e-02
4.278631335387231283e-02
4.247797811857728645e-02
7.802094364398730331e-02
1.506595921757390988e-01
2.155498455520167833e-01
2.814580812335480964e-01
3.462124818098928358e-01
3.821708066885636246e-01
3.962597770462534252e-01
4.253665598239956824e-01
4.593840196021007904e-01
4.666863464613032475e-01
4.827857211861518172e-01
4.949349020261099019e-01
5.301431091801404039e-01
5.612928324002661729e-01
5.972703029524196738e-01
6.294989688807719475e-01
6.373661297160100325e-01
6.605371142097823389e-01
6.985540478035925371e-01
7.641007798379253479e-01
7.949030615478532846e-01
8.002132510601853710e-01
7.979627194519812727e-01
7.796464700268297410e-01
7.817353354664774434e-01
7.956636991598899922e-01
2.271106335824133945e-02
4.302713198337969336e-02
7.156497538879819098e-02
9.767480235494110929e-02
1.020328440628805733e-01
7.501572671243644796e-02
5.527182554317047747e-02
2.791802993456240362e-02
6.930647751863236450e-03
-2.008584310720941402e-02
-7.013943174663987701e-02
-1.096321764508777774e-01
-1.454195692628310055e-01
-1.861188168460799486e-01
-2.270352836881061598e-01
-2.891125525530686691e-01
-3.376698646453314967e-01
-3.674867463589843730e-01
-3.929212885731531713e-01
-4.074804953268519880e-01
-4.746522576867427401e-01
-5.383349290239336504e-01
-6.201100387386355717e-01
-6.885568868481123372e-01
-7.028828366065446032e-01
-6.877729237811470719e-01
-6.384709426075069194e-01
-5.982814442868624738e-01
-5.548668299865102682e-01
2.952788402377216903e-02
1.151515388384485514e-02
2.721222734462458090e-02
4.551867969240997597e-02
6.025202443792183893e-02
9.717769532067130345e-02
1.458191864063297927e-01
2.000094357783342991e-01
2.415235758786171139e-01
3.216366622589493796e-01
3.829934845093406204e-01
5.000076716291126377e-01
6.087142556900465573e-01
6.962190759511138749e-01
8.580038755550588592e-01
1.151248694035027276e+00
1.478693657282972751e+00
1.614644332686116401e+00
1.596007024889208870e+00
1.536733732522929996e+00
1.492567689131740982e+00
1.455958433437067212e+00
1.433147180829181577e+00
1.376462278849259757e+00
1.322839046241514716e+00
1.309622150420036490e+00
1.294913664947705767e+00
1.280853938060340536e+00
1.245980689220375082e+00
-2.097108226055324764e-02
-4.987832678406201037e-02
-9.137205686759021506e-02
-1.121311509384532862e-01
-1.243527211435383611e-01
-1.436638110777291311e-01
-1.495579086102871991e-01
-1.312711843903822395e-01
-1.093856937461176182e-01
-1.054129741462168784e-01
-1.269530438109939263e-01
-2.173892213742212587e-01
-3.242676859054507421e-01
-3.797182369573831040e-01
-4.456708415867111639e-01
-5.043009819768122792e-01
-5.544353755242543702e-01
-6.193823373048530367e-01
-6.567043507358528709e-01
-7.171365081900620275e-01
-8.203474417481592118e-01
-8.725061554965615196e-01
-8.917945048022709598e-01
-9.168037360607406150e-01
-8.952904291674129711e-01
-8.394876625231110223e-01
-8.053548459858980157e-01
-7.825983297056470223e-01
-7.714003869084108400e-01
8.073470065065389834e-03
2.051169019883495453e-02
4.514547474658281434e-02
4.901112832092902744e-02
7.437186094130368574e-02
1.325583162307105989e-01
1.472303433347474377e-01
1.889415060188888718e-01
2.071037076362471918e-01
2.194090022676255525e-01
3.034557027176856270e-01
3.039323815347023672e-01
5.359871370036726201e-01
7.264452431308388025e-01
7.260550914080092788e-01
9.589810032449062049e-01
9.943746288261187116e-01
9.951933615988257653e-01
1.019351903212065924e+00
1.023351687095511942e+00
1.021817245258010542e+00
1.019219297642323774e+00
1.011460009683143868e+00
1.007702486374788098e+00
9.928679216700797561e-01
9.722628134964171887e-01
9.450844554391412133e-01
9.398771460741622841e-01
9.415796600313843800e-01
-2.273047689333296956e-02
-2.843918555381439589e-02
-4.659916828001543776e-02
-1.075275921472948204e-01
-1.646368769128229714e-01
-2.147625560787751742e-01
-2.364093493607751784e-01
-2.517675650286997913e-01
-2.205489642372399917e-01
-1.997516219732944354e-01
-1.766973243685701356e-01
-1.441666114506880980e-01
-1.369987973439619200e-01
-1.469814153268765022e-01
-1.831114655675891156e-01
-2.487155036191988910e-01
-2.712766786205697001e-01
-3.103390084193176635e-01
-3.567146829468206271e-01
-3.988752897265112063e-01
-4.328626287127685934e-01
-4.523695923386714113e-01
-4.903572978429273643e-01
-5.245075711976141530e-01
-5.171877676579633709e-01
-5.227125010297642982e-01
-5.339622440624418598e-01
-5.315657783935997527e-01
-5.541248927240662869e-01
-3.193650589387172362e-02
-1.056839475441637421e-01
-2.104171041012272148e-01
-2.670242296265444293e-01
-2.883065554489677718e-01
-2.600890537456962415e-01
-2.074735966914404983e-01
-2.136205576139725282e-01
-1.862037498712756090e-01
-1.554050416814900804e-01
-1.496463365376106414e-01
-1.517551584750282678e-01
-1.654691971658195371e-01
-1.756343123836945352e-01
-1.851974224244436751e-01
-1.941663828594030750e-01
-2.033656107880926767e-01
-2.104655598887653911e-01
-2.075365797686578306e-01
-2.103608012837292762e-01
-2.605622811107937697e-01
-2.899394428575305938e-01
-3.016417912854901240e-01
-2.883144818046772251e-01
-2.423365261026923512e-01
-2.151835020740387461e-01
-1.716520850628200368e-01
-1.551158721294521592e-01
-1.360438962852330014e-01
1.599973084850765323e-02
1.143974093500958050e-02
1.651511275747871363e-02
6.427927900853057028e-03
1.207443032804037149e-03
9.840219434479068050e-03
2.764407095311857340e-02
5.880560986994114864e-02
6.402457596465925549e-02
6.565643750430476266e-02
6.713017503186467783e-02
1.657254960316260906e-02
-2.834577175892036283e-02
-8.060163628660124702e-02
-1.181972074846023568e-01
-1.508815394867518422e-01
-1.948751236416510213e-01
-2.270830884073035683e-01
-2.521540822871669030e-01
-2.605470331855508359e-01
-2.537989967329206675e-01
-2.759938499704490678e-01
-2.767806266434068574e-01
-2.751499209780027266e-01
-2.782070627272849594e-01
-2.634111578823695732e-01
-2.695211121071734439e-01
-2.654170213734884931e-01
-2.413167512368529222e-01
-1.912848145413836983e-03
-5.353135030341607016e-03
-1.245786510095634424e-02
-4.062023676425980528e-02
-4.773586605078142253e-02
-5.183651906395385367e-02
-6.090536360154186202e-02
-5.857532552045827123e-02
-5.140847856107891994e-02
-4.556856152412069871e-02
-1.500305548763315733e-02
2.696319166529213135e-03
-5.655973139690262733e-04
-1.043873772154966031e-02
-7.052484594309075400e-03
7.162564825114068820e-03
2.538553387155310925e-02
2.774427815337496273e-02
8.044773945110703095e-03
3.082141290113691451e-02
6.964723651897208878e-02
1.249621616834455662e-01
2.228807158408573630e-01
2.918309670950864909e-01
3.717641027548462263e-01
3.885985555910989597e-01
4.126347833667636800e-01
4.776463571366106886e-01
5.352101013145129649e-01
7.434016006607836562e-03
-8.681196322840624424e-03
-4.922142705802316082e-02
-9.109181123536903846e-02
-1.068262294329133666e-01
-1.146102615901374716e-01
-1.240436850295413007e-01
-1.193512123409175008e-01
-1.068800738366276343e-01
-8.392138186056194438e-02
-9.196220337769783759e-02
-1.288991259591587835e-01
-1.502860636653663429e-01
-1.849559836348380060e-01
-2.767401939620203755e-01
-3.249520091156009038e-01
-3.943996398760164501e-01
-4.514459154813330599e-01
-4.786615286662148638e-01
-5.116817074818842404e-01
-5.426877187071310615e-01
-5.593139491269270014e-01
-6.194574902292856455e-01
-6.352325228052111417e-01
-6.512771831197076144e-01
-6.717016065515566403e-01
-6.233705864838480215e-01
-5.776342020492347684e-01
-5.694059821300903046e-01
-2.745398832366884728e-02
-7.457950352861494880e-02
-1.097808508242049119e-01
-1.262247557261902131e-01
-1.376351446622464947e-01
-1.374188332386335754e-01
-1.300243872350546059e-01
-9.326536988479890156e-02
-5.796378125192584024e-02
-3.028784452839483957e-02
2.310834861934537091e-02
6.143763244170540039e-02
1.224123347001730699e-01
1.716896215965356132e-01
2.293190485302708526e-01
2.726105109221985123e-01
2.907722528460697786e-01
2.988720641499848507e-01
3.005670988375188646e-01
3.017553722972297070e-01
2.967468721866627357e-01
2.916370772244835097e-01
2.989390685547445026e-01
3.072377810101099560e-01
3.258932390262990753e-01
3.767664508215269881e-01
4.070157236128240097e-01
4.390318234606417347e-01
4.739853544423091036e-01
1.441470683081996426e-02
1.295025883667217347e-02
1.794905168759062045e-02
-6.127031446674462839e-03
-3.847299189727584889e-02
-7.458156861085515899e-02
-6.314727071425206562e-02
-6.195482773075090127e-02
-4.263085916867553893e-02
-1.799388052240820726e-02
-1.331931864560612772e-02
-8.497868974980780574e-03
-3.825575879592026107e-02
-1.002876122319010938e-01
-1.632414689866734103e-01
-2.445045703582283680e-01
-2.888061205598385639e-01
-3.332292365760629038e-01
-4.219185179427655807e-01
-4.952265386398658209e-01
-5.105407773134383875e-01
-5.167443572620049608e-01
-5.014787809422001086e-01
-4.603841036466812531e-01
-4.484498273889366837e-01
-4.343620032275119502e-01
-3.943539653826146907e-01
-3.890290129585189938e-01
-4.135726002693946857e-01
-1.129103624787176907e-02
-3.048188481879250331e-02
-3.291198178732483021e-02
-8.119574480558191393e-03
2.479277879484160715e-02
5.801712986835556862e-02
9.233756926743398596e-02
1.040043381331102468e-01
1.281222530799195347e-01
1.530560635672110481e-01
1.753951625827501470e-01
2.252451407200203315e-01
2.725413707869612234e-01
2.777269296197772408e-01
2.806006118285890860e-01
2.661440139466852983e-01
2.731979459864550264e-01
2.682882014153045169e-01
2.409510460634939344e-01
1.928110912128595533e-01
1.661509644764358473e-01
1.151870297377079744e-01
5.219040287187082239e-02
5.115449308813570933e-02
3.759135853809580929e-02
-7.140293968042450701e-03
-5.547295775740801460e-02
-8.266722492399600219e-02
-1.144881787898636427e-01
-3.548407045867677662e-02
-6.270384568617812238e-02
-7.195251780579117740e-02
-6.455736683426446798e-02
-6.177455803023779862e-02
-5.106525818479170503e-02
-6.142665001702701105e-02
-8.512128425904894047e-02
-1.294419080277242062e-01
-1.647522929516489487e-01
-1.688893949718082155e-01
-1.694065718558882272e-01
-1.518648860952941937e-01
-1.023013080427813415e-01
-9.961181554696330043e-02
-9.872692941855687465e-02
-1.183881342947650517e-01
-1.506712784213322109e-01
-2.211377808181155535e-01
-2.808471496679729729e-01
-3.288194624916654929e-01
-3.574757015288900219e-01
-3.538687956744924201e-01
-3.301607763300297149e-01
-3.224074276319892629e-01
-3.095258709002683406e-01
-2.714934216054420979e-01
-2.484074298913457601e-01
-2.451267726436424099e-01
1.151258842848711453e-03
-1.146197372007422104e-02
-1.890951592837415013e-02
-1.305710463174896904e-02
4.612392598053620396e-03
1.152243606667365319e-02
1.589707609373548769e-02
1.290033044054332730e-02
6.363930717496559843e-03
2.649567199998667175e-02
6.948287539079830988e-02
7.522229532582246081e-02
9.397541064734107885e-02
1.197868586477700420e-01
1.353272116370390354e-01
1.270511476221701519e-01
1.442681274188012397e-01
2.083997983299989976e-01
2.678946050709812288e-01
3.471707723254591760e-01
3.904709450785458502e-01
4.320580186312468207e-01
4.766005438892511603e-01
4.729498491101673530e-01
4.686686250644152563e-01
4.693201486229375829e-01
4.778021149068293338e-01
5.003246754227128612e-01
5.108967314603993781e-01
-3.501472248567069970e-03
-1.555638819184013838e-02
-2.252492286727016124e-02
-2.470161329504393100e-02
-4.130167905396206485e-02
-6.915622716441220674e-02
-9.299090696399449352e-02
-1.023637269944479428e-01
-1.256880467020775605e-01
-1.346438681233518009e-01
-1.533702297706416584e-01
-2.076582673350924058e-01
-2.412242636515495864e-01
-2.430027874742413663e-01
-2.266069487182476028e-01
-1.944431711986834288e-01
-2.008166224783376197e-01
-2.173973177039430771e-01
-2.246347169767239915e-01
-2.657762924570816199e-01
-3.185891938245355992e-01
-3.369269189915007900e-01
-3.397104075095804809e-01
-3.198605495361058204e-01
-3.030303841304420320e-01
-2.874250001841961999e-01
-2.800468580914461936e-01
-2.885726607895127693e-01
-2.819795636615483048e-01
3.914398984083709843e-03
1.504783010976855698e-03
2.420400051305446332e-02
4.444935213945180874e-02
7.009631921651221509e-02
9.396803563200128995e-02
1.032193487827441358e-01
1.242873598073779839e-01
1.147510745421666534e-01
1.001639002252434352e-01
1.088154552574952250e-01
1.063356383725624077e-01
1.137900545374647687e-01
1.293876966643750792e-01
1.462621154549854086e-01
1.655028668413501824e-01
1.792221882348982720e-01
1.790384022688287780e-01
1.896329427719020966e-01
1.731043354090185393e-01
1.816741857265143922e-01
2.089069809130665867e-01
2.292801093923778621e-01
2.350863156091480555e-01
2.480104734590418691e-01
2.304584619850744975e-01
2.187857163555597395e-01
2.391460710970472192e-01
2.517235418693890003e-01
2.302247363131546334e-02
4.480621146351887463e-02
6.845885538412713189e-02
8.306197548201926795e-02
7.127242248614591713e-02
7.271779214428733540e-02
6.759959619672352427e-02
5.597423889128077396e-02
6.387779025365522556e-02
6.844815980282448198e-02
7.973753242814739239e-02
1.015607334251729665e-01
8.198976376109579078e-02
7.386873183103641327e-02
6.712686449584352733e-02
5.119553934736081197e-02
3.761218256938125837e-02
2.317038798872773225e-02
2.756980263538197362e-03
-1.487064581462078927e-02
-2.841592239680352378e-02
-5.014215287074061389e-02
-2.670881882722456885e-02
1.191316276244152456e-02
1.402150678171457457e-02
1.933667734034610550e-02
8.019705957840992522e-03
-2.765520720520927081e-02
-8.042223503662482287e-02
-3.243092111703988617e-02
-4.027164116970899377e-02
-3.169622693437253863e-02
1.519188931264287695e-02
9.163073803971499842e-02
1.244364438110537874e-01
1.363547811566882539e-01
1.341663973980694591e-01
1.043296715870657698e-01
1.028279021502221668e-01
