1.037916794607725013e-01
5.083072695308339384e-01
1.027052729847382606e+00
1.180176036020971875e+00
1.273317003197586672e+00
1.403053510250185099e+00
1.517963014925536314e+00
1.595986640919124566e+00
1.628372278785796823e+00
1.603709989232452005e+00
1.532497937545039601e+00
1.464566689548784550e+00
1.389209519263965298e+00
1.335526529333937784e+00
1.276255097013502038e+00
1.227741841396751576e+00
1.140772437528950078e+00
1.097938824174665928e+00
1.070073658863101906e+00
1.053095678159857718e+00
1.038830994200906410e+00
1.045809568095650510e+00
1.031389145620131398e+00
1.020202534395321603e+00
9.870331984500337885e-01
9.488581362306448552e-01
9.086198957240660956e-01
9.261525040695821609e-01
8.180112086555624273e-02
1.478285172295022154e-01
1.435858653928050177e-01
1.443704949495172585e-01
1.200581653708340940e-01
5.272041429222586173e-02
-5.438010033150332545e-02
-1.465716968159018196e-01
-2.189504840785167494e-01
-3.377755175494209228e-01
-4.035087289999612636e-01
-4.167582441574186891e-01
-4.376495539694489345e-01
-4.194568619349005600e-01
-3.425102504864574460e-01
-2.123397676312830940e-01
-5.512198248906383102e-02
1.004939262751439466e-01
1.969131461390326021e-01
3.103364480388514646e-01
3.620860557141891700e-01
3.629934041039550308e-01
3.500411925314793060e-01
3.053918778997325445e-01
2.135665539635765442e-01
1.494369569549333920e-01
1.500014219469602839e-01
1.511891317191423334e-01
1.362128138179536374e-01
-1.450167973173026792e-03
6.312151296420573203e-03
4.974815169035937817e-02
8.728496196220847381e-02
1.596811788935955656e-01
2.299375077168733794e-01
2.736592731424341562e-01
3.277505850004844290e-01
3.727463316643958025e-01
4.100233582994627368e-01
4.407385224007773772e-01
4.599808597795845833e-01
4.730872898367067814e-01
5.002801429541534617e-01
4.789048649959509740e-01
4.351095790294885468e-01
3.750291835675548802e-01
2.968768608785752883e-01
2.102442450668373652e-01
1.077294957211103327e-01
-3.310860504073533106e-02
-1.120053882555993308e-01
-1.469653502704658388e-01
-1.648557539145616979e-01
-1.735215012168550841e-01
-2.119848650966164871e-01
-2.312114948068830500e-01
-2.330678943021583238e-01
-2.880716698073479964e-01
-1.553613288826962147e-01
-1.939555193057008742e-01
-2.215751493281928330e-01
-2.209777759479194803e-01
-1.867758291444440166e-01
-1.267270215158826097e-01
-4.520528768137746511e-02
-1.629261143899072076e-02
-2.218499807617764150e-02
-3.502288718126718436e-02
-7.038789955396915210e-02
-1.504791823146699736e-01
-2.079138026937739636e-01
-2.445245888437130588e-01
-3.042204337944880987e-01
-3.342044307812070403e-01
-3.366491243179525195e-01
-3.423492154145988398e-01
-3.460031704160062560e-01
-2.965052112222469338e-01
-2.039411563290574325e-01
-2.624877235096759187e-02
2.016136815370606905e-01
4.272087931218890855e-01
6.481958620942036564e-01
8.172213511468336966e-01
9.857268205119981141e-01
1.128431089796555709e+00
1.234544622869832464e+00
4.344471494810893397e-02
5.340118482518608350e-02
2.236709658681598767e-03
-4.460086769089493391e-02
-7.671354209214970021e-02
-1.028681409857542112e-01
-1.603183722570069303e-01
-1.881506345196840568e-01
-1.710383416411403734e-01
-1.125419379752136961e-01
-6.594847791038938034e-02
-2.794684438153188094e-02
-8.925675702387173699e-03
-2.066894895561472226e-02
-6.383651604718100503e-02
-1.048487611293177496e-01
-1.337407190207723362e-01
-1.905623639330938368e-01
-2.656923969205600145e-01
-3.638200444299201086e-01
-4.254103325125206947e-01
-5.034848407474602494e-01
-5.840208112435705257e-01
-6.584619105929540028e-01
-7.107213084682783011e-01
-7.577110009721198525e-01
-8.434958538032089059e-01
-9.413860809526877205e-01
-1.023364681526688802e+00
-9.513807979988808672e-02
-1.939368494214533944e-01
-3.150279503979730444e-01
-3.288250522948698018e-01
-3.478058377920185684e-01
-3.377919447660970298e-01
-3.457488490311509399e-01
-3.325653100903918080e-01
-4.417140895203921502e-01
-4.856451020834485766e-01
-1.819602415931166339e-01
7.792816607377034410e-02
1.039049952051261660e-01
1.129513609711651489e-01
1.164793367658729512e-01
3.952401807703763426e-02
-9.485016127474653336e-02
-2.041417077135701530e-01
-3.920473468406401318e-01
-5.362493444388298780e-01
-5.858693158333156958e-01
-6.378730831688030900e-01
-7.025697429969531838e-01
-7.603772438932498989e-01
-8.270617867185040550e-01
-8.980690167436744531e-01
-9.287782421769156249e-01
-9.502290097228838217e-01
-9.703355676603744318e-01
2.461501152795422462e-02
6.286927612128341558e-02
9.685887594973920101e-02
1.546263254648516383e-01
1.549422454336329968e-01
1.423022704534172012e-01
1.062555517681596645e-01
8.792807603615669654e-02
8.527211781109750310e-02
8.193643020107639618e-02
1.083376405097442458e-01
1.255158783887810325e-01
1.373349341479839503e-01
1.694697668911524513e-01
1.900486566203933858e-01
2.034567557764503376e-01
2.064142121690167864e-01
2.295743035078618433e-01
2.407040747829859439e-01
2.279216401942141257e-01
2.058806747463925169e-01
1.943873678866609167e-01
2.000634791467933715e-01
2.040235741649922552e-01
2.457781153729614032e-01
3.299162985861899822e-01
4.230388600822950207e-01
5.218079402340195516e-01
5.685987353096652042e-01
5.208845982099494232e-02
8.019899101544483710e-02
1.010251970357610440e-01
9.391768373441383710e-02
7.244631703579597348e-02
2.493915589656039294e-02
-6.332276449699525411e-02
-1.414351290543587603e-01
-1.975523023602384076e-01
-2.371059061570251758e-01
-2.560424538072628153e-01
-2.672467175441526899e-01
-2.672676505339915409e-01
-2.814705279643052172e-01
-2.725555024078961663e-01
-2.539332140169865970e-01
-2.463895725633273304e-01
-2.406499978953818009e-01
-2.276282478576610036e-01
-2.160248274796858214e-01
-1.992396688398200555e-01
-2.053835357149133567e-01
-2.364941112227327003e-01
-2.871291135170629949e-01
-3.218242420585713526e-01
-3.258353594180457002e-01
-3.028499260598492837e-01
-2.931922694124409756e-01
-2.867151224024334089e-01
-2.249062200094593261e-02
-4.873419157492893394e-02
-5.115992484811136137e-02
-4.675511962603694227e-02
-5.445386491959719466e-02
-6.771009992934577670e-02
-2.962427935598252460e-02
-3.138172900021485995e-03
1.831348728486070082e-03
-5.446720890240186463e-02
-7.156371073623468693e-02
-1.174861869036067374e-02
4.520100766255322200e-02
3.748889370986902697e-02
4.907883724015695698e-02
1.342410313263464883e-01
2.081514463703710294e-01
2.866603913555307304e-01
3.060326545219204109e-01
2.967890118975936020e-01
2.780382591923514224e-01
2.920479755877223305e-01
2.974649264482679412e-01
2.799412810523762563e-01
2.651367738673814367e-01
2.674849432039217434e-01
3.150495250077819942e-01
3.341051969108946862e-01
3.706757500281975259e-01
2.790995801577081381e-02
8.469576255209126936e-02
1.209545522475799356e-01
1.419276563169933059e-01
1.461141053037293691e-01
1.411154899884821678e-01
1.368696384739836180e-01
1.114117691114794029e-01
1.384527956721172681e-01
2.109929018425497904e-01
2.971266680973204122e-01
3.444042256180696038e-01
3.863767640966752626e-01
4.209938154205967176e-01
4.352921537963975740e-01
4.032157772013572061e-01
3.781499565428207421e-01
3.395145058329873122e-01
3.049066639484520058e-01
2.460528876816979738e-01
1.920089564972423113e-01
1.597372034976357047e-01
1.363037976126459105e-01
1.106817220437633364e-01
8.705898255603866653e-02
5.728790086405805698e-02
6.884918056275485254e-02
1.122913837807380105e-01
1.253784285183365821e-01
-1.575693037744602121e-02
-5.289483736485584009e-02
-5.493383649301079863e-02
-4.409331132513762130e-02
-2.869590910478845430e-02
-1.260658722937811269e-02
1.863479168504011269e-02
3.089144074611522087e-02
9.659935371714757635e-03
-4.662388297508612833e-02
-1.124456375948624243e-01
-1.881496830998632408e-01
-2.339305841028473387e-01
-2.713217067309262043e-01
-2.984666931672116386e-01
-2.939266263417152358e-01
-2.773570974222070440e-01
-2.646899308645818127e-01
-2.555627729242960222e-01
-2.432904025274061355e-01
-2.393077497437155476e-01
-2.356071565262354006e-01
-2.511997117142334979e-01
-2.897049120827364654e-01
-2.892630551830062124e-01
-2.797147972513231440e-01
-3.284285614391991293e-01
-3.862176191542452397e-01
-3.602423636457257605e-01
5.967227175516150867e-02
1.204047441020197895e-01
2.256907472589443076e-01
3.392954654409539583e-01
3.993730376029918094e-01
4.320087992186035231e-01
4.372564996090310130e-01
4.634655452125928110e-01
5.039756058323893173e-01
5.075254860245159705e-01
5.136368252774446974e-01
5.284157482345005485e-01
5.552458046568808925e-01
5.751892861697167625e-01
6.214829047719597765e-01
6.766331937633645044e-01
6.927932928199140861e-01
6.942358930569174635e-01
6.871284016086302016e-01
6.826917631689429777e-01
6.796592586541304604e-01
6.517923878848737029e-01
6.159321004955772283e-01
6.486312010621332336e-01
7.816169207526567630e-01
9.271901885568759605e-01
9.645809130582226887e-01
9.643494507907529600e-01
9.470458618080089819e-01
-1.915132904039382883e-02
-5.795735521890277991e-02
-1.071639798333479943e-01
-1.043802682902256890e-01
-1.222157743565742277e-01
-1.701613841641972935e-01
-1.900974263765227157e-01
-1.806972662959410447e-01
-1.699955782644077817e-01
-1.712089441485775132e-01
-2.003044266261477246e-01
-2.238778142777893276e-01
-2.600338228569076815e-01
-2.891983040555006212e-01
-3.246349101551248562e-01
-3.332771807816950482e-01
-3.232620912775304722e-01
-3.207420000129194704e-01
-3.282670123455398437e-01
-3.421401034449197409e-01
-3.632109462918561293e-01
-3.785690705475646123e-01
-3.935049935696948165e-01
-4.085739325295503210e-01
-4.488462599117805096e-01
-4.969372071672983893e-01
-5.394076841411353795e-01
-5.660167324974801906e-01
-6.188113612144089393e-01
-3.904398280571632490e-02
-5.575005848063623037e-02
-4.967150990718069425e-02
-3.130019125369577077e-02
-2.910261162442741301e-02
-1.246229277218088155e-02
1.316027333939100846e-02
3.001204619468902587e-02
1.032134416156454265e-02
-3.980841777372209206e-02
-1.208698204521505282e-01
-1.777921278344112566e-01
-2.347096349201209797e-01
-1.877666179928787482e-01
-6.310415856081519337e-02
2.426833611674521218e-02
1.020242240039685999e-01
1.771989236167194615e-01
2.254080453682778540e-01
2.342299538508487156e-01
2.414174216713516341e-01
2.285384494366938801e-01
2.145410650167092204e-01
2.110678794875584519e-01
1.974104786466456263e-01
1.734292598484120096e-01
1.452179772744525144e-01
1.490216148235535831e-01
1.541916988363029595e-01
1.710974348606631237e-02
5.971053851311183824e-02
1.207171137423533602e-01
1.544681951742456205e-01
1.674330503822535621e-01
2.120927055475992917e-01
2.148578547948923334e-01
1.968419760769808402e-01
2.025036240994259051e-01
2.266608819167429123e-01
2.600990145831449385e-01
3.332185432819396720e-01
4.106696337389783569e-01
4.632276958408680367e-01
4.767879927005556073e-01
4.423453388693869837e-01
4.135966269557649344e-01
3.925389346737715446e-01
3.745575999562643643e-01
3.516396270782238820e-01
3.310034139894194039e-01
3.028725112946841214e-01
2.991971000954390392e-01
3.245532619825555187e-01
3.618400660476698283e-01
3.926025622733113618e-01
4.116607795086525412e-01
4.350285100860067922e-01
4.531477877589352166e-01
8.991818739569747837e-03
-6.565563067217691437e-03
-5.071345897870902647e-02
-8.177804091381168927e-02
-1.106431765700618131e-01
-1.190940264568481205e-01
-1.137687832143731564e-01
-6.403665973645486509e-02
-1.850768948632226102e-02
6.094159802655416125e-03
1.669026992714974129e-03
-4.989517870431718627e-02
-1.493362906255314426e-01
-1.989652240518401116e-01
-2.277817399445257462e-01
-2.433839257696508163e-01
-2.744089965530369102e-01
-3.026469657014678183e-01
-2.950659466071369752e-01
-2.545391757801757082e-01
-1.916162949722633735e-01
-1.481311902010359061e-01
-1.171435240255283561e-01
-6.961030525815684045e-02
-2.130076942295375253e-02
-6.601503012317877506e-04
-4.225382791895104101e-02
-1.234508299166648670e-01
-1.426637840150337400e-01
-6.987600684015359172e-03
-6.624457766398448438e-03
-9.129726996770068728e-03
1.793761401584410137e-02
5.898891107614158413e-02
9.253240956243738435e-02
1.161354682083794165e-01
1.183671275311345278e-01
1.274709651086507745e-01
1.417795537460821431e-01
1.595318706482005133e-01
1.641331209340502473e-01
1.494590056368235442e-01
1.399272724115956379e-01
1.451090843063741198e-01
1.582904676155175716e-01
1.680565949244366974e-01
1.821870788473807512e-01
2.434345308005103625e-01
3.142975162246672838e-01
3.632882364390260244e-01
3.904947138718427579e-01
4.294596571221197534e-01
4.409941998064425550e-01
4.174531739501178285e-01
4.113229648241123471e-01
5.058156825406907586e-01
5.062400537895511698e-01
5.248732432622568167e-01
-3.528243657934133914e-02
-3.502430143296923759e-02
-5.608223034100628945e-02
-1.296937100543753552e-01
-1.499812051984815431e-01
-1.494140877420022107e-01
-1.412029694929978763e-01
-1.420531941958227129e-01
-1.302465483545277580e-01
-1.314799653229300480e-01
-1.494043988982124704e-01
-1.623886559730289836e-01
-1.439976269822935140e-01
-1.429046542420998045e-01
-1.556468402750517399e-01
-1.992330041176874622e-01
-1.995784195499500369e-01
-2.252262166268890753e-01
-2.247049592718881605e-01
-2.107437539914331359e-01
-2.169458657650596978e-01
-2.387152398159391731e-01
-2.351525837599183211e-01
-2.167044755996594685e-01
-2.218653401110410872e-01
-2.867830832799472818e-01
-3.681739098267391985e-01
-4.412740978627058275e-01
-5.273012054748951183e-01
-6.164522053116047035e-02
-7.573811323180652810e-02
-5.047984819606028684e-02
1.079257445101008961e-02
1.189976017694711202e-01
1.848348799801833864e-01
1.906944232653298710e-01
1.965651573393988327e-01
2.095306799625498984e-01
2.331214631276286309e-01
2.182862097080138508e-01
2.059934673867015453e-01
2.540082693818755399e-01
2.836749539125518194e-01
3.177057124923944875e-01
3.181674730467053958e-01
3.248856628415601189e-01
2.796103919672964788e-01
2.334472860656997828e-01
1.658533707884771169e-01
6.876193632319532734e-03
-7.777064695095996238e-02
-4.323443235925798073e-02
-2.633324640077132697e-02
-1.641213277628024436e-02
2.432137170706102219e-02
9.464852788506550318e-02
1.745143891777204970e-01
2.321566322997309917e-01
3.815534581889105936e-02
7.303794000960583954e-02
1.025071721437387923e-01
1.286848011769289035e-01
1.323061186920562737e-01
1.646802200060700216e-01
1.987859226525043321e-01
2.361310145382004011e-01
2.457411073994739126e-01
2.752046200571239276e-01
2.625611432010735435e-01
2.300364270843419101e-01
1.681039302926278511e-01
1.092225465754158020e-01
8.011218521206958654e-02
5.991356979317513654e-02
7.548519368879863523e-02
1.067570921658940186e-01
1.195321505033846571e-01
1.374796917440878896e-01
1.411128473812431616e-01
1.427454913687015436e-01
1.197992290145101502e-01
1.053213646997062380e-01
9.418009687953043940e-02
5.585807743387866814e-02
3.080326824926546414e-02
2.875458471624475071e-02
3.148276332245688452e-02
5.984260653251749495e-03
1.460154173016912048e-02
-5.874655713822401690e-03
-4.550686632303087287e-02
-8.829558807525740571e-02
-1.137298790900157230e-01
-1.469760005329385222e-01
-1.602328334045839686e-01
-1.497638019079377825e-01
-1.289178683375203638e-01
-1.208888894303909028e-01
-1.287314750162548427e-01
-1.354060811593005564e-01
-1.491797380232185444e-01
-1.676738849974796497e-01
-2.044954485954054157e-01
-2.706638743920635193e-01
-3.110264641024670373e-01
-3.876804006342058906e-01
-4.103719788201864449e-01
-3.946247431319193089e-01
-3.470108194647126831e-01
-2.946482473755570042e-01
-2.044043544659739642e-01
-1.625780371575907823e-01
-1.416491365376757738e-01
-1.374335937789996076e-01
-1.469097697198727681e-01
-1.758830225032318173e-01
-5.200644286175915704e-02
-7.027269857103014827e-02
-6.435424928174833525e-02
-4.278386638442856216e-02
-8.876524350320290357e-03
3.287948317974230539e-02
6.327546571793127295e-02
1.007459650583748395e-01
1.059852017004665470e-01
9.951123076618835495e-02
8.108672177906618705e-02
5.961791173482440531e-02
6.419701052828495624e-02
8.918926591107009805e-02
1.357263343976436998e-01
2.157907646633375476e-01
2.837901348687051906e-01
3.630496075508960474e-01
3.648893266845973926e-01
3.521661150515832950e-01
3.703912258116708878e-01
3.849249170804637799e-01
3.880667912392791186e-01
3.858061714006766896e-01
3.858421434363055735e-01
3.989356647072407891e-01
4.424029502599184371e-01
4.671901637761757264e-01
4.482383993806185463e-01
-1.085872309400451319e-02
9.643273225280999533e-03
5.050371256205195281e-02
6.165913908448050762e-02
6.857035711305925485e-02
7.356771383651658502e-02
5.677361188523703805e-02
1.360772886906358448e-02
-2.149794551209375376e-02
-4.447569312120268348e-02
-5.801719666579936707e-02
-6.244295826161058716e-02
-5.706968754436460289e-02
-5.314360780767943965e-02
-5.148860945145827817e-02
-8.517130076827923724e-02
-9.679450272879026873e-02
-1.054101224093399181e-01
-1.451644527853798716e-01
-1.546640654262051717e-01
-1.632694371490409635e-01
-1.775936093724333475e-01
-2.268061422988801590e-01
-2.590030366149382868e-01
-3.038303172647378592e-01
-3.430585043485463448e-01
-3.802765152877466415e-01
-4.569394769214322194e-01
-5.198701836059117509e-01
-2.887891382497481327e-02
-4.801725004814308417e-02
-5.435982326638323647e-02
-4.303568343651093669e-02
2.073965763133172463e-02
8.434759823824036773e-02
1.288795837068552608e-01
1.706067190210310558e-01
1.824446886535351919e-01
1.997909153393335746e-01
2.090993487792100758e-01
1.979747883315942925e-01
1.588634759800016671e-01
1.370901433086756660e-01
1.232107478653867716e-01
1.425180950348607367e-01
1.593123950300289193e-01
1.776698363487302923e-01
1.922140442407971883e-01
2.240486410870018985e-01
2.225179360101078307e-01
2.121793440871565795e-01
2.237939346334586466e-01
2.877156324114379382e-01
3.791895625603768361e-01
4.282509099185133339e-01
4.823376798273458221e-01
5.333201260098413554e-01
5.664983629403173016e-01
8.525045449147066953e-03
6.489252515474512942e-03
3.302828177969918590e-03
-1.580278948302871189e-02
-4.314966383791168231e-02
-6.291085719395268783e-02
-8.265555426908538506e-02
-7.791795176387505961e-02
-9.081905116844256332e-02
-1.109306110885957819e-01
-1.157303305628060719e-01
-1.328240974684448128e-01
-1.485809803514895611e-01
-1.876794256994014365e-01
-2.225171288969983174e-01
-2.607333995272874683e-01
-2.901695082539082482e-01
-3.070793511741835013e-01
-3.161030905355593501e-01
-3.533785934029852749e-01
-4.179205948583140651e-01
-4.351496109234544996e-01
-4.377932470141996935e-01
-4.274890648779347546e-01
-4.265480074966352397e-01
-4.433245708448882993e-01
-4.543048932529996087e-01
-4.699152084526882489e-01
-4.930461160314024704e-01
-2.150863654026242272e-02
-6.525466031542823120e-02
-1.230534303437775534e-01
-1.475452751158375930e-01
-1.239287548161559227e-01
-1.054917791131640692e-01
-1.001617176272406179e-01
-1.030612979457791872e-01
-9.722301695534173172e-02
-1.229925632382146555e-01
-1.693429290432582890e-01
-2.160315684490314581e-01
-2.582162851291203709e-01
-2.738019398104823421e-01
-2.283375427591067541e-01
-1.866504184935650901e-01
-1.459397525707265553e-01
-7.186468719578167907e-02
-1.256682991963594537e-02
2.230280575780661106e-02
6.853381643744219098e-02
1.564754603136453981e-01
1.632751583124507910e-01
1.490929581921857372e-01
1.341773363907002303e-01
1.358282179050205318e-01
1.412678749958850011e-01
1.369017898310104231e-01
1.568586211745706116e-01
3.156387164343821966e-02
7.264856968061009224e-02
1.019136416244518506e-01
1.065613282314876453e-01
9.064868149684705834e-02
7.196374583393719271e-02
5.921214650621772768e-02
4.952128438258307508e-02
7.715101322862591426e-02
1.316433196322363275e-01
1.843538133985269112e-01
2.294972686614474844e-01
2.702538074887158026e-01
2.984573508931328556e-01
3.223133587985675397e-01
3.206051924393346075e-01
3.210395985233124860e-01
3.133582717485736135e-01
3.064722782289362457e-01
3.108272816201430588e-01
3.368230340596595762e-01
3.545339260538623583e-01
3.627622773571029802e-01
3.458691595924076601e-01
3.298982704357075191e-01
3.075429528792356093e-01
2.665629081713327131e-01
2.352839307950023717e-01
2.176107051037129148e-01
-1.720284863870829434e-02
-3.574617449616505210e-02
-3.862518662340373721e-02
-3.168854802063057058e-02
-2.540341932450397577e-02
-3.601709445249162006e-02
-4.042766232462249865e-02
-8.242527363313274791e-03
3.269459194214753561e-02
7.070999279536832605e-02
1.008434924477051436e-01
9.693928409809032809e-02
6.205471579154420853e-02
3.494892060105601883e-02
1.799517447818602123e-03
-2.857680121271384197e-02
-6.493173425915092778e-02
-9.826773613644423921e-02
-1.244319801287031152e-01
-2.034176152284644656e-01
-2.872888811813520960e-01
-3.508936950631206808e-01
-4.039008779498275969e-01
-4.748095731800987540e-01
-4.510837765140210398e-01
-3.945246933087659391e-01
-3.427414728656746901e-01
-3.171672687202055085e-01
-2.800038118057848191e-01
3.238560437518433338e-02
7.538008586622656215e-02
7.801875194272875347e-02
6.232770142546413539e-02
4.455356009861166644e-02
4.082843728174620490e-02
3.332541944314845045e-02
2.849993228089381381e-02
6.830353169394506874e-02
9.646303284711774118e-02
1.346037832817134905e-01
1.677786984564772765e-01
1.648162633542034350e-01
1.407408946867365063e-01
1.203123003499301236e-01
8.357937181359494094e-02
4.958253020010530698e-02
3.810576619130803810e-02
5.286233483945627226e-02
8.625763212405640479e-02
1.205691241715823037e-01
2.169698992075996813e-01
3.182033764775623053e-01
3.700433298291319062e-01
4.427161432529181373e-01
4.518460261644992593e-01
4.583565596577036105e-01
4.512216719157053357e-01
4.299005583987806633e-01
1.766049737409853063e-02
2.613901558844040213e-02
4.041787536308651119e-02
5.285996789580472976e-02
6.422573729390443353e-02
8.537396402681861340e-02
7.895739205439940289e-02
3.017074416630499689e-02
-1.650492113448188275e-02
-7.016489548395679621e-02
-1.221193236348936673e-01
-2.233497341695890315e-01
-3.007834978613584953e-01
-3.193635401811076857e-01
-3.284809751921791143e-01
-4.010876087991661620e-01
-5.392893948834474038e-01
-6.442415961030985017e-01
-7.640155374812810374e-01
-8.239585485480702687e-01
-8.453553118909122865e-01
-8.542009508140974150e-01
-8.658606909656778594e-01
-8.374757714269995823e-01
-8.120334150324965972e-01
-8.344311488209701366e-01
-8.708787416875576337e-01
-8.667433809384746946e-01
-8.170761644030227755e-01
3.446114930821290306e-02
5.293493749776566337e-02
6.301947416749370534e-02
4.689864361935585507e-02
-4.946436079914920403e-03
-3.126015803687269556e-02
-7.105985077113897985e-02
-7.968496011715574256e-02
-4.373359319536245654e-02
2.499862577820475412e-02
3.264227668711543184e-02
4.673002103086435627e-02
1.122277231486052129e-01
1.801722859268112542e-01
1.795584215349498858e-01
1.803922208224457702e-01
2.072308944547427145e-01
2.613470328141299648e-01
2.795186407135703544e-01
2.853313620500073644e-01
3.030890708571373215e-01
3.092616179830097178e-01
3.268720271800092947e-01
3.177402540924634811e-01
2.940963843540117528e-01
2.745244577843754530e-01
2.877448521250340341e-01
2.805420287971130411e-01
2.697328871676862860e-01
2.002787796378988419e-02
3.743722184796062502e-02
4.062954215238942512e-02
3.040049064498728110e-02
3.662403340930630441e-02
4.254674398077470943e-02
4.497846949215720397e-02
3.210308065649930542e-02
3.636098448538850614e-02
5.882479191385724115e-02
1.060296257200247505e-01
1.802233176496025047e-01
2.418823880083294797e-01
3.183242213355574890e-01
3.905819985078201606e-01
4.450298645828728028e-01
4.919928757602325398e-01
5.043411595412741200e-01
4.737223651646124134e-01
4.191234681952522578e-01
3.518378438233126793e-01
2.807316682914453576e-01
2.426332499017423983e-01
2.425597182330579693e-01
2.819842787879779378e-01
3.214591333213779878e-01
3.463521710036177037e-01
3.582268138515974920e-01
3.448528407191885359e-01
-4.033199151806409616e-02
-6.245180320087519166e-02
-7.612932387410724366e-02
-8.497077633599851854e-02
-1.086986671674448346e-01
-1.145115110688199878e-01
-1.087505010524924542e-01
-1.095169085190985520e-01
-1.081692710160340604e-01
-9.426294325294437559e-02
-9.812502821666123365e-02
-1.361342451617787164e-01
-1.622975824009786905e-01
-1.875779410686363169e-01
-2.000248496175451307e-01
-2.186389427904752436e-01
-2.371150893847878138e-01
-2.703402382438145901e-01
-3.029552265738553185e-01
-3.546939400065183823e-01
-3.688779366492971334e-01
-3.731385306586297301e-01
-3.982424797510029091e-01
-4.203749402874321639e-01
-4.499797487320207345e-01
-4.510821128091032084e-01
-4.337471738674549826e-01
-3.957080120451874072e-01
-3.272404877836285753e-01
1.631943996055533128e-02
5.969955389698833326e-02
1.333585551234413025e-01
2.139462577921465991e-01
2.463111083420528313e-01
2.541462067448516660e-01
2.614052003957291759e-01
2.586932532289576425e-01
2.318674406892958229e-01
1.930690224775503949e-01
1.660652142588399938e-01
1.559789042965666617e-01
1.639677318064234890e-01
1.821702693821460328e-01
1.879485781213068585e-01
1.755304722722223765e-01
1.699850815251748859e-01
2.007938045295918073e-01
2.423790963952362210e-01
2.940861486482687637e-01
3.542376843223173921e-01
4.157457253751805637e-01
4.204362371068715021e-01
4.363797447902283411e-01
4.753379366172461595e-01
5.247004106207624474e-01
5.539307130026468462e-01
5.941366991244031448e-01
6.202200165377997898e-01
-2.094104844858867692e-02
-5.714392888657024439e-02
-1.185219372291538564e-01
-1.808479236450588057e-01
-2.231469649754200257e-01
-2.299714254613620945e-01
-2.165731191283637447e-01
-2.027524935356433966e-01
-1.992780749869438317e-01
-2.028595148646503699e-01
-2.287397134829128598e-01
-2.868969360006898284e-01
-3.171689995285356112e-01
-2.888452277612470476e-01
-2.684175954154689459e-01
-2.570051995154605251e-01
-2.235751969184377741e-01
-1.793802697443639960e-01
-1.923474352112828634e-01
-2.385823009432147257e-01
-2.393647629502950736e-01
-2.280914310714126925e-01
-2.475591080034769964e-01
-2.576885376844461062e-01
-2.586225586366256435e-01
-2.773093372061349315e-01
-3.130476318353839771e-01
-3.369279715665822184e-01
-3.375563342533360878e-01
4.055788031172668021e-03
3.086043737207838644e-02
2.601159822909760236e-02
-2.664944003665295144e-02
-6.295730525845741332e-02
-1.193879215358017998e-01
-1.690110788051715218e-01
-1.866742544223167766e-01
-2.331179238866100956e-01
-2.581523014522456583e-01
-2.515467022626863280e-01
-2.216270836883507123e-01
-1.628407990185927467e-01
-1.146735491185409822e-01
-7.944604120467557706e-02
-1.049837065848338580e-03
9.490083843804650310e-02
1.424085695581786548e-01
1.550449947248038751e-01
1.501918533484561114e-01
1.285189523503711684e-01
1.067092005864218457e-01
1.065882393669497358e-01
1.050718964980553866e-01
7.553810118629124271e-02
7.419739797755790789e-02
6.952052322326231215e-02
6.248403303181888913e-02
7.229215872597499759e-02
2.997461039537752114e-02
7.409071353983927299e-02
1.280043841994334131e-01
1.717816813746704252e-01
2.592204131233283304e-01
3.298463555162428062e-01
3.804894621694944190e-01
4.075769147908567813e-01
4.295518480330784428e-01
4.755327033005342097e-01
4.557090485536685609e-01
4.074948893435267339e-01
3.322220109313082093e-01
2.606191295133646335e-01
1.797267442096856238e-01
1.384912366173293718e-01
1.161420565340475775e-01
1.256751288830030289e-01
1.699168307572296865e-01
2.192056388730363459e-01
2.402838824539069162e-01
2.468266289757090337e-01
2.615459494532894058e-01
2.649246005666106019e-01
2.552235347899805551e-01
2.578779998106746074e-01
2.373567558089644258e-01
2.449315192171157007e-01
2.551375725502051939e-01
-1.116243187931651761e-02
-2.224089625076047447e-02
-2.192109901256705795e-02
-3.404910996369571452e-02
-4.755600507028432539e-02
-5.081479885712063965e-02
-3.375459454732206849e-02
-2.838785280471983752e-02
-4.795143970349936141e-02
-6.937742655813704251e-02
-9.145259705885290524e-02
-1.432062283665989366e-01
-1.770290171263701473e-01
-1.885085030747080115e-01
-2.419020798351698698e-01
-3.106481405484056713e-01
-3.874771245711375878e-01
-4.426263740121400003e-01
-4.692481474995934265e-01
-4.864718206293462965e-01
-4.468237676171145645e-01
-3.880986114240720375e-01
-3.270303182159099986e-01
-2.844620794164203770e-01
-2.300967015065168986e-01
-1.898350518650988861e-01
-1.772544485427765826e-01
-1.700320612197105397e-01
-1.344728195406323379e-01
-9.329842812310200090e-04
-3.232667404004784667e-02
-6.244525300763824338e-02
-9.805374439240023554e-02
-1.644132746871993511e-01
-1.829109841848579332e-01
-1.640755626452342075e-01
-9.627830532375328265e-02
-3.266977770433290851e-02
3.995750620857782542e-02
9.496961312648749542e-02
1.458893470015945049e-01
1.576605285005180102e-01
1.709808058874310033e-01
1.621466465733333029e-01
1.593653713204132294e-01
1.480292035516563298e-01
1.172528159799290648e-01
9.038798898779538959e-02
7.946463426861671842e-02
8.220514209165950825e-02
8.706136394441064963e-02
1.165114664008074785e-01
1.395974489791937945e-01
1.538685133874295174e-01
1.462073650919432366e-01
1.054016348707156464e-01
7.215138953037743275e-02
3.304247327604672296e-02
-2.082549671306881123e-02
-4.023080846449729464e-02
-6.787401044763714808e-02
-6.794475008907627234e-02
-4.955566695942766747e-02
3.473559186589413733e-02
8.749637289438272347e-02
1.600741973742675350e-01
2.540669671747648461e-01
2.833553683522428424e-01
1.922808743046587887e-01
4.758585201372483864e-03
-8.398572639151279107e-02
-1.716613329876494620e-01
-2.735630011303806786e-01
-2.705827354492782999e-01
-2.213358641670095106e-01
-2.203959692551544780e-01
-2.131250305932284039e-01
-2.148918742992993736e-01
-2.426526973180184732e-01
-2.871914465741972622e-01
-3.558357909171404598e-01
-4.064152387306897984e-01
-4.284896293673225998e-01
-4.294210087749111282e-01
-4.498245775304676175e-01
-4.434460892586143954e-01
-2.852174663063501425e-01
1.885968004384790953e-01
2.609809611746251035e-01
2.900412365897889755e-01
3.145794281861571395e-01
3.302124738445806340e-01
3.401679334035836444e-01
3.457087167998015853e-01
3.136539731784586671e-01
2.688759895289624113e-01
2.276464243560117340e-01
1.807620341007225018e-01
1.735268234690943434e-01
1.792312371886704836e-01
2.021688804075968404e-01
2.605599617183434469e-01
3.315487726699937188e-01
3.738322594595535620e-01
3.856717526402709262e-01
3.867371895543842975e-01
3.776315829941074287e-01
3.518653588599680027e-01
3.421037845954844614e-01
3.417251047410914677e-01
3.656745730390290050e-01
4.064303541087585514e-01
4.591702806819785709e-01
5.004596975907467105e-01
5.459735808590032713e-01
6.029220885527504237e-01
3.188459483728026123e-02
4.134025774490489302e-02
4.583875277660536679e-02
5.858846522243062183e-02
7.618427169376057462e-02
2.685326895606209713e-02
-1.750092086240708639e-02
-2.380126193035515120e-02
-3.346993640673644188e-02
-6.717371020346904475e-02
-1.344236496008295312e-01
-1.734494657212546642e-01
-1.853525749338729711e-01
-2.110213663468776535e-01
-2.392654662619601025e-01
-2.501821076909955810e-01
-2.336894048119457779e-01
-2.127529756659624904e-01
-1.973296076010525313e-01
-1.886326117740061425e-01
-1.868552397397422182e-01
-2.024177220921541953e-01
-2.035222904478397044e-01
-1.954328798070302797e-01
-2.029235207398191188e-01
-2.105294017691047292e-01
-1.954478972515514557e-01
-1.887910074011771577e-01
-1.723296573678446408e-01
3.646359794981642727e-02
5.558039479085889745e-02
9.349552863149393489e-02
1.222692931163275876e-01
1.297434267896134530e-01
1.069305553848328982e-01
9.345994126267588575e-02
7.677956854244280538e-02
-2.309266345660615505e-02
-8.428345488823937859e-02
-1.317881297868689627e-01
-1.647895060883543539e-01
-1.890414791733916744e-01
-1.847188166426672051e-01
-1.799738569501500296e-01
-2.108332913090384675e-01
-2.333380851199224060e-01
-2.387270951973557709e-01
-2.088880033573330408e-01
-1.806313312020468853e-01
-1.864685200643274032e-01
-2.093431592700514543e-01
-2.261432272793483522e-01
-1.952531492560417026e-01
-1.662146615091934232e-01
-1.432209177281499046e-01
-1.073409508316178901e-01
-6.507165329727646053e-02
-6.690364015242822315e-02
-3.185837122607443339e-02
-4.245340985753324331e-02
-4.517301870536964692e-02
-5.944331905458840465e-02
-6.088260321617523091e-02
-2.884353851936504592e-02
6.626678906121820367e-03
7.468642172276972364e-03
9.251417717145611619e-04
1.035895264115377357e-03
-9.091713115232236478e-03
-2.861811039777632099e-02
-2.158619558365248298e-02
3.295338418438007594e-02
1.155226363024153824e-01
2.032714809804759826e-01
3.065593303939573855e-01
3.661470311472378447e-01
4.209801265516904256e-01
4.873702824714948867e-01
5.526738238539941062e-01
5.568282778115887233e-01
4.499605786362196325e-01
1.648634551494640998e-01
-1.431717426553750783e-01
-3.141311856419417015e-01
-4.200165215912782246e-01
-4.613988912295546863e-01
-4.505361920553290767e-01
2.680547454076547334e-02
5.305491169501783122e-02
8.857872151314299947e-02
1.180421204279197694e-01
1.332488287963436435e-01
1.486496738023575237e-01
1.863054491313039795e-01
2.020838090797376085e-01
2.005542042118672319e-01
1.537751120602507682e-01
1.205574556222746285e-01
1.079569806283917910e-01
1.070496709682833281e-01
1.180128130277281473e-01
1.430579290154093686e-01
1.550806115765803739e-01
1.696636266664339754e-01
1.990545009419427969e-01
1.974481810574222063e-01
2.060133944842526266e-01
2.121089974618033114e-01
2.117397739992686045e-01
1.934615844943064766e-01
1.698641971479777357e-01
1.470306352751159507e-01
1.242714703474894627e-01
1.021638616367964297e-01
7.415608975521165158e-02
6.083733552474718947e-02
-1.162050344159345008e-02
-3.212876744795307299e-02
-3.608726744356620386e-02
-9.105452553746732486e-03
1.563366987561140217e-02
3.426005802558649421e-02
5.432689868553843004e-02
6.557608673611778349e-02
6.462803066752492720e-02
2.043655567274334922e-02
-2.617334013849210300e-02
-9.794550016275616056e-02
-1.327490644836355482e-01
-1.689725877041416968e-01
-1.748397047509239466e-01
-1.686907767252759649e-01
-1.280716444501190099e-01
-1.000975495188244219e-01
-7.746419931541589921e-02
-8.067758788713966234e-02
-1.044005054242786446e-01
-1.360883081106565029e-01
-1.386272569691759937e-01
-1.572885004264061304e-01
-1.636407486544065870e-01
-1.678403856126122751e-01
-1.501373046899356634e-01
-1.261382672070807121e-01
-7.495723627087218233e-02
5.295214533285974579e-02
7.380078260672298662e-02
1.177401731699280196e-01
1.963081782548501408e-01
2.395998530258201253e-01
2.659761872659096027e-01
2.792928019600896539e-01
3.004659469265500427e-01
3.034547317550041479e-01
3.132033867436599395e-01
3.409417219418560685e-01
3.829514485614024522e-01
4.593336442877412606e-01
4.721849269302353935e-01
5.041891744503280703e-01
5.095581741958168376e-01
4.874308365482322714e-01
4.857723925519061847e-01
5.070705008625028265e-01
5.192678119425415684e-01
5.100585238630228613e-01
4.978094342122897364e-01
5.173745876231210516e-01
5.191671724173618774e-01
5.057396990311027185e-01
5.009953520915961800e-01
5.069916911044981545e-01
5.204977270359348873e-01
5.076032212456192960e-01
-4.104343623618220312e-03
2.113502812632473207e-02
8.738696805844459181e-02
1.011183473825010282e-01
7.509301508428462002e-02
5.025018797568631818e-02
3.478647507052702592e-02
2.845045621079015166e-02
2.676112083540001241e-02
-1.636191358118037342e-02
-7.332024595378995591e-02
-8.880481199585803231e-02
-1.090007577406195416e-01
-1.538483394941910776e-01
-1.741876659640337055e-01
-2.032770371542996779e-01
-2.402586201225754836e-01
-2.482587596603180180e-01
-2.091312938843326030e-01
-2.064793492887174731e-01
-2.012759158130932036e-01
-1.930234481695322635e-01
-1.708951906183237002e-01
-1.730359890927405109e-01
-1.945283356207191949e-01
-2.216139952560488846e-01
-2.428357191538818571e-01
-2.728081644574444908e-01
-2.993411772739369425e-01
