9.626336388722643578e-02
1.312778756681015069e-01
2.087422890914422680e-01
2.918218303977859751e-01
2.554259785783009606e-01
1.438221128160871998e-01
2.358949524054107516e-02
-1.019007199678352293e-01
-1.316173175022852804e-01
-7.153022128426234083e-02
4.024985311588728798e-02
9.226939016078600231e-02
2.354889855053721170e-01
4.864174446478938818e-01
6.964466790254959516e-01
8.214989813052884227e-01
8.442395256936542358e-01
8.504853790169455419e-01
7.692000704152517354e-01
5.866368397598673567e-01
4.222432057083247425e-01
3.302351822304059326e-01
1.792426857657289374e-01
1.378549893634354873e-01
1.483165133694798743e-01
1.842538811135394639e-01
2.298904227422540469e-01
2.529187200684349102e-01
-1.036045919843049251e-01
-1.870282291187054524e-01
-2.398141676239943232e-01
-2.958572729314918881e-01
-3.102323600504600654e-01
-3.069853497881259718e-01
-3.586774857427335594e-01
-4.848519854263106943e-01
-5.490762284920399638e-01
-5.776685734395977656e-01
-6.140043004389145187e-01
-5.305127810402636701e-01
-3.671243852970763610e-01
-2.692713636763578444e-01
-2.317335403393910864e-01
-2.349976282848228737e-01
-2.220976234225161550e-01
-1.586703437096021740e-01
-8.454181197285130789e-02
1.623718997200325476e-02
9.533054853633475545e-02
1.610778169304454277e-01
2.246490262897178902e-01
2.568015982898361749e-01
3.408829034531918323e-01
3.748153276590019400e-01
3.703123481549973062e-01
3.000110533280475611e-01
2.733789979248477109e-01
5.120818059867526112e-02
1.883862912405702694e-01
3.265489640524975590e-01
4.393352666540197848e-01
6.393045009507339893e-01
9.110147518392004429e-01
1.159620338581861976e+00
1.264575775612662545e+00
1.347761685378754182e+00
1.408492797569062205e+00
1.430688022722700792e+00
1.433324258624658620e+00
1.422704724252729536e+00
1.345463246283696401e+00
1.282426820313410376e+00
1.255817254843312414e+00
1.239459238940517904e+00
1.214808673421144514e+00
1.186541031529632084e+00
1.159306605114403865e+00
1.121509518862425558e+00
1.051011681544965715e+00
1.030396078557427764e+00
1.222901156121002364e+00
1.475205449915441447e+00
1.543668198016268089e+00
1.531192070294157492e+00
1.480427043857413638e+00
1.355715517376194779e+00
-1.896861736755157957e-01
-2.645848026378835316e-01
-3.250404649112534350e-01
-3.750189635279458922e-01
-4.174476135667851140e-01
-4.438003883322937937e-01
-4.952681966756652954e-01
-5.417911190921637088e-01
-5.988070156814889744e-01
-6.322953994565051472e-01
-6.230546157972607357e-01
-5.889105792130844286e-01
-5.096313255142177479e-01
-4.370500374911308605e-01
-3.988972048713542162e-01
-3.566549070008023792e-01
-3.596098948607764356e-01
-3.610951199974150594e-01
-3.834276928459355860e-01
-2.923311921220537735e-01
-1.807203184926479689e-01
-9.565931408002488479e-02
1.354689886353344086e-03
1.272490740386219565e-01
2.058178910766323422e-01
2.548863295842463961e-01
3.557908356660002269e-01
3.571201402337931818e-01
3.561009688822950880e-01
2.800487123833767314e-02
5.457039455279376339e-02
8.013019900306336818e-02
1.033138820032612898e-01
9.468546135533927044e-02
1.023175091441571177e-01
9.564498949792987759e-02
7.362945799278000636e-02
2.778971525491834987e-02
3.500347805057009432e-02
8.060656070304386689e-02
1.303656480295929398e-01
1.822476467563095004e-01
2.177803333288967080e-01
2.386469238366067669e-01
2.642594076038530249e-01
2.826401763931145616e-01
2.896115505746636454e-01
2.882162847333398226e-01
3.165283456273409457e-01
3.279774745764674759e-01
3.169038681636941468e-01
2.925785259086021162e-01
2.552464537059383476e-01
2.176263419442351910e-01
1.814730554316296984e-01
9.236712688969894725e-02
-4.407757574939963341e-02
-9.581778260003342984e-02
-7.793110537697520157e-02
-1.353346062276276074e-01
-1.614848504033963295e-01
-1.941388762558263759e-01
-2.323631061793493269e-01
-2.441190464616119216e-01
-2.531324041112407164e-01
-2.309188712998691551e-01
-1.381511832298903952e-01
-2.578661621162839368e-02
3.445247379116937042e-02
4.339987321707693829e-02
4.325658639810157219e-02
2.346282909097681738e-02
-1.267607502447630138e-02
-9.920367365389071157e-02
-2.888024524303233198e-01
-4.099348019794296638e-01
-4.242377063215444499e-01
-4.543209111186401472e-01
-4.994116102008290259e-01
-5.395429232646051787e-01
-5.506938298199773874e-01
-5.879144782334206898e-01
-5.798585721227332845e-01
-5.444979741334027290e-01
-5.126342737565444674e-01
-4.802294774409626155e-01
-4.016854120812938245e-01
2.958086225570593156e-02
7.581904255194930886e-02
1.148710021500989886e-01
1.159452926710241860e-01
1.165960242458456281e-01
1.497927092538738347e-01
1.693967018231349875e-01
1.631844994214551592e-01
1.549934987308555223e-01
1.607597348367945655e-01
1.374103046526266581e-01
1.406679674917380163e-01
1.999700658921386986e-01
3.153613709216607774e-01
3.668059572971174576e-01
3.557573811201577008e-01
3.359848419570163891e-01
3.222784859047896910e-01
2.674755459119361745e-01
2.377040142485823404e-01
2.590868086127459113e-01
3.517304492933541193e-01
4.398279268427885969e-01
4.970788248877730520e-01
5.315674898220500433e-01
5.386990425978230856e-01
5.065397967307787574e-01
5.290057616564786125e-01
5.908568031479088933e-01
-3.294315185080050334e-02
-3.458650350114600425e-02
7.055677116836271690e-02
1.269988611585824434e-01
1.553118869325740559e-01
2.195305544597188074e-01
2.406270509979326899e-01
2.166476075577569438e-01
2.209064712819349408e-01
1.977446254519544255e-01
1.373389898774032836e-01
8.098800916462511879e-02
6.894537366111438970e-02
5.100602916206332937e-02
1.165273523756064217e-02
1.361969737913956702e-02
-9.695148641068324080e-03
-9.181640339974060649e-02
-1.296233880587602527e-01
-1.396041514203915090e-01
-1.874473685766360198e-01
-3.361561762752120486e-01
-4.326481590644223330e-01
-4.850893810460624733e-01
-4.987735211775641830e-01
-5.083272627654966680e-01
-4.917055545857038634e-01
-4.627766584328807387e-01
-4.521477092832378308e-01
2.412335965740378813e-02
9.767383228506279144e-03
-1.154732172661961966e-02
-5.915590075075650989e-02
-1.289603667500746065e-01
-1.845258292145279810e-01
-1.761400462603699701e-01
-1.058427874603666274e-01
-4.515426371219687096e-02
3.219356354654388797e-03
1.526830719402571049e-02
-1.154381614441091219e-02
-5.878610085763313203e-02
-9.995992939571993197e-02
-1.362830888229651927e-01
-1.425806094441078309e-01
-1.221710009475915626e-01
-9.394817626030874114e-02
-5.844277934018569237e-02
-3.464513781135261650e-02
-1.659679452886813483e-02
7.254090251179935722e-03
1.998581911361430735e-02
7.608839170050483991e-02
2.031526060812834378e-01
2.458421336371325872e-01
2.714054758536715850e-01
3.247437663098654004e-01
3.057059007605091305e-01
-1.352261930028283710e-01
-2.229218616131659891e-01
-3.176898337215172674e-01
-3.660026029214549781e-01
-4.278638356215932470e-01
-4.920818233490731330e-01
-5.286269945730021069e-01
-5.638148558379794117e-01
-5.346750861897194840e-01
-5.295882493174447481e-01
-5.890542675974460574e-01
-7.274199674837688034e-01
-8.174177898990265811e-01
-8.968625234855696071e-01
-9.361752384543117200e-01
-9.882256991803256563e-01
-9.886325085649213529e-01
-9.298742368711145900e-01
-8.778690548322417575e-01
-8.592262618550217113e-01
-8.191881701653254133e-01
-7.761626913268170336e-01
-7.988662431269822894e-01
-8.516377705595536973e-01
-8.660379611510052866e-01
-8.739533657156626223e-01
-8.805687849661616440e-01
-8.704346391174182518e-01
-8.923531812792041551e-01
-6.622651667915521734e-02
-1.106330031978432910e-01
-1.504293475993998819e-01
-2.372248302371420536e-01
-2.468365178158593853e-01
-2.499093645439613987e-01
-2.715799667645381610e-01
-2.708543614241042397e-01
-2.616741275898152863e-01
-2.639850805492569008e-01
-2.153410436076720891e-01
-1.738448087275800691e-01
-1.260668410423860242e-01
-9.703551210114519376e-02
-9.988153704314924053e-02
-1.095640332752332996e-01
-1.012198580705898354e-01
-9.465618408433641717e-02
-7.010653462704449779e-02
-3.606258868024503350e-02
-3.695354228737671165e-02
-1.259183477600874651e-02
1.418591042072066613e-02
1.807370360106617599e-02
3.706191183034755754e-02
2.867937247808896237e-02
1.328701656214434368e-02
1.208006277537141369e-02
2.121776201577851156e-02
1.938696088771232895e-02
2.452943949096886983e-02
4.971124269614736468e-02
9.455244700213749631e-02
1.875078243888467222e-01
1.884737304930239610e-01
1.815407841267687172e-01
1.978253058049920243e-01
2.702796388228193569e-01
3.576085175387124782e-01
4.098546892263841834e-01
4.609710093879098580e-01
5.016821137111323603e-01
5.439314645339234922e-01
5.860259127169411553e-01
6.053111464801411712e-01
6.292228616118321627e-01
6.659081078659221387e-01
6.703662353302815013e-01
6.645676728307569059e-01
6.658863491128915735e-01
7.048791512150872629e-01
7.243882666157379635e-01
7.221636291332639290e-01
7.460983538804110138e-01
7.885821538965415156e-01
8.057839718799332251e-01
8.196565723855885333e-01
8.247244469292173141e-01
-4.039770996133626793e-03
2.924207920512227055e-03
9.291023643020607931e-03
-7.951143127711557401e-03
-3.912473349351847096e-02
-5.090632081485332860e-02
2.915908697231318902e-02
9.637857022115003947e-02
8.819559362489297338e-02
4.964880050973836945e-02
1.689970299791108271e-02
-1.187149401424279424e-02
-2.794874645200825722e-02
-2.396747817330227570e-02
-2.722223068289388037e-02
-6.221376088027383289e-02
-9.101640625780194060e-02
-1.092746804901277569e-01
-1.741341737273116863e-01
-2.648976782953845199e-01
-3.311186513705622891e-01
-3.765625467213577493e-01
-3.620012564358837670e-01
-2.999786114439785822e-01
-2.477475309792332436e-01
-2.267793837805131552e-01
-1.979686497757472130e-01
-1.524051270499814648e-01
-1.312843241753323675e-01
-2.532165565365545115e-02
-6.716996728615350076e-02
-1.128501899094754846e-01
-1.135793245324156486e-01
-9.363735093962310962e-02
-8.840146134982136694e-02
-1.499989611721202487e-01
-1.539209480685904408e-01
-1.928733942299790671e-01
-2.616889566334278383e-01
-3.201457606741855422e-01
-3.420219936958097118e-01
-3.973441541497466645e-01
-4.122195130624503046e-01
-3.920730596259791034e-01
-3.608666325001459452e-01
-3.264692912273450265e-01
-2.763197139909034927e-01
-2.533722196893282153e-01
-2.549828657928752129e-01
-2.411035847287274769e-01
-2.276619137569667883e-01
-1.974434693860525614e-01
-1.820205308270911593e-01
-1.507428775517820341e-01
-9.458316408210809545e-02
-8.215949233542281516e-02
-7.703755979865409276e-02
-7.282201003052347910e-02
-2.661029769491465857e-02
-5.914694062387572393e-02
-7.419220903009517143e-02
-6.533751956961045271e-02
-3.514034330878805512e-02
1.613602819618645268e-02
9.197047669700733619e-02
2.249937280748809665e-01
2.585413624929126519e-01
3.046776760394125927e-01
3.664444349871675000e-01
3.786944503529035000e-01
3.762397722491453433e-01
3.700014900601985013e-01
3.549204153438613729e-01
2.937952854768673960e-01
2.102483266074356427e-01
1.190806879214264813e-01
2.520129015430239150e-02
4.660195735709977971e-04
-1.389458587566828017e-02
-1.884328803910921557e-02
3.239248106971565760e-02
1.269807795259533245e-01
1.536046520108564073e-01
7.010528141746619202e-02
4.258031812428390156e-02
7.961866832956680795e-03
-1.899431664045655166e-01
-2.482697058849192007e-01
-4.067393971154590337e-01
-5.052094025102564778e-01
-5.734338946935174652e-01
-5.969583026113440827e-01
-6.083868482407780443e-01
-6.151857982521166113e-01
-6.352909729174538445e-01
-6.611315457309741017e-01
-6.430680797839667395e-01
-6.235554390332475050e-01
-6.018278292387115869e-01
-6.031374128751011421e-01
-6.047391072027636927e-01
-5.856228431515521082e-01
-5.775018905503221944e-01
-5.789132418672480185e-01
-6.138413987235868952e-01
-6.474056293817926910e-01
-7.062592732873781420e-01
-7.506111564899893285e-01
-7.998453536238884221e-01
-8.705674537667322799e-01
-9.433484336593583874e-01
-9.559405403317401406e-01
-9.239737384597239700e-01
-8.811975325665835079e-01
-8.549730786125908644e-01
-8.172349047667004651e-01
8.466674802405376940e-03
2.621609626519201541e-02
3.870873234852498235e-02
4.878964095697221198e-02
4.478589230406271327e-02
6.029509645037275239e-02
7.940145819103283653e-02
8.675666372556382899e-02
1.264210064573871584e-01
1.773886380579584310e-01
1.691858453248978600e-01
1.938456218901554173e-01
2.325119612740421948e-01
2.562974066334772205e-01
2.860022252488594874e-01
3.081910804025205786e-01
2.713011821349399777e-01
2.676032026760412075e-01
2.900567707215839230e-01
3.284415474805827406e-01
3.566971620830022283e-01
3.838402817115990628e-01
4.166224167530935274e-01
4.316714806442774610e-01
4.399616787120100847e-01
4.711171084370521789e-01
5.062192848134796641e-01
5.422472855889319820e-01
5.552878243934713520e-01
4.324930777014872330e-02
8.925387670431050857e-02
1.181560301497465437e-01
1.233864031508316028e-01
1.516606080672710521e-01
1.768291312492880629e-01
1.869336246191432016e-01
2.010030556020387382e-01
2.188887554797648849e-01
2.355181232853367224e-01
2.537163881551584566e-01
2.512076780434365220e-01
2.554997492433004336e-01
2.575216030386773824e-01
2.782677589519795269e-01
3.063254090647976047e-01
3.013564032802451553e-01
2.674162721218650840e-01
2.158864556879548091e-01
1.527203895899067188e-01
7.873586230389917340e-02
7.289835633733671161e-02
8.624571788517625126e-02
8.036730567889473209e-02
4.022407474343083628e-02
-2.041614956346131382e-03
-7.664315488682255095e-02
-2.072068468007854658e-01
-2.653474103821119590e-01
-5.922981609982607559e-02
-1.019054217523596012e-01
-5.228481621800542406e-02
-3.971250513910423718e-03
-5.266228562472401870e-02
-1.715164079107275030e-01
-3.287423672731539792e-01
-4.354197323018377808e-01
-4.853071207302439571e-01
-4.808286083855442539e-01
-5.023109373795111576e-01
-5.823777916364686336e-01
-6.297417113887150419e-01
-7.051517484067341135e-01
-7.734827086049145262e-01
-8.584376452725414053e-01
-9.196887874336669988e-01
-9.813186661566228874e-01
-1.057615978605158658e+00
-1.098124393799793097e+00
-1.135700482009058820e+00
-1.198251028390351358e+00
-1.206106122961310589e+00
-1.187615474369590363e+00
-1.145456784425334051e+00
-1.094390164145973676e+00
-1.034889342775860088e+00
-9.640121776596736192e-01
-9.489707098401353180e-01
3.032985465443063192e-03
9.438594368498162343e-03
3.804187949179103218e-02
1.080179544570229466e-01
1.673463942940087157e-01
2.221887293149409082e-01
2.626018050974941453e-01
3.042667729628911744e-01
3.492179159043351522e-01
3.557745747684896709e-01
3.661462869128878084e-01
4.235331109592107568e-01
5.136034855767794838e-01
5.312341934301990642e-01
5.607662459557770651e-01
5.649588462354291352e-01
5.896952569685386392e-01
6.172841921288565459e-01
6.659557124812560680e-01
6.782138602274444539e-01
6.711841153897214474e-01
7.180271759931895481e-01
7.401380872178194847e-01
7.452757373513162475e-01
7.616234470020709635e-01
8.137813095193479063e-01
8.482678859286588713e-01
8.715433767424587419e-01
9.036680177047032858e-01
3.153291934272254432e-02
7.074708789206014814e-02
6.205300724733597145e-02
4.594861592994341215e-02
4.395997003064038011e-02
3.867959753352427643e-02
3.803909854335654761e-02
4.662230370740224478e-02
7.232152080505933889e-03
-2.669249442393827748e-02
-2.837528625280514791e-02
-3.581996896410986897e-02
-5.083417765862872223e-02
-8.307476187337803353e-02
-1.242187769332826902e-01
-1.627782633744935259e-01
-1.970886024622670318e-01
-2.449743588476360201e-01
-2.487708273530025160e-01
-2.595225500368215088e-01
-2.999517423319340570e-01
-3.553574251648825011e-01
-5.035981258238279024e-01
-6.101524973530131346e-01
-6.379173677925688013e-01
-6.576461873383866452e-01
-6.999006575977505529e-01
-7.242838485236905433e-01
-7.003234650119464222e-01
7.836645886865925906e-03
-2.091459278026617380e-02
-7.360862669473394737e-02
-1.267791770869072243e-01
-2.152013371755611137e-01
-3.231576903781095966e-01
-3.827674254408030552e-01
-4.052959228213420806e-01
-4.487833226240185436e-01
-5.186638491795774186e-01
-5.733695776440584924e-01
-6.365195517439757866e-01
-7.311720405441970438e-01
-7.731561610556061392e-01
-7.914831426355156685e-01
-8.168279043689666841e-01
-8.557582435540627142e-01
-8.752372877587606403e-01
-9.034280472539490958e-01
-9.150684524957595212e-01
-8.830032730309483879e-01
-8.476311463507111288e-01
-8.444210828641449673e-01
-8.387400660763250082e-01
-8.223218295708528691e-01
-7.833896374632944859e-01
-7.659497138773225799e-01
-7.784641572478967486e-01
-7.657239643900157766e-01
4.641639147631397566e-02
5.980522596193555557e-02
8.390009556434656346e-02
1.312607749904654009e-01
2.061335454157215974e-01
2.556905880725278135e-01
3.095329081507295355e-01
3.863613643354059102e-01
4.277727985859374193e-01
4.626384848094001190e-01
4.987040371452954313e-01
5.155571026708762883e-01
5.299590606618990174e-01
5.715211890119978877e-01
5.787124225620153828e-01
5.978050703972777047e-01
6.291797441875806030e-01
6.893935001725859379e-01
7.094392831012013012e-01
7.311938316669460702e-01
7.650835285552657350e-01
7.728136581166823449e-01
7.911511316816300932e-01
8.311803122244716402e-01
8.946965008094082128e-01
9.619618032785615114e-01
1.020148849736903784e+00
1.065351515502017010e+00
1.076052465518207990e+00
1.142222271035913143e-03
-1.267466408792290895e-02
-5.980318316609706947e-02
-1.168444152582470141e-01
-1.270014994770945760e-01
-1.153631851020071042e-01
-1.025607496401548385e-01
-8.790480525474182738e-02
-5.859460073847826134e-02
9.050389773661904336e-03
1.076719128643752604e-01
2.009434010695941575e-01
3.156319273921845969e-01
3.778656641170961561e-01
3.966378304457801596e-01
4.244861501352273359e-01
3.934958085292624141e-01
3.201810908643223375e-01
2.787026956282681045e-01
2.815611010760108446e-01
2.656369591860876511e-01
2.057949415929173076e-01
1.740462151865232732e-01
9.606880902847188264e-02
-1.235108444283330997e-02
-8.413544815443406433e-02
-1.399781149150768900e-01
-2.223165010237214689e-01
-3.251074793941262642e-01
-7.819463815447477706e-02
-1.011224478509661073e-01
-1.262535612612808167e-01
-2.025951096377955063e-01
-2.709736243576643666e-01
-3.046014354445424899e-01
-3.555729278409269223e-01
-4.159865417764558870e-01
-4.503836115065760759e-01
-5.224460969650916997e-01
-5.924055222936586151e-01
-6.630177143179087906e-01
-7.278330733908824346e-01
-7.616152513484159003e-01
-7.677014381674226451e-01
-7.468468169022171033e-01
-7.310606578396254829e-01
-7.041206251763916235e-01
-7.097998648507222175e-01
-7.215108483085405089e-01
-7.036304460435764963e-01
-6.971965123651190366e-01
-7.250086335575730567e-01
-7.386819235855056620e-01
-6.806501300465532811e-01
-5.941709282345036813e-01
-5.388132389001488720e-01
-4.857031028188799615e-01
-4.392199447303124504e-01
2.985062428665537573e-02
1.023801903119970352e-02
8.848290808235820259e-03
2.114289896911331415e-02
2.666190951964764536e-02
5.276697294437501795e-02
8.388243139931515768e-02
9.322506916429366963e-02
1.231166939179167974e-01
2.617038949023847705e-01
3.450786829507853093e-01
3.704940294418451741e-01
3.867063979939106555e-01
4.108198615654644059e-01
4.086631007921060488e-01
3.865065770237376963e-01
3.486365991407347487e-01
2.844284793749349838e-01
2.696377707090965026e-01
2.715183327853551432e-01
2.987267581951795203e-01
3.228528817987698640e-01
3.489659740391180542e-01
3.813221762552901906e-01
3.978547818989016105e-01
4.072434782803373565e-01
4.139111368696546944e-01
4.117722016529760110e-01
3.913797604447359357e-01
-2.538227072190664055e-02
-3.559001364414964702e-02
-2.366680689056696596e-02
-4.070445579094930655e-03
2.362011291324761855e-02
1.424599407602851128e-02
-5.268665240432955643e-02
-1.774889381611577388e-01
-3.212459120139220525e-01
-4.445328751027305958e-01
-4.917635609678024933e-01
-5.207189439349018123e-01
-5.801402702181033266e-01
-6.011057358994752464e-01
-6.098111666781418361e-01
-6.559907361434138551e-01
-7.247823634831491724e-01
-8.180128828618865588e-01
-9.649909909252758489e-01
-1.090100540462661138e+00
-1.099556507963939334e+00
-1.104016891346647711e+00
-1.152513602153980132e+00
-1.178995834997318859e+00
-1.181103017228366969e+00
-1.207269365818899765e+00
-1.237264376133842436e+00
-1.267992734846655978e+00
-1.288072989705268956e+00
-3.169697383389379064e-02
-4.047017016330050482e-02
-4.367609336622967076e-02
-6.687804177838212183e-02
-1.061341863600680085e-01
-1.135535751982762187e-01
-1.606982323011891811e-01
-2.005755597903027543e-01
-2.002717665111130307e-01
-1.821704565554414512e-01
-1.840891439227200777e-01
-1.733312932499951609e-01
-1.638544167181534283e-01
-1.492995724628702614e-01
-8.384438829185397735e-02
2.498528341056904800e-02
1.417227913193092603e-01
2.030601255732515653e-01
2.461077337113447561e-01
2.565796327964522394e-01
3.112253462194056741e-01
3.423219621843218707e-01
4.043195092385805656e-01
4.751347115645055963e-01
5.367603012916795091e-01
5.784057283190271459e-01
5.668080496395486723e-01
5.697576445404501921e-01
5.893708973844178356e-01
-1.374528369189560728e-02
-3.788665077062790959e-02
-1.782867123112523780e-02
1.650044037533760291e-02
7.238249618358040538e-02
1.315814594885449385e-01
1.694046520138810519e-01
2.241782247867007138e-01
2.873040531596104397e-01
3.125912106021386250e-01
3.290081042194561434e-01
3.563268115403616099e-01
3.702092275078747718e-01
3.383753467484028055e-01
3.150997916395683607e-01
3.161940290423614353e-01
3.430430054083647429e-01
3.693418762784661524e-01
4.250231790662521436e-01
4.369189381531672911e-01
4.029808151336654043e-01
3.618557178617157200e-01
3.803625577019110193e-01
4.082155241426305703e-01
3.948570115179005913e-01
3.734168758560948431e-01
3.744274835545837177e-01
3.586062435685383187e-01
3.365528843771187772e-01
-1.467110622178289343e-03
2.933639917908777671e-03
1.209557188246988824e-02
8.716921114901587248e-03
-3.214922761200872392e-02
-9.267182747826360756e-02
-1.535171246577515247e-01
-1.787472110783375756e-01
-2.404982168338430926e-01
-3.748811122348127967e-01
-4.482962135870656173e-01
-5.102465478215856276e-01
-5.521519334817920344e-01
-5.759352132744093300e-01
-5.780662956141698894e-01
-6.132964057853482753e-01
-6.698636258454405690e-01
-7.045605214030323804e-01
-7.182399405935152581e-01
-7.512011626609098602e-01
-8.034723825625338378e-01
-8.402961738737837472e-01
-8.776972286393053269e-01
-8.903979834159388984e-01
-8.891427146521844183e-01
-9.003806504404058275e-01
-9.101062264620956022e-01
-9.313321478752923932e-01
-9.337934683839255179e-01
5.904084039150352646e-04
7.736649449374129878e-03
4.431888397845183680e-02
4.552349042038127125e-02
4.018923371549416867e-02
4.491501359595361648e-02
9.089246571390369178e-02
1.452393411266212908e-01
1.921161589124370517e-01
2.138601018211358507e-01
2.674565924135338668e-01
3.268222942988678326e-01
3.640388323492593781e-01
3.989634196023741364e-01
4.232968166189285952e-01
4.248143063918583540e-01
4.361753824750444486e-01
4.652285525843271041e-01
5.230370318270898267e-01
5.611375716686944903e-01
5.942590640543695679e-01
6.236074578214388930e-01
6.666331696017150366e-01
7.162393906045716463e-01
7.112016821716448112e-01
7.181178037521521729e-01
7.480605130549958792e-01
7.497405538678192372e-01
7.644432987247978817e-01
2.848346869975853721e-02
7.677053790605510575e-02
1.246369285475679711e-01
1.637739226625853362e-01
1.817707457598849163e-01
1.863824725247902325e-01
1.976764304091268021e-01
2.097951542145046755e-01
2.130056235812270438e-01
2.157036053374127571e-01
2.170271438635671124e-01
1.996219609610936363e-01
1.938071933492549748e-01
2.069862710432070207e-01
2.112326974564096571e-01
1.931487341300471006e-01
2.101694894930294655e-01
2.334859341640538322e-01
2.336649244419033433e-01
2.385785045212528155e-01
2.361420330197669393e-01
1.881823061895949167e-01
1.153815888953456520e-01
7.579360769769516448e-02
3.450566252415793178e-02
-1.981586786367623559e-02
-6.657153378276592370e-02
-8.888432984430441608e-02
-1.230389933849142803e-01
-3.877093547881351604e-02
-5.970156689784983373e-02
-9.336686120413653645e-02
-1.419901780277900427e-01
-1.855788997789315220e-01
-2.138761004290894996e-01
-2.353139790255092123e-01
-3.053948488797556537e-01
-3.721056159029955679e-01
-4.071757601990260156e-01
-3.814237729298020629e-01
-3.498325177370669170e-01
-3.439321440078632608e-01
-3.308943292894891419e-01
-3.370127595230223427e-01
-3.624357461620618115e-01
-4.099398572869020207e-01
-4.852964383574529528e-01
-5.271078331674593498e-01
-5.702818362757255954e-01
-6.035802105552010577e-01
-6.026813307457580260e-01
-5.614900122058852361e-01
-5.060388107259594648e-01
-4.546586108944716265e-01
-4.094412175735156478e-01
-4.157284174948440714e-01
-4.087661397381722739e-01
-3.779630260749922699e-01
4.387985372518765637e-02
6.960023525389730237e-02
1.107110121584981843e-01
1.737997454732930214e-01
2.375274430767160827e-01
2.789269513538992773e-01
3.181769627939745604e-01
3.682510930067774968e-01
3.883686321547253906e-01
4.064386360737809456e-01
4.671705563957552765e-01
5.601617672529517478e-01
5.905500458260157792e-01
5.859949637431856040e-01
5.828102363326901347e-01
5.799632490116701788e-01
5.719623504524539159e-01
5.771356719716653760e-01
6.324145718197350385e-01
6.583707825616480491e-01
6.474762751423474016e-01
6.112814960468831993e-01
4.983142165387526301e-01
2.851378054578256327e-01
1.090093925236027272e-01
-1.253445479633374937e-02
-1.294649758098453396e-01
-1.475501874317372286e-01
-1.442160675630486111e-01
4.680671769316930436e-02
1.644247533398822125e-01
3.150361177498463006e-01
3.621641134429046671e-01
3.946498824256535198e-01
4.312339619475776820e-01
4.157023932915183129e-01
3.590818762391079222e-01
3.375279082405756026e-01
3.286288588018125845e-01
2.918681891701809805e-01
2.667129332820181165e-01
2.639293832923029770e-01
2.126557883895856260e-01
1.408703809900035964e-01
7.953509561953533979e-02
-3.439816491047062441e-02
-2.613362915054778801e-01
-3.888172340271616179e-01
-4.815669431873516038e-01
-5.931272565948315645e-01
-6.194528419070407521e-01
-6.380971016946431762e-01
-6.792374853751070862e-01
-7.038433129376778785e-01
-7.068349438601616574e-01
-7.563766622247386495e-01
-8.655641696616179770e-01
-8.981561757585913019e-01
-3.006991887884193082e-02
-6.177312265309965050e-02
-1.035524988660413148e-01
-1.449842263601418546e-01
-1.799170342930659916e-01
-2.251032514727101252e-01
-3.344814864806910926e-01
-4.201697356977760478e-01
-4.344453965990780486e-01
-4.120008156993480442e-01
-3.971741444931513043e-01
-3.711007413261147581e-01
-3.104857140752087519e-01
-2.770936636891981886e-01
-2.448744779198666621e-01
-1.956364557818283667e-01
-1.623108973906645658e-01
-1.323155727497228595e-01
-8.453427200287255694e-02
-3.727577073630188725e-02
8.487295394061407372e-03
6.312649151383405155e-02
1.063994790405641128e-01
1.256339985997617648e-01
1.451442217064590756e-01
1.706762005628704171e-01
1.963319136985425262e-01
2.051675470950156399e-01
2.008533870939482047e-01
4.021619635704745677e-02
1.030090412908071240e-01
1.735134859972119470e-01
2.682235431865132580e-01
3.541059904117045409e-01
4.165021248430790246e-01
4.729977769770337126e-01
5.222691968506135707e-01
5.370860936961345811e-01
5.405595708085954021e-01
5.608785956288380170e-01
5.699746340016635937e-01
5.800520755640117265e-01
5.889896333960394914e-01
6.149712447226314271e-01
6.156636685986681679e-01
6.277198646123347547e-01
6.501949519593008819e-01
6.522190055475691750e-01
6.467453161973970577e-01
6.548612697590133758e-01
6.552882955904075768e-01
6.537737480822319869e-01
6.320508393522137336e-01
6.321782553762378409e-01
6.429518560601412691e-01
6.623676853175317625e-01
6.629493434544997399e-01
6.846778322948642304e-01
5.017464093602050715e-03
5.347730945325868991e-03
4.290673527569929119e-02
1.309390563851415279e-01
1.328884331000260710e-01
6.384479449853872057e-02
4.433192398847239646e-02
4.426522713463382219e-02
-7.173930146210455439e-02
-1.073063734546333831e-01
-1.084486479142164478e-01
-1.755320838723749555e-01
-1.561969239550227706e-01
-1.570189091967848782e-01
-1.563120783379495782e-01
-2.378359580719565936e-01
-2.358203767090570890e-01
-3.578576333356212613e-01
-4.409674588136479612e-01
-4.435608554150979876e-01
-5.346181309139410587e-01
-5.572305993360584520e-01
-5.782547405109068617e-01
-6.028012899317274353e-01
-6.521745192391659174e-01
-7.384422493653558517e-01
-8.246963523733457091e-01
-8.531233075351809525e-01
-8.715956433269039794e-01
-3.736152971424078900e-02
-4.960225499615848743e-02
-5.289581220306626558e-02
-3.903140666173216672e-02
-4.956744851555688197e-02
-7.709990151259338287e-02
-7.754695280075649122e-02
-1.030395991334473599e-01
-1.568075294916290441e-01
-1.607129653086704635e-01
-1.636492511492697033e-01
-1.904012424169064799e-01
-1.910400898525177471e-01
-1.684315777752285748e-01
-1.423925230428239042e-01
-1.110642867199549411e-01
-3.783868716767729845e-02
7.324786101916667957e-02
1.219157199963233074e-01
2.535343397973093826e-01
4.369357165664159437e-01
5.215100953659321803e-01
5.388883282845227107e-01
5.952307946032675545e-01
6.131568085825419567e-01
5.628347817309147239e-01
5.521378644135457314e-01
5.899290929589825483e-01
6.024352712014622302e-01
2.014326037962924781e-02
1.270719424982154344e-01
1.618802856208386431e-01
1.755474920187118648e-01
1.848693570145692466e-01
1.685673649367565863e-01
1.372132577630809369e-01
1.175853217688758723e-01
1.177579430284840523e-01
8.393117491709566058e-02
5.133869171660425390e-02
6.396427977571177148e-02
1.022028362135748852e-01
1.356264416809173090e-01
2.077288758070779395e-01
2.679925327077642416e-01
2.867797458752388562e-01
2.975268954897707929e-01
3.020105020388401673e-01
2.826924352545277519e-01
2.749038947377526743e-01
2.857304201275948086e-01
2.459523501740997764e-01
2.349737570715385304e-01
2.526651563203569650e-01
2.507568846737669443e-01
1.942220442003065317e-01
1.304346327081085666e-01
5.640378081380997832e-02
-8.909050356349496047e-02
-1.213539466332886896e-01
-1.266897504935066976e-01
-1.498690891064201614e-01
-1.778432417847350677e-01
-1.947522520028374671e-01
-2.402864971578195785e-01
-2.814651425118567252e-01
-2.937374288504703834e-01
-3.146970924987642082e-01
-3.742778076476062088e-01
-4.330242232186983231e-01
-4.765199126535790697e-01
-5.224639284554150054e-01
-6.066586723630033040e-01
-6.715932448094663609e-01
-7.194127579901457015e-01
-8.024593100535579726e-01
-8.804352061735710722e-01
-9.017480268793968134e-01
-9.128223362803209451e-01
-9.577665209803835067e-01
-9.722584391323073616e-01
-9.589429249614832562e-01
-9.217089475759244754e-01
-8.780494164987844297e-01
-8.529208236799442622e-01
-8.162037227346318202e-01
-7.887599296616805145e-01
3.176055666830233243e-02
2.098126079141393596e-02
-6.543815615677782416e-02
-1.231059437601337153e-01
-7.860913772852601289e-02
-2.367437158598147823e-02
-4.523092506566996074e-03
5.636876309788398792e-03
-2.991457785713869458e-02
-6.606681707835115880e-02
-6.114640401317533031e-02
-4.299177327711137253e-02
-3.809410130781323844e-02
1.541127507939537428e-02
1.414631148266442817e-01
2.161416913544638996e-01
2.705629847995286164e-01
3.366170428909028844e-01
3.874051638788553742e-01
4.315565218814375048e-01
6.028283592098563348e-01
7.502276245608134886e-01
7.482563412469336317e-01
6.535588927458586550e-01
5.940136375525914003e-01
4.818840937833122062e-01
3.734028347852761942e-01
3.549007714069203900e-01
3.709077914731800929e-01
1.075232545315057790e-02
6.066891292673987079e-02
1.049218052090918341e-01
1.034702603198183191e-01
1.017383483077943657e-01
1.078007948418488321e-01
8.005755397937043549e-02
4.538524709727827233e-02
3.511180466790012056e-03
-4.669069271306633406e-02
-4.950285341880673179e-02
-4.485844315453165615e-02
-5.751419179794960146e-02
-7.601584991644581846e-02
-6.965272740882105795e-02
-8.604313863008376806e-02
-1.138328798218686683e-01
-1.501384968074551685e-01
-2.149763365019880246e-01
-2.536735530792033622e-01
-2.398680390860021827e-01
-2.073884597771670224e-01
-1.752565016015735777e-01
-1.309468833649050090e-01
-1.059279383658023321e-01
-1.196664404173258117e-01
-1.636815961074249426e-01
-2.351292753443092187e-01
-3.564209848149811899e-01
-4.442779223563979307e-02
-4.810033815034812921e-02
-5.233553996936792657e-02
-6.272537018830533218e-02
-8.170353870988464329e-02
-1.124249917523939962e-01
-1.220932128427666685e-01
-1.590786146496372400e-01
-2.277771060301722605e-01
-2.595734375423031648e-01
-2.602334511850258325e-01
-2.892473498517585395e-01
-3.605194932755860227e-01
-4.011666344686291019e-01
-4.395874720202177510e-01
-4.999029435058292559e-01
-5.396625428070983554e-01
-5.204411880575900984e-01
-4.828267476814660508e-01
-4.497863204412860805e-01
-4.009657943728093810e-01
-3.213229154557601386e-01
-2.815876322834086620e-01
-2.765766941889112873e-01
-2.489532897166486791e-01
-2.374578698542269828e-01
-2.053852000960809110e-01
-1.902299444951354168e-01
-1.901431444173216356e-01
8.310322689206063942e-03
7.254883666522422489e-03
6.776968178140419484e-03
2.621540556213055456e-02
5.702610779196962826e-02
7.678722256340841934e-02
1.269799076624717471e-01
1.347182859984457914e-01
1.458286716506940472e-01
1.751936149643164853e-01
1.724827913064503337e-01
1.490116430904062372e-01
1.689427055419769619e-01
2.267616992834542988e-01
2.490280699665156916e-01
2.613615726621096869e-01
2.688671012593914500e-01
2.432294211592442301e-01
2.034594170918311573e-01
2.083191801472797366e-01
2.298793055415325748e-01
2.218430182502890147e-01
1.939359984560790895e-01
2.010119738402334766e-01
2.288198181253150443e-01
2.461240258520862589e-01
3.053104607541370918e-01
3.984001188016758621e-01
4.461414360626151931e-01
4.757688028008718456e-02
9.845293778473229729e-02
1.426585963198808704e-01
1.740563413846498708e-01
1.872302779588993771e-01
1.766147177274800528e-01
1.862260269094850873e-01
2.053157133600887752e-01
2.002388826869848093e-01
2.116144781591671187e-01
2.488210824066368620e-01
2.826027294891194641e-01
3.136221049768069813e-01
3.351486375637971471e-01
3.501336148341643306e-01
3.440728286882359654e-01
3.188379651194485631e-01
2.727953683259085049e-01
1.721589380676532555e-01
5.896818413424828598e-02
-4.735461165199787714e-02
-1.316522212276003689e-01
-1.871469820769551262e-01
-2.745121787593531870e-01
-3.303477829963318846e-01
-3.579436625944892869e-01
-3.904149246836822185e-01
-4.432420711645869704e-01
-4.429049136290818534e-01
3.189195340806602608e-02
2.949821234350122681e-02
-5.385603382520125909e-03
-2.008546229846805420e-02
-1.333338110330446573e-02
-2.674446897997167366e-02
-3.764108990966762158e-02
-5.276013330500071291e-02
-1.201387513892829551e-01
-1.695123162520474902e-01
-2.358296909985694301e-01
-3.069818619614410604e-01
-3.295770158275509454e-01
-3.617999532911180816e-01
-4.058395546342398186e-01
-4.031420664738920023e-01
-3.475511378965142617e-01
-2.695725666259443654e-01
-2.105255652743765471e-01
-1.746111962312204557e-01
-1.786218999387964856e-01
-1.828607951629121764e-01
-1.913012400957953829e-01
-2.173654532863979194e-01
-2.717049575103507308e-01
-3.013682348828689017e-01
-3.234004122649795643e-01
-3.542486473100161515e-01
-3.739441220263264309e-01
2.974684511967909048e-03
3.854532399218774108e-02
9.519139150097394309e-02
1.404323790271111427e-01
1.813271771913289032e-01
2.167886448117169740e-01
2.364936163905311806e-01
2.422013642777595399e-01
2.671671218619041110e-01
2.956563741256977851e-01
2.692063155976106570e-01
2.489249565933873420e-01
2.559322003775164611e-01
2.487425787643239017e-01
2.654327188815160943e-01
3.145677029598847319e-01
3.803302895835050657e-01
3.913465168963666252e-01
3.975979728337042385e-01
4.201012733778985986e-01
4.111118045731136927e-01
3.669305324187572825e-01
3.622052855854465125e-01
3.820941323232859843e-01
3.840502244851227154e-01
3.977113145875470490e-01
4.597451128720452806e-01
5.162282638258526291e-01
4.928915484670359226e-01
1.105934647937232423e-02
5.622380339582241232e-02
8.950758947821210731e-02
1.136981520382271266e-01
1.548440366487912612e-01
2.067580613455081429e-01
2.643161944817589704e-01
2.457827386376380541e-01
2.284329800557189927e-01
2.601283292725602436e-01
2.856204697134411830e-01
2.880670241883526717e-01
3.132593336117572846e-01
3.306943850100606541e-01
3.205727133424230990e-01
2.996808125635604947e-01
2.307001683006591752e-01
1.336133800568205521e-01
9.271157232118081015e-02
6.424678638388492402e-02
-2.707669422219186051e-03
-3.209263733280731667e-02
2.117557203994877013e-02
5.978487241027611448e-02
8.190796557324550586e-02
1.080320118793565709e-01
1.148297363443640667e-01
6.209712903710950388e-02
4.328330548864477850e-02
-1.435963830387545874e-02
-8.859110302007047744e-02
-1.283106378806328218e-01
-1.304720660879612748e-01
-1.546198782358703672e-01
-1.392968256620804590e-01
-1.127009362013937921e-01
-9.977166875575625704e-02
-1.055192156934944558e-01
-1.216922616152176784e-01
-1.695834579505507145e-01
-2.830671003838782229e-01
-3.196149978966620342e-01
-3.486688661585817250e-01
-3.948957270715667822e-01
-4.403640348797703274e-01
-4.993022301222537762e-01
-5.406670926719728820e-01
-5.508354029300195354e-01
-5.003913626493597944e-01
-4.298453331106126818e-01
-3.469111365982878725e-01
-2.567172124085536633e-01
-2.052820035975071733e-01
-1.848025376863385860e-01
-1.743792246806773472e-01
-2.062386966866633364e-01
-2.405427824490578292e-01
-2.486421898783993389e-01
5.237953079242361858e-03
-7.069784343327328337e-03
-5.243114857357214845e-03
2.586202517020387559e-02
5.204913422888214625e-02
7.277473155159924767e-02
1.069107149573694238e-01
1.378096921687934628e-01
1.277850188929027242e-01
1.213338431217607094e-01
1.245764812826676282e-01
1.025851745553777727e-01
6.581947189966229350e-02
8.233257849229616565e-02
1.703065319112287979e-01
2.659143168634390264e-01
2.979812339419098954e-01
3.217495846813391291e-01
3.523915775274043538e-01
3.305272335010910334e-01
2.704110856337482716e-01
2.647126727798511103e-01
2.815294175337348936e-01
2.887269627622455204e-01
3.253143261199344383e-01
3.787551154932906061e-01
4.356602994268214957e-01
4.520615132370787714e-01
4.939682261811109143e-01
1.414612995094060785e-02
1.090151238354364338e-02
8.166529019788926202e-03
3.741847835423151199e-03
-4.084495304325484744e-02
-4.094624420878154730e-02
-3.310503788475254588e-02
-3.581714812479290522e-02
-8.340275957537084117e-02
-8.073987194073718732e-02
-4.311632709024216387e-02
-4.336811589402544964e-02
-3.994061783603986698e-02
-1.757941016527049538e-02
-3.227598300221073274e-02
-4.104689365431427733e-02
-3.120784174852498163e-02
-3.412702162291518515e-02
-5.284615427739028370e-02
-4.680254810956796518e-02
-7.211460312554290875e-02
-1.188096935583374536e-01
-1.384003349063245014e-01
-1.372605244695194737e-01
-1.623445557282161555e-01
-1.818835049189123643e-01
-1.925989902013981181e-01
-2.173001048069688468e-01
-2.324197747929959146e-01
-5.206578130313858216e-02
-7.964209247312371842e-02
-9.316099371991215516e-02
-1.153582419907627776e-01
-1.652378397037274071e-01
-1.777497175896354531e-01
-2.014489765563330370e-01
-2.355465829321075899e-01
-2.944378374664140541e-01
-3.392531485272071712e-01
-3.538731086100120327e-01
-3.953413856742078458e-01
-4.305174179268962953e-01
-4.476342130932847718e-01
-4.497500171503671096e-01
-4.619708751823646264e-01
-4.899719098997204481e-01
-5.182424012480073561e-01
-5.620811440552869742e-01
-6.326988332840050022e-01
-6.806755816025331640e-01
-6.847765366392010167e-01
-7.007068481892434475e-01
-7.178050523000227834e-01
-7.081655396447217310e-01
-7.027397099577052941e-01
-7.195062500594349153e-01
-7.466092749295054620e-01
-7.349716334087637026e-01
5.373702997036254288e-04
3.041300149889088807e-03
1.275929917491011069e-02
7.635358308481261791e-02
1.357714344062265766e-01
1.458051785090073715e-01
1.768516006144294772e-01
2.022884906112848713e-01
1.874409280091533514e-01
1.528083577936023008e-01
1.199327166351874668e-01
1.094731560886713917e-01
1.098442813294333853e-01
1.322524925750602209e-01
1.769780641703773416e-01
2.867195263372424030e-01
3.067222248190492051e-01
3.347971290971449854e-01
3.505320339952107123e-01
3.274599989086418583e-01
2.793256028536919566e-01
2.434861316044351076e-01
2.280034907978359948e-01
2.345370276707947899e-01
2.879658019345506803e-01
3.897619857383186615e-01
4.459034925258866799e-01
4.547721706612390391e-01
4.720281118133206610e-01
6.173317293432640379e-02
7.625098690346440722e-02
1.103854370528496720e-01
1.543311690043045747e-01
1.777862777974902608e-01
2.158070908006862743e-01
2.626963402901905664e-01
3.119424446248942329e-01
3.567156277135925535e-01
3.916199733026445307e-01
4.209353280146086451e-01
4.451417197734645614e-01
4.529878432823384315e-01
4.551727945043595458e-01
4.464690943257453304e-01
4.142068070538755253e-01
3.843280639446180480e-01
3.650485290293259966e-01
3.721186310682206844e-01
3.951712595021366625e-01
4.158278005760325802e-01
4.244476892869266105e-01
4.346014290410848968e-01
4.260314692407966009e-01
4.241002219315599953e-01
4.101059541000020015e-01
3.746119168592766391e-01
3.285157950284680606e-01
2.960866290307272997e-01
-6.416884307523912367e-02
-1.597186561234665847e-01
-2.283399050623048931e-01
-2.257923551670997786e-01
-2.165565660557042249e-01
-2.303496931787166468e-01
-2.250953412154825806e-01
-2.372381582781455389e-01
-3.089664726103528714e-01
-3.527795355813977962e-01
-3.496713542088780158e-01
-3.918870690881137708e-01
-4.301410471390690327e-01
-4.177207416092267867e-01
-4.338277261256170414e-01
-4.738418128990682376e-01
-4.463513292189467130e-01
-4.228377730302784743e-01
-4.637030683325094049e-01
-4.882263920598116091e-01
-4.924874751886229030e-01
-5.410349781384569123e-01
-6.116252733458649171e-01
-6.653863625071551047e-01
-6.752742706883171353e-01
-6.901409923766609333e-01
-7.176774911456068606e-01
-7.341846111134779918e-01
-6.957008125496926265e-01
2.545168838631465050e-02
2.680867429038420388e-02
6.239254549719795706e-02
1.197063738553677537e-01
1.247662309078418907e-01
1.352785731885499387e-01
1.581461645922170867e-01
1.607584604175630316e-01
1.480544457024171867e-01
1.441313966151242520e-01
1.109506069074690515e-01
8.738062148913204596e-02
9.824513740304531562e-02
1.496998893344687054e-01
1.710838352882166624e-01
1.895982847539099958e-01
2.210666151923098288e-01
2.416819105143125090e-01
3.157828666483291080e-01
3.295118606825921392e-01
3.083320038008084407e-01
3.005276123771583596e-01
2.870031162531329061e-01
2.652802327421591166e-01
2.856073058836284262e-01
3.198979889453910652e-01
3.273393355118489056e-01
3.495587132962690857e-01
3.980372034990581898e-01
8.255826563895844045e-03
2.430235218213827250e-02
5.315513445747041543e-02
6.058337149099674024e-02
7.620707320636802007e-02
1.201094322081947829e-01
1.270716145025259369e-01
1.110507360464679100e-01
1.357680006038194109e-01
2.057301469484951184e-01
2.436954192191830293e-01
2.831460948126875987e-01
3.046954015132561366e-01
3.216604008521514180e-01
