-9.983595144180966441e-02
-2.521131313508067628e-01
-3.788448408465923123e-01
-4.253783831611251953e-01
-4.705119983810360784e-01
-4.684459205324447151e-01
-4.881331002462608315e-01
-5.425584812302053361e-01
-6.249871711276354658e-01
-6.995771943211537280e-01
-7.662255811808700301e-01
-8.279337716636856470e-01
-8.472869090568520001e-01
-8.328871890514166765e-01
-7.913105689249220198e-01
-7.858707354177750792e-01
-8.296677716014499993e-01
-8.144321463063780575e-01
-7.797104941821910717e-01
-7.759535374704922273e-01
-8.384436196640338013e-01
-9.098160587007315669e-01
-9.824404848275678503e-01
-1.044531223316004676e+00
-1.086700068476613490e+00
-1.152238951711638926e+00
-1.239165634221191636e+00
-1.334989895386936798e+00
-1.038765434217520239e-01
-1.953357035023949029e-01
-2.454402841097711729e-01
-2.688771507769291413e-01
-2.359054971622635555e-01
-1.543415903394783073e-01
-3.045218324033606427e-02
7.226095704473391168e-02
1.680474590695278103e-01
2.650847508210397718e-01
2.856094063701657970e-01
2.719134503524245905e-01
2.986745980633599973e-01
3.439412119964082581e-01
3.922344517763615146e-01
4.864633575887996608e-01
5.654794738051819314e-01
6.515270159317120280e-01
7.202743157269019258e-01
8.023571273720065955e-01
8.677799491144579935e-01
9.343177089925276402e-01
9.602698270335674469e-01
9.698991216741533750e-01
9.652005540590672394e-01
9.713651259463619292e-01
9.548799217348428181e-01
9.272377013042829574e-01
8.933389171394687800e-01
-3.047061647836365322e-02
-9.509137396066522085e-02
-1.645236697685577010e-01
-2.160781411937789664e-01
-2.503298128344069728e-01
-3.017948166346824390e-01
-3.139576774389379876e-01
-3.436742869719517923e-01
-3.515235909017195848e-01
-3.543902695852045315e-01
-3.709327982017526226e-01
-4.027138767919064000e-01
-4.259977751325174644e-01
-4.137932116836108287e-01
-4.023143193188212230e-01
-3.637573833396902656e-01
-3.913639098885877687e-01
-4.753180686543671540e-01
-5.545382708089032775e-01
-6.323397521625204742e-01
-6.591516523560178031e-01
-6.673960947966267598e-01
-6.618232535846682030e-01
-5.881117904674542096e-01
-5.873987128401554347e-01
-5.156974599445568463e-01
-4.416691895020351533e-01
-4.405902686621119835e-01
-4.374756698093330010e-01
3.441077947019346907e-03
3.603099628243676932e-03
2.988370722907035884e-02
4.501038419071649865e-02
4.365572142039672587e-02
2.121934234155752885e-01
2.927707974807626234e-01
2.926344237224276501e-01
5.854610217313503950e-01
7.392526109530299649e-01
7.382631453802719346e-01
9.772984684861706350e-01
1.017797050390354174e+00
1.038674920379164535e+00
1.035512868713894807e+00
1.040829407434876286e+00
1.040740774119753409e+00
9.691627443655286278e-01
9.690252425320301510e-01
9.909952801390001786e-01
1.001717980522786933e+00
9.992354469874816791e-01
9.876189984960234147e-01
9.854054164610566158e-01
9.907003459400471890e-01
9.840381714314622164e-01
9.609165001037593967e-01
9.452963525385708055e-01
9.353172161445868493e-01
-9.796244023332892001e-03
-1.819389569872802148e-02
-3.489410585197165460e-02
-7.549148781604858582e-02
-1.132849574418327426e-01
-1.428318896761946177e-01
-1.958506276182448991e-01
-2.149422855585040038e-01
-2.563097196885414375e-01
-2.720464161060649477e-01
-5.666969565367283579e-01
-6.209754827755836759e-01
-6.229516011142073317e-01
-6.445128178373364936e-01
-6.514504204691665690e-01
-6.405701195007669213e-01
-6.272890336141010437e-01
-5.982968071428306223e-01
-5.654519282208874120e-01
-5.134624729077520433e-01
-4.736917584583627550e-01
-4.473213888756367718e-01
-4.396230428149204839e-01
-4.484128108631917353e-01
-4.501200886571447013e-01
-4.231636973080052377e-01
-4.067676170036387817e-01
-3.874710115386426068e-01
-3.368784379597523637e-01
6.174544405660259416e-02
9.467913791241630572e-02
1.270682215844714802e-01
1.522089075031903826e-01
1.663639471013617088e-01
1.748442707967411136e-01
1.608693265319018351e-01
1.661441873438771477e-01
1.722716818262903793e-01
1.731555234807339305e-01
1.804709318653081318e-01
2.141644769584400421e-01
2.308095966109934560e-01
2.265606513796037946e-01
2.159382278250921994e-01
1.960509237991889808e-01
1.692914537701925848e-01
1.705458283495109584e-01
1.740853790352202279e-01
1.812026734079855428e-01
1.871279299669720841e-01
1.768408280700881352e-01
1.593333797827003739e-01
1.573143654288377824e-01
1.538236351078994812e-01
1.450880304751931138e-01
1.393840969378448980e-01
1.530544191775120022e-01
1.660982692686936157e-01
-4.448236871022925171e-03
-3.788573270415596106e-02
-7.535544373492973624e-02
-9.034885099409112330e-02
-1.193564779401648790e-01
-1.530335366568002786e-01
-1.815314424659879577e-01
-1.908226520986441022e-01
-2.208155735880819870e-01
-2.481618814248141291e-01
-3.017237739617276704e-01
-3.072767784386385426e-01
-2.809785146311846726e-01
-2.311489433933379134e-01
-1.872432468851948362e-01
-1.808231592184222636e-01
-1.615392037075264187e-01
-7.014744027290611972e-02
2.369180154411787420e-03
5.594281856795946251e-02
7.345501124757149169e-02
8.865427030224966309e-02
8.167309776694384182e-02
6.338153709065150188e-02
4.875369610269904286e-02
1.745377234887369317e-02
-3.528792318756646812e-02
-6.541482182610083851e-02
-7.942374199696544679e-02
-7.570843275761065302e-04
1.128030732448385628e-02
4.699671408050229426e-02
1.024038960149329658e-01
1.334677571621059322e-01
2.053576438069229237e-01
3.286474455540410178e-01
4.137962429438889478e-01
4.961855132798987378e-01
5.868349698900190425e-01
5.820549396595670055e-01
5.720169081464255845e-01
6.056034997463995984e-01
6.349973772761947632e-01
6.215331249418567516e-01
6.098505637592552819e-01
6.124933115944570794e-01
6.233931375187012902e-01
6.280825781808566655e-01
6.326980753309257022e-01
6.498608554800024972e-01
6.583417371698760956e-01
6.593669168588081053e-01
6.549586098520512323e-01
6.612276387595026339e-01
6.727994572053069833e-01
6.832327721743135518e-01
6.615996734650019251e-01
6.482275661469735217e-01
-6.266960955409031642e-02
-1.240078694215129840e-01
-1.780843319530017732e-01
-2.071575737304101605e-01
-2.413295364586503511e-01
-2.405085020278805996e-01
-2.514576857748138106e-01
-2.519791446016386161e-01
-2.165057733112760174e-01
-2.149024254155446900e-01
-1.789778806075876527e-01
-1.601338117838972952e-01
-1.706435828653824482e-01
-1.895330337027494039e-01
-2.069148107971600092e-01
-2.284735060533832074e-01
-2.717308644818312025e-01
-2.961326923967479985e-01
-3.301901761916971045e-01
-3.300185640796093334e-01
-3.076556402756467912e-01
-2.389461170330593465e-01
-2.041459948280229253e-01
-1.765035734637271647e-01
-1.235005416560044228e-01
-7.911092156180288271e-02
-1.593024442264648344e-02
7.397455638703430425e-02
1.471034722723877641e-01
3.297414343594143316e-02
5.319796884016403382e-02
6.349386453890418225e-02
3.804755387306391068e-02
-1.487021336567648927e-02
-3.937621067910397621e-02
-4.468384195483816879e-02
-3.948400560984795943e-02
-1.600645120952980810e-02
-8.442479245305004737e-03
-1.786382332527102629e-02
-4.519264609189291293e-02
-7.773675694712284256e-02
-8.901894453933191509e-02
-4.431261832404109063e-02
-1.812443031855337505e-02
-3.575277960087432788e-02
-7.275431319733260960e-02
-6.641934658582605844e-02
-5.747089938287619493e-02
-4.936109156135864984e-02
-4.866367872548570117e-02
-8.449680806975518044e-02
-1.404202190503929248e-01
-1.656228409732795059e-01
-1.740024503292589286e-01
-2.169071105546702960e-01
-2.462586175372892539e-01
-2.692705422442709384e-01
-6.524694815457306001e-03
-1.075918252905842462e-02
-2.162311248991056686e-02
-4.752383531741333211e-02
-5.988624980248920260e-02
-5.031284294925481015e-02
-4.183124028979194609e-02
-3.810467325612037354e-02
-6.046502611336643240e-03
4.166038283493359029e-02
8.623526246589705013e-02
1.020198813048882880e-01
1.137123361453206138e-01
1.154445628752949482e-01
1.269585748058731089e-01
1.479198855493814302e-01
1.774839326105931425e-01
1.931262800152004910e-01
2.217987201838679256e-01
2.756788241901435565e-01
3.661354406413431795e-01
4.273105219030243207e-01
4.779011168036592649e-01
5.264354976447829237e-01
5.877192849642168815e-01
6.300546069019488105e-01
6.434948506035842453e-01
6.312659826781372718e-01
6.108437118237440844e-01
-4.305549553618332609e-02
-8.704659596575128888e-02
-1.184022788636179824e-01
-1.345597969919176684e-01
-1.254618378475876594e-01
-1.159248990076938990e-01
-1.316597238250592217e-01
-1.612648055409989511e-01
-2.072141395041742773e-01
-2.595097625297546062e-01
-3.034226614902283958e-01
-3.082844119634410296e-01
-3.300950282181078221e-01
-3.606591879063768546e-01
-3.755342814152423103e-01
-4.002582538232215548e-01
-4.301693519772591956e-01
-5.022309154394318798e-01
-5.780522768965483671e-01
-6.160248975824585971e-01
-6.053520976714775736e-01
-5.941489546002477473e-01
-5.897527687075324598e-01
-5.859480538970333052e-01
-5.523478753247854645e-01
-5.195367667306909354e-01
-4.560646470703122457e-01
-3.624176209812488003e-01
-2.929422096124942310e-01
1.035027404314996374e-01
2.378375138915180820e-01
2.836403966459520865e-01
2.818575784046332133e-01
2.684024246977025907e-01
2.331850969383333361e-01
1.754476826070833495e-01
1.473977090381813904e-01
1.029879765102811318e-01
6.622673107753973554e-02
4.685324609911033222e-02
6.479601002681721622e-02
5.954586115203663876e-02
7.588674061833948492e-02
1.203435003611722509e-01
1.298369248372841234e-01
1.802737615254008940e-01
2.098078487530180836e-01
2.304593790231440897e-01
2.481447090128563460e-01
2.756333880535336012e-01
2.842465672249273045e-01
3.070311163803176591e-01
3.121654413841744025e-01
3.262255584389812668e-01
2.982550873574596473e-01
2.502547391274080879e-01
2.487046240424640453e-01
2.496797310702893735e-01
-2.304481049797187098e-02
-4.107757061625995354e-02
-4.279644917642622115e-02
-4.737637738138503890e-02
-7.397776682576251428e-02
-1.466247659504454348e-01
-1.851210985474086301e-01
-1.917328111061367968e-01
-1.982103211784869978e-01
-1.889449229177535827e-01
-1.614087982406072208e-01
-1.349306222534182309e-01
-1.119164806895806413e-01
-1.086009625688617725e-01
-1.244557195349118295e-01
-1.627750829314097425e-01
-1.665671362099249708e-01
-1.931945478182248432e-01
-2.397802273685691321e-01
-2.806116123084701486e-01
-3.181471607053604211e-01
-3.803961191869020264e-01
-4.322357135985113730e-01
-4.420472762742473360e-01
-4.857836925373799630e-01
-5.546828924809660277e-01
-5.750373795445000713e-01
-5.135261760805139852e-01
-4.203595962269696118e-01
9.035035023907561635e-02
1.484270043845853926e-01
1.717913019682297815e-01
1.764211278560649798e-01
1.611744473686312351e-01
1.071770223280948120e-01
6.315508219946480706e-02
1.312481320545461766e-02
-2.635309603318803512e-02
-3.856470459308013188e-02
-3.751546641233174245e-02
-5.361172064161889850e-02
-5.422253130646023656e-02
-6.499210709497378613e-02
-1.725294267966865497e-02
1.085839719578824969e-01
2.046226019138024099e-01
1.996629732286945846e-01
2.250066068155102128e-01
2.534316113904170331e-01
2.820941882651180621e-01
3.111743740545816483e-01
3.297178195164858217e-01
3.556378029801934848e-01
3.539818018167621982e-01
3.737041300331116478e-01
3.954732381773602423e-01
4.131264550235937971e-01
4.219444482850627787e-01
1.411062017252529867e-02
2.344832600172334219e-02
4.011981184368866582e-02
4.430581908276437497e-02
4.433679168926249470e-02
7.161916153389374928e-03
-2.224774906990199808e-02
-5.421798125358499171e-02
-7.065332458076487021e-02
-7.929532384395382438e-02
-8.240652492055232370e-02
-5.988118358007454844e-02
-2.249036323489952971e-02
-8.352092775568798616e-03
-4.165579601628564832e-02
-5.866935434554873541e-02
-6.326676978800278850e-02
-6.224365571898544253e-02
-7.549750225963487715e-02
-1.199922146452638838e-01
-1.907513778502415991e-01
-2.800213903158258466e-01
-2.938052653608681508e-01
-2.684714532483506444e-01
-2.493705631513228604e-01
-2.091965023895263898e-01
-1.743324853416532427e-01
-1.618602211678733249e-01
-1.447258504198268292e-01
-1.056226971749879041e-02
-3.431575817731793293e-02
-6.007057571999628587e-02
-8.543246936665407909e-02
-9.521972953838880871e-02
-7.609369243929729743e-02
-4.116916068740533730e-02
-6.590133519916205329e-03
2.897938930858502682e-02
5.156635738803992675e-02
7.037139229406524921e-02
9.433587599325182760e-02
1.352031400029925501e-01
1.975020381893699828e-01
2.307619357106805713e-01
2.450031494614561267e-01
2.806128764942018572e-01
3.326015921471220937e-01
3.669824145187737807e-01
3.742285075305736286e-01
4.066706301909414623e-01
4.217140154483067782e-01
4.176434144499394097e-01
4.266336987274277903e-01
4.221629585631863080e-01
4.063709873370210390e-01
3.900990396361819768e-01
3.641583122690221774e-01
3.513590668287986940e-01
-3.202543607961253359e-03
5.891176836803586198e-03
1.829574342290214706e-02
4.681344074908676267e-02
4.003685251630555164e-02
1.931224557246314852e-02
1.940596145953604051e-02
9.626115356153498379e-03
-2.290078155372127916e-02
-4.920487675490094193e-02
-7.935571752717368588e-02
-1.119806251906558664e-01
-1.382584096638923288e-01
-1.340623730286084336e-01
-1.067339310534499847e-01
-8.320482519748639838e-02
-7.552587264442744974e-02
-1.256316660818700137e-01
-2.196940407160667963e-01
-3.624627957533517186e-01
-4.456408766266282129e-01
-4.895873560084658127e-01
-4.457331018898309516e-01
-3.392852814624809366e-01
-2.629217319073720027e-01
-2.189575758516042192e-01
-1.964357054574658867e-01
-1.755960613109576740e-01
-1.765791381020698214e-01
-4.060405899985177619e-02
-9.382044837677344651e-02
-1.165181253950668128e-01
-1.301313534968314978e-01
-1.589828221446261680e-01
-1.674214249575038116e-01
-1.464374576205570433e-01
-9.229828555923300093e-02
-5.159306742499633613e-03
3.495863394569699578e-02
4.170469965773579424e-02
4.404377598952751577e-02
2.947434860923249175e-02
-5.553850667225839616e-03
-4.749203075358807147e-02
-2.748943417973136530e-02
5.991434040160928398e-02
9.201323897136594321e-02
9.675054314722685012e-02
1.038821094787189259e-01
1.234662063057019726e-01
1.353541337978095560e-01
1.720842133543452890e-01
2.037210447404346203e-01
2.167037087056258582e-01
2.294448630722526195e-01
2.404430828024427536e-01
2.354523778451338145e-01
2.369623004875816563e-01
-1.087898633779831037e-02
-3.174113938394689666e-02
-1.560088772562389509e-02
-9.121543708387457386e-03
-1.759862080838182213e-02
-2.722561779950753713e-02
-4.709646325234183306e-02
-1.093365394344086305e-01
-1.713601833144998143e-01
-1.920318987918377684e-01
-2.275355056870447812e-01
-2.561306494718871840e-01
-2.585324785400987535e-01
-2.812720471620798746e-01
-2.778939895779908298e-01
-2.567327918231342987e-01
-2.629274067404193116e-01
-2.863100349450404258e-01
-3.138067964706205970e-01
-3.696492507812739747e-01
-4.228610102783902924e-01
-4.934246015580045497e-01
-5.445399115372341337e-01
-6.009140844857729924e-01
-6.005316314205650929e-01
-6.011046982474416156e-01
-5.846923358511731950e-01
-5.169873648194385218e-01
-4.747353289303540835e-01
2.930805202414504124e-02
4.302120719506839774e-02
4.910097894266422791e-02
3.670084079083762996e-02
3.422557133171053728e-02
5.787917344027219968e-02
7.705598866850245365e-02
8.193024307080819246e-02
8.565473307273661907e-02
7.933928734423768836e-02
6.270660772432526398e-02
2.540227625212477386e-02
6.103673863741242156e-04
7.590325488431031060e-03
3.380942046202448786e-02
6.298373420204469997e-02
1.168896355193342895e-01
2.015042865737766697e-01
3.029007324007649826e-01
3.293554504114308279e-01
3.100036438176376197e-01
3.084807966303828586e-01
3.208648861402515484e-01
3.095171740601552757e-01
2.922358727400219403e-01
3.025962924542336951e-01
3.364933618243189928e-01
3.561125110082681844e-01
3.588648749528648985e-01
1.477242399414067714e-03
1.307031064307661791e-02
7.601767683189816945e-03
-1.133468807959898267e-02
-3.072584081789858992e-02
-2.877009215403793230e-02
-3.858913612120964953e-02
-3.494137261604646910e-02
-2.128985446997843506e-02
-1.440816943590338822e-03
2.045059467961181376e-02
4.166881177924511293e-02
3.961436671707603552e-02
-5.849933846160296214e-03
-3.674551394794405013e-02
-7.292928535988459082e-02
-1.439382155771808114e-01
-1.700851004373415687e-01
-1.505933604155631489e-01
-1.278033510304496523e-01
-1.321685464817431155e-01
-1.253108376152373415e-01
-1.274270492202582705e-01
-4.136262831171881593e-02
2.548901863242809818e-02
1.132957194574554238e-01
1.570215231143414492e-01
1.773602950241622844e-01
1.912046123601472414e-01
-5.990942296269175177e-04
-1.203421516333080810e-02
-3.615093464239152454e-02
-6.393164527320205348e-02
-9.335573052429242680e-02
-1.264342157662629307e-01
-1.416253053518417571e-01
-1.689337426652559038e-01
-2.327181390059984145e-01
-2.923345443357755480e-01
-3.464136887504369877e-01
-3.615693459029826751e-01
-3.443281206462510124e-01
-2.927831731396110526e-01
-2.386318206085563387e-01
-2.127716743694142709e-01
-1.802505377858685254e-01
-1.863819634086011923e-01
-1.650194559974506037e-01
-1.596941237743680075e-01
-2.281849405813821119e-01
-3.315202195125759310e-01
-3.584776693019020577e-01
-3.514332250082470854e-01
-3.514593521103325791e-01
-3.551602034263194319e-01
-3.315741563664441616e-01
-2.868988678136516479e-01
-2.542533035338467862e-01
2.379446530968171245e-03
-1.032963460679742554e-02
-3.872674092269526303e-02
-6.761916357991193394e-02
-1.042335648492549172e-01
-1.174274328433765613e-01
-1.252558713601454321e-01
-1.144535261384554553e-01
-1.059984759669999055e-01
-1.056087955734009709e-01
-1.170476241492800634e-01
-1.375366545479844993e-01
-1.616942616409632605e-01
-1.746042423885059147e-01
-2.184372945039515235e-01
-2.586218288056165715e-01
-2.603514784961726836e-01
-2.275771674971804326e-01
-2.483412824021446197e-01
-2.561303151468341532e-01
-2.104543973942839541e-01
-1.553722169320888302e-01
-1.150750699883166805e-01
-9.699968002476011542e-02
-8.112869969965399997e-02
-5.785680348674071549e-02
-5.809515370056610867e-02
-5.678813204451545887e-02
-6.049012258263034014e-02
2.149458018135247568e-03
6.819768978107275219e-03
1.151150706692235029e-02
-8.550705197806193758e-03
-2.762355018576170482e-02
-2.280521291441984025e-02
7.446817229652201442e-03
3.700579510375079373e-02
5.462577614766393752e-02
6.770713879750536734e-02
7.398437283206173165e-02
8.064400042049850448e-02
1.169148467554765869e-01
1.389917617935567673e-01
1.585225502740785497e-01
1.960713060227876892e-01
2.426703205916316830e-01
2.387206588159568876e-01
2.014411092451929286e-01
1.636781660763622359e-01
1.209937049210406540e-01
8.107319602080031995e-02
7.410523517322713249e-02
1.029433267146533937e-01
1.340212717111897711e-01
1.762274933215928208e-01
2.239288612901902120e-01
2.260463877144601452e-01
2.099703229093243806e-01
-2.201351959390741853e-02
-5.598787042392274621e-02
-1.067428861724808720e-01
-1.621798958731227036e-01
-1.769782642413741669e-01
-1.928892680757107458e-01
-2.075749579983994786e-01
-1.738683007714968698e-01
-1.406376673835083302e-01
-1.053836174299799255e-01
-9.247542654950832719e-02
-1.114225143876985402e-01
-1.278434154646947152e-01
-1.422889847918394901e-01
-1.987732342965730092e-01
-2.817566919925956204e-01
-3.645881375483939202e-01
-4.118028946425089654e-01
-3.996871684218079035e-01
-3.229602256496835744e-01
-2.649706809004734320e-01
-2.308914156165981502e-01
-1.928519898469527039e-01
-1.636393853418491029e-01
-1.547261857750839298e-01
-1.778484238685318908e-01
-2.009040758171465046e-01
-2.052098648271261094e-01
-2.151747713071879842e-01
1.256039382674380839e-02
3.261963003825459062e-02
2.185443867275240967e-02
7.178098830256687130e-03
2.270666117382575538e-02
1.952253932197778319e-02
2.002010284146479510e-02
3.109448644027954997e-02
6.072677190168599554e-02
1.323012302347437996e-01
2.091938110610760404e-01
2.330526799919708236e-01
2.712716732595585878e-01
3.089606439556520368e-01
3.378539298294109261e-01
3.582386341467044266e-01
3.607784902017635575e-01
3.645570717499949653e-01
3.888801060196780957e-01
4.026763133198191236e-01
3.873537001275533243e-01
3.821564090930109070e-01
3.884045220900478879e-01
4.066509540100346487e-01
3.933671046586837972e-01
3.762848927196907889e-01
3.375684656167825537e-01
2.838329488525597744e-01
2.300220098497804677e-01
-2.035019592950202197e-02
-3.804002796269766173e-02
-3.174261617036928246e-02
-4.920462737040550566e-03
-2.806395227342936734e-03
-4.255021214856861272e-02
-7.234366020707531930e-02
-9.497288469827573631e-02
-1.180025158094091947e-01
-1.234836293763764276e-01
-1.213990574548994977e-01
-1.418740429226456601e-01
-1.003661473417393479e-01
-7.329855982727465080e-03
3.102447364897925608e-03
-3.973082761579938699e-02
-8.426901976304061737e-02
-1.650981104981359970e-01
-2.804977433148422294e-01
-3.934016586449921027e-01
-4.468423189146787378e-01
-4.861810008764994584e-01
-4.909204475179335669e-01
-4.578696766953740394e-01
-4.524018551746790684e-01
-4.887995293472651159e-01
-4.832876807153312915e-01
-4.282174965695931257e-01
-3.983399669738455495e-01
3.944943581321000425e-02
8.483120921030520845e-02
1.249749174752842196e-01
1.028659596025341960e-01
8.160321224902178372e-02
7.206931910533212471e-02
3.252816405271730105e-02
2.168164070148763042e-02
4.530112183469429260e-02
9.368579935390772273e-02
1.154717965106441535e-01
1.283079067450639266e-01
1.440104633153205249e-01
1.471500725178671587e-01
1.850284416757254635e-01
2.702185441292772050e-01
3.000999085905714514e-01
3.085395886386224085e-01
3.136024015345681981e-01
2.815832902220813394e-01
2.356816495419119806e-01
2.395513000806951398e-01
1.916026092024631644e-01
8.304422013756093679e-02
-3.313628784201133604e-02
-6.206296177203247250e-02
-1.071269726480611473e-01
-1.534892965540484155e-01
-1.783158706620331102e-01
7.641050311411776499e-03
3.036617787567748999e-02
3.496936935365830418e-02
3.502086801066887911e-02
5.397540281315067745e-02
4.690395656523964341e-02
3.430858116410757247e-02
3.025377154633157248e-02
1.514437787413282915e-02
3.183274331668545232e-02
4.756512246540194055e-02
4.409699153748560668e-02
-2.206521002687237415e-02
-9.003935813620481121e-02
-1.203380112396650603e-01
-1.264347567805010897e-01
-1.350277136727751348e-01
-1.433017742331004762e-01
-8.089645357521921265e-02
1.194467025931154336e-01
3.799522732099697153e-01
5.741401812791888659e-01
6.450541573406760598e-01
6.758918543515780586e-01
6.995447175927981265e-01
6.827549761506818138e-01
6.106114422062390856e-01
5.306955405799255177e-01
4.704649910303039251e-01
-5.950199590128398691e-02
-8.408656419138824112e-02
-6.125329979861039720e-02
-4.122385741426569383e-02
-1.470584608338872459e-02
-1.391693732586263624e-03
-2.086605507880909954e-02
-6.244271692793818690e-02
-6.933366280094893641e-02
-9.152350254133709284e-02
-1.081478382821982331e-01
-1.230998556096934704e-01
-1.324157600876114116e-01
-1.289654588470685592e-01
-9.936074151983857738e-02
-8.661750817932427349e-02
-9.619452965983717185e-02
-7.253785702812097502e-02
-2.073421980272359411e-02
-1.337165919395325031e-03
-3.812476706394803128e-02
-1.290705015965578073e-01
-2.560443412615851511e-01
-3.984504147315737210e-01
-5.768709655618280419e-01
-6.255126853729274794e-01
-6.449848262256537845e-01
-6.157025025644612404e-01
-5.709422020292054256e-01
5.188622536606028041e-02
6.620009663687337342e-02
6.917549711014478464e-02
1.118317760851539333e-01
1.318071678230783028e-01
1.335645923586865069e-01
1.249137278712637439e-01
1.387413361723808802e-01
1.368775640981334529e-01
1.233477918735096240e-01
1.303079687960995436e-01
1.460914618946601573e-01
1.569280954296084774e-01
1.269909840177933513e-01
1.043919162260210781e-01
9.334138807323649756e-02
8.041144429225191570e-02
7.035271013354935099e-02
9.125797031214646915e-02
1.028247951547584388e-01
1.508124965989711408e-01
1.887840801251106648e-01
2.172249650536672294e-01
2.197165952171038772e-01
2.184267917891278832e-01
2.140211418096518992e-01
2.063225203900319604e-01
1.864559033124212339e-01
1.502532641400801672e-01
-2.495881020114940410e-02
-1.694407697137003191e-02
-3.296661003026925274e-04
2.371495618952842305e-02
4.633845569488126426e-02
6.411630815648500237e-02
9.429930595933977422e-02
1.523717082660801525e-01
1.886875861401651200e-01
2.131568506922024986e-01
2.503892188738358615e-01
2.878073754462907030e-01
3.109105174214702449e-01
3.173268394653115387e-01
2.497472220184214220e-01
1.682646757705999474e-01
2.000847867596148855e-01
2.167203768870988867e-01
1.718538892072792867e-01
6.308414643180840220e-02
-7.556176904376946113e-03
-6.745865987398927399e-02
-7.475520333311942711e-02
-1.764805887863207107e-02
2.826371156247102501e-02
3.757141514745071520e-02
4.625298847207209851e-02
3.270099898745749967e-02
-8.682092064808244469e-03
-2.842799307386032620e-02
-2.249210111137271706e-02
-9.121032533087212665e-03
1.097487441971564670e-03
1.601691384812660782e-02
-2.243039630718812391e-02
-6.022025115050973210e-02
-1.099943681443226184e-01
-1.750345938150948411e-01
-2.214879447193424111e-01
-2.360200609926661197e-01
-2.750768061071812154e-01
-3.562065496076038951e-01
-4.291209793589839672e-01
-4.712228345492016635e-01
-4.752167190144345188e-01
-4.370042226214232994e-01
-4.214049036977891571e-01
-4.092956305622416635e-01
-4.103945986115234978e-01
-4.010185611055948063e-01
-3.987881781904598633e-01
-3.789554466656668286e-01
-3.710494675754599236e-01
-3.437514756287762263e-01
-3.045742760809010408e-01
-2.848108760880367352e-01
-2.849899957257372440e-01
-2.947408421915101440e-01
-2.978580479038149412e-04
-2.002218477786600614e-02
-1.154727894186670378e-03
3.216317457416282416e-02
8.820804065785790848e-02
1.962873712475758925e-01
3.145870558678062756e-01
3.425918501091919088e-01
3.581570056575116845e-01
3.323740128942083705e-01
2.926938625367964120e-01
2.549184152495552191e-01
2.167290258536597181e-01
1.148754606246320947e-01
5.484393903243747065e-02
6.584421713571386725e-02
8.002878913715560927e-02
7.891359870143496713e-02
9.923839577220097685e-02
1.266165549138367763e-01
1.340882706641216005e-01
1.157654807751231640e-01
9.939147976394849260e-02
6.833986547470989603e-02
3.585817933276092689e-02
3.773454488408140711e-02
4.931371824013774247e-02
7.361470841330744475e-02
8.217214477171420894e-02
-2.157047825783482004e-02
-1.297835540014843914e-02
-2.797881522608944294e-02
-6.875174210128437435e-02
-5.165314021000388250e-02
2.817002131396770942e-02
9.809772958805937360e-02
1.586869522083061979e-01
1.739512866151041726e-01
2.229656275363048334e-01
2.433888504412517195e-01
2.493931410548182459e-01
2.438897838909656612e-01
2.625822223448521231e-01
2.598356775018466625e-01
2.313785721007268759e-01
1.674110341827120263e-01
1.281509590034647095e-01
1.056573264059834372e-01
9.759974529317709535e-02
1.229805146873105548e-01
2.087770903709111892e-01
3.104341622876899409e-01
3.715470398498340043e-01
3.948282315694228162e-01
3.842520511840201158e-01
3.892342152527984434e-01
3.762769090194608701e-01
2.997595245265850528e-01
-1.150849078410752790e-01
-2.822380710556575689e-01
-4.872231878327906163e-01
-6.152963792358068229e-01
-6.426574638454330968e-01
-6.457244357420708347e-01
-6.493934187181376050e-01
-6.207630606122328532e-01
-5.567586286906894832e-01
-5.662746549920191219e-01
-6.080297539852935751e-01
-6.419610399248122379e-01
-6.840316927742348119e-01
-7.450932507798269100e-01
-7.663564348686449090e-01
-7.621860646350702151e-01
-7.572306544647025017e-01
-7.540982193188811022e-01
-7.722968109215683219e-01
-8.047476626384293397e-01
-7.616741153768477046e-01
-5.917507240165091886e-01
-3.858903377392042811e-01
-2.385110375058475396e-01
-1.358230380825616868e-01
-6.946864896456883542e-02
-5.308320998316316819e-02
-5.308287996322823971e-02
-5.341757413254202141e-02
-1.111495327553532232e-02
-3.873999013049429091e-02
-3.872836247047296843e-02
-4.887449561186327923e-02
-8.175447907394191305e-02
-8.113648983745425092e-02
-1.269304239853088212e-01
-1.019252150361228404e-01
-1.032512618315950120e-01
5.325602486662329993e-02
1.203155703266545057e-01
1.187850142674828774e-01
2.728578067186479550e-01
3.046287698801546373e-01
2.964487208482249891e-01
2.431663390833325444e-01
6.862684327825793740e-02
6.871967115933642900e-02
-6.200894336045590371e-01
-6.622127535209674232e-01
-6.695941891101142573e-01
-6.994377706045571408e-01
-6.960965716747238297e-01
-6.933245799491665196e-01
-6.719847984422329112e-01
-6.753007662330621219e-01
-6.715292281322423618e-01
-6.744783576039207196e-01
-6.474566623903670326e-01
8.011406713536468882e-02
1.306082709744193771e-01
1.731628762199415028e-01
1.607348378860798399e-01
1.261420426964161012e-01
8.322806624034204126e-02
2.626551308191358430e-02
8.649288444662294600e-03
1.788551710603613135e-02
-2.303866762207125787e-02
-5.498837580631596444e-02
-8.087623820556301413e-02
-9.218431683063776916e-02
-6.657723455103763122e-02
2.396366051715489998e-02
1.188226773770291733e-01
1.490329272365622515e-01
2.163371677760004275e-01
2.185187940023904096e-01
2.045611644747253599e-01
1.818654254383494095e-01
1.705272487620518862e-01
1.333898664090339137e-01
1.407615269712402251e-01
1.811236354036109830e-01
2.054201156349923230e-01
2.191138401539038383e-01
2.369718144123728054e-01
2.533001209525583830e-01
2.286978760479808567e-02
7.517156310462859425e-02
1.344477362209571814e-01
3.188758358651497260e-02
-4.208835280072442675e-01
-5.571448337722728628e-01
-5.595576144087932580e-01
-6.568683854785474230e-01
-7.752837302912137796e-01
-8.255692596951544893e-01
-8.589082582361879936e-01
-8.584826729248746791e-01
-8.675744143901160665e-01
-8.800340144653717722e-01
-8.806221533718696648e-01
-8.796088603916546456e-01
-8.812250826393219771e-01
-8.590285517283406946e-01
-8.130812982879929152e-01
-7.754332907195691238e-01
-7.753574685857735904e-01
-7.992685565363804034e-01
-8.449075804471900542e-01
-8.842396398357869058e-01
-9.188794432277399560e-01
-9.340404431340405544e-01
-9.279723041055152333e-01
-9.447972896085767847e-01
-9.271710589986318363e-01
3.843611953472753084e-02
1.019636390892129235e-01
1.373744802144552801e-01
1.742815349637231725e-01
2.133195987444089781e-01
2.415521220176123918e-01
2.362078751580564961e-01
2.214821631665785384e-01
2.171756255535216562e-01
2.070168605446378318e-01
1.934793311390846093e-01
2.336604986541208073e-01
2.505449704689044488e-01
3.252218556520953263e-01
3.894837421906972574e-01
4.230474713628162298e-01
4.593974046432974800e-01
5.105691851971335682e-01
5.445300854359618192e-01
5.626732270609793307e-01
5.522763013970666268e-01
4.502644603376732002e-01
3.484917922813878799e-01
4.039342347126044785e-01
5.994173832476938912e-01
6.579366641954447203e-01
7.002417840328274412e-01
6.782543080152605430e-01
6.686018783167227975e-01
-5.404997944027126145e-04
-1.590300178703491635e-02
-3.403225800293943615e-02
-6.461345400956602925e-02
-6.106557033368186643e-02
-4.605259918135010122e-02
-7.451011802068163714e-02
-6.895394900260511106e-02
-3.135418064542177391e-02
-3.104028315111365816e-02
-3.606273270053385327e-02
-3.087118279511513741e-02
-2.604376836313416349e-02
-2.171574833778309316e-02
-1.449447420146678794e-02
-2.255512784263740550e-02
-3.132336117069787346e-03
2.074400620126917727e-02
2.652145621897755018e-02
-5.250277609867038536e-02
-1.092430732092238010e-01
-1.398302036285986871e-01
-1.928312900675435426e-01
-1.343559554271183676e-01
1.787098304371489976e-02
1.103293524211230447e-01
1.218159539852057688e-01
8.677329862634566848e-02
3.755059496771850913e-02
-9.009631380763485908e-02
-1.886645502740028624e-01
-3.055134525739754969e-01
-3.604193756629851531e-01
-4.141380320944181292e-01
-4.241485037114336998e-01
-4.358356343725694471e-01
-4.741693661676843474e-01
-5.169433218096478599e-01
-5.512951250630576672e-01
-5.906228661083673392e-01
-5.656784313489059413e-01
-4.901252500526849243e-01
-3.574239659413021020e-01
-2.987717964277723515e-01
-2.074506129444161906e-01
-1.796034975307728987e-01
-1.316363927230745634e-01
-1.097275672354647014e-01
-1.319557108826649727e-01
-1.534215078056364590e-01
-1.635735705250906946e-01
-1.818264504635719869e-01
-2.310502421808813822e-01
-2.890883444681920378e-01
-3.282769047856635147e-01
-3.687046595759478906e-01
-3.884817092746620237e-01
-3.658052143278410218e-01
2.801760249548041620e-02
5.982509622145039396e-02
1.236108796393484976e-01
1.429278463521578280e-01
1.373810286410229176e-01
1.139240341123373135e-01
9.400944726950102859e-02
5.995023175408340649e-02
4.590109305969024278e-02
2.157097150825488391e-02
9.307710082430208781e-03
1.524382892157589119e-02
4.631249931767225658e-02
8.439997145864583383e-02
9.672704219989269880e-02
1.340243976701853967e-01
2.627199790776250654e-01
3.568861203304060092e-01
3.953488295901901317e-01
3.708540928740045595e-01
3.255064702183383951e-01
2.951244465067852096e-01
2.066297558448513816e-01
1.493364666002246766e-01
1.190788588966950889e-01
9.773948028239942687e-02
9.337133852320476934e-02
9.043961720687268557e-02
8.030089264564077567e-02
-1.360290570538187291e-02
-2.295925934294002976e-02
-3.091070165462617148e-03
4.147263511788387008e-02
1.015844191333171720e-01
1.676115361484189492e-01
1.828866722859574523e-01
2.026309921919986490e-01
2.417731209861729291e-01
2.885145275609440341e-01
3.053677170881823333e-01
3.116088440784829383e-01
2.857837339809317645e-01
2.527939648046342302e-01
2.146046670290188418e-01
1.268261641958340902e-01
9.922293646557672764e-02
6.449792048733166139e-02
4.662884075687015462e-02
3.831085650154122946e-02
4.251928220092218019e-02
5.611718830061507290e-02
9.433018053547975734e-02
1.130028692354325265e-01
1.366652543597789149e-01
1.233479241018117928e-01
9.466357446323839242e-02
6.560020420546394671e-02
4.665345863162422002e-02
-1.698071115240006035e-02
-3.495840778942906069e-02
-4.407744378164827476e-02
-4.620450759399175045e-02
-4.838072773126483872e-02
-4.782717587653522590e-02
-8.211747013223844038e-02
-1.166447972375736220e-01
-1.601449329362429341e-01
-1.903083298582541050e-01
-1.801886269960841225e-01
-1.852205883962884658e-01
-2.480565615069492136e-01
-3.124917488173574176e-01
-3.653793864723582918e-01
-4.495881587384791267e-01
-5.439019295092214490e-01
-5.430834236471903109e-01
-5.400441979701003925e-01
-5.382850686194025069e-01
-5.026327269123923580e-01
-4.693604984284275305e-01
-4.849881389067638993e-01
-4.892362848411083709e-01
-4.736428947173080273e-01
-4.753315952332427541e-01
-4.733587508429690227e-01
-4.645088084999317024e-01
-4.532923722427854574e-01
2.361414637217153570e-02
6.198651293938858831e-02
1.002226730869743010e-01
1.517414222081870934e-01
2.593320777445800585e-01
3.441507260695932380e-01
4.422205303713823699e-01
4.391133735142686012e-01
4.319722479154671224e-01
4.433138153110531277e-01
4.251803813077896788e-01
4.137305545808775964e-01
3.922107635465027498e-01
3.790359600966740072e-01
3.961244735797082028e-01
4.256989061003756403e-01
4.394263724822595196e-01
4.418316567217479007e-01
4.383728088897950181e-01
4.386748109187008082e-01
4.570710543461334874e-01
4.766315863690286370e-01
4.727151874776712170e-01
4.514790557793117443e-01
4.513148102577365650e-01
4.672341971584536013e-01
4.611918426798808368e-01
4.596602788331674017e-01
4.589724100549748553e-01
1.174224019381420528e-02
3.518929148783301458e-02
5.834997321592951675e-02
6.007591438026737424e-02
6.433842837006449600e-02
5.923570353363001584e-03
-2.907811614225683933e-02
-8.909442987141304171e-02
-9.617169107987995347e-02
-1.338131863145263778e-01
-1.206511806716917545e-01
-1.958948109115735137e-02
8.422236011819074497e-02
1.599295647212461702e-01
2.710727141046627708e-01
3.317686114257547558e-01
3.610328184685246411e-01
3.517203137004501490e-01
3.234955876483182613e-01
2.475357829314900893e-01
1.340188418184192209e-01
6.144567012679959250e-02
1.163119183391599087e-02
-7.018782667811959697e-03
3.570058802291860289e-02
1.308557242888657157e-01
2.176049827572346107e-01
2.757837317790214904e-01
3.103386411224083874e-01
-2.900445357705007735e-03
-4.976819891505874366e-02
-1.116200621027238216e-01
-1.758346311694511943e-01
-2.338633199176663457e-01
-2.713416741217966610e-01
-2.874209432914850981e-01
-2.779038390991495633e-01
-2.640661564891306212e-01
-2.185311479352919639e-01
-1.613159787464173711e-01
-1.478888545131655519e-01
-1.054565381885248510e-01
-3.402346171020002863e-02
-1.390808870191956315e-02
-2.504020860868139825e-02
-1.789357060250905407e-02
-1.820238375928772551e-02
1.378989217816933149e-02
6.114864261413764657e-02
3.274634893584211365e-02
-2.226083641797538953e-02
-3.952437868156492839e-02
-6.264361655570821474e-02
-1.107467883342909687e-01
-1.803632757835484102e-01
-2.109445848761059283e-01
-2.499107598047562440e-01
-3.117513987494919259e-01
-5.698311010226522061e-02
-6.803402456039102375e-02
-6.816043684374925582e-02
-7.384872847620607694e-02
-7.356759954095096199e-02
-7.711673188442794147e-02
-7.926026558014373502e-02
-7.356017713956522486e-02
-8.088961178527023788e-02
-9.184354791023173481e-02
-9.650006627672663706e-02
-1.215256127981673706e-01
-1.362052021315858230e-01
-1.534683625543516450e-01
-1.870202474818514760e-01
-2.118721661706857162e-01
-2.236636319369211812e-01
-2.317791529604441847e-01
-2.298268654879496442e-01
-1.944514738922686337e-01
-1.070772124687434240e-01
-1.125243110172675920e-02
1.082209520620645293e-01
1.208815604524164922e-01
1.612273406158163391e-01
2.711342495396483754e-01
3.600475837750349850e-01
4.122717877567441125e-01
4.644458951119335155e-01
1.252428036820193904e-03
-4.802827739770480775e-02
-1.557902145557606699e-01
-2.445996746318350457e-01
-3.169310304874929374e-01
-3.599007696470284956e-01
-3.769941723124941024e-01
-3.846662086550549642e-01
-3.919820952788277135e-01
-3.840477077162626207e-01
-3.611768626793304682e-01
-3.633438823459411160e-01
-3.641398323591177877e-01
-3.783419374709758309e-01
-4.022838033674149827e-01
-4.562628513889131487e-01
-5.279047625812407496e-01
-5.875830792478841103e-01
-6.259890735967195141e-01
-6.502580192648467206e-01
-6.025063493020391681e-01
-5.097979664304529424e-01
-4.421445472730484161e-01
-3.657669382584016748e-01
-3.165049959268625979e-01
-3.073422365299298686e-01
-3.560470579177926198e-01
-3.835860444824741866e-01
-4.041159751587483084e-01
-1.667378630742696877e-02
-5.055732218730529803e-02
-6.174949477893786759e-02
-6.635399157228270839e-02
-7.992515410032410839e-02
-9.152369577197053130e-02
-9.975526462019901341e-02
-1.133489718090242154e-01
-1.362883492847528355e-01
-1.571230991915804620e-01
-1.603594185776737457e-01
-1.700913294329460812e-01
-1.857076734346853331e-01
-2.049548412290640442e-01
-2.319415969268187327e-01
-2.475043419313800730e-01
-2.667215841632760154e-01
-2.738653942550337561e-01
-2.815448901712794827e-01
-3.025227708413846806e-01
-3.323189291090807296e-01
-3.489225068272999164e-01
-3.540591494728684840e-01
-3.461229401862747079e-01
-3.329334627499807020e-01
