-1.312771837003449786e-02
-3.846280213323277630e-02
-5.015914993862027882e-02
-6.865112587962492186e-02
-4.227067145437532480e-02
-6.073106089247992667e-04
8.791849898974810409e-03
2.717752065077774781e-02
5.095549837209413513e-02
1.040398780687074309e-01
1.699798440955955781e-01
2.309194531082244539e-01
2.944289112083801063e-01
3.821763115757523810e-01
6.349779478859635118e-01
1.149453592133199420e+00
1.524620730327363782e+00
1.598236847916856496e+00
1.609737208166173827e+00
1.634450007948901940e+00
1.636386073552480447e+00
1.581509277676176328e+00
1.540248932763777612e+00
1.517157667959873724e+00
1.527837723443250084e+00
1.608928229433715940e+00
1.699469307307099664e+00
1.742900263445352094e+00
9.377875876673104696e-03
-4.451738093533516225e-03
-4.535081265535643308e-02
-9.212449494533628269e-02
-1.315270694257588691e-01
-1.515817833487871913e-01
-1.716762079816855635e-01
-1.778185618756324693e-01
-1.672912696841509228e-01
-1.549889873205243518e-01
-1.825869328427436322e-01
-2.175572456781640629e-01
-3.092794846581922164e-01
-4.090056211460642022e-01
-4.936005905347538025e-01
-5.923685654843052761e-01
-6.573438644711121492e-01
-6.753786744705642109e-01
-6.827163092191562699e-01
-6.737777657531470732e-01
-6.416906224818694771e-01
-6.317612818377298378e-01
-6.155501728415270213e-01
-5.901907940233368510e-01
-5.595696610614272481e-01
-5.533996420751909895e-01
-5.451899596165898920e-01
-5.002576601299834058e-01
-5.377831036073431603e-01
-8.172175786824446841e-02
-8.364019875992685649e-02
-6.553401329368101214e-02
-3.583865298766909097e-02
3.666154225419126361e-02
1.568580799025621197e-01
2.475055848986516815e-01
3.175445160583469928e-01
3.324083391628381290e-01
3.406521015451583478e-01
4.028084845016662863e-01
4.903952399181287780e-01
6.348929116934116657e-01
7.352475249643185551e-01
7.786632002592043245e-01
7.971014293009623941e-01
7.713287976606614249e-01
7.089125189015980100e-01
6.101268480816974815e-01
5.025653794382421991e-01
4.045922089702143620e-01
3.599933108864018516e-01
3.246585838150616299e-01
3.121201558072674298e-01
3.195369694280006945e-01
3.303081965962291755e-01
3.233591041999659410e-01
3.381600221384291616e-01
3.633445054971183863e-01
-1.093771759222873959e-02
-3.807207924209528305e-02
-8.997022470733148647e-02
-1.295310837262140802e-01
-1.764531211198084037e-01
-2.094390905451599116e-01
-2.599959042782387098e-01
-2.737350322772518219e-01
-2.808748299868527587e-01
-3.052577322846968810e-01
-3.675638236686815663e-01
-4.350018129102810605e-01
-4.690726830751154597e-01
-5.123292275228260584e-01
-5.180613202591130007e-01
-5.124168442471834783e-01
-5.024961393434759227e-01
-5.251234353973320834e-01
-5.204940117936261990e-01
-5.006081487326637935e-01
-4.454703425560449515e-01
-3.870768210703822154e-01
-3.367602422565262321e-01
-2.809861106796397445e-01
-2.288854170011978828e-01
-2.117037854469601688e-01
-1.835244736323082826e-01
-1.520484923008852407e-01
-1.650320157256452425e-01
2.791367656793007634e-02
9.521401691158333513e-02
2.004834657351752814e-01
2.978222130942437262e-01
3.852958361916837271e-01
4.926234746488106220e-01
5.459235243797475601e-01
5.386366064625786043e-01
4.965892220051447148e-01
4.223666737047355180e-01
3.443158499594562438e-01
2.753622376652755666e-01
1.860399847943521312e-01
1.587339893534021051e-01
1.326200780295844206e-01
1.346325396618559544e-01
1.292425360839107029e-01
1.286292684155083688e-01
1.118152770458953338e-01
1.126564429484391699e-01
1.062865479518146777e-01
1.589610928251898314e-01
2.605866374807909169e-01
3.513304039142483015e-01
3.657193460121178630e-01
3.385903726731790964e-01
3.069101100059868914e-01
2.160742212340607538e-01
1.676011499964773499e-01
-7.051190126867254437e-02
-1.415762620084318746e-01
-1.674406442996991262e-01
-1.236391400493875997e-01
-2.205308115712999173e-02
6.470138469629833911e-02
1.140006903959792650e-01
1.585080657264203996e-01
1.888832644190389098e-01
2.082026576235423421e-01
2.105311636033496137e-01
2.204591945724378166e-01
2.749926230037997854e-01
3.705571437980224592e-01
3.987569290982697634e-01
4.649677351627711785e-01
5.283570116173091913e-01
5.713481134737412592e-01
5.585630752771748586e-01
5.272728185350357144e-01
5.215811027449474002e-01
5.465392003278143340e-01
5.452813495929492715e-01
5.710417217920205069e-01
6.248444398801636934e-01
6.510838527115427876e-01
6.331107456975764158e-01
5.860964711900200630e-01
5.402365951212901862e-01
-7.556209649163211917e-02
-1.609803851605791647e-01
-2.090833492770143021e-01
-1.840818262818330608e-01
-2.828178176030635149e-02
6.815244370303809307e-02
1.275672785103378337e-01
1.888599668482379423e-01
2.092901177383597600e-01
1.943036482836704992e-01
1.511865926602534160e-01
1.008633429971912132e-01
3.001277849139141751e-02
2.099182671955036883e-02
9.641922601998194342e-02
1.315973224807255315e-01
1.628706003582147399e-01
1.759898437840618224e-01
1.637165236482779340e-01
1.810900197605606055e-01
2.289526385624735538e-01
2.113184352139254318e-01
1.410790268584369844e-01
8.348271437006046791e-02
2.978347044537296706e-03
-1.494414383305381899e-01
-2.422223273188003900e-01
-2.791833941643205308e-01
-3.164422891295842200e-01
-4.012782505194396887e-02
-6.630863820129651032e-02
-6.466002920434571477e-02
-5.157124508076897651e-02
-4.443172463319297605e-02
-1.170459874125442251e-02
5.260714476390140198e-02
1.105691889292301500e-01
1.592588294354023160e-01
1.974728137192088007e-01
2.047313688958426747e-01
1.848620353063344934e-01
2.104889580222525369e-01
2.820804511752901256e-01
3.062182293904934793e-01
3.159007511802275348e-01
3.516919644478926910e-01
4.600432150407796628e-01
4.848444906186593073e-01
4.859569681205361258e-01
4.828025358640886111e-01
4.973700717157139572e-01
4.605986818437520780e-01
3.946517691228552116e-01
3.399398527985036389e-01
3.062995225156472379e-01
2.645033391722022564e-01
2.315861174997919658e-01
2.248484009633810732e-01
-5.521383270186228098e-02
-1.853240976414223251e-01
-2.500934476446197152e-01
-2.681536253177136397e-01
-2.843867612984609661e-01
-2.986674799826341542e-01
-2.887470581692773708e-01
-2.669113758709298900e-01
-2.609808423323803361e-01
-2.730966711333868147e-01
-3.278435562691476846e-01
-3.710124472490047287e-01
-4.508898600362089004e-01
-5.135893709264488516e-01
-4.805422057054091201e-01
-4.023779184638530682e-01
-3.250248090243151311e-01
-3.092651374750017279e-01
-3.126659109903631717e-01
-3.124583058843483641e-01
-2.949288989691791762e-01
-2.932359056710998613e-01
-2.909909337205190405e-01
-2.802751061285630452e-01
-2.646894666772600102e-01
-2.795014485053486375e-01
-2.860723356239435189e-01
-2.677888645391722222e-01
-2.391324617503378103e-01
4.334347163589613583e-02
1.078857449972752403e-01
1.922164872612673880e-01
2.824503139649810479e-01
3.462854124790359367e-01
4.077292110895787136e-01
4.430560694247851483e-01
4.398417590442803005e-01
4.515539020407340343e-01
4.235981886836642785e-01
4.076934768887848226e-01
4.206470739401534931e-01
4.445062485774803895e-01
4.605872085555999251e-01
4.682852661946237949e-01
4.696326966056737495e-01
4.766564532703553292e-01
4.722256599053185067e-01
4.656841553262525690e-01
4.635890612273072531e-01
4.744004384497207405e-01
4.771131562119881875e-01
4.620368763386241140e-01
4.263795359468252055e-01
3.889086997320187478e-01
3.480110581081693466e-01
3.205339175108630201e-01
2.821050624342694713e-01
2.525787782466004661e-01
-2.327183507629307715e-02
-3.486196839929332075e-02
-6.467406417026991261e-02
-1.023135348439985354e-01
-1.512684277236835961e-01
-1.978208858784289426e-01
-2.133492657941964132e-01
-2.053684640106815673e-01
-2.123267487108086438e-01
-2.058068113872129345e-01
-1.989784553139614665e-01
-1.978745065816577275e-01
-2.056456010174218529e-01
-2.195964977275846330e-01
-2.354706109079985066e-01
-2.357812711989362153e-01
-2.359696147444673431e-01
-2.311269348312247063e-01
-1.866675944094579598e-01
-1.666350514334439259e-01
-1.444809556693663621e-01
-1.418858435567122989e-01
-1.622387646581051890e-01
-1.705945923789273511e-01
-1.513332349266324761e-01
-1.183411003011807794e-01
-8.680196533289863403e-02
-7.644996613441214228e-02
-6.044192873357660811e-02
5.101866257107227215e-02
5.265369319539771331e-02
1.275105854168147590e-01
2.160210798421644540e-01
2.343944277752099958e-01
2.440200582757691417e-01
2.604523862612108664e-01
2.884246072908467351e-01
2.877476462389819134e-01
2.900918986456091919e-01
2.983243686259899885e-01
3.021697349688900469e-01
2.799262738622459445e-01
2.269370576673776230e-01
1.846689486359307519e-01
1.760951344583983891e-01
1.652397613769938656e-01
1.556520580847741142e-01
1.428125412164021335e-01
1.400199303002272189e-01
1.608039441552635562e-01
1.641066025882661483e-01
1.312258654599327556e-01
9.438619623783767176e-02
8.659167957244659486e-02
7.857412566900920381e-02
4.180164584052698667e-02
5.430967528800893784e-03
-2.275133889763408454e-02
-4.094311744054070223e-02
-7.070153520861602314e-02
-9.075467969925286871e-02
-1.045984481621684004e-01
-9.422357683488963298e-02
-5.093934773206560546e-02
-1.330013610024768228e-02
-5.817838445232452992e-03
4.953754084956619314e-05
2.950986614564560587e-02
5.705705081735183704e-02
6.279605881456486183e-02
7.026622476010339902e-02
6.576388706195811229e-02
8.976897081593118721e-02
1.320082320764958683e-01
1.712824733741530325e-01
2.137016061139428436e-01
2.884827481180291531e-01
3.598926373950436242e-01
4.498333363070984858e-01
4.544375406881299706e-01
4.632407241406784060e-01
4.519686045412562581e-01
4.042014179504609395e-01
3.580571656852755691e-01
3.570383321378923225e-01
3.921224646756449883e-01
4.601978030205774450e-01
1.348016150786056008e-02
7.665524499002608280e-03
-5.092582437367874568e-03
-4.688225281679717776e-02
-6.279736393909038372e-02
-6.368016757736066902e-02
-7.653043643580992317e-02
-1.154227636991039391e-01
-1.525311038748020376e-01
-1.610810260389527460e-01
-2.196191181710375195e-01
-3.128528721161120130e-01
-3.578203442371901688e-01
-3.880353663282917198e-01
-4.086399197856206422e-01
-4.354674412449309195e-01
-4.517812844599406463e-01
-4.671177141099622232e-01
-4.895326188243160903e-01
-4.819425015639931531e-01
-4.563764865670205673e-01
-4.213012723533201553e-01
-4.156910245530365255e-01
-4.022298449846156698e-01
-4.192487793755617087e-01
-4.416278186338303269e-01
-4.693045466872717286e-01
-4.751648963803906112e-01
-4.749454433858480984e-01
-7.871309946170704230e-03
-1.441269939652725651e-02
-2.142906367385997296e-02
8.726812761298278348e-03
7.972738741031064336e-02
1.465995134128109667e-01
2.377538267155395180e-01
3.001524919818413517e-01
3.802934619570295105e-01
4.778147138874951350e-01
5.293967507872507916e-01
5.386694464560606299e-01
5.372884324991785698e-01
5.182148675236345481e-01
4.791540743201105901e-01
4.299620744524718097e-01
3.899267666700516610e-01
3.464810986430581496e-01
3.009326845823975249e-01
2.916190905694240887e-01
2.571052614238972800e-01
2.163599902767490146e-01
1.986456766320609524e-01
1.959041827484150067e-01
1.820929241987662983e-01
1.910088944822034007e-01
2.162201118344734274e-01
2.176846102731432309e-01
2.196772603776977473e-01
-2.528834650278499654e-03
-2.235096171911495413e-02
-4.018226158768513356e-02
-3.840965750272182233e-02
9.135227825526899548e-03
-9.255745973707936447e-04
-3.570405286907774034e-02
-1.322790149166479523e-01
-2.167122208081131984e-01
-2.978478093356642376e-01
-3.673334222998383969e-01
-3.844575496132803250e-01
-3.825856599739131392e-01
-3.719270560533579073e-01
-3.670517660521120940e-01
-3.682417659323706793e-01
-3.623770143233402963e-01
-3.424858685653925927e-01
-3.451649190225021813e-01
-3.228131369653756688e-01
-3.076783469087596146e-01
-2.693592826409121344e-01
-2.648297648569150065e-01
-2.436598866408914155e-01
-2.346736524414999026e-01
-2.094777001037074204e-01
-1.742898417339214523e-01
-1.202077925091282751e-01
-4.355762318605925498e-02
5.146430853725407484e-02
6.985905969050208719e-02
8.382014009816457500e-02
1.161462063177849530e-01
1.590814749997813138e-01
1.933379990253338010e-01
2.447132756059129943e-01
2.483511360813785707e-01
2.261913863949686354e-01
2.065096456134768721e-01
1.889338163131120130e-01
1.598135588931750561e-01
1.400224864870582286e-01
1.403200960167213240e-01
1.398661691225405734e-01
1.471697916832775677e-01
1.587861720939058863e-01
1.663801087369093101e-01
1.731599959803441502e-01
1.634569922559139521e-01
1.606451050281811066e-01
1.386556772515748215e-01
9.522493779687515869e-02
4.097283713792335830e-02
-4.813037741869585773e-03
-5.428272893205146610e-04
4.093540131423983180e-02
7.815231933163307998e-02
5.412450538366640751e-02
-4.480799042993399012e-02
-1.646139168167615185e-01
-2.428311668595427020e-01
-2.693209139313003653e-01
-2.885066599612699512e-01
-2.924549451168999004e-01
-2.647052797867853746e-01
-2.191733263428411738e-01
-1.535988077587188139e-01
-9.838165892491315678e-02
-5.914164175050096173e-02
-4.314273527290657384e-02
-4.096544250088010597e-02
-6.638647650685902679e-02
-9.681468862548572862e-02
-1.397451720210478587e-01
-1.739210963591791281e-01
-1.942088822401926707e-01
-1.687764555544784550e-01
-8.673017618284589725e-02
4.496599618387497888e-02
1.874097224511963866e-01
2.820739818888003958e-01
3.079151525829808556e-01
3.172918062361658742e-01
3.369372598203201896e-01
3.334281251031745996e-01
3.365711743294564351e-01
3.449818588133019559e-01
1.670144775569751966e-02
1.531637129685558055e-02
1.123025006489412198e-02
6.081849221244938625e-02
1.157680783073907205e-01
1.360105687290626975e-01
1.662781185903774994e-01
1.759347398711975929e-01
1.614988141182957804e-01
1.017887112222633228e-01
-1.411620784085870772e-02
-5.448275454100890564e-02
-5.448372297236158540e-02
-3.849160988178615406e-02
-2.471092511142819817e-02
-1.036875076910380271e-02
6.692531327591894411e-03
-2.780091665224941264e-03
-3.195211237408757121e-02
-5.164901391253879509e-02
-6.290427673949201826e-02
-7.039889711379113124e-02
-1.144099614612192617e-01
-1.808099019354408865e-01
-2.661471615709442018e-01
-3.388004793976609474e-01
-3.890305025875246958e-01
-4.063731076994075431e-01
-4.473648066287292391e-01
2.200701614808096493e-02
7.141362768427966801e-02
1.214922053168819571e-01
1.261887323714715459e-01
1.088598529726342856e-01
8.718122670507721939e-02
4.445965862838064525e-02
-2.534561614906720439e-03
-8.794762512324067957e-03
1.163810898386040925e-02
5.778867894366649521e-02
1.321778893310431024e-01
1.834502343006851888e-01
1.950336635085488934e-01
2.049643472137187561e-01
2.203880516389273569e-01
2.219313784692220903e-01
1.991385014861298541e-01
1.673525900724193161e-01
1.967211592124244179e-01
2.232213542603316558e-01
2.754752829963972305e-01
3.161501616707150797e-01
3.726288804457058568e-01
4.560579973219757166e-01
4.895102418858448545e-01
4.762425984893372544e-01
4.762528934731588559e-01
4.506039373216086941e-01
-3.998193508453126710e-02
-9.859617332327244577e-02
-1.388669278111517580e-01
-1.470028699619805590e-01
-1.667665683061193560e-01
-2.414429638205716766e-01
-3.107777234770684460e-01
-3.401605360284489787e-01
-3.341649403423275766e-01
-3.388086743807037782e-01
-3.584523853312303054e-01
-3.487745863432470395e-01
-3.551059722576326294e-01
-3.791214104674107133e-01
-4.012835267665749717e-01
-3.859695359994189667e-01
-3.741298692982368279e-01
-3.897170412008942875e-01
-3.942971952678873127e-01
-3.869128406192625658e-01
-3.845075670959308689e-01
-4.182849637123745579e-01
-4.543322958277047352e-01
-4.758338990299941229e-01
-4.806927603206023747e-01
-4.865626676974649789e-01
-4.753469910148969690e-01
-4.521644088692674535e-01
-3.964592165467017426e-01
3.398120234549190793e-02
9.751266564092644917e-02
1.894618990351488175e-01
2.726737880268577663e-01
3.030350635824403671e-01
3.600657261004694965e-01
4.102396844103763374e-01
4.763943151694155498e-01
4.923947075434784715e-01
5.155521240945146744e-01
5.810334960315115538e-01
6.225486308530072677e-01
6.125805025107635693e-01
5.896348471273470393e-01
5.639857273075066235e-01
5.219697669644490778e-01
4.546480133936211532e-01
3.984872808562907043e-01
3.314500548142805814e-01
2.689190957233764667e-01
2.358998852211842134e-01
2.726506292999965608e-01
3.059969096514117415e-01
3.316109804432954555e-01
3.352488789109403511e-01
3.316072172393111916e-01
3.192122451706829733e-01
2.839493517109513143e-01
2.167175279308317104e-01
-5.559433786331514221e-02
-1.400783169757561786e-01
-1.833721155590470053e-01
-1.974729141299463586e-01
-1.788761257734088894e-01
-1.868289590766871733e-01
-1.472039223830957366e-01
-9.117518220839704313e-02
-7.377157677778653500e-02
-6.406794657432625384e-02
-5.828196796635608939e-02
-7.649408687729625234e-02
-1.179510556264782850e-01
-1.805881674857996444e-01
-2.258871684763499310e-01
-2.492673080495591553e-01
-2.281577560461982568e-01
-1.930557589696862142e-01
-1.562634810489874904e-01
-1.415861564355356539e-01
-9.700571636605315184e-02
-4.549701828922453339e-02
-7.926560134795299084e-03
6.689063083185048386e-02
1.251694506875234980e-01
2.094237154407576074e-01
2.927619915387483229e-01
3.416059097053331661e-01
3.664372835690191121e-01
3.730637614837784694e-02
5.795219293941679395e-02
3.704750857872550485e-02
1.222960610801780354e-02
2.635529544284254122e-05
-1.454036981270829480e-03
4.511536073576079275e-03
9.516249034563824954e-03
2.971947682732719101e-02
5.893600188030490017e-02
5.779623289069098918e-02
5.886328870325374663e-02
6.060457210036256093e-02
2.051751857001589407e-02
-6.556882518349606281e-04
-3.562544384629102827e-03
-1.479044234903235250e-02
-4.729042408987115670e-02
-8.350756934084871408e-02
-9.685333257536701823e-02
-8.301987482802677953e-02
-1.339084135112096341e-01
-1.575985044823440817e-01
-1.848840358515247140e-01
-2.010618902949298237e-01
-2.355498961113875467e-01
-3.170425822548305073e-01
-4.103960045504447818e-01
-4.592023762970955936e-01
-2.759123408408425612e-02
-5.506993686756622708e-02
-3.345521406226252548e-02
3.934816207735794547e-04
5.851336931143023834e-02
7.198859843445758189e-02
8.947802019901662796e-02
1.021066734096490458e-01
1.013381147675249672e-01
1.320847957882268775e-01
1.973725636932504579e-01
2.565331410569716697e-01
3.008561705138311781e-01
3.515242737426845232e-01
4.124805990669401234e-01
4.696352006737648521e-01
5.135534990218383333e-01
5.828220554936144326e-01
6.342005457130602819e-01
6.648271951116787593e-01
6.447153747908852539e-01
5.914936913976849286e-01
5.227739471254604364e-01
4.434980020137024859e-01
3.843749492474228813e-01
3.684388622537824731e-01
3.897302201777016473e-01
4.374686603380062433e-01
4.872638639124748927e-01
3.484774055117362268e-02
6.823099435299663507e-02
6.831373158787022726e-02
7.373450017834215497e-02
3.673675817965794954e-02
-6.448329143748132708e-02
-8.491039360498922606e-02
-1.194201148113023248e-01
-1.425833086137221484e-01
-1.847680713341605385e-01
-2.074076676028624167e-01
-2.427220961907189944e-01
-2.643138779398430116e-01
-2.509070089785626623e-01
-2.461929810084845238e-01
-2.437546982087184233e-01
-2.621403272857822930e-01
-2.767729778905862470e-01
-3.043700909457694448e-01
-3.052039099885315299e-01
-2.920877786273367582e-01
-2.568471556000564426e-01
-2.304596132976730605e-01
-2.143526366691568541e-01
-1.814130516326082077e-01
-1.642051485939979294e-01
-1.897270709115362886e-01
-2.192140545289243403e-01
-2.078025125319327981e-01
7.443049721019849921e-03
2.883349688763676977e-02
5.931107751473793654e-02
1.249210924013690743e-01
2.661746701881383959e-01
3.236515201724434743e-01
3.219688499510934276e-01
3.339969871368410059e-01
3.374540443265395817e-01
3.299243913940951844e-01
3.455997195875475381e-01
3.406294067849754970e-01
3.924682299139415353e-01
4.496214448043224787e-01
4.735158507687656226e-01
4.830304085730022234e-01
4.715355062976846479e-01
4.434396811869141808e-01
4.354459510826891866e-01
4.231871424451634778e-01
4.205825080139529715e-01
3.978638225985104415e-01
3.986492411135020286e-01
4.010911733128956214e-01
3.998660994603467911e-01
3.928322441715378921e-01
3.827241969530086330e-01
3.445341334520104493e-01
3.132492712028874249e-01
-1.834375631811396845e-02
-9.104000190774172441e-02
-1.685120858945747258e-01
-2.304500251172631464e-01
-2.741156281929683636e-01
-3.419845853721043549e-01
-3.754756171998286929e-01
-3.910898426061567013e-01
-3.615482053516411165e-01
-3.184400710094772435e-01
-3.194585700757558433e-01
-3.264337018344272145e-01
-3.102232790776347504e-01
-2.885229800218206964e-01
-2.518110570085316247e-01
-1.794880370557162819e-01
-7.078249261107666390e-02
-3.555005692692769781e-02
-6.806009562937853641e-02
-8.386346590640952892e-02
-1.051049507406936478e-01
-1.084543814465599026e-01
-6.660308532073359877e-02
8.335398941705624010e-03
6.268889046111006391e-02
1.433412134966010054e-01
1.751914674268571503e-01
1.791891197451359607e-01
1.763184550717926125e-01
-2.549864040335636951e-03
-6.726304063289777202e-02
-6.535790045490917632e-02
-5.333089883053970803e-02
-5.099786153938051791e-02
-5.787037486956371490e-02
-7.411583797791440609e-02
-9.672134646266729308e-02
-1.198357788493467080e-01
-1.195786041071996986e-01
-1.264206505889220733e-01
-1.623297666754781043e-01
-1.809347866277073724e-01
-1.817249214386011114e-01
-2.127330561181878243e-01
-2.342363440611705538e-01
-2.372307932169742950e-01
-2.505877654408723565e-01
-2.661145509727641523e-01
-2.921639508789469764e-01
-3.421544601118248763e-01
-3.919211136286535058e-01
-4.093583688740000115e-01
-4.250138904552741015e-01
-4.224095754714095596e-01
-4.190093887339887968e-01
-3.849881054249554291e-01
-3.596770381543232253e-01
-3.546962229932871247e-01
1.791771032806255617e-02
8.599788182904655534e-03
-2.783448583610372701e-03
1.916669044933779278e-02
5.923868170955597090e-02
7.604866058320829125e-02
9.332060026689936727e-02
1.514924898658268904e-01
2.152155662671540182e-01
2.875196643746221192e-01
3.437696808526877756e-01
4.600684030786120760e-01
5.707437175850295086e-01
6.101827432368347459e-01
5.720820980358921615e-01
5.481708153490086888e-01
4.988064381549406900e-01
4.431616795765996875e-01
4.277876383203056410e-01
4.490747470188338752e-01
4.738827383002315319e-01
5.082585998415439787e-01
5.312169643350028725e-01
5.344635433571822691e-01
5.089886345526257738e-01
5.046056209976297335e-01
5.027405116731198387e-01
5.062268159316632987e-01
5.096017497909439697e-01
-1.168776038157587349e-02
-7.741401005973928828e-02
-1.534596461723772842e-01
-1.923258844924461974e-01
-2.154361257291387000e-01
-2.569300683774741190e-01
-2.505002829227743200e-01
-2.421778788619569911e-01
-2.789159688351792732e-01
-3.236091630757668147e-01
-3.844439134441317574e-01
-4.396634452759001777e-01
-5.295007747430316991e-01
-6.069790087657721545e-01
-6.282462321338646571e-01
-6.104590346509729537e-01
-5.862665053664741777e-01
-5.624810847795602697e-01
-5.376415544621609977e-01
-5.437486682061888343e-01
-5.694604400421517942e-01
-5.821406179412338400e-01
-5.856212584743116789e-01
-5.819116033835807222e-01
-5.688233954252864821e-01
-5.313636353596166151e-01
-4.533545491877279954e-01
-3.604396895087923491e-01
-2.440657397433466658e-01
1.263008724967468743e-01
2.374701085108138487e-01
3.726879223386039830e-01
4.422501025757600290e-01
4.839963325552157913e-01
5.008077159959584135e-01
4.794384149489797076e-01
4.303618109182237306e-01
3.798281755360118361e-01
3.616954533967691732e-01
3.524826839863022254e-01
3.285721399138286647e-01
3.219776448023520254e-01
3.253312013163805472e-01
3.403463431765332281e-01
3.586250274838077567e-01
3.490469896487869428e-01
3.458484548060862251e-01
3.441228653240702151e-01
3.405273782671429661e-01
3.216093498413752916e-01
2.887227587393020878e-01
2.724470853665831305e-01
2.730699671506656712e-01
2.358064988373755055e-01
1.942265145109208224e-01
1.632312698454026212e-01
1.377970995988857528e-01
1.037160405607604197e-01
-3.754218242632231112e-02
-6.130201703562460774e-02
-6.561673498139698746e-02
-4.306871407341358177e-02
-3.508779519616124498e-03
-2.411741050082551185e-03
8.171953509196768980e-03
3.013080204173129370e-03
1.995864439472423701e-03
-3.608045868676652834e-02
-4.320603708215777633e-02
-4.293243940484347404e-02
-2.121733176073936633e-02
-9.806968574746539533e-03
-9.888949368139875531e-03
7.697840806426593796e-02
1.093940566845558043e-01
7.121455948191011964e-02
1.616062152704988292e-02
3.053036563787032975e-02
7.931787620261886163e-02
1.420035122978229314e-01
2.960414780116783495e-01
4.435433283699133922e-01
5.071429942998063600e-01
5.219931317653517810e-01
5.489881894328348944e-01
5.569286740253633905e-01
4.916940559701795110e-01
-1.579220329145533674e-02
-3.211887856723714615e-03
9.181313343367631177e-04
-2.701525783345411907e-02
-3.415747170070904115e-02
1.774133800780791637e-02
3.407647274646476154e-02
4.904523168539479810e-02
6.772009462876478481e-02
1.062355827400086328e-01
1.448113621913244276e-01
1.377706915492216688e-01
9.509395493896270757e-02
6.538931453440524622e-02
4.368461032617514117e-02
-2.908985132980580757e-02
-9.382132632626494217e-02
-1.026214059008000723e-01
-1.251171331928352115e-01
-1.911782900513899208e-01
-3.438320375740872015e-01
-4.716464600937135265e-01
-5.500013636321997579e-01
-6.211721835157328897e-01
-5.963506562325371352e-01
-5.690538434547791624e-01
-5.741080517856020915e-01
-5.814381042430685209e-01
-5.743242112360205098e-01
7.260338339579527553e-03
1.834612824329381192e-02
2.230868948420035303e-02
5.037464825921697531e-02
7.811815771277375031e-02
1.553159242330933165e-01
2.663056519956526480e-01
3.631131571069664554e-01
5.351823052484003806e-01
6.682385787526488041e-01
7.308870863363730042e-01
7.951003410304663399e-01
8.108671909625280172e-01
8.321920418256413265e-01
8.352566326463195523e-01
8.151311475651004113e-01
7.796583425912483323e-01
7.729636429478035087e-01
7.793378483585381433e-01
7.754061590247711688e-01
7.771698175596744029e-01
7.985393038793731080e-01
8.376074445884323927e-01
8.661658205257609655e-01
8.620706008364746875e-01
8.493186296816819247e-01
8.004689213520195246e-01
7.428373417192590811e-01
6.877799971852772698e-01
-6.249416499748098458e-02
-1.404329094726486094e-01
-2.245913327625436717e-01
-2.929974647342127869e-01
-3.261464489882855977e-01
-3.370882504235742094e-01
-3.070186013476066678e-01
-2.714322938572795718e-01
-2.389451415335418771e-01
-2.392859956259547061e-01
-2.293095428953536019e-01
-2.305412188705195653e-01
-2.212751721033062446e-01
-2.265678269370615394e-01
-2.412105085238291924e-01
-2.589532187730084756e-01
-2.281874758333361508e-01
-1.845119170433575095e-01
-1.640066606416726858e-01
-1.052004015351911403e-01
1.419028191492779922e-02
1.239392302124778522e-01
1.788897891440359156e-01
2.083411410094513916e-01
2.039190277057989498e-01
1.758563439343612256e-01
1.600887291426801029e-01
1.678551676817934546e-01
1.843231155367309193e-01
5.162692851195142818e-02
1.185834467340159959e-01
1.608150604923727633e-01
1.636932097006817410e-01
1.532060620065673340e-01
1.366634290978598343e-01
1.219397872410069306e-01
1.132565369272196670e-01
9.740902304628851205e-02
7.174644866537137344e-02
4.705862047245953916e-02
9.269140809451389962e-03
-5.433784860217971691e-02
-8.980456775653852808e-02
-1.264504333271297409e-01
-1.891212844776884450e-01
-2.474046706666720996e-01
-2.987131392442118338e-01
-3.648463433686207624e-01
-4.456384800385655987e-01
-5.212143777671801592e-01
-5.682379946809644755e-01
-5.767303543544515243e-01
-5.665993485890697956e-01
-5.424224936948250919e-01
-5.463847818409931500e-01
-5.229014934280864502e-01
-5.061362074325272964e-01
-5.210787276083511665e-01
-4.998958614776647519e-02
-9.766566236245258215e-02
-1.336324132750160709e-01
-1.235731902087881806e-01
-9.604159000911194344e-02
-6.648602911094150802e-02
-1.904448873409259751e-02
6.486473286410399108e-02
1.843908063255068064e-01
2.483115471190869838e-01
3.409253976005088282e-01
4.016380332826017252e-01
4.527902966250205719e-01
4.622436441720009226e-01
5.229190459966702731e-01
5.264999560168183157e-01
5.808858961552590960e-01
5.806862021364941340e-01
5.772715409909126016e-01
5.848687529189826595e-01
6.298579188217880986e-01
6.723817885681095952e-01
6.644387935244933097e-01
6.446157752582388767e-01
6.352776537204393170e-01
6.277377045357825924e-01
6.020313567671013999e-01
5.871020652238206905e-01
5.563248372686812049e-01
-3.103528922047595062e-02
-6.051611200342274510e-02
-1.173334375252463035e-01
-1.645435974323784523e-01
-1.975160668450354207e-01
-1.843178051030231190e-01
-1.781578219970397781e-01
-2.097361898262815605e-01
-2.788861232019345104e-01
-3.521269219192156297e-01
-4.227805936360011785e-01
-4.676674803343017772e-01
-4.846443340287652224e-01
-4.749561525363427683e-01
-4.075229983761262109e-01
-3.126611052685491221e-01
-2.941592331175211794e-01
-3.031664953574739196e-01
-3.222333609597580750e-01
-3.290397176943726798e-01
-3.355689467873897991e-01
-3.486149677218992604e-01
-3.641414860277306653e-01
-3.558911554207571659e-01
-3.229084747959724555e-01
-2.641230534159950127e-01
-2.273924994474423589e-01
-2.139520266938759463e-01
-1.473971229477178402e-01
1.088312064079207248e-01
1.707039092895077104e-01
1.761563328999395939e-01
1.966488634741689612e-01
1.961017796884631514e-01
1.611770468305552817e-01
1.410353520351626533e-01
1.339751835454586204e-01
1.251239647219848095e-01
1.191671879568509118e-01
1.346798085817376145e-01
1.511598092047908293e-01
1.437774799498131306e-01
1.290926210592990009e-01
1.275653235522066775e-01
1.303338065306069160e-01
1.450982835987073005e-01
1.261307514691188958e-01
9.212896292423702893e-02
8.661145752339181880e-02
9.104427439793386090e-02
6.484841123344825542e-02
2.762156484253446009e-02
-1.770405458603342003e-02
-4.397058489380936686e-02
-6.994425091752172474e-02
-1.059265389286938031e-01
-1.414026329550294447e-01
-2.435224179687558166e-01
-1.127053875844895026e-01
-1.590980307723366405e-01
-1.172280233777446279e-01
1.757496912322653593e-02
1.784631329797677912e-01
2.943257550031012082e-01
3.562476906723273107e-01
3.464296718780351392e-01
3.333154607818248905e-01
4.134869015363502598e-01
4.588924189135293874e-01
4.188945680983741648e-01
4.028857348025797203e-01
4.225127668701117445e-01
4.329337272222304467e-01
4.030915168753908540e-01
3.948297524189676722e-01
4.385913418130726882e-01
5.011852754259783493e-01
5.839613635160226801e-01
6.540493052224584103e-01
6.750657744995792742e-01
6.413596493391674480e-01
6.273306888876503118e-01
6.425991600392213510e-01
6.699221337754508454e-01
6.434894497619962905e-01
5.842207264397150102e-01
5.907403804577828765e-01
1.889200871373160340e-02
2.703446323764247677e-02
1.050304049882762672e-02
2.927131674666275107e-02
4.824379087448926740e-02
3.247574175931100537e-02
-7.775033785989218793e-04
-1.566306778386952064e-02
-9.613499204207438462e-03
-2.735696278893591515e-02
-5.158090322809560230e-02
-7.650351199470942221e-02
-9.321136504607030471e-02
-1.234926786581860836e-01
-1.838329916576059431e-01
-3.105105604851053913e-01
-3.403376270888781585e-01
-3.429954880829762520e-01
-3.768501873223724097e-01
-3.898174879880386134e-01
-3.757239491838322842e-01
-3.804998639658828119e-01
-4.169189577248680334e-01
-4.364697426874658004e-01
-4.215455920527613198e-01
-3.448075707318876693e-01
-2.604360483010225158e-01
-2.039868831916399339e-01
-1.798648903091783213e-01
2.108979203907396585e-02
3.102747648698767069e-02
3.183058347324527193e-02
1.697337392580736820e-02
1.635572495187234340e-02
3.258666476411581359e-02
3.796076379583342153e-02
4.480894922465106234e-02
4.372102799329907058e-02
8.057682391608503303e-02
9.991536847629803320e-02
1.134157934113568106e-01
1.295334578742064757e-01
1.928484035959133480e-01
3.346152641882914613e-01
4.208009039733572876e-01
4.445287032421829654e-01
4.570646775045987820e-01
4.585008544025641064e-01
5.051249138272208006e-01
5.073989745155454978e-01
5.333548090331614588e-01
5.554769718915949506e-01
5.544555286480091771e-01
5.574746540857057342e-01
5.802837704745102965e-01
6.130150966440125471e-01
6.289230362263639185e-01
6.539049058229420286e-01
1.417128802057935830e-02
3.701064711016728570e-02
3.601551727793608076e-02
2.645060767996415541e-02
7.112224586999626313e-03
3.024446159173067167e-02
5.052447041990582727e-02
6.290817154878425299e-02
6.490570431898440296e-02
6.295611518930994965e-02
4.659693470601173476e-02
2.652308339983600743e-02
3.153698261710213141e-02
3.094416390833281197e-02
-3.703876228859509512e-02
-1.119369861332140392e-01
-1.992874517009007862e-01
-3.495084296730217588e-01
-4.836660048686661773e-01
-5.646869336658131289e-01
-6.117758003345679096e-01
-5.843185579979333077e-01
-5.685449750598522423e-01
-5.808975553229763777e-01
-5.607754299327032399e-01
-4.935247403008360401e-01
-4.427195620284719024e-01
-4.101597017977862691e-01
-3.739737903299909516e-01
1.741432697894057871e-02
1.096671289047713993e-02
-2.840514720768278975e-03
-4.861426718436766270e-02
-8.860038064971817451e-02
-1.284123411629967126e-01
-1.416656150271533854e-01
-1.389429696733068542e-01
-1.281866627309562745e-01
-1.001802592103919892e-01
-3.777281485230924579e-02
1.763175229456729470e-02
7.360980074818029850e-02
1.164097708924126534e-01
1.786339214840688971e-01
2.082005105944941259e-01
2.039633017371505486e-01
2.150439965436045098e-01
2.099571104265586519e-01
2.288349309962881550e-01
2.338089642060844908e-01
1.647003384165304229e-01
1.065238113357109273e-01
4.634623098823651560e-02
-1.697952166372022204e-02
-7.064846530121739188e-02
-6.589644644291317577e-02
-2.744021901638756672e-02
9.264391703035633474e-03
2.033807605797918402e-02
2.165903106442565798e-02
1.999718923114465058e-02
1.463061268516221633e-02
1.398540017744673986e-02
-1.205889897621851420e-02
-5.481509441426977297e-02
-1.049654839836002274e-01
-9.813810674582724991e-02
-1.248791076839010222e-01
-1.745254522772843042e-01
-1.974439555093425447e-01
-1.891722314819329342e-01
-1.954484168717025849e-01
-2.174594156261135947e-01
-2.415869801172645381e-01
-2.474555712319097267e-01
-2.354812041112346876e-01
-2.259179388667410526e-01
-1.700947728103344436e-01
-6.409988731348363611e-02
3.732567918056126088e-02
1.008686283573500680e-01
9.089182094150112523e-02
6.809972264788093088e-02
2.182230800487284378e-02
-5.432085101384060560e-02
-7.498437989043194030e-02
-8.049237281488842710e-02
-1.241140086020611072e-02
-3.304772418468302636e-02
-1.173975968916009943e-02
5.156339240193975187e-02
1.098533516402416671e-01
1.681986573148994690e-01
2.320261927893894627e-01
3.133600359086845533e-01
3.658850926649532265e-01
4.069530611166217171e-01
4.074936417528540744e-01
3.915475819661226597e-01
3.475153341592701062e-01
3.086327656082956117e-01
3.099303766616328115e-01
2.972620970627526948e-01
2.622904085576656663e-01
2.566028537572824231e-01
2.632296335238972218e-01
2.729404308886078656e-01
2.669319777805918559e-01
2.450911680906259216e-01
2.267217107670802256e-01
1.701600055591026284e-01
1.361677390171650848e-01
1.115221429348216137e-01
5.377090331722560179e-02
-3.612951946427846173e-02
-1.207935292815789374e-01
-6.730052103714956324e-02
-1.433957064945499682e-01
-1.968454539809043891e-01
-1.731956671606341147e-01
-1.553633855170949152e-01
-1.442387512118546988e-01
-1.378105632924001289e-01
-1.354145021916695057e-01
-1.833722003318806748e-01
-2.514210507181875442e-01
-2.882106674803431856e-01
-3.186491506917139560e-01
-3.222052639533341534e-01
-2.701689090906226332e-01
-1.965307870072302010e-01
-1.436049607095783720e-01
-9.929559694374448520e-02
-4.778321923691795231e-02
-7.416941493519624284e-04
3.717031576980026064e-02
5.641619084580608290e-02
7.124160787853067722e-02
1.105270813275968378e-01
1.624504889811885233e-01
2.440564809260663826e-01
2.535815292492114015e-01
2.922256401334628051e-01
3.523223864821171669e-01
3.647703808591183372e-01
-6.288698040112911114e-02
-8.856332686766764384e-02
-1.209667995844729560e-01
-1.637343510683629821e-01
-1.963548791681919148e-01
-1.934129707752386129e-01
-1.644780494090756773e-01
-1.407420106273962468e-01
-1.202833164653983045e-01
-1.176325189279744249e-01
-1.416515163765286467e-01
-1.639291818080534369e-01
-2.147619094105125415e-01
-2.707458947792595882e-01
-3.414097202279753329e-01
-3.828293011414079516e-01
-4.376552600499628021e-01
-6.020422392637454490e-01
-6.918866947164601378e-01
-6.268267794332169629e-01
-4.509420173602031179e-01
-3.382987007445308336e-01
-2.568821022652202357e-01
-1.906606905179651645e-01
-1.484540841328699512e-01
-1.404757030206826851e-01
-1.695789720084333874e-01
-1.926455003486657325e-01
-2.082339373410166949e-01
3.654037977664469083e-02
7.261539136068387301e-02
6.568495210076588653e-02
4.341875805675340233e-02
3.152242058675500808e-02
4.740306868183573330e-02
9.360008885009300783e-02
1.902739479327901773e-01
2.807115474844478764e-01
3.129445313558523178e-01
3.176545368776791389e-01
3.139768626395106343e-01
2.927809701866437853e-01
