2.913968716602158282e-02
8.571515937634953397e-02
1.607137475011271299e-01
2.926131522565548204e-01
3.058138519092847840e-01
2.826343358615142076e-01
3.116228604817518621e-01
4.010323965871151475e-01
5.001974252609112659e-01
5.423147671019307170e-01
5.959961594605355240e-01
6.030893942406521102e-01
5.863363290739668221e-01
5.000059748978770147e-01
3.541978500558032872e-01
2.289398477391343945e-01
1.411614681271325666e-01
7.364627820283761728e-02
1.177994591368814598e-02
-1.809749846244673721e-02
-2.087167310392666619e-02
-1.429201993741514680e-02
1.053878794233189913e-02
2.526220099571096361e-02
4.350377323600154028e-02
3.786601462506332394e-02
2.753803489295826579e-02
2.508145988298123713e-02
-1.118781804509597771e-02
-2.627393333963756392e-02
-2.965049030262950983e-02
-3.378191814441609819e-02
-6.195385853834861623e-02
-1.293093785414577979e-01
-1.784295289094256498e-01
-2.500360081073219609e-01
-3.112385779545013831e-01
-4.103116105864706986e-01
-4.975023315590778594e-01
-5.469508612311823059e-01
-5.465099136562844295e-01
-5.359620336610388946e-01
-4.980131104638599870e-01
-3.962645512790130553e-01
-2.925951514857809688e-01
-2.102593887168804354e-01
-1.377771051220783582e-01
-1.043996341732592592e-01
-1.048972640435450743e-01
-1.054061615935234647e-01
-1.074947508975076377e-01
-1.082181985971232135e-01
-8.854716674606236126e-02
-7.231359406969263548e-02
-3.800288432488537621e-02
-2.583583103027551481e-02
-2.595085749488250035e-02
2.292605796527717732e-02
3.163321704494617692e-02
4.230100846743824888e-02
7.584835884464563582e-02
1.002476123306047240e-01
1.164274862761744966e-01
1.254942369052176876e-01
1.519227752150999755e-01
1.753429288585887091e-01
1.807117893676809806e-01
2.025785003027693043e-01
2.581898987874565177e-01
2.592517012601514570e-01
2.582893762947159888e-01
2.411102197451077400e-01
2.271652371540878179e-01
2.111084573883503790e-01
1.796160063320940692e-01
1.579316576315904219e-01
1.525029884792919455e-01
1.642199729464786651e-01
1.802119895290163754e-01
1.694759071712815812e-01
1.567184758275975975e-01
1.338897803415760590e-01
1.033286434307405105e-01
8.322528387541305861e-02
7.345578841915165191e-02
8.341358531057119219e-02
1.143224407796732470e-02
-8.376671258878743559e-03
-3.579405043898001293e-02
-5.910002889659710795e-02
-7.269923262927302510e-02
-8.479953209003451842e-02
-6.505297545532495729e-02
-6.613170721566169474e-02
-6.347160931313758359e-02
-9.643045344187663181e-02
-1.337979164686153299e-01
-2.275219378713596585e-01
-2.918056333277254666e-01
-3.248081268159579982e-01
-3.517473927075392415e-01
-3.716558318044048126e-01
-3.484956373778411165e-01
-2.865351573814161612e-01
-2.368981208181102083e-01
-2.115996357827531482e-01
-2.110011118298492083e-01
-2.164540158833610506e-01
-2.446890443424157846e-01
-2.922818903984704675e-01
-3.204891231357848702e-01
-3.268590518639241105e-01
-3.690675439573161687e-01
-3.736262110528345559e-01
-3.786392191759391790e-01
-6.340234771907076600e-03
-4.044085883969475090e-03
1.219996743959340414e-02
5.771816748592382973e-02
9.272703295108578048e-02
1.403908981248399024e-01
2.251224956827551082e-01
3.294972842892777698e-01
4.226012065696704845e-01
4.888542141490542225e-01
5.398323827330999691e-01
6.015910907934036711e-01
5.956184889630169454e-01
5.803658314695681053e-01
5.879653699170817038e-01
5.859445524836286445e-01
5.783936595143300829e-01
5.559976268031685542e-01
5.118283630582882715e-01
4.279594692195900496e-01
3.288385736568270046e-01
2.788797009814021899e-01
2.680641817389463610e-01
2.527247380640564312e-01
2.568531471069142591e-01
2.934604775952591726e-01
3.187215910220792536e-01
3.152529156837910462e-01
3.082576173818017962e-01
6.750755766273904349e-03
6.860883182629044612e-03
2.508504979921470299e-04
-1.474817738722429897e-02
-4.859070378499275381e-03
9.854248711273428524e-03
-2.795394126455412118e-02
-5.035885569961738584e-02
-8.805864832298490597e-02
-1.419220740634311861e-01
-2.059160851320824825e-01
-2.568222291740862029e-01
-2.872025521977642493e-01
-3.089101966959242884e-01
-3.128053449675789466e-01
-3.104657161166067270e-01
-3.264534928873197850e-01
-3.237125772584927286e-01
-3.246519683745439089e-01
-3.295962221155279148e-01
-3.149016306516858599e-01
-2.984579890037569738e-01
-2.990880637386488239e-01
-2.754379128125984955e-01
-2.612710627891017268e-01
-2.410513622515443044e-01
-2.150883479931682829e-01
-1.869365895840306990e-01
-1.413992935574425458e-01
5.272894989819418461e-03
-1.809386915491354234e-02
-3.638510712854467477e-02
-1.779615416347428078e-02
2.837570041532812629e-02
6.589753649413997161e-02
1.274073087887682976e-01
2.102062660284249040e-01
2.907399471736066832e-01
3.181249609286181945e-01
3.348934404928372577e-01
3.346151977841453906e-01
3.288146453244946699e-01
3.183899491543991656e-01
3.453050702110675441e-01
3.646271610479029923e-01
3.422333288691209452e-01
3.345522882069912884e-01
3.618862076101879155e-01
3.544441705939961884e-01
3.660147625125919069e-01
4.020035245601070173e-01
4.215820074105667281e-01
4.556370930968409727e-01
4.751809020814121709e-01
4.708388231195852480e-01
4.529608884365929899e-01
4.222285246848258566e-01
4.028694096096504529e-01
6.055323329268726476e-03
4.693298090813336626e-02
1.121093002808098982e-01
1.440452542922084633e-01
1.369868045398575651e-01
1.075634345510963485e-01
8.396964490297392780e-03
-1.420929695570208873e-01
-2.141244114571860258e-01
-2.314847358809286049e-01
-2.480171397394954069e-01
-3.064585478079604464e-01
-3.665124630076013190e-01
-3.842109921626102875e-01
-3.908816843068983471e-01
-3.851240611744959907e-01
-3.877926209331400420e-01
-3.368560511456517581e-01
-2.612790976252430397e-01
-1.815640515423122547e-01
-1.567515217965065322e-01
-1.687687649808580770e-01
-1.900710962557168038e-01
-2.261380239802640579e-01
-2.277840091876428275e-01
-2.153546984392342711e-01
-1.994504218457129885e-01
-1.742510129336355962e-01
-1.230297433567559273e-01
2.968509091997208540e-02
3.687456062622303243e-02
3.920236934432317494e-02
9.882452292124810356e-02
1.043826371548111226e-01
1.301085370894346227e-02
3.837850370149324675e-03
1.038856774917171211e-01
1.503565963355252832e-01
1.690880875385455950e-01
2.167384633376596981e-01
2.806257704928744046e-01
2.899242860863018856e-01
2.834827957787194319e-01
2.921884680444117866e-01
2.968934853234167504e-01
2.767512417935128477e-01
2.509042766478223330e-01
2.409535168311275621e-01
2.427229720782489164e-01
2.329750471260907396e-01
2.078776961613937602e-01
1.770994966328000020e-01
1.202311724798761916e-01
1.222751455752438127e-01
2.041621752316684635e-01
2.950516816580168178e-01
3.109320635868058069e-01
3.102737055600353622e-01
1.183696680474945412e-03
4.898382117118022482e-03
-1.008305807783523717e-02
-4.524555818372700405e-02
-1.028908366136238733e-01
-1.674121099793342560e-01
-2.592413950482991281e-01
-3.295416124358151455e-01
-4.240757786548606800e-01
-5.001753202577556845e-01
-5.698245508332953069e-01
-5.947608884437015631e-01
-5.686351650830338000e-01
-4.965871248654481485e-01
-4.048087152098220343e-01
-3.653832258194339433e-01
-3.233664378953297613e-01
-2.908294936202499570e-01
-2.537852460012178235e-01
-2.106160392395088066e-01
-2.110065737058724467e-01
-2.244994913864924169e-01
-2.351428836535111866e-01
-2.256118074836551690e-01
-2.250810936207029156e-01
-1.951262891969917090e-01
-1.573436140684595363e-01
-1.487320116461341990e-01
-1.558190168061772962e-01
-1.847055228517427428e-02
-3.015895807201876555e-02
2.328619334584468292e-04
2.811022475777203919e-02
5.088350974851645059e-02
1.295222134305410999e-01
2.347657987983647332e-01
3.516729207818329872e-01
4.443817610328206769e-01
5.511479754529241548e-01
5.892128237574747462e-01
5.736757329324263521e-01
5.328989766078161550e-01
5.007221253132758676e-01
4.502017801270972175e-01
3.792842868491441144e-01
3.335315996614272027e-01
3.029434517790206005e-01
3.001236770062383763e-01
3.245025157844464436e-01
3.353141218006499558e-01
3.806915176776752285e-01
4.546807204265753688e-01
5.514673605587827598e-01
5.997027129576661952e-01
5.495412053179151712e-01
4.244734222354726305e-01
3.397049555230893803e-01
2.578599022953160791e-01
-1.039655452137776825e-01
-1.624522699485265453e-01
-1.925456506686626379e-01
-2.233825214491107214e-01
-2.977298264798074467e-01
-3.302559812721037602e-01
-3.626107709217328279e-01
-3.681877006606396052e-01
-3.612727156644937598e-01
-3.396457992731004571e-01
-2.674762787155032240e-01
-1.375716765661596508e-01
-4.200041003646413917e-02
-2.663704950045750822e-02
-5.074891521096925456e-02
-9.020416607160766653e-02
-1.052139746320844282e-01
-1.105969671925746967e-01
-1.246895463784989111e-01
-1.566451441007411516e-01
-1.688408793985250456e-01
-1.759562602309469592e-01
-1.835714883557069410e-01
-1.923136638470579474e-01
-1.895105804007618244e-01
-1.969225071224810775e-01
-2.084051128684216159e-01
-1.860604487514753436e-01
-1.604510188904170465e-01
8.746082072619849879e-02
1.208636625480681986e-01
1.262669338765299576e-01
1.316726471111939745e-01
1.513077102196277446e-01
1.810356456904337052e-01
1.890088344824905064e-01
2.242268263344564805e-01
2.412447529686816972e-01
2.629206753884958392e-01
2.622898490942663918e-01
2.473297616917208286e-01
1.801066590262675460e-01
1.043466631518924909e-01
3.252776763645438829e-02
3.986007270733650520e-03
-1.534733220400562315e-02
-1.530792604399449156e-02
1.246353135822524799e-02
4.418640837291017143e-02
4.965728896069986076e-02
2.114796547362576135e-02
-1.182741527747086657e-03
-2.812311367190277120e-02
-3.837283319560326478e-02
-5.642529350774325159e-02
-7.971949634757963254e-02
-1.149381721605856194e-01
-1.303278811155512973e-01
4.063414949490736471e-03
4.640917267097103595e-03
-1.770263489343003663e-02
-3.447146775739125257e-02
-3.771019573758759708e-02
-3.234262933296965653e-02
-7.573275851690325355e-02
-1.038783044583938969e-01
-1.338191861140041461e-01
-1.410502331137480636e-01
-1.389257917214204996e-01
-1.525712930972905612e-01
-1.367785799169495276e-01
-8.304207743201377778e-02
-5.691063586569761190e-03
2.520973192773826033e-02
4.846312171959372972e-02
9.569729868662504857e-02
1.399779235622258533e-01
1.617706086786264708e-01
1.753998391165263182e-01
2.060316461903064222e-01
2.082737939383707548e-01
1.681028983412879430e-01
1.149181174232801195e-01
7.593403854407008990e-02
4.803735819295407161e-02
1.829789876447079564e-02
4.864473789500145182e-03
1.335717157180139371e-02
5.199579496282526886e-02
6.333291152625486475e-02
8.811886371128752060e-02
1.076056844999041251e-01
9.636064253647311229e-02
1.237690433825685138e-01
1.795838166324937313e-01
1.836798345697322199e-01
1.854345474807591321e-01
1.785870557900147426e-01
1.453558242146709423e-01
5.061573578849747068e-02
-2.558174694373015201e-02
-5.345089714580868873e-02
-7.420008716684170502e-02
-9.479104353883387180e-02
-1.122277324930347764e-01
-1.084864108595042509e-01
-9.758758506257467213e-02
-7.834807323840997650e-02
-6.936124530579595993e-02
-5.832117708401728107e-02
-3.727189753772251757e-02
-3.457804402099901725e-02
-4.776563783659428658e-02
-9.553217790764299833e-02
-1.306134837154159234e-01
-1.621755619546176308e-01
-2.034069976519523384e-02
-4.022625870084431399e-02
-4.790281409585183531e-02
-3.080856387266744587e-02
-3.296738639945918925e-02
-4.630068594181212943e-02
-8.600221133550417507e-02
-1.319849770909826137e-01
-1.845456401248380951e-01
-2.105399174989016353e-01
-2.248975710049364862e-01
-2.068778421645653121e-01
-1.806443340332406777e-01
-1.250440832943338632e-01
-1.013576914724955841e-01
-6.587360394270080910e-02
-4.382811704900402283e-03
4.987168809085499449e-02
7.929826876781577438e-02
9.842619165058835717e-02
1.082986565755719721e-01
1.021694931090539882e-01
9.128748314175441636e-02
6.371983324750765676e-02
4.354388338856715612e-02
3.937753235912379995e-02
6.487954014217840737e-02
9.142979021958225205e-02
9.643828928615552631e-02
-8.467971877380827198e-03
-2.066244003798187179e-02
-3.425780172299006804e-02
-2.919173173554601153e-02
2.133362268718665133e-03
5.727815633465736106e-02
1.022764561168595793e-01
1.630938429508935750e-01
2.215113910424186261e-01
3.058669675372746588e-01
3.245872699981617315e-01
3.478716234446942446e-01
3.873036485736037760e-01
4.303608962179588104e-01
4.554522431728293963e-01
4.130493664875724558e-01
4.141509574404363403e-01
3.825304381235329343e-01
3.488151805653683102e-01
3.455147805681608730e-01
3.300988025154896754e-01
3.626790758527450032e-01
3.634015629171223338e-01
3.806094864230904484e-01
2.861705756686894753e-01
2.868181800457318964e-01
1.981771355013813019e-01
1.767186239086487864e-01
1.768049798037858444e-01
1.774716080526153941e-02
3.097537242637152938e-02
3.156998420284098938e-02
1.909362512710363960e-02
1.638329040428500305e-02
1.601705912362331660e-02
1.039233869534915942e-02
2.165873643412768307e-02
3.852105702285506250e-02
4.249963579731299429e-02
2.417190263694530758e-02
-1.228987583065387426e-02
-4.545016971317139554e-02
-6.969735615599968737e-02
-9.010767082610404710e-02
-1.099411652414029883e-01
-1.082917750571748411e-01
-9.747218412459458803e-02
-9.795854004031430418e-02
-1.298881179090738136e-01
-1.859497898079724432e-01
-2.292594122646097743e-01
-2.189009261996664457e-01
-2.077633220456834295e-01
-2.146062465051268020e-01
-2.273970132081729323e-01
-2.153616271745255051e-01
-1.644887408400638740e-01
-9.619392989727167109e-02
7.583708162883130710e-02
1.251868977591390486e-01
1.652889043755507159e-01
2.033921841864100577e-01
2.173209135087309785e-01
1.947935005057507551e-01
1.532633540475517031e-01
1.249142558434959693e-01
1.183596101070991669e-01
9.884322436518232224e-02
9.005367141648894236e-02
1.031342075077968934e-01
1.361498224314499628e-01
1.532244643788229777e-01
1.651913841400660943e-01
1.986466833805176635e-01
2.487423802871777945e-01
2.948451347309451465e-01
3.458945600146827726e-01
3.590712108412584813e-01
3.101564178773890124e-01
2.524213606453407643e-01
2.519904128529555365e-01
2.585823699790321117e-01
3.093177720278127429e-01
3.901848220315892179e-01
4.520304394861319741e-01
4.686905437813653763e-01
4.747435539518371495e-01
-2.346230661589749494e-02
-7.955006211030210550e-02
-1.368342257447599797e-01
-2.116326820038783030e-01
-2.635274956503997901e-01
-2.997050635144569153e-01
-3.345136306504205015e-01
-3.493399045557452065e-01
-3.479422632224855594e-01
-3.693369244023577136e-01
-3.941527192749927355e-01
-4.120219496352948707e-01
-4.112200343330026375e-01
-4.158122846947029383e-01
-4.194384093222191523e-01
-4.255998555407271566e-01
-4.585191315153524516e-01
-4.682334414128841993e-01
-4.788901273600197905e-01
-5.121560990490402476e-01
-5.786760225081069020e-01
-6.291027899309277194e-01
-6.550286031667589270e-01
-6.579667112228324566e-01
-6.651060696017057072e-01
-6.798788204689597547e-01
-6.693927578081945162e-01
-6.475821883500246789e-01
-6.357990859336678513e-01
1.588318193610597714e-02
2.198571051102208435e-02
2.878836441271109825e-02
3.005783066077290233e-02
6.803728312228619901e-03
-5.804704429205088251e-02
-1.107533463671093038e-01
-1.407677705275424684e-01
-1.648521569851588153e-01
-1.741582976303222841e-01
-1.742615477203597052e-01
-1.749544602533688320e-01
-1.516837721145860574e-01
-1.188122211768552622e-01
-9.729638124531510279e-02
-9.011489208276132756e-02
-5.823140270992669537e-02
-1.662715582119930757e-04
6.786969293225300626e-02
1.294576740024216965e-01
1.850885343859283161e-01
2.365733758716494772e-01
2.732275647886498460e-01
2.934334142170451631e-01
3.306417517168973030e-01
3.205158018642372819e-01
3.345526882123284196e-01
3.648142218219097010e-01
3.750907128691191583e-01
-9.299802389279052811e-03
-2.509102844077014741e-02
-2.805081023734313020e-02
-4.898873185847201633e-02
-1.000886510166529297e-01
-1.173527021796112596e-01
-1.088807312665553417e-01
-1.175363986601605376e-01
-1.087845790772924565e-01
-9.633402793589179725e-02
-7.923749674708788215e-02
-8.208670512626634053e-02
-1.003659509688120260e-01
-1.583895639912303588e-01
-1.666918351680175547e-01
-1.939894696602372515e-01
-2.276809312867530966e-01
-2.409137828085707866e-01
-2.406302338295493171e-01
-2.411896093052522949e-01
-2.575846276868035134e-01
-2.758616957155778926e-01
-3.113240179239767924e-01
-3.440736188404613927e-01
-3.872468751255983554e-01
-4.182481315045040171e-01
-4.677688092405195563e-01
-4.835955463033639323e-01
-4.507950911827739993e-01
8.435296475968867558e-02
1.622946524158466464e-01
2.192158379948263014e-01
2.550679284692128346e-01
3.108992558585428889e-01
3.120050993049841570e-01
2.801787276031739160e-01
2.584753738438008708e-01
2.339007858732664036e-01
1.828910756275275995e-01
1.497267738400037129e-01
1.620614020983115189e-01
1.958834794940825241e-01
2.059669287285247341e-01
2.268812068839046736e-01
2.231716802922986687e-01
2.116522883293698865e-01
1.543662568824331893e-01
1.155216528948188326e-01
1.091079678611203141e-01
1.039979214957246073e-01
1.688870172335918407e-01
3.137776987258875661e-01
3.676530763722749562e-01
4.011382375625578423e-01
4.592943436914594391e-01
5.061628659730840196e-01
5.163739482343130405e-01
5.180693761399043362e-01
2.048673993612283931e-02
3.218523898240968628e-02
6.346046828870868795e-02
8.684121107035225329e-02
7.696949760670515617e-02
3.327207726457080683e-02
9.136577545349144208e-03
1.868462693833780955e-02
8.506615507513925339e-03
-5.308990807903502321e-03
5.806095872404987493e-03
2.595925397781702337e-02
4.439108503935645933e-02
5.464573803196726837e-02
4.229619731648530390e-02
-3.651493263168523185e-02
-8.077689027410611677e-02
-9.300020174679105023e-02
-1.125754186775280163e-01
-1.247467197828352747e-01
-1.087919259401845251e-01
-8.405441199491818505e-02
-9.086024799831335375e-02
-8.589721880605187543e-02
-9.121146232476350091e-02
-1.273063476079253908e-01
-1.480431014105072218e-01
-1.461793326686256222e-01
-1.410678539537172649e-01
-2.672159227845116031e-02
-8.253441410302619907e-02
-1.252213444501183992e-01
-2.259283794608216711e-01
-3.246192522443528405e-01
-3.919382261931834144e-01
-4.399209503821450151e-01
-5.033639575549707645e-01
-5.274388646081047405e-01
-4.780668695778668154e-01
-4.093727623094486900e-01
-3.286732169088988353e-01
-2.903427431349452359e-01
-2.768938870255434614e-01
-2.779795686482613992e-01
-3.020423343959943163e-01
-3.242264434225179404e-01
-3.527043886273513174e-01
-4.085536965933387887e-01
-4.542763067054987891e-01
-4.928138183859822608e-01
-5.058849534615916799e-01
-5.190822002571265914e-01
-4.870261760126863293e-01
-4.222079249148837921e-01
-3.249571258020850228e-01
-2.519893499015681826e-01
-1.624802095128574098e-01
-7.379813533196986908e-02
1.677531446327342954e-02
2.232383204005622748e-02
2.826020390764884607e-02
2.648550017197661560e-02
4.732577547327344869e-03
-1.991614776561116684e-02
-5.877839994469950119e-03
3.563601323741477644e-02
6.206630947769460616e-02
8.894825138967714373e-02
1.250337527496137580e-01
1.318688070940558510e-01
1.380361499483299947e-01
1.024640629835387590e-01
6.264204568747336332e-02
-5.154456451206518297e-03
-4.719875726858174803e-02
-1.040448426887792127e-01
-1.067426134789963982e-01
-9.199319603718009164e-02
-7.324866318670193721e-02
-6.457239565281408522e-02
-6.837731175515050774e-02
-7.595794226740654187e-02
-9.724702587752587224e-02
-9.900410103226060798e-02
-9.524296643397839324e-02
-1.215469269595435275e-01
-1.624973835014691392e-01
-4.573439013431924299e-02
-1.169058309991639899e-01
-1.623209806017910650e-01
-1.760277257343443313e-01
-1.794177400000704636e-01
-1.436939665489008477e-01
-9.020889877308996274e-02
-6.513171471383341626e-02
-6.958304629919558060e-02
-1.011979887200404882e-01
-1.385476243593161683e-01
-1.796187277578078778e-01
-2.334847400990679445e-01
-2.687480423350078196e-01
-2.862852450390210857e-01
-2.999435158614391916e-01
-3.088357739979367689e-01
-3.485644427991941852e-01
-4.435196427946143660e-01
-4.612953032970185663e-01
-4.397536729907489117e-01
-3.892450128660762121e-01
-3.318722321548830401e-01
-2.700106388735900032e-01
-2.080009533600218063e-01
-1.562074781599938067e-01
-1.288647188616967032e-01
-1.243823552926471843e-01
-1.580069252712821559e-01
-3.601821104147343803e-03
-3.952385376737545773e-03
-2.745877688950119216e-02
-5.653368384232705657e-02
-7.710090507282554850e-02
-8.368113611951831510e-02
-1.062671142073578490e-01
-1.038811714893008165e-01
-7.755157229790807238e-02
-4.305398535502355517e-02
-2.361975653435204048e-02
6.230488068584810746e-03
3.004604650839651572e-02
1.898148198372045029e-02
-6.737443258009203489e-03
-1.338508790659645106e-02
-8.866165737746628181e-03
-4.640759443739357268e-03
-1.530720532707601986e-02
-1.889143483079177427e-02
-1.988709564988914991e-02
-1.161921009616847904e-02
1.531355143382201814e-03
1.214502283444152814e-02
3.058586765819716613e-02
5.220367675497487869e-02
4.133932177452838419e-02
-7.803025001982849540e-03
-7.708522525958380611e-02
-4.647483240987720921e-02
-4.566883021048211838e-02
-1.769534238870620890e-03
5.081433888793462916e-02
7.821393858462881432e-02
1.145619517822494132e-01
1.585578710522077273e-01
1.714202957943389838e-01
1.455683747557141583e-01
1.446138050249230200e-01
1.440351411043858665e-01
1.474460829901141634e-01
1.390488936946409904e-01
1.241981707556447101e-01
1.133305005467709348e-01
1.023298041709761186e-01
9.697237280594901698e-02
1.008109449643439792e-01
1.127920542243557589e-01
1.498001496663651233e-01
2.375499534420638659e-01
2.769438945381305084e-01
3.144764015188220574e-01
3.545223029340698884e-01
3.774235280984078456e-01
4.077529548702999440e-01
4.307368097565750231e-01
4.694105186736238222e-01
5.373828557047299892e-01
3.967219130018479617e-02
7.941205015293489877e-02
1.083295276067404167e-01
1.161753536094506656e-01
1.115001571637964095e-01
1.262923539273214657e-01
1.518660888816365795e-01
1.609706399998601378e-01
1.368659401383256480e-01
9.534324483165936004e-02
6.958709587519833206e-02
6.358091246347294390e-02
4.213486607898274394e-02
7.389045182694335689e-03
1.654026481151814852e-03
2.094698672479318804e-02
3.037904528909313867e-02
2.393530328493508053e-03
-4.581794777928403090e-02
-1.098022680259879702e-01
-1.726910716812384283e-01
-2.767080103855458773e-01
-3.114627183231899465e-01
-3.290039078359953684e-01
-3.586100833702129953e-01
-3.889962424020013132e-01
-4.034459892436841888e-01
-4.054620461410529120e-01
-4.184547730357277562e-01
-6.658522331475351559e-03
-1.061216482704251812e-02
-3.149551815451091807e-02
-3.419501063212507241e-02
-2.312142737973751916e-02
-2.161126080763051821e-02
-2.881019357719640309e-02
-3.199512088777037994e-02
-2.406503170496754676e-02
-7.526693898434792807e-03
-2.137267814963691309e-02
-4.797058650772237365e-02
-3.464818807004918511e-02
-3.574366030707550046e-02
-4.990921904313470880e-02
-2.854376184490605914e-02
9.120243958578338334e-03
5.173190271136783591e-02
9.627705363321294174e-02
1.573581983810621865e-01
2.364172847216728379e-01
2.898634407645364619e-01
3.561656136306255438e-01
3.450318870151102280e-01
3.487437798955071444e-01
3.792730421773463090e-01
4.000671431026779912e-01
4.100892888818088999e-01
4.383682970344339180e-01
3.742273495718306114e-02
4.495326586256571944e-02
3.285539639422396102e-02
9.672974665028144514e-03
-1.818435640392882316e-02
-4.864082253994726768e-02
-7.191705901096788478e-02
-7.503207403075920490e-02
-7.818298618571428715e-02
-7.381597876429703275e-02
-5.659682699437457165e-02
-4.090786587856554135e-02
-6.802812765230982495e-02
-6.894613219760577227e-02
-7.888097568605127730e-02
-8.128163003639995998e-02
-1.021071246134563071e-01
-1.297800326175149177e-01
-1.251638698852475529e-01
-1.252876814939217487e-01
-1.610703390587061579e-01
-1.887971358104708619e-01
-2.221027985867999599e-01
-2.472579628050158851e-01
-2.749968383143211459e-01
-2.812883420351269259e-01
-2.792819172684621876e-01
-2.807078184941641519e-01
-2.971231699839168572e-01
-2.763031627010232444e-02
-5.032106339378529525e-02
-6.534213465864734116e-02
-8.508653435405508225e-02
-1.285362731823668780e-01
-1.430218794340870070e-01
-1.359205266198517115e-01
-9.583672687094757503e-02
-8.907086540150602194e-02
-7.117388831557230899e-02
-8.193299116926373860e-02
-8.537597066095993503e-02
-9.966690621039241138e-02
-1.024057710836750179e-01
-1.109412580735773396e-01
-1.109188699347779250e-01
-6.972666005402688993e-02
-2.277010834210288492e-02
2.215050581844171113e-02
3.410721663276109622e-02
6.505008481523636560e-03
-1.822679371738338341e-02
-5.357909717596298638e-02
-2.899419786496464091e-02
-4.240873360124658431e-03
7.510073688910540515e-03
2.526359595648774298e-02
5.777871751688874041e-02
1.062341921869779104e-01
5.608348219506840981e-02
6.775531951410024289e-02
7.582914526291795188e-02
8.571332123013319926e-02
9.113060949228847518e-02
1.186289228425677494e-01
1.445805406586436748e-01
1.551072956632244815e-01
1.491683908213672916e-01
1.416932728844785272e-01
1.470218546216133515e-01
1.595426661165085247e-01
1.441845783814202642e-01
1.128642526134852886e-01
8.519221668582711848e-02
7.288280406381475451e-02
4.762584681181557950e-02
3.682627704302189608e-02
2.639189591270479224e-02
4.760403207129182412e-02
6.834336657837851436e-02
5.655280713040558571e-02
1.999852873464628283e-02
-1.188840392618654290e-02
-4.764616713491760108e-02
-6.794479122024424389e-02
-8.702921182402746647e-02
-1.175209702603786238e-01
-1.241250009269779520e-01
9.506526610669774682e-03
2.364447545993264566e-02
1.189103090136374961e-02
4.172777052064196614e-03
1.084548033829206039e-02
2.106506718774299111e-02
1.592290968437418130e-02
1.938495627406596269e-02
-9.912335971679769181e-03
-4.458174932135637591e-02
-7.052612997668167294e-02
-8.235806896367929564e-02
-1.028628185254335803e-01
-9.711676906031821432e-02
-7.942255267026382404e-02
-6.536754682738171729e-02
-3.581750697618458351e-02
-3.366138596111671599e-03
5.009468632974091104e-03
2.485617606435869698e-03
4.302827452957500715e-02
1.534012004062174361e-01
2.382757470879267037e-01
2.546007269654046445e-01
2.907352312440161235e-01
3.427468884680541228e-01
3.881101186634674516e-01
3.853402149405335542e-01
3.813591709475664393e-01
2.265730459107190981e-02
5.712353636696110987e-02
8.338443816330534664e-02
8.818622198312202343e-02
8.131539009831822984e-02
4.740781445818802869e-02
1.006558702218169482e-02
-1.903418907314827907e-03
-2.572648023779916873e-02
-4.077885452952380307e-02
-6.153429642113590614e-02
-9.741090532160134874e-02
-1.518822501101969036e-01
-1.865191951626206102e-01
-1.883528070929747777e-01
-1.964156365159173412e-01
-1.816768898178350855e-01
-1.600246210643634370e-01
-1.660346859281273957e-01
-1.935139828689586561e-01
-2.195657897835205652e-01
-2.306140859660061604e-01
-2.836801509784588338e-01
-2.919734367211417325e-01
-2.892962511618696331e-01
-2.803403729285054991e-01
-2.640425358640449138e-01
-2.843391761945832652e-01
-2.872647584140426424e-01
-3.512591653928936325e-02
-6.394610022090121970e-02
-9.433614954237021233e-02
-1.096340078732167683e-01
-1.064922264580034361e-01
-9.282132737951002965e-02
-8.217122014007954833e-02
-9.157887027284786208e-02
-1.171719510608687786e-01
-1.418568535684828491e-01
-1.641390033397489567e-01
-1.722093415100353075e-01
-1.564553332784577311e-01
-1.274843301274675711e-01
-7.477126082376023275e-02
-1.796049671848241880e-02
4.968901012668004713e-02
1.157898315752540069e-01
1.874788698972934542e-01
2.163480371933031443e-01
2.535812901171869416e-01
2.682496543646024634e-01
2.296075888134826437e-01
1.605044359299060974e-01
9.414326925684088354e-02
6.769572830122153051e-02
1.509927070601402993e-02
1.781948082139184555e-02
4.806866022282881012e-02
1.384187414993260160e-02
2.374806997033504508e-02
3.500760517137882499e-02
3.859091074119463949e-02
2.656138034130980236e-02
3.678106163289979191e-03
-1.118278407826583075e-02
-6.433624035554404673e-03
-2.397143666400125203e-02
-6.703015960235537973e-02
-1.031886772596369573e-01
-1.132909016456412621e-01
-9.854965812693791682e-02
-8.063615869214556253e-02
-4.333418783383292949e-02
-4.254864952046780863e-02
-7.959973514134188743e-02
-1.068499945490771347e-01
-1.772368202048129615e-01
-2.768052181184159077e-01
-3.315125889847796992e-01
-3.833592273389833105e-01
-4.321803712916214568e-01
-4.753433289255464822e-01
-4.858009168268992428e-01
-4.692437078016489238e-01
-4.452661020580496731e-01
-4.383475393599219894e-01
-4.392465162485346131e-01
-8.374398350001191135e-03
-2.861784368596288763e-02
-5.160868660083796355e-02
-8.572511162427207121e-02
-9.961660594072149766e-02
-1.154460193015825892e-01
-1.270007484563435984e-01
-1.288326661683251162e-01
-1.168171083432902324e-01
-1.257869681104785420e-01
-1.380601698821292689e-01
-1.671218392703637257e-01
-1.685304310487625856e-01
-1.456431357569549501e-01
-1.308904877079866413e-01
-9.983684715830094814e-02
-4.285816130963043119e-02
9.011662070402104430e-03
3.308579572764016458e-02
2.995007326408472698e-02
4.739207256310744298e-02
8.006413008808360710e-02
1.627455215424468971e-01
2.144680000472787007e-01
2.408300793288490060e-01
2.227267178770944156e-01
1.736818660028256744e-01
1.506606756912783895e-01
1.430924350850532323e-01
-3.324470870963487797e-04
-4.092829652477839204e-03
-6.079284119051956564e-03
-1.324038831276283523e-03
4.415036038822829287e-04
-1.838894330623912915e-02
-2.462210133192641731e-02
-2.593986858901719747e-02
-2.145168586265708624e-02
-1.976105827601427889e-02
-3.972156898257463153e-02
-6.005945907660598104e-02
-7.499096387337544911e-02
-1.029712238035359606e-01
-1.823186318649487880e-01
-2.094860588604056106e-01
-2.246116038883446686e-01
-1.947242963450127595e-01
-2.017617265252150405e-01
-2.545887955708084904e-01
-3.037030966656921183e-01
-3.225995943621660644e-01
-3.278349400005604042e-01
-3.223179492514333111e-01
-3.210154753641086267e-01
-3.240800669854405069e-01
-3.064210276896864316e-01
-2.733370468699368727e-01
-2.556472724527981133e-01
2.155644647027053773e-02
4.884102585409259845e-02
1.066773835704704215e-01
1.027796170598702097e-01
7.119590752200932737e-02
3.425488902312588679e-02
1.146918327153040665e-02
-8.531481724808737815e-03
-2.521918377631136854e-02
-2.611600937483978674e-02
1.144914055928712704e-02
1.146296783223753613e-01
1.984010932536405813e-01
2.922381218207918963e-01
3.436582308121874929e-01
3.576510470366849326e-01
3.714008443686476202e-01
4.095599276471638128e-01
4.093284096839565622e-01
3.582970858481858700e-01
3.047684775486878550e-01
2.830827027355337644e-01
2.751142430259029270e-01
2.747322010913922363e-01
2.848648609014245991e-01
3.009383355202933097e-01
3.047081291961450944e-01
2.966730568571269711e-01
2.872306736110801784e-01
-2.798489598547154386e-02
-7.213483579409030177e-02
-1.116747131069058263e-01
-1.763320856009180093e-01
-1.858981306833318303e-01
-1.895223670101018054e-01
-1.531957424367440812e-01
-1.303002419439013848e-01
-1.604407139103432023e-01
-2.183804492318967005e-01
-2.725525460936788491e-01
-3.284609799681452169e-01
-3.742523045487748945e-01
-4.242042410529572316e-01
-4.369343562661260894e-01
-4.550647716417137723e-01
-4.788383557525196510e-01
-4.805893626904743088e-01
-4.557305164765326211e-01
-4.493209139445126232e-01
-4.559638652268123149e-01
-4.531629092458699382e-01
-4.353451498498043248e-01
-4.301341857284316506e-01
-4.573651324787644246e-01
-4.533232004935309201e-01
-4.375767815245615866e-01
-4.341861135230738467e-01
-4.512092476669923302e-01
1.048501309180774159e-02
4.917817271786099897e-02
6.365153163348269416e-02
5.858626363741594595e-02
9.339577661794105923e-02
1.268398597653145332e-01
1.625699540791863684e-01
1.776354893764808540e-01
1.722895542738102914e-01
1.665918895751508921e-01
1.578382889415316237e-01
1.882665330930464453e-01
1.942807333890337607e-01
1.880823705917853694e-01
1.731533722528114938e-01
1.618461237920061357e-01
1.615441638257920087e-01
1.495338199885433983e-01
1.191883374774279497e-01
6.627731626032384860e-02
2.043131891043374615e-02
-7.598268522112917173e-03
-3.148531895236759970e-02
-3.072323975463531198e-02
-2.195016608511613301e-02
7.650017722964468081e-04
1.145465878955759546e-03
-6.940810592531699002e-04
-3.073597103481818561e-03
-3.590371982444076366e-03
-2.062469822602606973e-02
-6.032941018155733165e-02
-8.028319690926406793e-02
-8.084844830024111306e-02
-9.290308991700621521e-02
-9.056202375665338422e-02
-1.071388271532316555e-01
-1.211124410182359279e-01
-1.547319626157977468e-01
-1.714912840455767862e-01
-2.017867199639514497e-01
-2.217914786111093717e-01
-1.542252763805292970e-01
5.326883454040132193e-02
2.029105715417691413e-01
2.406026913698795511e-01
2.627481419857977119e-01
2.960206737860899828e-01
3.007747610332160981e-01
2.538145109849733738e-01
1.950729022768668275e-01
1.723406861544371227e-01
1.291662725363013908e-01
6.796793153554808731e-02
-5.441113568013425383e-03
-1.032376756248694072e-01
-1.645311001312275423e-01
-1.720470705748277374e-01
2.752393829249163634e-02
1.020697099684761411e-01
1.670002760075177395e-01
2.152847594088624639e-01
3.062816285806917449e-01
3.311019857700739921e-01
3.427884859957387453e-01
3.829707577926881323e-01
6.090263587552109392e-01
5.863283539005796907e-01
5.766133669652926397e-01
5.905583345595324385e-01
5.807897214471061664e-01
5.549073140255011971e-01
5.751986294527242638e-01
5.918784621344778119e-01
5.881674674833208272e-01
5.735396972625392831e-01
5.715712464056530440e-01
5.650145484094837300e-01
5.542319205720931397e-01
5.430820751357618992e-01
5.086289956178426941e-01
4.944454545582021021e-01
5.129530210328308026e-01
5.258826956280889808e-01
5.119876889203798243e-01
5.148223120804474862e-01
5.394982680426204658e-01
1.418236447694333491e-02
3.107707295121253308e-03
-6.057243392539147370e-03
-1.284118232298044754e-02
-1.113744600490486000e-02
-3.068022931534043068e-02
-1.020416903486996152e-01
-1.584151959255374609e-01
-1.526569826550045195e-01
-1.974353804414180902e-01
-2.271428659292556440e-01
-2.680058858430743873e-01
-3.098533355535910139e-01
-3.520049390006133039e-01
-3.808880617727760098e-01
-3.860142398360464355e-01
-3.803519114589014594e-01
-3.687012975063732600e-01
-3.412378182024514706e-01
-2.770207656941116037e-01
-2.240189835789415940e-01
-1.852291267957729692e-01
-1.519900384399031079e-01
-1.401025588032679126e-01
-1.747082856836471021e-01
-2.228082858810530587e-01
-2.893886370164298616e-01
-3.199526618502065434e-01
-3.195657438623075719e-01
2.426906715065079920e-02
7.340066819102002149e-02
1.847167606967302644e-01
3.105712418549095855e-01
3.730837885476104288e-01
4.757589848937548993e-01
4.782544178299427684e-01
4.863956384908201258e-01
5.610683236133755525e-01
5.706189248947380888e-01
5.331892739937588166e-01
4.658699927620024717e-01
4.008090289102158588e-01
3.902572568652066809e-01
4.034780237123199442e-01
4.173343866747355468e-01
4.474909147110923135e-01
5.087921401503447960e-01
5.296607141191053136e-01
5.192766121942710145e-01
4.768480535988460223e-01
4.240842424993799820e-01
3.755888205682497150e-01
3.375099108938479087e-01
3.451534759210621583e-01
3.613682215088798166e-01
3.974771488768372163e-01
4.354254605427631541e-01
4.464771367779367672e-01
-1.259877918274156586e-02
-3.018610993514222324e-02
-6.902658540415912425e-02
-1.215777406005921074e-01
-1.675041493891570032e-01
-1.983677205370986130e-01
-2.403505096967482602e-01
-2.606109185165669806e-01
-2.647436504204122021e-01
-2.805460956910366677e-01
-2.862327856631445289e-01
-2.587532995371935596e-01
-2.319482351585596125e-01
-2.016590234976054219e-01
-1.799231060514660252e-01
-1.568225558779968998e-01
-1.467768528513090087e-01
-1.630159070919449948e-01
