-1.612549387719276403e-02
-5.319928827172927532e-02
-1.177040202048014322e-01
-1.974841398557145855e-01
-2.310153801907903481e-01
-2.544681176445279802e-01
-2.345736384001323171e-01
-1.989533311123742321e-01
-1.920140863687819499e-01
-1.641251664896967444e-01
-1.596453288564231299e-01
-1.678364848290360145e-01
-1.736370995224654767e-01
-1.931164793308938477e-01
-2.296755426307960646e-01
-2.717725846098995035e-01
-2.959034991789945557e-01
-3.011058628876789323e-01
-3.244987395863908053e-01
-3.559386123321188755e-01
-3.955881088507159360e-01
-4.278204008157679983e-01
-4.499184960569259650e-01
-4.813313967272218052e-01
-5.219402495468639103e-01
-5.559645548395555359e-01
-6.318102195102848206e-01
-7.203409982663091515e-01
-3.435417157877791033e-02
-2.824498408513786279e-02
1.723190104959201191e-02
7.479623562503569245e-02
1.326231714389307093e-01
1.452110651380791040e-01
1.485863020670111223e-01
1.402208424317734348e-01
1.328661580903110762e-01
1.144988900564405665e-01
1.035527105045220553e-01
8.738103898826400651e-02
8.651662172271291917e-02
9.009180406411838871e-02
1.105160597343473466e-01
1.464048732152089527e-01
1.691963774552320277e-01
1.665543259240682694e-01
2.036332807595306882e-01
2.546407800778929253e-01
2.798383989723086107e-01
2.875604188031197772e-01
2.975907446724543326e-01
3.366981330388047478e-01
3.301150858644758546e-01
3.521929461150619112e-01
4.253484745071481887e-01
4.986051308008704885e-01
6.077287504873752910e-01
5.030619388337267961e-02
7.877079874505357737e-02
9.834303077420611383e-02
1.455406480824365245e-01
1.726157102955820921e-01
2.243997689550531471e-01
2.322213826010374182e-01
2.559540819744656193e-01
3.106908445643180583e-01
3.727250643786139128e-01
3.960288179309182088e-01
4.122823760664158232e-01
4.307199913390074575e-01
4.660438344109242292e-01
4.924173199250542199e-01
4.883662417546794643e-01
4.790557720823377386e-01
4.510715887291226189e-01
3.933233973898082048e-01
3.957764823837094381e-01
3.884686953618869398e-01
4.172346375111627981e-01
4.566165399675826131e-01
5.119227336721663413e-01
5.723320827140125910e-01
5.853913649535801289e-01
5.633443907038951926e-01
5.480448883479084321e-01
5.424915823553138061e-01
-6.352344279639401958e-02
-1.138058558381582486e-01
-1.640385083896200580e-01
-1.601040089083000661e-01
-1.387190993313937581e-01
-9.411505533035381676e-02
-6.061619495148617975e-02
-6.076342278047901918e-02
-5.953441347350999641e-02
-8.801493540307861463e-02
-1.279348321418820877e-01
-1.865588042031708638e-01
-2.386365482393836279e-01
-3.051700564743838329e-01
-3.468142516672901854e-01
-3.620983837005965489e-01
-3.517192241011904974e-01
-3.170383555804261455e-01
-2.592822055161158601e-01
-2.034121847352207690e-01
-1.761589948910281256e-01
-1.600878789258914081e-01
-1.201391991771442042e-01
-5.920060540699030593e-02
5.274463353244898678e-03
5.230353543637662056e-02
7.345303388467865069e-02
8.502507532407005408e-02
9.534790700471919289e-02
2.901663973771999305e-02
5.349173591944459544e-02
7.150731197342344303e-02
1.157261671669569392e-01
1.824625582695693082e-01
2.709081636377286273e-01
3.137338787438174181e-01
3.543989246042409391e-01
3.671119569210583578e-01
3.534994557473576937e-01
3.437848448576594218e-01
3.460811091213347179e-01
3.990843085779652299e-01
4.244877164333987762e-01
4.202076284881226531e-01
4.152972940355046938e-01
3.802588035524879784e-01
3.489467687163110843e-01
3.145378490846636454e-01
2.807464855400874093e-01
2.667170730794269362e-01
2.251499999193988522e-01
1.708262693384138275e-01
1.311662137488730506e-01
9.225398996108596927e-02
6.246417428338271738e-02
2.001697827418844750e-02
-1.360276068278037237e-02
-5.160630389625258524e-02
-6.884300683414170188e-03
-2.285509569766754762e-02
-5.790182593484984042e-02
-8.874455034989456315e-02
-1.220062366591459502e-01
-1.585848754214645440e-01
-1.623590256434467305e-01
-1.112113104020737986e-01
2.186303344799747639e-02
1.438265285960589335e-01
1.933447008502672537e-01
1.959840947222576679e-01
1.422214608436898897e-01
4.473774696042588650e-02
-1.032464765061365114e-01
-2.411919094553928722e-01
-3.422421335192148972e-01
-4.334771566178411417e-01
-4.368223552600409842e-01
-4.106002544340562332e-01
-3.701440869829596969e-01
-3.320554360975163100e-01
-3.128344635560273423e-01
-2.973433776393872852e-01
-2.831612187354242693e-01
-2.727526779004323387e-01
-2.729234391371244128e-01
-2.721001516852906699e-01
-2.740519011076943956e-01
-1.851408167258562429e-02
-4.577377891915049984e-02
-4.080222450706483261e-02
1.338138434529160398e-02
6.299629549161114839e-02
1.068034655208624228e-01
1.435801428027711768e-01
1.684851005773166654e-01
1.927850518094775811e-01
2.412915796995571682e-01
2.703325942718887709e-01
2.727612939233639011e-01
2.691406864194598181e-01
2.827218513758201768e-01
2.912271158013690631e-01
3.136426448294573621e-01
3.545253779198043187e-01
3.902642265728228921e-01
4.663057458453965243e-01
5.117497180972828685e-01
5.906892174698930020e-01
6.269403925631543695e-01
6.330464262748128901e-01
6.491042940338870304e-01
6.450142176961308760e-01
6.435769470608834197e-01
6.189701919226078264e-01
6.233688662810871195e-01
6.332616814332141519e-01
1.095176914627147028e-03
-1.664865469331555312e-02
-6.752557003889954335e-02
-1.179169184709509266e-01
-1.429323873675011625e-01
-1.516555863090054135e-01
-1.656301581840270709e-01
-1.746664114105569710e-01
-1.769186613061749513e-01
-1.756053371200270441e-01
-1.293686653715533652e-01
-9.208029089897151742e-02
-5.208253613768223239e-02
-3.596577732952238593e-02
-4.928541542594742919e-02
-6.992349887964281752e-02
-1.228223988757654039e-01
-2.078138581225831838e-01
-2.592996211744623691e-01
-3.013342359827326233e-01
-3.193595862539483354e-01
-3.633875316120984134e-01
-3.791511458828799030e-01
-3.734904274359068799e-01
-3.472351305322279869e-01
-3.398113103328271878e-01
-3.647635129163884216e-01
-4.178071269705572188e-01
-4.918917867980650560e-01
-4.593871482414076807e-02
-8.885817550659930175e-02
-9.413479723927412057e-02
-1.024082299125110285e-01
-1.075246802472672042e-01
-1.126430894686827888e-01
-1.137931692767795155e-01
-9.748101470033083971e-02
-8.309013609105991849e-02
-9.019059183249940326e-02
-1.057410634673280336e-01
-9.803774130116023333e-02
-1.026369705048608277e-01
-1.087475085350270293e-01
-1.367446896084264230e-01
-1.548536203034983072e-01
-1.457057528840854654e-01
-1.516277945398271099e-01
-1.709365527015225539e-01
-1.662776768032541430e-01
-1.254062841614154156e-01
-9.925749798246005784e-02
-3.141365545064299380e-02
2.440864999884754388e-02
6.749035345242682116e-02
9.213659963690319643e-02
1.386297371490056995e-01
1.978332866581796468e-01
2.519580404230975512e-01
3.493154330250263645e-02
3.915521484930029744e-02
5.605290935743795916e-02
7.940921168089332127e-02
9.992104856859979067e-02
1.363461345126764646e-01
1.940391781048049491e-01
2.351748542157970356e-01
2.832971537101260373e-01
3.116991358076943719e-01
3.164752926000226063e-01
3.026144837442328872e-01
2.679142698097440878e-01
2.197674547365271458e-01
1.963850219070870096e-01
1.964172004866172605e-01
2.233716026087357864e-01
2.779092280917358493e-01
3.097440399119957277e-01
3.243665417206189616e-01
3.068025407710119890e-01
2.732175773262272012e-01
2.594610322695025673e-01
2.082225074835576950e-01
1.724199595130790630e-01
1.543586930640663268e-01
1.599532361122981694e-01
1.850434109476588596e-01
2.135561808235625081e-01
4.910995407308353308e-03
-4.605288647665066459e-04
-8.767410222052199331e-03
-2.649491873896143990e-02
-4.803654394768133024e-02
-1.080249774023508691e-01
-1.449704198978278569e-01
-1.755953235661659728e-01
-2.459770252080052677e-01
-2.865033130138101569e-01
-2.961645934075106124e-01
-2.907923944584985265e-01
-2.753688546079378074e-01
-2.329948073948112652e-01
-2.311558989507327966e-01
-2.553741616604715547e-01
-2.962908891214666163e-01
-3.281926406015309161e-01
-3.696901209262118404e-01
-3.753516518304573779e-01
-3.819058192440039634e-01
-4.163687216623686571e-01
-4.657624057345284840e-01
-4.546358392307599527e-01
-4.182915961464376831e-01
-3.952772813559406462e-01
-3.737030726969496897e-01
-3.308673465320118856e-01
-2.750050924443940836e-01
3.942331027214737715e-02
5.832788429787278545e-02
5.687584336221705728e-02
5.858063363437449045e-02
5.864194280235159040e-02
4.285958573332447619e-02
8.710257112359090503e-02
2.256518884710453365e-01
2.730580315825355542e-01
1.952582629281385262e-01
1.037652474312443368e-01
-8.226064734369681331e-03
-1.630862596125860486e-01
-2.809383226189750005e-01
-3.354337554774314833e-01
-3.708331928276154543e-01
-3.970114788503849024e-01
-3.870090249847631392e-01
-3.541910876111344919e-01
-3.320469296980607665e-01
-3.336902493738323483e-01
-3.049056295323843702e-01
-2.324617334542711244e-01
-9.695713816047943356e-02
-5.321152606355430970e-02
-7.396894281258309389e-03
4.916588533700526342e-02
1.030392388542906157e-01
8.718300251210291119e-02
-1.570514337582996564e-02
-4.694984147772612859e-02
-8.732272982403263550e-02
-8.586716845423322808e-02
-5.470282568392278999e-02
-4.998882969092025008e-04
7.244296850608525351e-02
1.154802858688733225e-01
1.308935889436945998e-01
1.380009411245832485e-01
1.409162422997415620e-01
1.517902850959455541e-01
1.763549810066794843e-01
1.961083575002131318e-01
1.808982810400361352e-01
1.537679056203832828e-01
1.460085955484491937e-01
1.432538958047703259e-01
1.450243395728183227e-01
1.561676640486843459e-01
1.994209278393166418e-01
2.502374838522875011e-01
2.964280072120727416e-01
3.222665165447103353e-01
4.083121333017163956e-01
4.050920075606920245e-01
3.420692446672233267e-01
3.024656300323212421e-01
2.776523670963131352e-01
-3.481716268690042415e-02
-3.031979886730896620e-02
-7.782086211065160353e-02
-1.440253359373524777e-01
-2.020378444953725428e-01
-2.618524979352813142e-01
-3.040312769774778379e-01
-3.242487399204507237e-01
-3.341791019447467592e-01
-3.404386750857153476e-01
-3.436607741748620160e-01
-3.301343699341500737e-01
-2.983159683477509261e-01
-2.825824335262925868e-01
-2.642710789753611733e-01
-2.316426348466079921e-01
-2.147789534885073404e-01
-2.092733018780771337e-01
-2.033532503855698392e-01
-2.086614356222164790e-01
-2.138021665072627753e-01
-2.124063245671259925e-01
-2.293424527912435729e-01
-2.202088083126269302e-01
-2.012148290854954280e-01
-1.170382355697778404e-01
-7.961627418879771434e-02
-6.106761303175366196e-02
-7.489591380298410428e-02
-2.184853068099372811e-02
-4.260342363985615555e-02
-4.922312537102349617e-02
1.475504933052858292e-02
8.682230954035650983e-02
1.491869468287765899e-01
1.652276181407083266e-01
2.034390870955398167e-01
2.692042045939031514e-01
3.320235955112240678e-01
3.691365739617753494e-01
3.791501523055344491e-01
3.710299399240988283e-01
3.162245555412667719e-01
2.482553297405913628e-01
1.729417974556274051e-01
1.121211851066083037e-01
7.881918486645167476e-02
7.719636773529504892e-02
1.338760208245493855e-01
2.182729034589975803e-01
2.588141108088478637e-01
2.703134299870140200e-01
2.548701789555227748e-01
2.315120003889727385e-01
1.751538196532478053e-01
8.159930060174566679e-02
5.020614197252791511e-02
1.412204964094781329e-02
-3.687520315352577072e-02
-9.163951010474362391e-02
-1.145588518390374955e-01
-1.429987852338323318e-01
-1.619106987123776487e-01
-1.344433884642755872e-01
-5.752309102672877039e-02
-4.207180932490083014e-03
-2.232419001488974986e-03
-1.796697945526429946e-02
-5.087519567313616292e-02
-1.003270262124829892e-01
-1.815376279855706043e-01
-2.110976540912430366e-01
-2.075922881690997479e-01
-1.438556471177128426e-01
-1.280633110585463752e-01
-1.437967787260128749e-01
-1.478632116019461540e-01
-1.737667076604753336e-01
-1.974288187206950651e-01
-2.215416925501067780e-01
-2.278560840459687986e-01
-2.105543600511528557e-01
-1.751662820162181722e-01
-1.454498025928548377e-01
-1.250726637027760879e-01
-8.917938956513449256e-02
-8.095283816590961856e-02
1.307549137451792347e-02
3.250475989599480031e-02
3.843095584493534667e-02
3.123936622705117752e-02
1.454976347994316535e-02
6.975742832530629559e-03
1.230978582760702128e-02
2.990337884333194723e-02
5.151025506485353012e-02
7.607568221649302354e-02
1.071081505661732186e-01
1.425881332821573866e-01
1.888716210662839123e-01
2.258478894925486646e-01
2.567168789074055768e-01
2.977894656925663686e-01
3.544645806313003744e-01
4.010862264386760856e-01
4.740223494091817535e-01
4.946049974359139068e-01
5.217277656718005696e-01
5.521220224067001636e-01
5.866617506940906557e-01
5.871892539806263800e-01
5.865803356910186395e-01
5.915154458963010065e-01
5.953598126108388122e-01
5.887089542694114996e-01
5.883086452260397614e-01
9.225570367949057285e-03
3.174547937264026592e-02
4.229867701482942222e-02
4.363205534126502610e-02
4.098938166235314984e-02
7.662421850045439409e-02
9.408111599086450838e-02
9.284930899840285190e-02
8.892965050959614204e-02
9.351794828442794305e-02
9.373595300683132403e-02
9.954691437066527648e-02
9.913023376241465734e-02
6.590898512778453622e-02
2.360608591669488276e-01
3.722302772669539017e-01
3.724645883487701092e-01
4.330504159589907420e-01
3.525275221878373388e-01
2.064340646890519826e-01
7.584744885721173002e-02
-3.821139812430018878e-02
-8.258578828537720129e-02
-7.601845658949274442e-02
-2.681064722456380500e-02
-5.183751054975786754e-02
-1.096046008380514580e-01
-1.762948786074285679e-01
-2.672695815091828964e-01
-6.444247527549239185e-02
-9.928844322812241385e-02
-1.455690950960144281e-01
-1.942811500739602404e-01
-2.162217987899973937e-01
-1.856852356862367104e-01
-1.806835608124638393e-01
-1.781641224325666573e-01
-1.816771513128389026e-01
-1.817643863283459615e-01
-1.788149558983238852e-01
-2.095216253157789199e-01
-2.340280091527748851e-01
-2.601484134943450877e-01
-2.719662037901748874e-01
-2.734268499119753004e-01
-2.663356011556034519e-01
-2.246945685325492659e-01
-1.731569828805028799e-01
-1.103318313689011371e-01
-2.857335512664235799e-02
5.936332730236110189e-03
2.396716612162896887e-02
1.798612277592920305e-02
-1.635755649853180838e-03
-4.612131187299907398e-02
-5.793559337324117459e-02
-1.851583247798300330e-02
3.453208316082109763e-02
6.658763993483730881e-02
1.191538494290793337e-01
2.237800638165738376e-01
3.011952517662037643e-01
3.339777028587672114e-01
3.309418266994654245e-01
3.135463799328007117e-01
3.215782629303698403e-01
3.218759968029194507e-01
3.226292305871572008e-01
3.190805325613982335e-01
3.387626463798967258e-01
3.648485729471619976e-01
3.958412504037958080e-01
4.220510091710326650e-01
4.299491767234785433e-01
4.222176259188530345e-01
4.300061228191238150e-01
4.299886366899641210e-01
4.183665080338169751e-01
4.026784681275860645e-01
3.989366763900883961e-01
3.898585415580373970e-01
3.996510617064500948e-01
4.045193580156009050e-01
4.225575501416007906e-01
4.267838956715441778e-01
4.339612115652488056e-01
4.282491923825881841e-01
-1.749638070413078381e-02
-1.694160535835502815e-02
-2.599261082799605299e-02
-5.304193745411883015e-02
-5.595602769863574494e-02
-3.607151546610056631e-02
-4.341596283737070294e-02
-6.057833955195865427e-02
-8.214061081532098019e-02
-1.400654593903555845e-01
-2.070221180298846275e-01
-2.529391322335221570e-01
-2.848421041765633044e-01
-3.241076824595813810e-01
-3.435161543081309832e-01
-3.839798373758471772e-01
-3.918023314158255443e-01
-3.627273174432800729e-01
-3.456948739058932074e-01
-3.315205545047161806e-01
-3.155897858939306633e-01
-2.975310054329607379e-01
-2.815061664429231447e-01
-3.098439754918634326e-01
-3.468946067383724130e-01
-3.774953154842480840e-01
-4.041274227732016833e-01
-4.269202945762111678e-01
-4.244059723599850620e-01
2.506939400170223736e-02
7.690287941670984062e-02
1.474762983506145986e-01
1.569046737384213464e-01
1.425456765404939929e-01
9.923767231543798029e-02
8.905785586554776367e-02
1.410539954134306107e-01
1.906394606301133610e-01
2.433845245543899138e-01
3.265962359908749502e-01
4.288266084410388701e-01
4.808404283612868202e-01
5.079942115401616665e-01
5.468354778026621732e-01
5.672706769340217781e-01
5.777571728752395330e-01
5.716735223619322515e-01
5.636881628147916157e-01
5.221498458368676321e-01
4.824046496202778478e-01
4.369996603863303131e-01
4.207159672159332398e-01
4.445830250976612330e-01
5.128010730014159746e-01
5.514299678780841818e-01
5.642850819336980850e-01
5.600304347874704991e-01
5.641066491654036508e-01
3.612214397795321386e-02
6.056556511680910582e-02
5.825357162955067253e-02
5.010049430866745507e-02
5.350289791500961734e-02
7.178223896289968875e-02
9.158043174188294777e-02
8.960712979413146262e-02
8.720959604136092891e-02
1.016917076755002175e-01
1.108508801214083406e-01
7.810696046460019470e-02
3.110752224237191971e-02
-1.729560800114760682e-02
-6.843989915438458693e-02
-1.101749366831462629e-01
-1.076399190090880642e-01
-9.173146069193302554e-02
-6.140173619583771947e-02
-3.375183056013308924e-02
-4.386263739664795352e-02
-9.223178900790245105e-02
-1.185170738850928884e-01
-1.134339390902296962e-01
-1.174041223666240363e-01
-1.337185718398934131e-01
-1.437114441031747958e-01
-1.661313559435280973e-01
-1.693857655477973845e-01
2.568288069713046615e-02
4.376622831445333567e-02
6.264147974907438576e-02
9.530793730356022786e-02
1.530016491804788714e-01
1.656895379690404013e-01
1.701120951158049677e-01
2.013668212107919686e-01
2.063962637703427860e-01
1.557345182068805289e-01
1.348916951958688548e-01
1.508772805480462498e-01
1.994571733941722935e-01
2.459782864987216100e-01
3.937813792657853806e-01
4.899188169537599391e-01
4.640359518418413209e-01
3.609853193668867144e-01
2.890173351471514440e-01
2.005220612372375089e-01
1.645720361566248291e-01
1.538075324958717849e-01
1.697070017516359719e-01
1.813457755578999908e-01
2.123241422597638706e-01
2.531239112025068239e-01
2.506171246628837723e-01
2.205142652299693362e-01
1.920459613409744026e-01
-7.726375898206375159e-02
-1.742627703831388375e-01
-1.666434096655666219e-01
-7.995644749830954634e-02
5.942452615346580092e-03
4.818284914433684091e-02
7.010453451175122086e-02
1.042396837799354908e-01
1.874619207520914488e-01
1.882118062217275345e-01
1.448428536996090310e-01
3.841015697354882574e-02
-3.169129187473079812e-02
-6.119714229242387282e-02
-7.428638945505174063e-02
-1.276332085041371744e-01
-1.897287150757275553e-01
-2.248524246461852394e-01
-2.357064654965103645e-01
-2.375185079875121452e-01
-2.293516016750258291e-01
-2.014031586259403261e-01
-1.528293560039863663e-01
-1.053538549809971414e-01
-8.928326790057433682e-02
-7.761191205241499413e-02
-1.045681321264713137e-01
-1.582795713740602073e-01
-2.038217275993627065e-01
-4.432012445529234096e-02
-4.902247888584766039e-02
-1.568744068676614090e-02
-1.547891164074600284e-03
2.076485086335767144e-02
1.275889476902758619e-02
-3.324722900367947653e-02
-5.773126118743418522e-02
-9.812001631550915093e-02
-1.253157384664655150e-01
-1.496687127936885964e-01
-1.685159139197818234e-01
-1.782097237738033968e-01
-1.922351623819049671e-01
-1.883160773823215339e-01
-1.887824956954287925e-01
-1.957332322216859821e-01
-1.785104150845726323e-01
-1.539936354755080117e-01
-1.602013739148139548e-01
-1.969098209843906100e-01
-2.914198228773740018e-01
-3.743743484131918375e-01
-3.990641722520995582e-01
-3.783390880841997483e-01
-3.613190564567562157e-01
-3.391123047459673745e-01
-3.304954786358650365e-01
-3.312734689047285852e-01
-9.881801452353736887e-03
-1.017042798310135478e-02
-2.316658660682331672e-02
-9.034014580949585593e-02
-1.098650844421698858e-01
-1.039812378743109333e-01
-9.605486033696974957e-02
-9.428688220542817688e-02
-1.085694739393468500e-01
-1.031200119009504507e-01
-1.023007950086642082e-01
-1.156969687414082792e-01
-1.224960087826839072e-01
-1.325990129275772533e-01
-1.526200142338348664e-01
-1.578256174940275980e-01
-1.396204418261707270e-01
-1.027347478722342999e-01
-1.005510801327215431e-02
1.188360419496983095e-01
2.499355459845534755e-01
3.123756470711112621e-01
3.521135706591207448e-01
3.851720107518658565e-01
3.751307451138761739e-01
3.244048397205337442e-01
2.729226103615235988e-01
2.660702092494524051e-01
2.262834354856544661e-01
-3.088490569411935296e-02
-6.104339846622360011e-02
-6.428674014345310550e-02
-8.361753537415181348e-02
-1.058135156335677785e-01
-1.232237753211364167e-01
-1.366007368228039642e-01
-1.480664370398175889e-01
-1.750960732537243658e-01
-1.763669177967417956e-01
-1.593616678480219151e-01
-1.184920071664839480e-01
-7.641591255810480099e-02
-6.993555726071098988e-02
-8.104611385549695401e-02
-1.095955835225136399e-01
-1.394858208212128581e-01
-1.764159912711192046e-01
-2.226523627484350287e-01
-2.542596455975455472e-01
-2.729634904482368118e-01
-2.661857300507449176e-01
-2.878765000862466006e-01
-2.910542806066644950e-01
-2.782690537320448021e-01
-2.566585047980070589e-01
-2.030202760483955648e-01
-1.601015178414323392e-01
-1.706520527288024336e-01
-5.897591599731823869e-02
-1.054086635004925498e-01
-1.687052938584390205e-01
-2.323007244408194782e-01
-2.459876806163589225e-01
-2.289199101706518025e-01
-2.219597246601818508e-01
-2.114215546508277921e-01
-2.133158696719811009e-01
-2.728189234288329601e-01
-3.187377623384914926e-01
-3.549406720168256646e-01
-3.848744247402258734e-01
-4.230614006487902756e-01
-4.495677642318974265e-01
-4.603253860016544574e-01
-4.572735679447426094e-01
-4.544325459508120058e-01
-4.525862486775083515e-01
-4.235541683433129423e-01
-4.119424750231939214e-01
-4.222143897862861150e-01
-4.439656107320786305e-01
-4.778378567980549052e-01
-5.406935631553749788e-01
-6.233871830140068626e-01
-6.700666062052040850e-01
-6.797222886561997690e-01
-6.680147213206374390e-01
6.864059458193294549e-02
1.368185840994084745e-01
1.779653014357357732e-01
1.908249382111543990e-01
1.936938348302787716e-01
1.874657560719304450e-01
1.690240963353437376e-01
1.260682162208250912e-01
9.984502680226682580e-02
1.185412857994132124e-01
1.631701536178852829e-01
1.679390194643666789e-01
1.976174796647707232e-01
2.284118265984519391e-01
2.435430961895846957e-01
2.889105131530914083e-01
3.103925651142265263e-01
3.298015992927469942e-01
3.747299671158543788e-01
4.048750758655063620e-01
4.316203612085779406e-01
5.025649700748299198e-01
6.055174049166276440e-01
6.383536686051231035e-01
6.551009921844721529e-01
6.683999675474068258e-01
6.606425152284435276e-01
6.373465315162865075e-01
6.307309913575050997e-01
7.056908072803211134e-03
-1.254462033233363222e-02
-3.605341042675744984e-02
-3.047032203001820774e-02
-1.211226922902424591e-02
1.255983848869872757e-02
2.234113152159821619e-02
6.078333102181317227e-02
1.066709133105069041e-01
1.053453055559689377e-01
3.099607255762003299e-02
-3.513528760765660675e-02
-5.198891840298016515e-02
-9.746809269232187267e-02
-1.184474462789375793e-01
-1.173663464599289802e-01
-9.622771909451015293e-02
-7.012456534045387324e-02
-4.972551072771888570e-02
-7.254382715939679260e-02
-9.316423734413571689e-02
-1.396506239763717905e-01
-1.652200171051055044e-01
-2.131272994991136038e-01
-2.640405983268658274e-01
-3.312758497437171545e-01
-3.499547784047570276e-01
-3.604338871578058878e-01
-3.896402505123918170e-01
-4.646377575651995662e-02
-1.792317989008913592e-01
-1.663384968517706841e-01
-8.450957829200431148e-02
-6.084948585683368216e-02
-6.979218894784065819e-02
-4.535911411331475240e-02
-3.621281079308084211e-02
-5.356933270077744724e-02
-3.766047723639649736e-02
5.889904904253014106e-03
2.178577003483940511e-02
4.787754436685798254e-02
5.285642709588845439e-02
4.712773517171535420e-02
6.539855926969596889e-02
9.721437994521164860e-02
8.309511664999048863e-02
6.304643146463882741e-02
7.171675209492908709e-02
8.047814143088093120e-02
7.390711104060324055e-02
9.128195423040430523e-02
1.161689570811461902e-01
1.467378325680264162e-01
1.537900873560647252e-01
1.476816743294834811e-01
1.204523714059186207e-01
1.058457112306496750e-01
-6.673645830437297671e-03
-1.390133172751576232e-02
-2.696696618913267673e-02
-1.417475141649721798e-02
3.013407703012162264e-02
9.557187141216585968e-02
1.400198272060311500e-01
1.749766301678214453e-01
2.108661807817294176e-01
2.135970404389617994e-01
2.106513367239156997e-01
2.144052151317601407e-01
2.015408661072155549e-01
1.756341505659922142e-01
1.696642634874490074e-01
1.741906455770732554e-01
1.709405895332521130e-01
1.467061258507755817e-01
1.572374192988686692e-01
1.715924919094868883e-01
1.654892514591152775e-01
1.495636925743261680e-01
1.384859244805447809e-01
1.153159942473274413e-01
8.467569889102963265e-02
6.299691331869400335e-02
6.263468250122608549e-02
8.765099437561142681e-02
9.543215011504116441e-02
7.304184384520355684e-03
-1.659250192168620561e-02
-3.063996156352785660e-02
-5.161025188758905369e-02
-5.916214114115016937e-02
-4.830186568873323649e-02
-4.372012248397658812e-02
-3.690247827435950978e-02
-4.718009499255298306e-02
-3.099656550563580082e-02
-2.683529443649305263e-02
-3.923264318196115902e-02
-5.498466096537647091e-02
-5.887366993334049170e-02
-6.980529500674448329e-02
-9.468016174737414747e-02
-1.534430143778434674e-01
-2.202985211817388711e-01
-3.147483977838667624e-01
-3.976892114880717366e-01
-4.553409104577612609e-01
-4.557685693694342177e-01
-4.263965965111065626e-01
-3.763942533553811254e-01
-3.553190056556493892e-01
-3.517973355535478630e-01
-3.712398919416564080e-01
-4.180163075821052843e-01
-4.667531402863680512e-01
-4.174725893204537380e-02
-5.094054760374294027e-02
-5.969371473688208501e-02
-7.739720270568350990e-02
-7.743709076196912677e-02
-4.670556380506979410e-02
-1.662672608519079678e-02
-1.635706515975216338e-03
2.330077831703287333e-02
4.403530361256131898e-02
6.416833784206993352e-02
7.824772692328912926e-02
4.757521618556337373e-02
-5.928585897836256835e-03
-6.084082501335357634e-02
-1.107975593810022474e-01
-1.185415964371786951e-01
-1.036280801802010321e-01
-9.338991081696147722e-02
-8.490869728811349659e-02
-7.345736473083774865e-02
-5.632389027895107897e-02
-3.242331963787967175e-02
5.636129978435773513e-03
4.285597896433244319e-02
7.995866180637767329e-02
1.020152071272526634e-01
1.234307006493796932e-01
1.463714547353896500e-01
1.281162938157030112e-02
5.461236132653734393e-02
9.582441901620994407e-02
1.121772108902350795e-01
1.575290810713303180e-01
2.083612276104628847e-01
2.234123698340748643e-01
2.259035029968049224e-01
2.086585699078156164e-01
1.970746344289469321e-01
1.744277698062595972e-01
1.610909363063015576e-01
1.734635157290711771e-01
2.066406357192364929e-01
2.503909858218148488e-01
2.658664927071774375e-01
2.768885815749324575e-01
2.726994263781743477e-01
2.561911272496098513e-01
2.401164498618197085e-01
2.198888215229883869e-01
1.816918595741997544e-01
1.581768913871072213e-01
1.459655334950712424e-01
1.299277999965105235e-01
1.093997327151792209e-01
1.196892551040354274e-01
1.404835612112466658e-01
1.708411891115368675e-01
1.651787321153167648e-02
1.432424556609231125e-02
4.601620771773968360e-03
-3.509641824525549375e-03
-3.177227959536781110e-02
-5.756700075456690213e-02
-5.451074501824869356e-02
-2.107004336927631449e-02
4.074197758156535704e-03
2.891902677899037613e-02
3.082972790393581630e-02
-4.609063526544723843e-02
-1.275940355279633898e-01
-1.838248642582513415e-01
-2.751610207848805834e-01
-3.303813704118012673e-01
-3.814372694051211821e-01
-4.426703429966772907e-01
-4.324639642960254604e-01
-3.544629508731895751e-01
-3.233091814170798717e-01
-3.019097133335317817e-01
-2.481597501199657996e-01
-2.206107533792909248e-01
-2.019978910466964372e-01
-2.172972925291551116e-01
-2.245090495813661380e-01
-2.727617097355238274e-01
-3.027310241396683477e-01
-2.395708800431911936e-02
-2.509579680218952322e-02
1.730016160443673123e-03
3.528706073909346902e-02
4.403710622034428396e-02
4.926827758461152507e-02
4.255458056127961464e-02
4.318582553488506393e-02
4.356414261732276944e-02
3.718398946398858429e-02
2.783107672017264694e-02
2.146876236984261027e-02
2.317742187549162378e-02
4.023554985920964333e-02
4.982452922534085643e-02
4.168813865128887658e-02
5.594278286433009700e-02
8.296102324016556284e-02
1.363264449149519941e-01
1.261693834814638371e-01
9.283797300341090075e-02
7.360096459716326811e-02
7.145879818039940767e-02
7.240977279480918793e-02
1.132423038712448982e-01
2.073795543631895555e-01
2.886832349436804224e-01
3.584596825172502443e-01
4.307014650993093996e-01
3.019640930870731016e-02
4.084718865188126380e-02
3.961848779533309189e-02
-4.209133720517697214e-02
-1.274670186371275882e-01
-1.225468843719101364e-01
-3.946304499529948440e-02
1.375998880641562949e-02
2.476815308639708849e-02
4.889962369677587628e-02
7.897520749010195074e-02
1.098285824029691105e-01
1.152451366577885022e-01
1.220872289010835055e-01
2.122155303262902304e-01
2.858377709410951928e-01
2.946014017563173271e-01
2.889905084244108746e-01
2.709559030152430270e-01
2.509102703683127600e-01
2.503825396894852062e-01
2.387583723651579004e-01
2.070711313063686998e-01
1.513753048185406680e-01
1.341194183227599479e-01
1.094867391557934194e-01
8.609463370940170779e-02
9.125502932854596960e-02
1.110529953299206757e-01
7.479689192431852873e-02
2.207647048442040183e-01
2.592477161502343419e-01
2.361271325607195437e-01
2.377972015361126956e-01
2.264351295101421635e-01
2.143459994948027636e-01
2.010473674912522657e-01
1.339679715079947764e-01
1.091850279229172882e-03
-9.257125912833155668e-02
-1.863045596997464637e-01
-2.663925881304232135e-01
-3.067713687345954288e-01
-3.388650264031670689e-01
-3.158067655057792966e-01
-3.061112490514907303e-01
-2.743220616601498851e-01
-2.818251184217744343e-01
-3.327520736420116476e-01
-4.279987348938845138e-01
-4.494951499128377326e-01
-4.537443090907342103e-01
-4.803379215151018511e-01
-4.667150925955367846e-01
-4.127107070431865754e-01
-3.835557844923193072e-01
-3.664313538228712308e-01
-3.662565355158649560e-01
-3.930081928964088145e-03
-1.857960269177000995e-02
-5.699892829395469124e-02
-1.012595206329956615e-01
-1.198316514951976580e-01
-1.209747497738192096e-01
-1.206248065498340821e-01
-6.969955133692895544e-02
1.589558525220093055e-02
1.131660608048153382e-01
1.897716477311842398e-01
2.121784102912258052e-01
2.011733216218454245e-01
1.774303322012592832e-01
1.679555027649270726e-01
1.880885133244326879e-01
1.670260894069338087e-01
1.578164976808009434e-01
2.010055356459375109e-01
2.418384700643418650e-01
3.934696831533335271e-01
4.631997614487621262e-01
4.835071807903871810e-01
5.068686062371776657e-01
5.392525138706226739e-01
5.492627422757432321e-01
5.185483417091553138e-01
4.742089114120568993e-01
4.340183392999556466e-01
-6.443456383515691610e-02
-1.113095669897194995e-01
-1.250329931948287732e-01
-1.139509973605309368e-01
-1.015510243636149335e-01
-1.122367441183661219e-01
-1.464336162662245033e-01
-1.490307804308228512e-01
-1.375621502639089722e-01
-1.493363661397678621e-01
-1.550179276190195299e-01
-1.611388462670414190e-01
-1.917741326284183034e-01
-1.973892108244366950e-01
-2.009396588360922165e-01
-2.290963355338662133e-01
-2.755901498135170935e-01
-3.011085934481974591e-01
-3.364442561591154957e-01
-3.650448543213792307e-01
-4.101306164056668924e-01
-4.526191753521599526e-01
-4.637972808528892377e-01
-4.593624105405073044e-01
-4.639978198161962553e-01
-4.735332601061160163e-01
-4.133208132283549552e-01
-3.934925405314809721e-01
-3.921683395774410719e-01
5.262789767146852475e-03
-1.067943833929953928e-02
-2.578682336736647096e-02
-3.835947316652812272e-02
-2.993448130711670596e-02
-2.954015393670380435e-02
-1.293923056134448774e-02
-7.374759319371978344e-03
1.541728504469752625e-02
6.615373285679297666e-02
9.849990677453689114e-02
1.300781141446183398e-01
1.548466024496842064e-01
1.794510466605627463e-01
2.026478201946661228e-01
2.127123109126927147e-01
1.912914006813277168e-01
1.711985269327752079e-01
1.322332879676877682e-01
1.057541428584033161e-01
1.049620076698082188e-01
1.575913208736169635e-01
2.401170880436994670e-01
3.844769883046196268e-01
4.519509489629178756e-01
4.957771837592694908e-01
4.897916485857676805e-01
4.698586187639228196e-01
4.091203039864250157e-01
-4.177362127965744687e-02
-7.532734572920518623e-02
-9.535454692090251927e-02
-1.071292606590005247e-01
-1.069405959986362981e-01
-9.667353681611974558e-02
-8.834419688485380118e-02
-9.992838123364265746e-02
-1.229930310928834813e-01
-1.371914835453984516e-01
-1.625534139004138900e-01
-1.877959730033230967e-01
-2.411256343069733965e-01
-3.042521269577438958e-01
-3.684769387711241961e-01
-4.758177913766866163e-01
-5.013462267287907004e-01
-5.103868275993971304e-01
-5.273936630112416868e-01
-5.280406509464804499e-01
-5.277380223170965445e-01
-5.600523498366006825e-01
-5.981025269652235909e-01
-6.213155020009596408e-01
-6.652557596974426612e-01
-6.886942872438555074e-01
-7.190481859991354474e-01
-7.239841300444720407e-01
-6.998873291517060391e-01
3.188198327553104505e-02
6.625637208021503688e-02
7.916831501518524494e-02
1.112106774018649102e-01
1.695683559243605920e-01
1.480542886720667139e-01
1.352093156683887298e-01
1.314054159995635962e-01
1.136648174410610085e-01
8.697342744711013263e-02
1.152732095666358508e-01
1.542256351470755460e-01
2.256967977520329960e-01
3.061370758262270675e-01
3.310804161262312917e-01
3.424300480483141174e-01
3.465979519367182737e-01
3.493171512873918250e-01
3.544799304148459895e-01
3.565319023558018441e-01
3.571238649788047725e-01
4.361194832717098513e-01
5.839098020591874105e-01
6.789700790522787965e-01
7.176171335100610671e-01
7.790204465775544262e-01
7.798645590598065613e-01
7.970010666785797282e-01
8.102264722181616863e-01
-7.806262136525233403e-03
-4.851231090033526760e-02
-6.272283255371208233e-02
-7.712011646566140077e-02
-9.029228113243381593e-02
-9.824712705314812833e-02
-8.108802917209827210e-02
-6.190522545019559730e-02
-4.186720504268728882e-02
-1.883806217614528156e-02
-1.458364087031921441e-02
-1.136172689484400006e-02
-2.279119452339669477e-02
-3.888275209012158340e-02
-4.627596005638635185e-02
-5.038450624696576979e-02
-4.068571101854299987e-02
-2.125318093519304452e-02
-1.239196315818933553e-02
-2.954722450123610511e-02
-5.585575605255016507e-02
-8.318010245898244115e-02
-1.579956061038211290e-01
-2.595744432340629793e-01
-3.594973099477014045e-01
-4.738987295926303522e-01
-5.659612104684009770e-01
-5.733163387768301922e-01
-5.767863289112747927e-01
3.093672508924678183e-02
9.725998907988347986e-02
1.379314840847780665e-01
1.262629806174699332e-01
1.116953148769839477e-01
9.598405384391819894e-02
5.647598321206356853e-02
2.553288471308881938e-02
1.085952906497024417e-03
1.229078644866387834e-02
3.045332896610116261e-02
4.426711297333136425e-02
6.711714300113830189e-02
7.568341041950558956e-02
1.027329941537695329e-01
1.274903050247393199e-01
1.209244526670153752e-01
9.799752258231074487e-02
6.904674200064606082e-02
2.329442459660753528e-02
5.950568362532215883e-03
4.862021769097341593e-03
2.225892682122655383e-03
2.509425078314126561e-02
4.010696111878493675e-02
2.545328320077559076e-02
3.444138867899385753e-02
7.220634805526507383e-02
1.617881459005134359e-01
4.213354026335116437e-02
9.575033106894598189e-02
1.585525661258994634e-01
2.156399565102479488e-01
2.523264648696421086e-01
2.775725194710321198e-01
