1.666732624487123407e-02
2.392463727470313731e-02
1.110173584519438122e-01
1.602464343367934196e-01
2.248011194738695762e-01
2.838199706906814335e-01
3.725067018458379509e-01
4.589127167661451456e-01
5.292688207364709685e-01
6.308342596676256298e-01
7.186619916479682901e-01
8.113462444041347199e-01
8.985542137108208927e-01
1.022401498467363723e+00
1.115544717895180060e+00
1.168112361139486355e+00
1.182071907723042159e+00
1.185108900470480897e+00
1.188411782642143644e+00
1.182416734790760149e+00
1.163636911325137691e+00
1.160259448566459017e+00
1.212896367741618020e+00
1.247713490441454409e+00
1.326362904381097385e+00
1.386574441542058667e+00
1.403947487611944878e+00
1.385277823568594080e+00
1.320167237653438796e+00
-6.016306555699377917e-02
-1.045888160584206028e-01
-1.137871156358146452e-01
-8.574246763944701200e-02
-7.606568175626349237e-02
-5.711231513793951775e-02
2.814232445101945423e-02
1.342896635155968466e-01
2.176701739880236852e-01
2.302362521424517194e-01
1.682516066516701603e-01
9.421603949350380869e-02
6.134034788553272693e-02
4.139853737355553287e-02
1.099299485396489084e-02
1.195899178992678238e-02
9.953872805896596745e-03
7.757018851685616723e-02
1.009910683775329249e-01
1.208305880458907799e-01
1.204405076805349084e-01
7.092252787929217983e-02
7.253668216919678668e-02
5.162594526547092944e-02
2.103835368577874204e-02
-1.911678471543069857e-02
-6.948899229307919923e-02
-9.647042193835747570e-02
-6.868525381483807368e-02
-5.450269406524839433e-02
-3.342272119417320081e-03
-1.401719600616975828e-02
-6.012535239451555213e-02
-1.427603837340022941e-01
-2.015127398749949617e-01
-2.184157701515077044e-01
-2.090433901249950932e-01
-1.848789759170804681e-01
-1.653699309108546123e-01
-1.473588764451014832e-01
-1.216999791479508042e-01
-1.762189998316434358e-01
-2.408672834322668765e-01
-3.248193957566819501e-01
-4.174687139750624110e-01
-4.640373354223396030e-01
-4.720046113116166953e-01
-4.727736221820690865e-01
-4.356070956594412236e-01
-3.857691376369165592e-01
-3.218667276099574370e-01
-3.373631941308175564e-01
-3.700706042123743100e-01
-4.128453890298040552e-01
-4.745214719476552045e-01
-4.948386404506259773e-01
-5.303627601609215425e-01
-5.259977269341018502e-01
-5.272298906144301522e-01
-4.944485977925241471e-01
3.418651445962350710e-02
5.889943325822477593e-02
8.079499987361440927e-02
1.304819070935980818e-02
-7.574397905988958235e-02
-1.729677336946599531e-01
-2.187195675422862196e-01
-2.274104506382934876e-01
-1.971451760791131935e-01
-1.436173391470038641e-01
-7.093988971512997510e-02
2.389623161812290397e-02
9.873926845353372950e-02
1.394753423188223040e-01
1.449548185678080081e-01
1.297415843484555353e-01
1.083326618061781904e-01
8.051842325183655724e-02
4.473559110985950854e-02
5.709385406944562924e-02
1.211424077117017051e-01
1.850299346746963891e-01
2.087329786127609665e-01
2.859688435929807482e-01
3.014289119824249408e-01
3.594807297855184269e-01
3.449222425517239898e-01
3.117343676894334115e-01
2.516113917893167407e-01
2.009531297164576236e-01
-2.708819977237802989e-02
2.359633884247015756e-02
6.929974713651772256e-02
1.679700007340618750e-01
2.164329028117089326e-01
2.623269438696543276e-01
2.891653559189209521e-01
2.996574778069161504e-01
3.122250185359361496e-01
2.586903983023962628e-01
2.025248431633917268e-01
1.120042726431664387e-01
1.045512103036147500e-01
8.989052420281773426e-02
6.728984386196631973e-02
8.145171304017920222e-02
1.464698365163241978e-01
2.690300105587629664e-01
2.981767246085226253e-01
2.983640942092566362e-01
3.092213705055256723e-01
2.540116434726704120e-01
1.954511447196924934e-01
1.720539747040386591e-01
1.331691858759324609e-01
1.319447680136065781e-01
1.684454317661325251e-01
2.057926301863684249e-01
2.101087157896902313e-01
2.293665465468213149e-01
-2.431747542041320931e-02
-6.431773871742746396e-02
-1.058965190370906168e-01
-1.655256717350589157e-01
-1.928537645810096124e-01
-2.151739255394752581e-01
-2.001523987237876778e-01
-1.780767453720585036e-01
-2.115840312895881370e-01
-2.379257538302208264e-01
-2.297131541088807682e-01
-2.306334030724587758e-01
-2.506089859291554811e-01
-2.814214786543630109e-01
-2.906133152327706748e-01
-3.132999291658082330e-01
-3.209130322795269996e-01
-2.967691629025774880e-01
-2.484731827097200196e-01
-2.350563491901983548e-01
-2.184400628119014531e-01
-2.119855711001958076e-01
-2.181613296633641008e-01
-2.050250805244416830e-01
-1.855939810948871727e-01
-2.158352403902401018e-01
-2.403892224006602130e-01
-2.369792366163248898e-01
-2.076836037655317158e-01
-1.821529738957061439e-01
9.784175176956972503e-03
-4.269353623065870462e-02
-6.786222274970743484e-02
-4.175137184836696935e-02
2.707006884851709261e-02
8.908572351789420529e-02
1.253468427101220306e-01
1.431131711884623958e-01
1.514646041750521421e-01
1.618745517008942647e-01
1.608243590575702542e-01
1.485612456036139450e-01
1.269995651518277258e-01
9.288786863104717129e-02
7.258579966686908025e-02
1.015299082552938575e-01
1.356686736826957784e-01
1.412614804245536093e-01
1.316675655912961096e-01
1.429297231453319217e-01
1.652968541751216602e-01
1.305770613960123838e-01
1.454003978383084095e-01
1.469680188498228013e-01
2.061501518941747657e-01
2.975108038498623930e-01
3.762347269720593967e-01
3.957983782179219090e-01
4.000718092384371594e-01
3.898016362824735515e-01
-2.871836909696319495e-02
-1.215768987299506443e-02
2.155661411990818233e-02
8.477435678524786883e-03
5.458464415676296880e-03
-9.117455188122998086e-03
-1.126198742617341535e-02
-2.023705623421523728e-02
-5.673143576479447794e-03
2.277620187605296914e-02
2.758517643278441192e-02
2.821726614970692174e-02
5.252330723350552566e-02
1.488563453517165458e-01
2.727323334062998761e-01
3.871484468251529809e-01
4.106108790314918489e-01
4.302911127003282155e-01
4.809288025618558282e-01
6.248709113729009612e-01
7.233102611722773689e-01
7.418291818903445245e-01
7.043540102585886808e-01
6.419715409554100916e-01
6.311259861727273046e-01
7.447600958125786264e-01
9.319420994652409806e-01
1.154051806002525549e+00
1.293473007793065621e+00
1.361007589564050546e+00
4.743462077641217439e-02
1.291397558441141347e-01
2.023737138715454020e-01
2.835196046189343844e-01
4.022615469532112575e-01
5.467198493331335563e-01
7.215928977403771594e-01
8.333094208876538067e-01
8.637853274283477933e-01
8.945938016360691636e-01
9.206963268967452985e-01
9.319260754852081163e-01
9.744983200708686732e-01
9.614001580669219171e-01
9.454972686694351758e-01
9.179614953709586134e-01
9.183293686230399322e-01
9.491818158474409906e-01
9.916041093790227690e-01
1.098813915951982301e+00
1.173001987286771408e+00
1.196932884448109968e+00
1.230349340261392976e+00
1.264108421728470155e+00
1.247551653815728523e+00
1.256032701038892085e+00
1.172177179658218771e+00
1.087959591086278488e+00
1.000509499151456483e+00
9.991127287839564053e-01
-1.535096095619824762e-02
-2.020636358106700503e-02
-3.548953979361738065e-03
-2.181248585363100220e-02
-8.823601876555008106e-02
-1.077193266632557045e-01
-1.272585243900395124e-01
-1.473567036721120660e-01
-1.597793989624355371e-01
-1.540580959808390826e-01
-1.231098702827927993e-01
-9.057349995930411013e-02
-7.163029256112295184e-02
-5.477614868873310894e-02
-3.489639324695700817e-02
-4.945356797341887017e-02
-7.740192104689871955e-02
-1.315061022825340098e-01
-1.882862162463612987e-01
-2.662235694761627136e-01
-3.096217651342816901e-01
-3.599104033959839022e-01
-3.464270634910930902e-01
-2.417003199119878154e-01
-8.671484920557601117e-02
-5.924505989652936039e-02
-9.756043960260118997e-02
-1.123488738581902846e-01
-1.249432369003594667e-01
-1.409897798421582138e-01
1.025756384138310807e-02
-2.118309556083682738e-02
6.514376198146421687e-03
1.926807264951289206e-02
4.549623298676459815e-02
8.094224982930295353e-02
9.329114581776565274e-02
8.007505177799226215e-02
2.643069906405268177e-02
-6.797558236011376487e-02
-1.347071033618868763e-01
-1.692490718821526574e-01
-1.831388164777358052e-01
-1.861421069413305984e-01
-1.424331976403771516e-01
-3.537877682274533087e-02
6.491923436847095441e-02
5.916626044479757207e-02
1.670036088337036040e-02
-5.313538119679418747e-02
-9.416121536555405180e-02
-1.556538862161326309e-01
-1.516706017546005092e-01
-1.788366411722603078e-01
-1.678514765647030338e-01
-1.473660113053423815e-01
-1.013467479283543804e-01
-7.777106426656650584e-02
-7.657332067536012921e-02
-1.151239246380798970e-01
-6.173817458858008728e-02
-9.663227090093642890e-02
-9.622292751628538920e-02
-8.714908013366895467e-02
-1.239503459376798677e-01
-1.178966226776544390e-01
-1.327278012855354072e-01
-7.550913413603939361e-02
2.292070609305826845e-02
3.356075453777471185e-02
-9.239549380322675809e-03
-5.229028392075839998e-02
-4.734235751573472040e-02
-2.641154913476786298e-02
1.331879903196561687e-02
2.574959032495216515e-02
3.815286621492428032e-02
1.256202538178940453e-01
2.234372863559346833e-01
3.014845752291643866e-01
3.777446600561930601e-01
3.743525340138371127e-01
3.111222283340898676e-01
2.708932037884531074e-01
2.515206800167461565e-01
2.325941717139942411e-01
2.344280601588298041e-01
2.871253020321746230e-01
3.138896833258187358e-01
3.522773478850197981e-01
2.585837659923137868e-02
1.725027213319465375e-02
2.711626313613526434e-02
1.228192031501755717e-02
-1.686599632237361507e-02
-1.150879189881396647e-01
-1.853088103591790659e-01
-1.943026209067164889e-01
-1.393504922010496139e-01
-1.341368185994936679e-01
-1.256651355450305318e-01
-1.072945807924737815e-01
-8.654862748853044130e-02
-5.319798119897708316e-02
-3.943217942183534913e-02
-5.187635734915648639e-02
-1.411651336203829099e-01
-2.150208956622094436e-01
-2.595377353525468722e-01
-2.836015808408264283e-01
-2.299056007113543521e-01
-1.333671751500615787e-01
-7.320184678656829758e-02
-7.687965833459528553e-02
-8.659294713319735937e-02
-5.824149146163989932e-02
-2.536396256834660273e-02
-1.254492941013305232e-02
-5.308569428416444469e-02
-8.453437668712335262e-02
5.808908290391634997e-03
1.528671031230912497e-02
4.524129100070657661e-02
7.106581913532047934e-02
6.867823189909671999e-02
5.539568812417997035e-02
-1.869894733862453862e-02
-5.113715502864823320e-02
-4.907549251994890865e-02
-2.935471427327213806e-02
-4.721206098370943349e-02
-3.511047179870575852e-02
-3.564919679949475617e-02
3.171943340848763782e-02
4.183585723103824816e-02
1.321102992607421298e-02
-6.159425959407410778e-02
-1.429835297510524406e-01
-1.890220319106405145e-01
-2.179933048872484125e-01
-2.212693623564098988e-01
-2.429424901277015825e-01
-2.213811442305866073e-01
-2.266491260804428531e-01
-2.242809598553646977e-01
-2.370561414182759397e-01
-2.543565916214398093e-01
-2.901272557991669276e-01
-3.128435298915695495e-01
-3.317392750867511064e-01
-5.221879944710690336e-02
-1.003323116496555867e-01
-1.522860802876969122e-01
-1.662361651348149005e-01
-1.196196748502664359e-01
-6.980745661132119195e-02
-6.858333877543339174e-02
-1.318742749708102513e-01
-2.315945910856389012e-01
-2.879537952996903405e-01
-3.049948587505118547e-01
-3.151741173414281949e-01
-3.240413415404028163e-01
-3.440039483293480527e-01
-3.358006249725748460e-01
-3.365532916157151777e-01
-3.048967740183178843e-01
-2.869939559499212200e-01
-2.674573520442922181e-01
-2.802391363935270441e-01
-2.937430442153312060e-01
-3.526096016654246545e-01
-3.695131911878333231e-01
-3.246709669350200667e-01
-2.644662768822494958e-01
-2.169154275085817263e-01
-1.454907760091174174e-01
-7.104673432713673464e-02
-3.901697050552477980e-02
-5.434247291015605053e-02
-2.400302657645324994e-02
-5.559852762095869594e-02
-7.937294964524842233e-02
-1.013036791384571839e-01
-1.131446192425745595e-01
-1.205182115220242156e-01
-8.673301718869765031e-02
-4.745087217337837227e-02
1.971901834965783529e-02
9.244851617383273434e-02
9.573267518361283646e-02
1.013202199719383800e-01
9.412283204470593689e-02
6.250433539450081510e-02
5.184684450917396992e-02
3.622007333778162058e-02
6.562429557430066174e-02
7.584316045926423056e-02
1.521193637425509448e-01
1.804505709342582864e-01
2.325325478028438253e-01
2.559183998056724363e-01
2.021695469434184877e-01
1.725547180928392321e-01
1.891517554647111077e-01
1.567385023237564123e-01
1.426829237783562299e-01
1.467982511038109505e-01
1.379780765871286841e-01
1.709176497753945867e-01
1.183152280596939769e-02
-1.232932406870425497e-02
9.487935691598227764e-03
2.558432435999848792e-02
1.515154999730560989e-02
-8.121247856999601333e-03
-7.974209621143174553e-03
-4.069570581943859205e-03
-9.379795306575021245e-04
2.403203689715366353e-02
6.869950769379386257e-02
7.977491516293286344e-02
6.335627565067707134e-02
3.504497985123664061e-02
2.821021569222181835e-02
2.221537704244871958e-02
4.113346016837622632e-02
6.046674521472292230e-02
8.894687571302122009e-02
1.428303366566536781e-01
1.784534855243646301e-01
1.714395969115289631e-01
1.314568026301383696e-01
1.024323952823030653e-01
1.041914338962503100e-01
8.380537153844608289e-02
5.301854295890652546e-02
1.549259279232049341e-02
-6.427123455721713702e-03
-2.578344231818824762e-03
4.597998913822321648e-02
1.888596118725645312e-01
2.667024548619441604e-01
2.385121363059973243e-01
1.680824192690575924e-01
1.044226289505430366e-01
8.893204735684351325e-02
8.009406374316978272e-02
9.074209641315236774e-02
7.007755184911786117e-02
8.489156794086603897e-02
8.629122847522331663e-02
6.983890423879331177e-02
5.608320417589305468e-02
4.337891026500788338e-02
4.341774219998595363e-04
-4.217982474214703598e-02
-8.979691580027984732e-02
-9.875282082131425776e-02
-7.458117521919199744e-02
-5.616643609127004028e-02
-4.130652419365667821e-02
-1.859476306822688968e-02
7.541794067334742224e-02
1.405418319292407736e-01
9.240549058826610929e-02
3.442941205145071126e-02
-5.746856725875482130e-02
-9.482095667488138480e-02
-8.195227737989034533e-02
7.431006313020464826e-02
1.129972259329531936e-01
1.472613110923843005e-01
1.463548469769838656e-01
1.498839617226457865e-01
1.926103260749878476e-01
2.111255817244718780e-01
2.070719732979022787e-01
1.830988833177655539e-01
1.478976894137677411e-01
1.489700598665650577e-01
1.467620958993029467e-01
2.205219852080231302e-01
2.542634782065839594e-01
3.161226501165927405e-01
3.571416393493166419e-01
4.532143126302911051e-01
5.081397971514813872e-01
5.161850482600510714e-01
4.771078483917997604e-01
4.665043183707699992e-01
4.309009102591287999e-01
4.329773968554865293e-01
4.458547572993073471e-01
5.736619029183295249e-01
6.402045661122084397e-01
7.032610838639137274e-01
7.691611481786041482e-01
7.996162074040036316e-01
8.278757904124557365e-01
2.482327570943372325e-03
-6.558408430465234584e-02
-1.416523774089081533e-01
-1.939313445987819462e-01
-2.033893389457218648e-01
-2.085966278049676825e-01
-2.053951339836926071e-01
-1.753923040454559157e-01
-1.407041748597482322e-01
-1.312419183600478656e-01
-1.258455246348069156e-01
-1.671004454265500594e-01
-1.881133250360829401e-01
-2.254666956973757352e-01
-2.640373731246001832e-01
-2.513809599583738952e-01
-1.631607886724808498e-01
-7.905566711465444873e-02
-4.133273494318993185e-02
-5.627594431751021392e-02
-4.343101678517029274e-02
-6.549126562251528227e-02
-9.869095253460233308e-02
-1.788057007205094973e-01
-2.281910434218484551e-01
-2.595537828941208991e-01
-2.265263297261314590e-01
-2.067509858426643254e-01
-1.115541291691322240e-01
-3.105212486095779156e-02
-7.422011062302016904e-03
-7.375510302860381617e-02
-1.271224601737603599e-01
-1.596685070751907576e-01
-1.899159008079543132e-01
-2.326524760317541796e-01
-2.800289768888802877e-01
-2.857591010631383988e-01
-2.790822509125169826e-01
-2.333946309830131072e-01
-1.947640964469184444e-01
-1.871542517627192981e-01
-2.173004886926258872e-01
-2.490501851881058437e-01
-2.938241833085231680e-01
-3.125768068531403210e-01
-3.390854147457259549e-01
-3.729731982923785716e-01
-4.081142096416184861e-01
-4.090983140131643769e-01
-4.016246922895760907e-01
-3.613071004945267450e-01
-3.900428434646809883e-01
-3.969660157363573694e-01
-4.393277895229830143e-01
-4.510781027590828329e-01
-4.031277030071890866e-01
-3.733320637994432811e-01
-3.140408992508479935e-01
-2.846921369077949349e-01
2.080934194870548426e-02
7.240389302793107107e-02
7.889280985536419044e-02
9.444963180371573896e-02
3.622906169079917471e-02
-6.059746431676536760e-02
-9.815220193893736678e-02
-1.160700903119832039e-01
-1.016187320100316871e-01
-7.841703186806990578e-02
-2.809820101083893712e-02
5.166705840608249584e-02
1.199083219984251047e-01
8.526167836781337050e-02
6.524192624842586885e-02
4.580779904574950462e-02
4.694447169732941794e-02
5.521614862605946084e-02
5.476862881326508697e-02
5.367039746120720600e-02
5.417806482033771937e-02
4.890828072998221893e-02
6.238739365359416422e-02
8.641205565520260201e-02
9.598348174042420355e-02
6.659827961034975319e-02
5.831673844990206690e-02
4.936846025591382081e-02
5.586667389989274229e-02
3.693781432988947622e-02
-6.418985144676809043e-03
1.454456122004874931e-02
1.172654533407956612e-01
2.371576687379242931e-01
2.731301336424392101e-01
2.250600195968286421e-01
1.004781765291516971e-01
3.011554154437562358e-02
6.000189260803588664e-02
1.563166549545347284e-01
2.114933717460156515e-01
2.457551395957461582e-01
2.661375308689541419e-01
3.210895179203286376e-01
4.386820276003733921e-01
5.246749812860493911e-01
5.917811162011263892e-01
6.141376314783507651e-01
6.504478568661052895e-01
6.688749506736503259e-01
6.803424437597134222e-01
5.894949229659142143e-01
5.344559592719535512e-01
5.027723065641793720e-01
5.476926088749621835e-01
5.449149509630629717e-01
5.517107025236137607e-01
6.210055027820308160e-01
7.056068308400237354e-01
7.731334202558264312e-01
3.959617722713879712e-02
9.106468118088414943e-02
1.238331014360172233e-01
1.337823097364251035e-01
1.224753127273451592e-01
9.714181333183331823e-02
1.160980207710757967e-01
1.320304225862335423e-01
1.516380943842074447e-01
1.587579043942607127e-01
1.463694046568472240e-01
1.014902269966474341e-01
6.757330158730337488e-02
1.719278219898420085e-02
-1.974306521772451611e-02
-1.819743072684870677e-02
-2.086993701181127231e-02
-3.235713905326247780e-02
1.243334987500976235e-02
4.809882955190356718e-02
7.398372313037643311e-02
6.031700126310790555e-02
5.529439904647885651e-02
4.447291111916042150e-02
8.221402837944435937e-02
9.186240330028613843e-02
8.106846335668088654e-02
6.009544414962490755e-02
7.346300550598004742e-02
7.755412630572372512e-02
-2.045830374243396560e-02
-2.943881098895676299e-02
-1.306000201548304096e-01
-1.972213096713094638e-01
-2.169025416562765651e-01
-1.777892531347364247e-01
-9.814863815594450369e-02
-4.408804033058530414e-03
2.033122589509018391e-02
3.829925377629758015e-02
3.041790140133152076e-02
2.364415668223277325e-02
5.398272508638898848e-02
1.324620055105839994e-02
-2.908546651914410003e-02
-5.797900665185581198e-02
-6.397067103364217910e-02
-2.209447302217794340e-02
6.323747492235180789e-03
1.277572899131946410e-02
1.782708613959221172e-02
2.214655318048970589e-02
-1.818291781730040774e-02
-3.523853381375725846e-02
-2.444874896292346944e-02
-1.168457541815831960e-02
-4.975126108393773845e-03
3.750761908729865340e-02
1.023195783803075576e-01
1.083874600540785521e-01
-3.998607799971475724e-02
-8.777908882344409580e-02
-1.324648138883928183e-01
-1.299276960259925784e-01
-1.419140986832800877e-01
-1.458443811577326554e-01
-1.434258889467744380e-01
-1.287435375703036566e-01
-1.308531704044954003e-01
-1.096637578537645041e-01
-9.854870218038612462e-02
-1.100039123999239643e-01
-1.390890518322302760e-01
-1.962166630503622833e-01
-2.302391527219640466e-01
-2.651536593545752996e-01
-2.647244775117734705e-01
-2.665040743037897508e-01
-2.132305606228935280e-01
-1.838747865380583602e-01
-1.836957279308633340e-01
-2.455413564632941414e-01
-3.333716945487111838e-01
-3.961951559531889933e-01
-3.941284857417224341e-01
-4.232446837862277045e-01
-4.522151255888428034e-01
-4.364968701928648165e-01
-4.223465982067531321e-01
-4.016571407051833797e-01
-6.926790745248795345e-03
-3.578228967633485802e-02
-2.019246801479218645e-02
-2.158884205485112062e-02
-2.458086209719153800e-02
-7.005590854769874753e-02
-1.149321112460231775e-01
-1.681118358982331140e-01
-1.893461313073941665e-01
-2.073687519583025107e-01
-1.633992566958104853e-01
-1.168231389252131214e-01
-1.331413283371088163e-01
-2.274099508250773394e-01
-2.747651889369864264e-01
-2.749669623117613759e-01
-2.041263293403635382e-01
-1.540707703018099062e-01
-1.085389291607352091e-01
-3.308842414444866653e-02
9.936030924128357034e-02
1.729741074992838246e-01
2.586513901022393092e-01
2.749852610515945428e-01
2.499814458689038066e-01
1.804983031676693772e-01
1.397707092275253804e-01
8.789615795614129368e-02
3.035161718309957457e-02
4.699823791992418370e-02
4.108614037729469565e-02
1.694918527624593718e-01
2.869772272505632382e-01
3.160387702149931033e-01
3.342143716593554137e-01
3.141118642306322539e-01
2.783840766853611370e-01
2.062362208999475865e-01
1.847227521336008149e-01
1.945942974636682143e-01
2.482178827963765766e-01
2.690613101986520372e-01
3.227162434449658557e-01
3.500988701722985708e-01
3.648585415713602176e-01
3.580709188891699757e-01
3.290650668781491262e-01
2.405644602363426754e-01
1.726573066148305302e-01
1.476174707844582767e-01
1.403960721389144461e-01
1.700215810797305882e-01
2.351600029410310655e-01
2.937154130093252991e-01
3.139133375803467851e-01
3.068812216821511507e-01
2.602610043200412893e-01
2.314853236851113216e-01
2.121434346032569362e-01
2.133702075888445349e-01
2.662271445283037261e-02
5.664106432611436953e-02
1.266237228799738934e-01
1.724214646728788602e-01
1.363425568659529796e-01
6.361538162341538738e-02
7.064748301513763817e-02
3.766296660480440706e-02
8.401291550006680792e-03
-3.155114999706136458e-02
-2.879413478612288801e-02
-2.763637662194272718e-02
3.397424132386406281e-02
1.301354049060043372e-01
1.809640947649538978e-01
1.429799913289514501e-01
9.048911286691160849e-02
4.548387791945805725e-02
4.023260778034876139e-02
6.092646806602609877e-02
4.891942054096785897e-02
7.229926000730836633e-03
3.887964535079806161e-02
8.412944421669282802e-02
1.195392819469070222e-01
1.329884142074222175e-01
1.181361346885600461e-01
4.735026916398424324e-02
-2.247216355115963515e-02
-7.804883345264249095e-02
-2.585570158783055683e-02
-6.234603118043569731e-02
-8.411641189587032441e-02
-7.056945076221546320e-02
-1.747569700316582014e-02
7.855483689312470208e-02
1.155619636894249513e-01
9.132911520747438727e-02
3.593535729930371486e-02
-3.984621717521649037e-02
-8.295128770514118011e-02
-6.795635032916796936e-02
-6.017803101359584655e-02
-4.387805738824018809e-02
-6.436490282066498203e-03
4.585765023980938049e-02
9.741141821723547922e-02
1.371330908626208767e-01
1.433435607062234496e-01
1.443428319276222893e-01
2.061833890371757849e-01
2.064000385647235813e-01
2.130569937838522332e-01
2.384770988127042357e-01
2.330044092928501009e-01
2.482027624781365516e-01
2.830118329570972535e-01
3.473777241867834764e-01
3.718933318770707985e-01
3.617083952387555312e-01
-4.016094497126680707e-02
-9.092807924623384774e-02
-8.809623167024499546e-02
-6.361271417304559250e-02
-5.668185738006367713e-02
-4.137932400828191887e-02
-1.241937480875633312e-02
3.700775308404610775e-02
1.303358370307274305e-01
2.093194296191841219e-01
2.700868201784638600e-01
2.335756087642655299e-01
2.141475229640968925e-01
1.782038222979190067e-01
1.500764896285147199e-01
1.429553859119156445e-01
1.401317776379892577e-01
1.834314780435604142e-01
2.507287271595629585e-01
3.730731215088728958e-01
4.221317603264851948e-01
4.256280462024256139e-01
4.008798223192957533e-01
3.902359959925632560e-01
3.800149861460944689e-01
3.834315143625485200e-01
2.824514618872826510e-01
2.120949341035042734e-01
2.233967997166193820e-01
2.142648210155440325e-01
-2.346505546316818638e-03
-8.997094537809728620e-02
-1.627384346810951676e-01
-1.536764728842765493e-01
-9.975912934964034640e-02
-1.063585130174626442e-01
-1.314003985787388917e-01
-1.021901037754153890e-01
-8.556009680856856148e-02
-6.771924659576575301e-02
-2.179470426347293599e-02
7.041533005569759751e-02
1.010931697227814979e-01
6.666704280191650123e-02
2.189263624155066146e-02
-3.179118251921872473e-02
-6.121733447780142862e-02
-9.845360207323759771e-02
-1.520166794950379152e-01
-1.560162259576712285e-01
-1.332239388440716599e-01
-1.169505717497761887e-01
-8.242006363127929447e-02
-8.595898948747281165e-02
-9.418593232921020075e-02
-1.066647231344345914e-01
-1.510748710091983360e-01
-2.299417218241472938e-01
-3.317888748838118129e-01
-3.848680043632369818e-01
-5.129722522264860973e-02
-5.306595524444552431e-02
-5.830605685987605424e-02
-4.629442083176359135e-02
-4.964023688685481606e-03
-5.009935708822595146e-02
-1.052792083759852698e-01
-1.926948994671850712e-01
-2.606451203895892021e-01
-3.060478811177917424e-01
-3.179253369160030540e-01
-3.526157745884282435e-01
-3.364735376642040698e-01
-3.108125059219105646e-01
-2.536215262943323223e-01
-2.494919862642556163e-01
-2.540525293397943862e-01
-2.997169587014519299e-01
-3.239173118092497083e-01
-3.487423940683862522e-01
-3.609707722833507826e-01
-3.712497012233462179e-01
-3.649783030948691720e-01
-3.574780888831493031e-01
-3.090606825066040675e-01
-2.575745789937574637e-01
-1.970718739264770147e-01
-1.267029013732181852e-01
-1.217905382093897038e-01
-2.140845118519703050e-01
-1.267125191513427396e-01
-1.830370073649888463e-01
-1.887091461718489460e-01
-1.610878626168568140e-01
-1.478998972984667815e-01
-1.189223804213745961e-01
-7.876609014753262195e-02
-3.335120270541835213e-02
2.387192962423054232e-02
4.967489836245372881e-02
5.951244549145272983e-02
4.931202061281841215e-02
3.430431969150748300e-02
2.378217665004107861e-02
2.089510726011419017e-02
3.564707747859818809e-02
6.346522820483138649e-02
1.038975295273884270e-01
1.173265795926303895e-01
1.581079867046857323e-01
1.580565163049371391e-01
1.392892602244487910e-01
1.779632124101112323e-01
1.540208004309687184e-01
1.558051563991943722e-01
1.746733842656227331e-01
1.634993049607729176e-01
2.059612397130480277e-01
2.567388954628982978e-01
2.847674332866625968e-01
4.167388512738129380e-02
5.218830405677032935e-02
5.084711129963193077e-02
3.731691302358150497e-02
-1.462811439998926849e-02
-2.753404475488246267e-02
-6.235893317668910613e-02
-6.568608461568857526e-02
-5.762400429797893270e-02
-6.820496691711588899e-02
-5.111368523041272260e-02
-1.881362656147527596e-02
-2.920216607428548217e-03
-1.045003049644831553e-02
-4.139194397555669841e-02
-8.689742017268604901e-02
-7.718836728728656338e-02
-8.023719922939875904e-02
-8.721304288180178887e-02
-1.404005064932496438e-01
-1.431427215552248111e-01
-1.755599730158088900e-01
-1.710094089487196323e-01
-1.827705089233795654e-01
-1.905646646730593807e-01
-2.440239785261479333e-01
-3.079454483995932579e-01
-3.767590455639669988e-01
-4.032450809799341118e-01
-4.251830988807646650e-01
2.900639040404406378e-03
1.987408992232804830e-02
4.035086373224197609e-02
1.027685296321743935e-01
1.747355681905677915e-01
1.770131002770570505e-01
1.463124128735308893e-01
3.848625894300100603e-02
-2.460972074342437921e-02
-3.469915566866145495e-02
-2.314920622644781045e-02
-4.091146638087016923e-02
-5.913168948365341709e-02
-6.774829883316778323e-02
-7.003516573767194775e-02
-7.285246405001444270e-02
-7.018924314955053700e-02
-9.265389113911659535e-02
-9.645664313997755202e-02
-1.166733072003459937e-01
-9.319567426375691133e-02
-3.771640457286742909e-02
-1.772748941507993822e-02
-2.085050641380349276e-02
-2.724858281421840139e-02
6.200252247490489754e-03
2.195796029176368819e-02
2.285727681297070393e-02
-1.887648504458723508e-03
-5.000909675189294662e-03
-2.398992699800826453e-02
1.770491194874866323e-02
7.406847395394021427e-02
1.165783591865837271e-01
6.774825070543037675e-02
4.090354085152622665e-02
9.318288062646014336e-03
-3.964423515264976772e-02
-9.689353038606854374e-02
-1.419912797343036437e-01
-1.531151200201883167e-01
-1.717779198685764341e-01
-1.803253778246156624e-01
-1.952979006514537763e-01
-2.051768621328768083e-01
-1.880254443180944812e-01
-1.832046019487978405e-01
-1.833606315508172491e-01
-1.975146232292455395e-01
-1.895393484170186382e-01
-1.424843596914300015e-01
-9.815399626315070292e-02
-1.057906810230988121e-01
-9.248003498299367520e-02
-1.443230484002930303e-01
-1.920701847075185764e-01
-2.525693336823340296e-01
-3.052472046134535599e-01
-3.545379140259243278e-01
-4.074548338500761924e-01
-1.025770584455538009e-01
-1.821985282012979213e-01
-2.271243262336609114e-01
-2.094671309549769045e-01
-1.642255662795686910e-01
-1.380364930154435732e-01
-1.421922376479834160e-01
-1.595192980271969152e-01
-1.479359672036904272e-01
-1.280635450702309053e-01
-1.209139509519851774e-01
-9.601279236274062878e-02
-2.548267912403187618e-02
1.106424142878515982e-01
2.531486537384629587e-01
2.767776237109249027e-01
2.727722783630034953e-01
2.004370076036620929e-01
1.030391288446434322e-01
1.134374532270935876e-01
1.090633102143397509e-01
6.269920898039563206e-02
6.173170766223459727e-02
5.939684737222494793e-02
3.128316112570780905e-02
3.267900599596361422e-02
8.471289869007950224e-02
5.021738060924810232e-02
6.254742472245214402e-02
6.987309197497705571e-02
3.804538052701458839e-02
1.175619089281647878e-01
2.588378962627098101e-01
3.710807632045649562e-01
4.152832814514483273e-01
4.452056175695724427e-01
4.792250044242806206e-01
4.882471482494702419e-01
4.497729886013139278e-01
4.018089431397338096e-01
3.690136653826446844e-01
3.652748449770985562e-01
3.638255857125440307e-01
3.436557837706823992e-01
2.672567062043608721e-01
2.559648383145265438e-01
2.759812451647796760e-01
3.711617966477986363e-01
4.157374848502442544e-01
4.029968288599928838e-01
3.617234264850747172e-01
2.921727451063536041e-01
3.173717254770146989e-01
3.228988647243128951e-01
3.544037579390280635e-01
3.664298932217894267e-01
3.764270204873198522e-01
4.236465362879006658e-01
5.511159162445142812e-01
6.412106284761986963e-01
4.109722415433805787e-02
2.650261061928542092e-02
-1.272343324635502246e-02
-7.190587353264606130e-02
-1.256313252444783424e-01
-1.870955852259886532e-01
-2.231422102142966712e-01
-2.455537958007285027e-01
-2.722747870225279421e-01
-2.963720641151052493e-01
-3.202072074591632567e-01
-3.395072081231738093e-01
-3.640198693947369613e-01
-4.041282155985002067e-01
-4.259089310684470719e-01
-4.338087379918966757e-01
-4.254449583058995121e-01
-3.674254948918214136e-01
-2.924129289924754516e-01
-2.329872673723786258e-01
-1.510640064631008639e-01
-1.543299832878736455e-01
-1.884669026242630219e-01
-2.507368492758413336e-01
-3.109657686677526622e-01
-3.590241122325135148e-01
-3.838630205725460653e-01
-3.788925840020161417e-01
-3.447586568212941405e-01
-3.183853362110323770e-01
5.327239159864017443e-02
1.099453371314098871e-01
1.391298096851165400e-01
1.099014206176380515e-01
6.542296678541391353e-02
-1.291557790522682159e-02
-4.399721443374338126e-02
-3.522691611468511952e-02
-2.549413647031154029e-02
3.637892298199896235e-02
1.428520156297088395e-01
3.335991760574847920e-01
4.549918834922669353e-01
4.527009475522799642e-01
3.599189187283309277e-01
2.350648339332341852e-01
1.360812418925803624e-01
1.155456880745200920e-01
1.023351604791315622e-01
1.046647613256805331e-01
1.665486483013766117e-01
2.068513193942922435e-01
2.573784618062116558e-01
3.009344185434733032e-01
2.708106224213329138e-01
2.032909906941791633e-01
1.205269085893613396e-01
1.134544219620953615e-01
9.390830842934623501e-02
1.000820521488205994e-01
-2.823648733024324356e-02
-4.757819581164099421e-03
2.875979168110426309e-02
7.963941453736533838e-02
1.078893128651454980e-01
8.470494682586587887e-02
-1.703021124762103822e-02
-9.163576731373873629e-02
-1.431919110034591547e-01
-1.699283629937949069e-01
-1.746017772008231494e-01
-1.904459438136341665e-01
-2.183389814770391735e-01
-2.092390998900199861e-01
-1.892552799949830944e-01
-1.933025030495021668e-01
-2.467883252275732964e-01
-3.170646722860662736e-01
-3.440618235170209704e-01
-3.737133523242345268e-01
-3.847357284141952327e-01
-3.785961348483434796e-01
-3.456582038267770329e-01
-2.808803253008395062e-01
-2.894935630710415708e-01
-2.660164404769990165e-01
-2.458313500947329755e-01
-2.668305987077928543e-01
-3.704686530382305110e-01
-4.525708863387297720e-01
-3.872290620885452533e-02
-3.811596439193507685e-02
-2.387848673541224237e-02
-4.308258832500886509e-02
-6.091742232186712902e-02
-2.166101373391973034e-02
1.720353216419199388e-02
5.851481025078014708e-02
3.639051218023300199e-02
1.571377324598873665e-02
-6.171991429889049641e-03
-2.840686368995943775e-02
-4.424949235516340007e-02
-8.366446956927367506e-02
-1.151261429510370971e-01
-1.475155298907721291e-01
-1.583118447835063503e-01
-1.292007169107559639e-01
-8.155985206083593564e-02
1.897479535700054287e-02
7.623110018224407702e-02
-7.731989841699066224e-03
-1.301244701145847227e-01
-1.603698572514289100e-01
-1.104254441472505566e-01
6.187319537612193110e-02
2.864007402716260975e-01
4.719549842784105387e-01
6.491280280222376797e-01
8.139323125307889040e-01
1.424028323804888418e-01
2.336151356228290954e-01
2.415803833032502401e-01
2.624807943050922465e-01
2.392962202548190309e-01
3.042425088416562673e-01
4.315585266788277696e-01
4.776861167969260746e-01
4.498930996362914825e-01
4.042546733079077081e-01
3.221299157017941672e-01
2.455515635029892618e-01
1.120521095122593846e-01
-5.604920790795700491e-02
-2.186147387847473811e-01
-3.280333792988937014e-01
-3.089737433357260810e-01
-2.177092308160633871e-01
-7.843757409017021454e-02
1.205788302762284547e-01
2.502386578234936931e-01
2.414280496754282468e-01
2.077529142799076911e-01
1.447998601383825301e-01
1.275985884271405302e-01
1.264467009297993161e-01
8.606184297666576166e-02
5.679025703610045273e-02
5.240840721633713978e-02
1.782706842943079101e-02
-2.419790261002114154e-02
-3.975401125716940265e-03
1.697238036635140973e-02
5.080958203284029195e-02
3.168268216688208128e-02
7.648769547946840386e-03
6.568070252699029742e-03
2.321435241804594221e-02
4.529629961345718603e-02
3.939605962312981574e-02
1.886872351029025840e-02
4.688186873446718167e-03
3.884772433794791979e-02
7.147011511231486647e-02
1.023398078986776372e-01
9.034021418367037259e-02
7.584546983927445418e-02
7.420920674001182937e-02
6.496374916663319454e-02
4.929055273548493821e-02
3.684613920100884843e-02
1.264708365965813361e-02
-4.444623627060551030e-03
1.334116180821557848e-02
8.528072679631629183e-02
1.824128859598552477e-01
2.455917597700560950e-01
2.412823483412777636e-01
2.175772212735060385e-01
1.687686061204244636e-01
1.197980514673233771e-02
7.860630245534405702e-03
