5.659488461099457801e-01
1.039290720229941511e+00
1.490497416016352883e+00
1.644063554387687143e+00
1.674155474743647121e+00
1.777091244468228970e+00
1.914327202620490276e+00
1.989262842405136622e+00
2.061123962519169073e+00
1.961679043276807199e+00
1.874520160542014979e+00
1.818610855064383136e+00
1.778756286677619647e+00
1.763979451300826895e+00
1.728346129550113019e+00
1.685059465779497057e+00
1.588144991191230426e+00
1.454232785084610624e+00
1.394275153421155267e+00
1.380439552952435811e+00
1.376537115202600026e+00
1.356813681247675429e+00
1.329159875334362306e+00
1.258497469744587649e+00
6.580108876295883702e-01
7.483363726849534547e-02
-3.528498303319559382e-01
-6.038245141388349779e-01
-3.405764841338898563e-02
-3.342626923673765182e-02
-3.744688743609091153e-02
-1.393997390769394773e-01
-6.028717279135065166e-01
-8.003110986076306110e-01
-8.985392417291180323e-01
-1.011032908161319410e+00
-1.052239604547810847e+00
-1.187711191274018585e+00
-1.312166038290001335e+00
-1.369735437516566234e+00
-1.380064425475421297e+00
-1.351734282176631163e+00
-1.320293733259853441e+00
-1.360410657609460561e+00
-1.404256322883216779e+00
-1.394144502013274334e+00
-1.425911783402626476e+00
-1.488756215830515206e+00
-1.542033204063247620e+00
-1.536377406588852468e+00
-1.540075787330295487e+00
-1.523019845125736849e+00
-1.495460129355421719e+00
-1.427513192280113863e+00
-1.410120620213681342e+00
-1.404547519434893532e+00
-1.420947846839300643e+00
-1.367705344891027679e-02
-1.731399433360830339e-02
-7.960374482609519631e-02
-6.803358437021692073e-02
-5.328754589703763034e-02
1.682811183916949060e-02
1.649473578855605860e-01
7.907707272112484143e-01
1.206782973229957312e+00
1.543301159893458507e+00
1.600542965284122765e+00
1.515997578690355674e+00
1.436787735856006387e+00
1.398710426775994442e+00
1.413475918143909826e+00
1.407910116435944214e+00
1.671259228418864540e+00
1.741956068442677363e+00
1.728858484496676340e+00
1.687133898674151089e+00
1.659936060330828411e+00
1.655885565169180618e+00
1.661043246270357265e+00
1.688858464489729316e+00
1.702368761373201700e+00
1.733221569982024812e+00
1.743889532883641458e+00
1.716915592756650621e+00
1.638493357962017560e+00
-1.211056880158504767e-01
-2.130089138775583812e-01
-3.075113305293450394e-01
-3.909814323876536490e-01
-4.241026447801334864e-01
-4.897944978564784946e-01
-4.969624420904554252e-01
-4.681609504154244372e-01
-4.476099120824388877e-01
-4.125546973895894975e-01
-3.560265600131183317e-01
-3.799419898220842140e-01
-5.937993105955456929e-01
-8.827281226607124331e-01
-1.073810614406516040e+00
-1.129390043432427548e+00
-1.543082425473483621e+00
-1.977246599424065554e+00
-2.412115013542996067e+00
-2.658469793871791165e+00
-2.666840088906639927e+00
-2.683913068464166329e+00
-2.723268089825707783e+00
-2.878606070347289325e+00
-2.990667979777590801e+00
-3.033691817962958837e+00
-3.039739170170880911e+00
-3.064916552873622191e+00
-3.071282266365135349e+00
-3.703570364745611271e-02
-3.047512277116249529e-02
-8.313204022606209692e-03
-2.558579717032565329e-02
-6.849347824760863845e-02
-9.468200929444937908e-02
-1.153086130676076737e-01
-1.180418560894367780e-01
-1.204813907439656606e-01
-1.030810919660955505e-01
-1.364435522907417320e-01
-1.494427242238565989e-01
-1.708558111330165385e-01
-1.288307514048902258e-01
-4.448642929620039155e-02
-4.693495440640008121e-02
-6.909072443751095027e-02
-1.014992348674457895e-01
-1.070875648751426351e-01
-9.846313837183319484e-02
-2.753764129523945947e-02
1.088779199084316113e-01
1.727210881139865095e-01
2.567472416418986603e-01
3.257151335283439142e-01
3.615651595533750373e-01
3.817331981544928032e-01
5.762489080682152709e-01
1.023497730107449044e+00
4.084358521773874262e-01
7.812989594126706905e-01
9.802727813425731185e-01
9.333877281353644140e-01
9.711027385522882360e-01
9.936674589180876094e-01
1.064711312562365286e+00
1.143816515192721095e+00
1.174586245581501709e+00
1.114564304497417391e+00
1.053953972256181038e+00
1.027246370929231656e+00
1.078084126050205871e+00
1.056581094497573980e+00
1.063628415346854039e+00
1.069215899487338861e+00
1.099931881718620108e+00
1.155766011165088036e+00
1.128804076115871080e+00
1.080239079004544855e+00
1.010333872118547971e+00
9.783262997233566072e-01
9.841073152901667065e-01
9.683957283402441218e-01
9.958494655014248353e-01
1.045680785942416202e+00
9.627340496586580532e-01
3.666048066061714517e-01
-7.890948630094751781e-02
-5.106197321703815489e-02
-4.669692350104058531e-02
-1.371282829373964840e-01
-2.003707494334211747e-01
-3.339669506238188701e-01
-7.252953028511486266e-01
-1.053072449847837877e+00
-1.209010255933399725e+00
-1.201189321282237987e+00
-1.199403979213330418e+00
-1.150820513411242585e+00
-1.084037226947444088e+00
-1.095863078061983131e+00
-1.138811285424673025e+00
-1.291399598330621457e+00
-1.411070306506919669e+00
-1.499390553542301996e+00
-1.532366598529701029e+00
-1.565561610783993807e+00
-1.573507456739928978e+00
-1.598118277592486480e+00
-1.608604872362463967e+00
-1.617180584135705423e+00
-1.603814277912695596e+00
-1.602781667695888146e+00
-1.558704671290993771e+00
-1.514759438221310983e+00
-1.454476111940285366e+00
-1.406429996105798441e+00
1.540281420679184485e-02
9.397552633682922096e-02
7.822648509489386892e-02
-1.764248516021008073e-02
-8.987681320114790373e-02
2.500580774773148995e-01
6.111208642280765435e-01
9.563853819660185218e-01
1.215549551708365206e+00
1.282778737495814836e+00
1.227087901566257244e+00
1.233113532436169946e+00
1.309460150284140756e+00
1.477162619352141881e+00
1.601680514722611193e+00
1.708971976375401658e+00
1.716551860177554678e+00
1.720935562665739438e+00
1.706064997301103281e+00
1.691683746411184686e+00
1.692344583712393380e+00
1.649650706941755196e+00
1.584415679399867161e+00
1.495284319519663230e+00
1.394558046939131213e+00
1.354347889768110269e+00
1.350486877567837363e+00
1.339341940603091530e+00
1.324829446374967246e+00
-2.134285738858926473e-02
-6.701971227506842155e-02
-5.890766165882887345e-02
2.163921217619719367e-02
3.189062540721829958e-02
2.705314817073443609e-02
1.190795344137768330e-02
-1.209067722049488036e-02
-2.825555902000338043e-02
-5.447319470455350143e-02
-1.744124337645744927e-01
-3.025102076524985861e-01
-6.413570344056345185e-01
-9.604117402476961551e-01
-1.333783071252796493e+00
-1.646700128397353691e+00
-1.903999212921139605e+00
-1.999439020609385054e+00
-2.082098010018370804e+00
-2.142088424274568581e+00
-2.202650522813821343e+00
-2.276485616231143094e+00
-2.335251413313601088e+00
-2.383445750551107523e+00
-2.415927030545022447e+00
-2.459341684738570066e+00
-2.501446951851453715e+00
-2.534357222141482513e+00
-2.530942604800886730e+00
6.263284441203669124e-03
4.208681230387226191e-02
7.426436287628415678e-02
2.056965865897147916e-02
-6.225199038134258955e-02
-1.600740067915187859e-01
-1.783083713516957491e-01
-1.527018908144896769e-01
-1.459729104122541310e-01
-1.411440864759664904e-01
-1.171835967822467683e-01
-1.067235142212321491e-01
2.065828046335667079e-01
7.522417369474639903e-01
1.190995030000559618e+00
1.526175551955445187e+00
1.745452146329402154e+00
1.782130564274064355e+00
1.808810802973823240e+00
1.874421074952920208e+00
1.987907023252957428e+00
2.128455491966262159e+00
2.168105891872053270e+00
2.272095343590141869e+00
2.342310629042610337e+00
2.338326873062936517e+00
2.294200282052124340e+00
2.253119737744539552e+00
2.188867432763591303e+00
-5.159348721825682965e-02
-1.306307949741631891e-01
-2.014468188112998603e-01
-2.118495085235585218e-01
-2.089183479144094135e-01
-1.834918824803196680e-01
-7.297597448000253673e-02
-1.906614278075124264e-02
-1.723299087658190093e-02
-3.267871517168022266e-02
-5.460814117886607366e-02
-4.922456460409511958e-02
3.641907575832631361e-02
1.294746495308153056e-01
1.741124030367201536e-01
1.887489930095375690e-01
2.081415299938641772e-01
2.396341411859873316e-01
-3.109544634276267816e-01
-7.433360641079809206e-01
-9.066773840751731761e-01
-1.076802686598855585e+00
-1.185039248329090134e+00
-1.252705769526331725e+00
-1.286799174647996979e+00
-1.277457050104414460e+00
-1.269148358169227553e+00
-1.448678788562895559e+00
-1.574733509360910277e+00
-4.163035485694445426e-02
-5.657029250344131066e-02
-7.532505650604690017e-02
-8.448188269479740831e-02
-8.517224854484349572e-02
-4.689601517320391988e-01
-7.938674131891088059e-01
-8.744174420241600520e-01
-8.844267067150259898e-01
-8.669884969133461183e-01
-8.466072290136608114e-01
-8.540082222806630874e-01
-9.092111052497173773e-01
-9.897532354183162795e-01
-1.060230819985796158e+00
-1.075383178174730947e+00
-1.065019076184904545e+00
-1.048688331819524588e+00
-1.076581718256493403e+00
-1.230246893989243473e+00
-1.228445399322383391e+00
-1.181678759417760682e+00
-1.122581736578357914e+00
-1.107316448617685856e+00
-1.149096479610351107e+00
-1.175611351866980181e+00
-1.137006627413237103e+00
-1.131501985209574457e+00
-1.159215356894041760e+00
1.618571173129071915e-03
-5.961166515627140325e-03
-1.342336923568414678e-02
1.004658869421407030e-02
8.147854126681554343e-02
3.408542625773812174e-01
6.879079362716475909e-01
1.058076666523873000e+00
1.268876016377431082e+00
1.416047294158787162e+00
1.388511665905940884e+00
1.398109724842256263e+00
1.476666599647855183e+00
1.485829786573599876e+00
1.646615916001399116e+00
1.806468764699353136e+00
1.795981419626216935e+00
1.724446011344987095e+00
1.648448920512387561e+00
1.569203089128591522e+00
1.526329619297992712e+00
1.438687724373616028e+00
1.359872034281086828e+00
1.306146014219544460e+00
1.274907998143911092e+00
1.297283686745322129e+00
1.380581046749671525e+00
1.410539401217741462e+00
1.405702053339814794e+00
3.050840266432620906e-02
1.146034302719143860e-01
1.290749058290880102e-01
1.603169911530941127e-01
1.876969916186357612e-01
2.579613606145260141e-01
3.048170951219412173e-01
4.080953825518012223e-01
4.383024587643584158e-01
4.621857455466111264e-01
4.415603592525087495e-01
9.977631552882026966e-02
-6.078147757094363168e-01
-1.053547867347142564e+00
-1.418502651214628374e+00
-1.598553939343974273e+00
-1.591967760147122712e+00
-1.539871910034229963e+00
-1.361094060744374223e+00
-1.258751382813153796e+00
-1.342755485794925541e+00
-1.448283452150669781e+00
-1.463434898414299745e+00
-1.513899917630439962e+00
-1.571252822551636230e+00
-1.668646785118713005e+00
-1.723304606712500187e+00
-1.757947939704706863e+00
-1.744790323196901749e+00
5.162922471021001714e-02
1.145927793599473832e-01
1.470082674549041957e-01
1.564121657639283014e-01
1.094019485532337077e-01
1.009890465349504163e-02
-2.987347707748530534e-02
-2.069131582296030586e-02
9.109839829055770000e-04
4.583529275463053831e-02
1.035238637821294244e-01
2.205468162768693952e-01
2.977667797836889285e-01
2.967756485385678600e-01
2.800652895997447489e-01
1.992077483392709625e-01
2.088830102628433383e-01
1.876267611264018642e-01
1.568789373739074566e-01
1.656034417898140376e-01
1.795453223905958684e-01
1.841583200899208073e-01
5.496908737122156996e-01
1.048856810672050166e+00
1.426854367795265865e+00
1.683235122759769942e+00
1.726687451049036426e+00
1.694358476089008025e+00
1.679163143788419355e+00
2.392649198032405777e-01
3.865093833556909608e-01
4.232498527437729141e-01
5.688890722512414122e-01
6.709523512696660141e-01
6.873665844046152884e-01
6.481865504369407338e-01
5.328667027015048241e-01
4.589872170135281815e-01
4.187353593100798799e-01
4.117184508107099572e-01
3.878868298664124303e-01
3.775124158760861937e-01
3.908034079688568196e-01
3.815132987012364030e-01
3.977551481520219534e-01
4.228852496444685527e-01
4.215531175691697996e-01
4.067955382928727937e-01
4.027966290140593264e-01
3.974551063396238870e-01
4.015642040007973423e-01
4.572133111963325725e-01
4.506602573069594109e-01
4.330244724097608855e-01
4.356538338154571921e-01
4.513355689379249247e-01
4.387088892304593091e-01
4.253840711127011009e-01
-8.429855451153266122e-02
-1.568041652854001988e-01
-3.294847852610614525e-01
-7.032734941152677388e-01
-1.187993941112591489e+00
-1.563453067185545553e+00
-1.756318341964472785e+00
-1.884996191784398034e+00
-1.967484620155705244e+00
-1.956588713648307776e+00
-1.925636185672533918e+00
-1.910570749786071554e+00
-1.912389507573694525e+00
-1.876823423549406566e+00
-1.851417214557885327e+00
-1.801732065206996802e+00
-1.747449857601406809e+00
-1.715501130577970823e+00
-1.685220408041352869e+00
-1.675241652869762232e+00
-1.636715108731668478e+00
-1.561278266438731022e+00
-1.542327990161217244e+00
-1.576276731294022460e+00
-1.633268845708283123e+00
-1.614420279847727624e+00
-1.600873020397548085e+00
-1.619587796034765548e+00
-1.622157967383606181e+00
-7.696487276955504928e-05
-1.064320338486646027e-02
-1.368903675860281763e-02
-2.055429290769934803e-02
-4.693887164931058453e-02
-9.052337868627183259e-02
-1.303309228699737754e-01
-1.267868262990853589e-01
-7.282608302009621615e-02
-9.504727576453816940e-02
-9.613503894562963614e-02
-4.118658649545466760e-02
6.660525946936685093e-02
6.713046617831486262e-02
-4.016325977748608222e-02
-1.097266839073046812e-01
-1.091400509223297288e-01
2.726498268803027036e-01
7.636267679446495649e-01
1.249131659617602530e+00
1.697739560958869687e+00
1.951394124916439710e+00
2.038155785844607326e+00
2.094329829289484746e+00
2.113970514605012951e+00
2.089776188759877140e+00
2.159410587919933899e+00
2.053936870779973223e+00
2.019795067348316042e+00
1.693438362930448429e-02
3.290824961736696364e-02
5.044812168551665588e-02
8.305692095297140254e-02
6.959169098051096181e-02
1.196995957074202116e-01
1.107310105907739484e-01
1.295907227947572238e-02
-4.501132511003492348e-02
-9.857917030425741856e-02
-1.608394083864970181e-01
-2.417105405036987231e-01
-3.749654012584773821e-01
-1.137144403362554401e+00
-1.749955101368832366e+00
-2.187854287451038715e+00
-2.489198752161891459e+00
-2.677637260305745670e+00
-2.735660600359192784e+00
-2.802124641250305359e+00
-2.895551164047882153e+00
-3.021950144260147297e+00
-3.026398820789951483e+00
-3.051260029590347145e+00
-3.042573462602709888e+00
-3.033298386888398479e+00
-3.028231139084629042e+00
-3.006552287550175340e+00
-3.076118044889851966e+00
-9.463915423773705538e-02
-2.023923612562949503e-01
-2.358539784611962953e-01
-2.149835823316315619e-01
-2.026378350788119453e-01
-1.799477968367882152e-01
-1.312413369748748337e-01
-6.114261225514233677e-02
-4.971762900357569459e-02
-9.781455593317046893e-02
-1.795433615771184210e-01
-2.009017842017811195e-01
-1.686436940774791449e-01
-4.846331386267965780e-02
1.136857719153068491e-01
2.225775121936714451e-01
3.405634759047041493e-01
5.098047743460188963e-01
7.374425074333215147e-01
9.454731604513882948e-01
9.671257491485674151e-01
9.517875849376740138e-01
9.615455544400888233e-01
9.581997752160986703e-01
9.808474267053937101e-01
1.036358032533744034e+00
1.199168631408933816e+00
1.414082798894168880e+00
1.580268625472824207e+00
8.766904992231649985e-02
1.112647111731688843e-01
1.081151205115220004e-01
3.017304387269904853e-02
-4.427277617775390861e-02
2.994859143228622012e-01
8.049134298896731821e-01
1.311689292400476603e+00
1.849664177209648486e+00
2.351835429961488089e+00
2.686760020006060401e+00
2.755817961442261321e+00
2.695685987444304654e+00
2.534561977784540954e+00
2.317264252137267277e+00
2.211433268612826186e+00
2.001061370488872448e+00
1.878658218386884737e+00
1.788781659732848306e+00
1.815693207126139130e+00
1.818424480396325871e+00
1.920299285048407079e+00
2.071773945609879597e+00
2.100147102632393015e+00
2.057257288940967044e+00
1.912453297117467921e+00
1.761141097363047914e+00
1.716261276855198581e+00
1.724727911320176554e+00
1.348780568159261284e-01
2.237620101322158050e-01
2.982685069494596664e-01
3.225721629045567029e-01
2.955319016045327984e-01
2.485053024356617402e-01
1.598010548561846766e-01
5.903918736539842671e-02
-1.261957191273643808e-04
1.945546554435677658e-02
1.241182788198489165e-02
5.220308125217511253e-02
-2.006611335969348819e-01
-9.175359106339147086e-01
-1.426600074297408316e+00
-1.850733100382477625e+00
-2.160473781683686756e+00
-2.261595547746554580e+00
-2.464837428359582638e+00
-2.684209743767758560e+00
-2.880500531940645814e+00
-2.946804110538913779e+00
-2.879725767732684627e+00
-2.740828884511950836e+00
-2.571942296076175083e+00
-2.421062990475495003e+00
-2.341264967306974754e+00
-2.366441098169532076e+00
-2.384581890929319048e+00
-8.527860610741930247e-02
-1.281425497244546574e-01
-1.709907106407199673e-01
-1.849740888809555672e-01
-1.709496497096334999e-01
-1.336169203152084151e-01
-1.529282943446252929e-01
-1.655351111779216067e-01
-1.720040225646476129e-01
-1.893518827520914438e-01
-2.148464891422724177e-01
-2.107518253368300953e-01
-1.423580180421191443e-01
-4.656711124645056266e-02
8.128661687653122858e-02
1.464696106037169931e-01
1.713780512683516499e-01
1.310904069460845367e-01
1.302631806890949262e-01
7.236132936412184580e-02
-4.006175164098946251e-02
-2.046367247368709452e-01
-3.993169336043037587e-01
-2.403448247376656910e-01
3.931767430453858569e-01
8.907181172664344615e-01
1.392419355507603207e+00
1.707317542273111055e+00
1.775643810454258231e+00
6.690519770447476977e-02
9.367553135221368121e-02
3.445537111962590493e-02
-1.650844274116032573e-01
-3.450178425481231215e-01
-3.587388752363617761e-01
-4.748426717338054548e-01
-4.510560632448609719e-01
-3.227121404563120244e-01
-2.452022275767810622e-01
-2.002226296121497884e-01
-1.547625524474714465e-01
-8.452028643040856992e-02
-1.028350294625177130e-01
-2.328409145126415503e-01
-3.810181216392902748e-01
-5.766599858629464226e-01
-7.068082953738743512e-01
-7.441014166101787009e-01
-1.025563116325556745e+00
-1.332251576920798986e+00
-1.353968425077033633e+00
-1.299867090706541939e+00
-1.216640865069402944e+00
-1.183120515172218834e+00
-1.188337703773277187e+00
-1.228560215993166338e+00
-1.466820084630149346e+00
-2.015560971333352214e+00
-4.615868297569729051e-01
-6.193827708612534844e-01
-5.269110386565499793e-01
-4.501457575149868662e-01
-3.844337107157775324e-01
-3.232571387460749790e-01
-4.322682312630922175e-01
-6.525269058480739348e-01
-8.378517018741914457e-01
-1.040793845152468755e+00
-1.190315410428205878e+00
-1.291700471191539856e+00
-1.352727956306729595e+00
-1.367225342752670825e+00
-1.335520974881810652e+00
-1.095951667942677288e+00
-1.093127984546708786e+00
-1.027625670199590946e+00
-9.583705478862689642e-01
-9.575618674128486552e-01
-9.907893831929127648e-01
-9.609040504247939873e-01
-9.616526701496540541e-01
-8.962196268242059727e-01
-7.618277570851514913e-01
-7.602657281726808991e-01
-5.630206240543549345e-01
2.116467437610630720e-01
2.124376032857679675e-01
4.163126267298171701e-01
9.380873363408038790e-01
9.380949300525088796e-01
1.063421734359573767e+00
1.174152480525532338e+00
1.175191194924961824e+00
1.217337583564686687e+00
1.353686318979915093e+00
1.353080024839831808e+00
1.355503734787362857e+00
1.360670005475948408e+00
1.360765401548648335e+00
1.350156819071240966e+00
1.240937604691263907e+00
1.240297376915805661e+00
1.178971580865424196e+00
1.177938005737636518e+00
1.180181918972709409e+00
1.166736673438205640e+00
1.188746392109998329e+00
1.210435143747719877e+00
1.170467148428368631e+00
1.065151305405807047e+00
1.065010649668551190e+00
1.000275191074198933e+00
1.040867150545947917e+00
1.065234809661908644e+00
1.049634503116271489e+00
1.088640710709229964e+00
-2.425418055930641885e-04
-3.901589793534804285e-02
1.808308533611273361e-02
1.253952789895318443e-03
-1.764055188052379014e-02
-9.219498266313752577e-02
-3.488711376708686918e-01
-8.411562887577589409e-01
-1.305391505267114338e+00
-1.729601065828118012e+00
-2.017476563383858057e+00
-2.065596080791372025e+00
-1.971713452002259892e+00
-1.935527934914866188e+00
-1.993461742323005215e+00
-2.130252843589768741e+00
-2.197508569560306046e+00
-2.222215248666512988e+00
-2.195299883060991775e+00
-2.130232031627972145e+00
-2.069744741483351191e+00
-2.009275462986208627e+00
-1.926234254748211194e+00
-1.850786558415891569e+00
-1.791115022743055674e+00
-1.772062287327087704e+00
-1.796743113577071282e+00
-1.818689958526727546e+00
-1.850219641515304936e+00
-5.451775706049049805e-03
6.643320952660380918e-02
2.021266797652610248e-01
3.189318876752361698e-01
3.972637295624675269e-01
7.629828130333116132e-01
1.242094083052454057e+00
1.597348631173057587e+00
1.934092811975340886e+00
2.182098235353000071e+00
2.368187073957324085e+00
2.453115662783387663e+00
2.498942557810757581e+00
2.508988569091281207e+00
2.465186280739842140e+00
2.478070458908950613e+00
2.396871443786568356e+00
2.268476646686324649e+00
2.151644761462380817e+00
2.038445908251541816e+00
1.973921524816387052e+00
1.913190027405125671e+00
1.913827636475692096e+00
1.906544270462418256e+00
1.951134275472177215e+00
1.981305488200192588e+00
2.021959236903611234e+00
2.044768869564812519e+00
2.052001984369784982e+00
-2.059971486506230465e-02
-4.689669282191100130e-02
-8.767241255870548977e-03
4.367691443277332830e-02
6.645733883586801838e-02
-7.911480965111056252e-02
-4.727377154530805203e-01
-9.860209541526913091e-01
-1.313935855643709516e+00
-1.527125054977923613e+00
-1.681112529761422003e+00
-1.749161085451088837e+00
-1.790853885123351530e+00
-1.958662561695585946e+00
-2.059185135422676005e+00
-2.095764039441212478e+00
-2.171377396143411964e+00
-2.291521872202214372e+00
-2.264772222185711392e+00
-2.154256304812775635e+00
-2.108789392192460088e+00
-2.125013027577568714e+00
-2.180179193470870302e+00
-2.268087315361251743e+00
-2.278073635000355424e+00
-2.314463051275911454e+00
-2.355080554778322455e+00
-2.362556373670654075e+00
-2.307579209694809563e+00
2.040185673240862627e-02
5.055766001497569856e-02
5.676709461375950561e-02
2.769063603759270090e-02
-9.504466471903467301e-03
-3.936766660282585428e-02
-3.764207258651993127e-01
-9.396484869926686745e-01
-8.996275523756599446e-01
-7.414797276595512798e-01
-6.305174920948769524e-01
-6.457750596073305038e-01
-5.193171462230181668e-01
-3.020336756316791549e-01
-2.768211849419706660e-01
-3.307998258801407854e-01
-4.147652079654051693e-01
-4.475412526089744270e-01
-4.162342435108535854e-01
-1.137049756146227275e-01
4.698570152591869387e-01
9.081283485824855894e-01
1.253568490813519176e+00
1.331497550754813908e+00
1.281262011240223320e+00
1.262887374272408048e+00
1.390695384186136030e+00
1.335482142437149911e+00
1.312253368352515492e+00
9.103687677413761434e-03
2.095357866420126391e-02
4.477271693393483631e-02
1.112455073497676528e-01
1.232245205383451225e-01
9.720403723567150323e-02
8.612545191055299976e-02
8.998497170674722712e-02
1.128642441845797428e-01
8.779006292849220183e-02
2.959225360058950760e-03
-1.359343617737067134e-01
-5.222126817972774226e-01
-1.014126155681053909e+00
-1.308587538113586302e+00
-1.094877349929498589e+00
-8.749371734506192766e-01
-7.679014110658833880e-01
-7.016642022552951330e-01
-6.359444465246918421e-01
-8.172792167001661223e-01
-1.181159257665189699e+00
-1.510830944924635322e+00
-1.627669580933215565e+00
-1.711233991692954648e+00
-1.747899504010826499e+00
-1.716897318508358916e+00
-1.658800853820767252e+00
-1.818703372982328093e+00
-1.793106490453676982e-01
-1.964066593242953240e-01
-2.393466177398379247e-01
-3.205810782080118493e-01
-3.715788480241498659e-01
-4.043397605553147311e-01
-4.157102428241604697e-01
-3.657948508155701162e-01
-4.019232948667583183e-01
-4.266678437321661521e-01
-4.756593562775348616e-01
-5.008517112716577291e-01
-5.776025126201228543e-01
-6.208281414243709273e-01
-7.371573545817038386e-01
-7.891205938307574996e-01
-8.210318416046535894e-01
-8.091370024297028785e-01
-7.524349457341370506e-01
-7.011255703866688949e-01
-6.654981589139574716e-01
-6.896818473676320504e-01
-6.990632835709840176e-01
-7.063217121367666440e-01
-7.851829975344618573e-01
-8.474533608208920654e-01
-9.464502361338160696e-01
-9.886963695214401326e-01
-9.534648520342368094e-01
1.863243046220627031e-01
5.864290392621600567e-01
1.050659563014372244e+00
1.414121777202847152e+00
1.705285865223400865e+00
1.946653489493482159e+00
1.952744827186456256e+00
1.947346590063958383e+00
2.098130873770155613e+00
2.121045415234047216e+00
2.143311672908359000e+00
2.165385587708958504e+00
2.156281455378616929e+00
2.075959311134565777e+00
1.938781952774503381e+00
1.804841719888762297e+00
1.644460944613026498e+00
1.424780350499449177e+00
1.195869629520108779e+00
1.073689371179825658e+00
1.079857142727730812e+00
1.188514379349418171e+00
1.403157304858816623e+00
1.552067165428474782e+00
1.713696911255775168e+00
1.818249260758855623e+00
1.904735541510877539e+00
2.046748221329807826e+00
2.238073282643631590e+00
1.490506422455095126e-01
2.421350659969321861e-01
3.016910702901866026e-01
3.495872929857446465e-01
3.367335444633422492e-01
2.620951225966173803e-01
-3.061053466449445981e-01
-7.862500166140040658e-01
-1.088376216265629193e+00
-1.329676230939330184e+00
-1.634547190378330184e+00
-1.815049380653080968e+00
-1.823104108456510275e+00
-1.835870765274209893e+00
-1.874249131198990170e+00
-1.961904823529773800e+00
-2.075120279975571691e+00
-2.197024121532655805e+00
-2.306677851499471910e+00
-2.433647304217402496e+00
-2.549450200817506396e+00
-2.673877473552384920e+00
-2.729761853802591176e+00
-2.864738055814044948e+00
-2.972062058905851512e+00
-3.063532959484428275e+00
-3.138551488641816878e+00
-3.164875038890755832e+00
-3.214736353894939391e+00
1.280795429716894817e-03
8.334836583670010568e-02
1.410619415593475923e-01
1.514937934785561546e-01
2.093699368916789316e-01
2.884239208742687688e-01
4.751876772988019026e-01
7.404570678991226895e-01
1.439416564758474681e+00
2.269935274875482634e+00
3.106839123257163937e+00
3.739123850993679277e+00
4.273222866138372211e+00
4.535942682821814564e+00
4.575670337543480848e+00
4.501657930692608112e+00
4.362334657135174432e+00
4.234985568941656453e+00
4.261912111144571469e+00
4.259466835887194769e+00
4.384155257800401273e+00
4.518361545448366989e+00
4.620867395006001743e+00
4.658320468345387155e+00
4.575104860665899054e+00
4.379540036378736900e+00
4.155128705460946925e+00
4.000799992428455631e+00
3.958932283605095304e+00
-2.050399533462911317e-02
4.587752869160489910e-02
1.711340419563587845e-01
2.611887573589450340e-01
3.152738690782062592e-01
2.830380230475010306e-01
1.630824855633269954e-01
-5.759518824763143474e-02
-1.702298360694525781e-01
-2.392610478382341532e-01
-3.348042198618298992e-01
-2.815175443296435431e-01
-2.557299469246984702e-01
-5.427480238930116885e-01
-1.119533016763161415e+00
-1.492902838587079062e+00
-1.723105134763159851e+00
-1.875676641773495579e+00
-1.950867153584183944e+00
-1.952409269010853654e+00
-1.943649432318324877e+00
-2.009154425745113492e+00
-2.089174754355070718e+00
-2.068360777845401177e+00
-1.923204564776027414e+00
-1.814681790582334031e+00
-1.763444349946976075e+00
-1.768550981185901483e+00
-1.816753515566981836e+00
-1.633996984922433671e-01
-2.850206025402459153e-01
-3.420719410593522913e-01
-3.712956325474957020e-01
-3.991007207090291331e-01
-3.930144322612247332e-01
-2.800564407546324852e-01
-1.218101286323175214e-01
-2.000758933380422655e-02
-7.534970850165566628e-03
1.521623911775115724e-02
2.142018235059651304e-02
6.231639949069754658e-02
4.366414339414934065e-02
9.106790236027241525e-02
1.940085294621864409e-01
8.853776572813585322e-01
1.334943474935562868e+00
1.738400233613055956e+00
1.996917995380632860e+00
2.020082854826107166e+00
1.894450958794031914e+00
1.745705665185028455e+00
1.564895950879606978e+00
1.418855824847601976e+00
1.317328188031307246e+00
1.257101039459502134e+00
1.201770611119302279e+00
1.248172589427385182e+00
1.116695203547497933e-01
1.476987399064226547e-02
-6.064139601131261770e-02
-1.633356781446136941e-01
-2.475716629180251815e-01
-2.880588302382618426e-01
-3.288921266970596391e-01
-3.772168502082187680e-01
-3.949617653252558980e-01
-4.040339529290856713e-01
-3.978517288421325460e-01
-4.168084083708256671e-01
-3.463972913798069597e-01
-2.646700985417196894e-01
-2.146007190891498217e-01
-1.914494657259666888e-01
-1.885625163372987578e-01
-2.140465915518429962e-01
-2.009023564497666725e-01
-1.959719963541960430e-01
-1.907038613843257402e-01
-1.741874053623333474e-01
-1.537434723635267009e-01
-1.707597027999819828e-01
-3.747725681613592874e-01
-1.027727992995767003e+00
-1.496298891230062988e+00
-1.792000016271878993e+00
-2.055379337832448083e+00
-1.305693608914373083e-01
-1.627420990312896110e-01
-1.687158599135475667e-01
-9.483105015667440962e-02
-6.003139406104977815e-02
-1.051559320574956269e-01
-1.723217981503571139e-01
-2.357706536840860623e-01
-3.049851904585145768e-01
-4.109212952429378563e-01
-4.320793215917104191e-01
-4.834484898499523120e-01
-5.211107925930417162e-01
-5.437636861983069503e-01
-4.807601483009621424e-01
-4.004393831424297723e-01
-3.617414366360538480e-01
-5.022555032867215274e-01
-6.574022572633299033e-01
-7.693897328915433320e-01
-7.312599947779583331e-01
-6.325326888295212946e-01
-6.067054157162151684e-01
-6.049954750714787721e-01
-6.415877329161358000e-01
-6.541652424169278612e-01
-6.369026592242947871e-01
-6.517191484971882609e-01
-6.914143939740352574e-01
2.119668304513840640e-01
7.963536241909172642e-01
1.284080394239004219e+00
1.694551055662791850e+00
2.004945803954170547e+00
2.022650170094351996e+00
2.024527387059238404e+00
2.036567888364807288e+00
2.149596002575953069e+00
2.225202069629417245e+00
2.193476555975232944e+00
2.133875357175857523e+00
2.064224664245266627e+00
2.062930808155031048e+00
2.078212803152001520e+00
2.112358438747064415e+00
2.049054526513473640e+00
2.027993446138902645e+00
2.005530228116237268e+00
2.025157244225598507e+00
2.143432534488050933e+00
2.273339540453806151e+00
2.384674138544866207e+00
2.504331688100376319e+00
2.535251834708693419e+00
2.548912751728929837e+00
2.583976760787794813e+00
2.646822934550026929e+00
2.689603498398014825e+00
1.113992912270873274e-03
-1.392881794815100521e-02
-3.221533494214426363e-02
-9.111716164320743383e-02
-5.319623822554092607e-01
-1.152396420124877086e+00
-1.477187447662361652e+00
-1.671193602976918324e+00
-1.753846982189894543e+00
-1.852807680602375440e+00
-1.864608664320702047e+00
-1.787934751120582977e+00
-1.780153796215599771e+00
-1.793032460486582380e+00
-1.858171279562176981e+00
-1.989350664038736394e+00
-2.166016870630215418e+00
-2.396757559362504786e+00
-2.613361200612990043e+00
-2.767734918653383058e+00
-2.860106223561048377e+00
-2.903530947306181442e+00
-2.874448049986960463e+00
-2.781683994046852071e+00
-2.675905696986423443e+00
-2.673596493999089496e+00
-2.700002435272344403e+00
-2.707504063164535513e+00
-2.688246476498470372e+00
4.936945340036457547e-02
1.283345488540938717e-01
1.799039390405988703e-01
1.791800603414851201e-01
1.912021890057343243e-01
1.981402711684031315e-01
1.780205686917362973e-01
1.237694988377532473e-01
3.351008484007100829e-02
-6.953771902437234920e-02
-1.555979905219178061e-01
-2.193395481028014293e-01
-2.184576236108474734e-01
-2.016471762935871381e-01
2.267263232444827192e-01
7.791028881898824920e-01
1.224879028292628735e+00
1.668587621483770711e+00
1.919466984614716765e+00
1.962933696840478248e+00
1.890867736946228561e+00
1.819398374873094859e+00
1.800002063510951045e+00
1.786275683454596086e+00
1.825826425920714868e+00
1.782065703807919510e+00
1.744109817038500099e+00
1.723488063254681180e+00
1.713494649308035189e+00
-3.343902817323027299e-02
-3.833985929941148563e-02
-1.181298569788552522e-01
-1.872276652666529650e-01
-2.769113138314786560e-01
-2.769052210941571057e-01
-2.900501202645098808e-01
-2.783100453946198982e-01
-2.627822731447097548e-01
-1.874358083165266198e-01
-1.210061893779091485e-01
-1.107114478340123637e-01
-2.156226556910444958e-01
-3.323838728630643113e-01
-3.418221419269620864e-01
-2.543431374318096960e-01
-2.600688595185836061e-01
-3.164526097321622711e-01
-3.809440975304188015e-01
-4.571122509402708589e-01
-5.328156834515703766e-01
-5.538171553094415334e-01
-9.049188015032587629e-01
-1.508337275262151334e+00
-1.880509087938777579e+00
-2.070129665108486172e+00
-2.136465889712190869e+00
-2.124882446268928859e+00
-2.057624763009546331e+00
8.690811289935697348e-02
2.020049996241342627e-01
2.218297161484714397e-01
2.143467603729307946e-01
1.618018475255371402e-01
1.363560676111397196e-02
-1.155805887828402767e-01
-2.134195000866681013e-01
-3.239661399731030844e-01
-3.629256849075859770e-01
-4.029935363428984174e-01
-3.279609931682786472e-01
-2.682305763285541822e-01
-2.180319781460050843e-01
-1.502087150498992718e-01
-4.651982467891072059e-02
3.602057584064201345e-02
3.841482619234073276e-02
5.998050121795672762e-02
2.018599154026653464e-01
3.749945099376372770e-01
5.640485564502975002e-01
6.058539298729783695e-01
5.818650937523742739e-01
5.836836270104042157e-01
7.247083319549215696e-01
8.337641134803908116e-01
8.080716287350145910e-01
6.430913876124961792e-01
-7.870031505844950204e-02
-1.027299405541577532e-01
-4.449058902103439350e-03
1.512975057107865395e-01
1.573402795460132064e-01
1.458921017910731477e-01
1.230092340080066599e-01
1.304528844740288074e-01
5.107708943963606973e-01
8.705114410454550811e-01
9.527471752862347598e-01
9.495678930324592537e-01
9.926233292330733926e-01
1.045343545682477560e+00
1.055968002355261781e+00
1.044939894624925092e+00
1.042536432370184452e+00
1.114759760379725462e+00
1.059556712194137607e+00
9.810152707757103796e-01
9.162876045375268896e-01
8.365703479027258860e-01
7.934140514449209425e-01
7.794072247559249433e-01
7.448202342120914254e-01
7.212825570642111828e-01
6.908772442969076666e-01
6.985211193622421488e-01
6.849899066692438643e-01
1.807714499097982236e-02
1.599834168471146734e-02
-3.978695395909996879e-01
-9.496458383114482205e-01
-1.401457329579343325e+00
-1.769407806995705545e+00
-2.007223872030461820e+00
-2.113843913502636340e+00
-2.154386393166317415e+00
-2.253923397394748562e+00
