3.143475988679714228e-01
6.224383402994930758e-01
7.625972179455409172e-01
8.093182842827134627e-01
1.113765910836136186e+00
1.487625312097550445e+00
1.836179490746014720e+00
2.132253139606850922e+00
2.274733657186995384e+00
2.265783743112172566e+00
2.267400699096815408e+00
2.365827466543247493e+00
2.473852513320322632e+00
2.410265582793797101e+00
2.239451747695467621e+00
2.046374740440805251e+00
1.759395766590981847e+00
1.438380437732655892e+00
1.196000527335524755e+00
9.032233425787629111e-01
7.386494353629929899e-01
6.513807573356666936e-01
6.590013142643244004e-01
7.681968310839747405e-01
9.417916151105694134e-01
1.122535150747556276e+00
1.204059535468615438e+00
1.149003081200711485e+00
1.035704093584054242e+00
-1.228996270290357851e-01
-2.408592748475800738e-01
-6.897757736555731878e-01
-1.319523392090960368e+00
-1.725271128370753138e+00
-2.030205735127065036e+00
-2.211247758770417349e+00
-2.237180985231132180e+00
-2.290416925047447094e+00
-2.471043608741309683e+00
-2.643621991220705070e+00
-2.679132537107618006e+00
-2.812382202703055611e+00
-2.970834045425833736e+00
-3.079221518007833058e+00
-3.095282752233109225e+00
-3.035025564938798492e+00
-3.035049031805747699e+00
-2.922121365235266222e+00
-2.758467367251642433e+00
-2.664090284675487474e+00
-2.619256679512646180e+00
-2.702799696287995879e+00
-2.825252722894771029e+00
-2.899832460571454718e+00
-2.931258873272826193e+00
-2.888122699297188678e+00
-2.829386487365711300e+00
-2.766081314740087116e+00
-2.675818782262997075e+00
3.534539459662434935e-02
1.603466726515760388e-01
7.369734090255553038e-01
1.129773749825782492e+00
1.424272643780603254e+00
1.556394584516168633e+00
1.483776490708459406e+00
1.422292612193122530e+00
1.427883133766631341e+00
1.645064286452717184e+00
1.799924368793637708e+00
1.924810530499048822e+00
2.019263399828599148e+00
2.066813599651211142e+00
2.085965607476021333e+00
1.988643848086515620e+00
1.845865722603187820e+00
1.739797702708235416e+00
1.671599454304294907e+00
1.591873986302389854e+00
1.458548418946200131e+00
1.338910688134853144e+00
1.154225997816022309e+00
8.247852306356067142e-01
4.742285642353798458e-01
3.027606699952967162e-01
2.197050344571657710e-01
1.830969185950667988e-01
-1.506725297339761849e-01
-4.879447091863789998e-01
-2.220700864015507370e-01
-4.091643655379728628e-01
-4.421523008457863280e-01
-4.058937863957291503e-01
-4.202352644643649326e-01
-7.359750523087564833e-01
-1.026406975614379213e+00
-1.226597648976400112e+00
-1.461390666849145203e+00
-1.648915671665910132e+00
-1.813259229328558764e+00
-1.824283581137737587e+00
-1.790997625988324238e+00
-1.775195543970043754e+00
-1.720767452948998022e+00
-1.654182638725951726e+00
-1.596809673859182821e+00
-1.539011588121043106e+00
-1.522945054571601897e+00
-1.447120631372054156e+00
-1.271952036325565416e+00
-1.189203823294047169e+00
-1.092565075552917042e+00
-1.040907700370981237e+00
-9.534048753952630850e-01
-6.461588830157849461e-01
-5.427105170926540545e-01
-5.296128564107246417e-01
-5.420827055070418510e-01
-5.435946803808097139e-01
4.546159750172324571e-02
3.862615219573690140e-01
8.754680242276954294e-01
1.338741328669746489e+00
1.618512535561738463e+00
1.708486228986174416e+00
1.713912864543579273e+00
1.738778702122124376e+00
1.750382372747776527e+00
1.819951877687008279e+00
1.818164222425044496e+00
1.818017786647623257e+00
1.823564975858985804e+00
1.815206273627733013e+00
1.775484613042148219e+00
1.775373521094249396e+00
1.759627401207010333e+00
1.756947470073795037e+00
1.762054389824330602e+00
1.809363661697892312e+00
1.774935736544998255e+00
1.794705877462261068e+00
1.848249685390232600e+00
2.031682854708217967e+00
2.208698927665731837e+00
2.259096131113410788e+00
2.193710757314526916e+00
1.905639958758511554e+00
1.456805948626803238e+00
1.005097038459604519e+00
-3.817483291270596935e-01
-7.319443898886919264e-01
-9.518729535903220906e-01
-1.056798856210013238e+00
-1.097773713782141058e+00
-1.172589437968358794e+00
-1.220755787258648306e+00
-1.378594623708293332e+00
-1.457810927735469830e+00
-1.551496413753687076e+00
-1.598701549794526500e+00
-1.630654355829360913e+00
-1.593255106325413450e+00
-1.562710392879056442e+00
-1.502251368859321534e+00
-1.439548301685133369e+00
-1.445065760350112027e+00
-1.432781764203579611e+00
-1.383040882173851793e+00
-1.315953641748003333e+00
-1.293556500303398638e+00
-1.222659852590540996e+00
-1.132838790998965006e+00
-1.026039202026616914e+00
-9.461007063625544999e-01
-8.035544876358389210e-01
-3.623620664052207840e-01
6.694589213160861974e-02
3.389986705846646520e-01
5.004691691117471031e-01
2.613203659087145244e-03
-5.173301317996870097e-02
-8.081575997726535288e-02
-5.303688096734321400e-02
8.004174605912597884e-02
2.920980834128192871e-01
5.252536314637230586e-01
6.575255848860308561e-01
7.059427262268340719e-01
7.010341203087494533e-01
5.691041888406633831e-01
4.071896033905458290e-01
2.781121754421318482e-01
1.280769347728074603e-01
1.783403110190447116e-02
-1.051023461819280275e-01
-1.771281950790344339e-01
-2.055957104183768480e-01
-2.258898772005213662e-01
-4.226750469685682798e-01
-8.063200660035549916e-01
-1.324886671649125436e+00
-1.758345915459873066e+00
-2.133331180159351526e+00
-2.397490548335163396e+00
-2.507844975950524802e+00
-2.459918041040555448e+00
-2.331045934862144620e+00
-2.274382610300067498e+00
-2.316207341303923251e+00
-9.395000338989044353e-02
-1.380774037266906396e-01
-1.923796741488604245e-01
-2.373070845389441408e-01
-2.979928364783572259e-01
-2.806786061187964698e-01
-2.775529642999682856e-01
-2.507070216625902903e-01
-2.007494635328988808e-01
-1.654027675770409211e-01
-1.929847141722321191e-01
-1.912656769391893885e-01
-2.179887874764601663e-01
-2.142214741960496438e-01
-2.332818113935313520e-01
-2.066564445680948992e-01
-1.421958280987471457e-01
-5.654072312032415448e-02
-1.298297462417163928e-02
3.151526014977558132e-01
5.728911142729700146e-01
5.976247956071722989e-01
4.938499086087251855e-01
3.412301359717056504e-01
4.926290643031783212e-01
8.410319875836516079e-01
1.267236112584589236e+00
1.512074461344594667e+00
1.540892055771482250e+00
1.588310833603651995e+00
-9.004258105631504638e-03
1.130985775869474824e-01
3.200928484617163727e-01
3.747821151492663483e-01
3.164658844468642429e-01
2.619647763216117475e-01
1.663695889259527716e-01
1.251269516929494063e-01
1.160326025002880734e-01
1.198450823608136623e-01
1.391133882658430743e-01
8.943122219980620402e-02
-4.674588985076555403e-03
-9.484439179663116393e-02
-1.262675680518058896e-01
-1.469453897624436456e-01
-1.927854870331928983e-01
-8.463615305768954489e-01
-1.440650730772470967e+00
-1.947560430881073223e+00
-2.195706660604227700e+00
-2.247319484337889417e+00
-2.182588559925105809e+00
-2.102748247190385111e+00
-2.065162687560931243e+00
-2.292665794721595596e+00
-2.513216996781885815e+00
-2.537223871904780825e+00
-2.606731214334807145e+00
-2.674465368528800902e+00
-1.225901918877006641e-01
-1.905248622351552457e-01
-1.925303989583931896e-01
-1.630359856992057987e-01
-9.636625316208197178e-02
-3.639923283640763424e-02
-3.169216124844915355e-02
-3.684000478092267633e-02
-2.623553795082440507e-02
4.043562930498464936e-02
1.436063570598009320e-01
2.453488273636552919e-01
2.957395280947013871e-01
2.917247405919142222e-01
2.661732077953716802e-01
2.947366307171160882e-01
4.418517629271079272e-01
9.563540740309253163e-01
1.279187715253623070e+00
1.630869571796040196e+00
1.715736926764762194e+00
1.640072837962930352e+00
1.643232473029751173e+00
1.602710715430894162e+00
1.502649052559284826e+00
1.436360586837709841e+00
1.390464211861875521e+00
1.368413681048739061e+00
1.387703270501132735e+00
1.427309881541760639e+00
1.052725434598021231e-01
1.209424098939694547e-02
-1.170399187569191729e-01
-2.840623322595147715e-01
-4.021752987478630637e-01
-4.821920629179509143e-01
-5.938036918880400528e-01
-6.344086697905114702e-01
-7.220949608568040246e-01
-8.335725357291385862e-01
-1.296251052460213993e+00
-1.961930679816338507e+00
-2.406805334863906687e+00
-2.759172997178681808e+00
-2.836104090202915096e+00
-2.884958921183007341e+00
-2.912753976993856408e+00
-2.877235913748617868e+00
-2.786659866542201769e+00
-2.912271097670604547e+00
-2.907741917505956231e+00
-2.915829354165558218e+00
-2.943409570476662740e+00
-2.940455053821668496e+00
-2.933671752086373985e+00
-2.956802822998047198e+00
-3.063823544734235238e+00
-3.183627495436016197e+00
-3.275880800395620351e+00
-3.331286377547009181e+00
-6.302283320742881056e-02
-9.560337925971890138e-02
-5.105908732420950252e-02
4.100088415896883109e-01
9.957079446365034725e-01
1.506166125097043285e+00
1.878484492941316919e+00
1.902114225305467698e+00
1.775156582851893372e+00
1.628947529441951536e+00
1.519586031382022195e+00
1.548413053650019577e+00
1.421530784047037255e+00
1.285322934721525368e+00
1.149831181450052586e+00
1.060847558457404638e+00
1.020407411446136781e+00
9.373538001083715487e-01
8.177490011966601635e-01
7.354719372341177452e-01
6.467801456533098792e-01
6.507082605749422433e-01
6.462131805551953878e-01
6.452680481574964988e-01
7.220605735809775272e-01
7.849013550205821144e-01
8.310397376758394961e-01
9.382279809276283800e-01
1.067164428361317974e+00
1.153337475734288242e+00
-6.105122576735503293e-01
-1.152764834117367743e+00
-1.648962232530679417e+00
-1.973889531212624782e+00
-2.051687012564676227e+00
-1.950351419758579175e+00
-1.866592948961325105e+00
-1.805307485658824707e+00
-1.774359208901450380e+00
-1.797037250377161444e+00
-1.857272129065392630e+00
-1.896222949648136868e+00
-1.919779956631398665e+00
-1.916712480580576194e+00
-1.800352697677728209e+00
-1.666203617771916612e+00
-1.494964945299235737e+00
-1.332506125459134161e+00
-1.272822648600907769e+00
-1.116308624529790183e+00
-8.900006495805783402e-01
-5.686950917623678770e-01
-2.314610209639498817e-01
8.671163156748445955e-02
2.760805108022362786e-01
4.055233407019965819e-01
7.726945429385313480e-01
1.423226016588928555e+00
1.852975619240506022e+00
2.185740940372396857e+00
1.006623651825650917e-01
3.959289154613904876e-02
-7.589528436913758891e-02
-1.875930495891728889e-01
-2.178377030756165622e-01
-3.783683547860459129e-01
-5.178134152824630521e-01
-5.783556405038370318e-01
-5.677654380811401058e-01
-5.514432488086535855e-01
-4.190185385959651065e-01
-2.146925815195194487e-01
1.367906051418077418e-02
5.811380658624327317e-02
4.146311072410949899e-02
-7.077482769005782881e-02
-2.443557317408500684e-01
-3.504914016242486330e-01
-4.095069423130165420e-01
-4.652930527802393024e-01
-5.638545573012797574e-01
-9.348261849424728265e-01
-1.602177532542800265e+00
-2.144708362239868826e+00
-2.617169239788373680e+00
-2.872348642713266287e+00
-2.927823366600986521e+00
-2.925230032798312063e+00
-2.972627120685486179e+00
-2.967512317681793466e+00
-4.455642399599309827e-02
-6.921566433109090088e-02
-1.055799524485870194e-01
-2.725639144048749296e-01
-3.263102448295804314e-01
-3.708855559859075557e-01
-4.078988321113241056e-01
-4.781596812747909708e-01
-5.309046633222017642e-01
-5.464475862538268336e-01
-5.059370458257849146e-01
-4.381518133408425220e-01
2.325267878191246140e-01
8.477080592637044054e-01
1.244566695607582263e+00
1.431537650762533254e+00
1.365021475732543399e+00
1.257610650602670299e+00
1.191365902131409360e+00
1.140149314488801968e+00
1.047321020762155941e+00
9.831122313647212563e-01
9.111692036913719983e-01
8.598144292754403839e-01
8.057903336121861049e-01
7.474175413528949541e-01
6.819642730064070513e-01
6.061285330152541562e-01
5.191085234393009173e-01
5.492461681300604415e-01
-5.932536046933697266e-02
-1.931158879590001154e-01
-6.278246773307935014e-01
-1.078487704390030277e+00
-1.334698123222400223e+00
-1.444392752809348535e+00
-1.444825794713873401e+00
-1.389060539004032480e+00
-1.234137266575088709e+00
-1.059933493791989756e+00
-8.399901677345277262e-01
-6.609657152876113884e-01
-1.089429246045015232e+00
-1.084564665599627276e+00
-1.252950030279027960e+00
-1.318207807818955857e+00
-1.325756756634909328e+00
-1.287947923628696145e+00
-1.269203590943526860e+00
-1.242404047866007888e+00
-1.267081916960997257e+00
-1.206273889035182512e+00
-1.172411014213575520e+00
-1.077684857292140252e+00
-8.827548873468837876e-01
-8.005896395338396587e-01
-7.933675313288344189e-01
-8.657342543230357457e-01
-9.668065352295511783e-01
-1.011128860530494444e+00
1.540579747592952520e-01
6.887729115918717060e-01
1.204633182109344780e+00
1.621636939554839785e+00
1.959527820489407990e+00
2.089413497271480402e+00
2.209676095501216686e+00
2.295171832957387803e+00
2.331529723781468721e+00
2.329557240821466202e+00
2.337750555444673140e+00
2.271632691506946244e+00
2.119828825897499769e+00
1.945753766229210147e+00
1.773082014923519578e+00
1.622576346301668249e+00
1.572409741540286676e+00
1.421234587594213616e+00
1.233715362349425471e+00
1.089276592130037136e+00
8.793451917129579964e-01
7.433567022469229624e-01
6.616338705864968084e-01
6.074990313739250247e-01
5.833882545535715725e-01
5.762756888670003130e-01
5.787387134110176801e-01
2.369471134168410487e-03
-4.032054312532247220e-01
-7.887902773567989634e-01
-2.416761941971109773e-01
-2.669930410983902824e-01
-2.253287396557606126e-01
-2.002665975087059291e-01
-2.096042574462909647e-01
-1.877591688930012603e-01
-1.686745306195802929e-01
-2.140325952479023575e-01
-1.887597247435381931e-01
-2.310649450884564582e-01
-3.133442753108759971e-01
-4.248322336359211526e-01
-4.487035142271384447e-01
-4.329914241456809809e-01
-2.694879952370249909e-01
2.467136534406175197e-01
7.170078145082745547e-01
1.125755644540973766e+00
1.482536861189441835e+00
1.640757332221382647e+00
1.661685915682890924e+00
1.662472135448852750e+00
1.647102535478020213e+00
1.578843611464129548e+00
1.466250145302303132e+00
1.384891792063739580e+00
1.323846012962784702e+00
1.282736998091622338e+00
1.261744600698779806e+00
1.194255932860525560e+00
-1.527477126177727296e-01
-3.581148581130407793e-01
-5.410270748233799720e-01
-6.542938304150116569e-01
-6.610630014919075537e-01
-6.538766168606883200e-01
-6.831691407074130806e-01
-7.432266860706363554e-01
-7.094410854552564150e-01
-6.754879310820375293e-01
-6.519480347626438466e-01
-6.726689651119320823e-01
-8.864680999523018023e-01
-1.280433266587866825e+00
-1.642462046668811348e+00
-1.950689085878524631e+00
-2.101443270894931992e+00
-2.014350059377483237e+00
-1.868509405873633566e+00
-1.707676234298874496e+00
-1.564972127951696157e+00
-1.437889785164188750e+00
-1.433492084282392387e+00
-1.453882022987104117e+00
-1.437608471968720769e+00
-1.447901867962139155e+00
-1.412914387424144991e+00
-1.432071708813259070e+00
-1.409487098977298070e+00
-1.300763491032913777e+00
1.092082422187412305e-01
2.254523624623132605e-01
3.526740374920436238e-01
4.317990237114398000e-01
4.941531236309655850e-01
4.633691525016155888e-01
4.734209979879853147e-01
1.073233764512272481e+00
1.523012629106258897e+00
2.018594110902226291e+00
2.405174158681136820e+00
2.497203558722809635e+00
2.536241146583094075e+00
2.435841337301486664e+00
2.224331849275054118e+00
1.960122328198270480e+00
1.600084156949351133e+00
1.306576689504743705e+00
1.090531837659066250e+00
9.784875326976785193e-01
9.168882706731139587e-01
9.129726194372240755e-01
9.095514670719180295e-01
8.866385573548224430e-01
7.861727048317644906e-01
5.871458137380569653e-01
7.145939030029779815e-02
-5.564696810327584009e-01
-1.128089142588025506e+00
-1.605741542250437082e+00
-2.696914965753196003e-01
-2.002693641073232667e-01
-3.157132004290169602e-02
1.515351368854989111e-01
2.475013405929339938e-01
1.662559014143984715e-01
3.415459274448623406e-02
-1.953652921180135948e-01
-2.985559047111291942e-01
-3.641119065778304908e-01
-4.748040608097238158e-01
-5.071294329728148753e-01
-5.081566186878473390e-01
-4.700155540885342376e-01
-4.224630274408241459e-01
-3.718863442436359246e-01
-3.880970974826865039e-01
-4.445476129720921099e-01
-5.320944334876615001e-01
-5.316477663165648515e-01
-3.049752145093068689e-01
1.359053901971873923e-01
4.962182791392478753e-01
8.159390220554052497e-01
1.008078047130948729e+00
1.163474011256927731e+00
1.187796344180416908e+00
1.019702695254613767e+00
7.339077560739173389e-01
4.036740415132724080e-01
-3.050637486683498434e-01
-4.713100164042910989e-01
-5.166209878322248761e-01
-6.149437510203679125e-01
-6.781452398580081198e-01
-7.502104813586411014e-01
-8.314660577179905365e-01
-9.086685298259311594e-01
-9.771598547077284813e-01
-1.024704605273018876e+00
-1.075861337025064035e+00
-1.090774141732101521e+00
-1.078303063742628298e+00
-1.468219447502427499e+00
-1.785493639187244463e+00
-1.992158667095069280e+00
-1.924733507766840601e+00
-1.769639049539957432e+00
-1.692318711513948415e+00
-1.618031430340358900e+00
-1.806557372463964528e+00
-2.059155980887711124e+00
-2.042950129718469565e+00
-2.018650186459097551e+00
-2.030475559692216603e+00
-2.030826919127409091e+00
-1.987735569990079165e+00
-1.843584616700567169e+00
-1.623922716976204939e+00
-1.485347166369256788e+00
7.624185243052870875e-02
1.344657249946716038e-01
2.239259395384370910e-01
3.474565009004569882e-01
4.311116020118111458e-01
4.639400356028930972e-01
5.084432191275718438e-01
5.627528406382583670e-01
6.213840167162890671e-01
7.463522051425417470e-01
1.350975153995254807e+00
1.949202127699800391e+00
2.454189899371941319e+00
2.763678063914427163e+00
2.852867724659462478e+00
2.846308678748210141e+00
2.832344368910410637e+00
2.822523618185048822e+00
2.941888010337963433e+00
3.157356604888498453e+00
3.377713893525924327e+00
3.585612283030882086e+00
3.688900434941030149e+00
3.673363754978666851e+00
3.620080977237789988e+00
3.514518593967770776e+00
3.340261665288204895e+00
2.925814257117714590e+00
2.427775861341802344e+00
2.043637335785731146e+00
-3.271737894036838568e-01
-5.741645975832867510e-01
-7.196801062621270839e-01
-8.084620011447695154e-01
-8.836095782438530000e-01
-9.406708631613074356e-01
-1.028715285314389050e+00
-1.090450757892926559e+00
-1.099037267869904966e+00
-1.083071027923249163e+00
-9.756130087462897560e-01
-8.551357568544143417e-01
-7.750594828215515708e-01
-7.778550620131363669e-01
-7.697853514241730366e-01
-7.673480919297452907e-01
-7.705695887479131478e-01
-7.785159424049863386e-01
-8.426524398037875674e-01
-8.392613812392580863e-01
-7.682878069006602306e-01
-7.260268844396050580e-01
-7.258950332458676824e-01
-7.126926638778027234e-01
-5.261909577934529292e-01
-1.859061496005455227e-01
2.142613880896975243e-01
4.331393860452114608e-01
6.037450606366540073e-01
7.311608039562970118e-01
9.671229719670461356e-02
1.739091864500691975e-01
2.279113198395763817e-01
2.735952917657501482e-01
2.016875304399628477e-01
1.516024419424814029e-01
1.046529474324037062e-01
2.504860363236727228e-02
-6.507110390391293575e-02
-1.081670264438085172e-01
-8.400001638977300233e-02
-1.004818239289027304e-01
-2.195589612022842696e-01
-4.535535300621469368e-01
-6.561784903686471715e-01
-9.477571018919878076e-01
-1.351968835654697054e+00
-1.792973808612406295e+00
-2.155921505991988507e+00
-2.303800663345211497e+00
-2.399105709682714416e+00
-2.229810738565531469e+00
-2.073403648355313322e+00
-1.974930444004067365e+00
-2.048676146841500234e+00
-2.064055291931880642e+00
-2.096073447310927929e+00
-2.163657306180296391e+00
-2.213389310772019503e+00
-2.263862748374303457e+00
4.482421420581278459e-02
1.487914399132037047e-01
1.951141897971510608e-01
3.036616117003593240e-01
4.921928785130964545e-01
7.444595242721805395e-01
1.442663654127356754e+00
2.118056902691292986e+00
2.734099988819758575e+00
3.300192436349874914e+00
3.650482472833836312e+00
3.809591791856516529e+00
3.894870588983323501e+00
3.923013577372763905e+00
3.864760084294623255e+00
3.772736742981928959e+00
3.539480804962753968e+00
3.266253870571579121e+00
3.058873216762462377e+00
2.988574646786803068e+00
2.995433596533711551e+00
3.159495903971486719e+00
3.327212769517302604e+00
3.362159694887645323e+00
3.339176185295220201e+00
3.224423026330912823e+00
3.008115854730181393e+00
2.817585666589628168e+00
2.646829439855894250e+00
2.499594353777560674e+00
-5.671048358006141044e-01
-9.868734011263384787e-01
-1.302199948791300965e+00
-1.575357054399017409e+00
-1.802039608953936334e+00
-1.971155720978346126e+00
-2.099413763723256388e+00
-2.156592337236006962e+00
-2.151841097745856857e+00
-2.178922259213790458e+00
-2.184881858863869208e+00
-2.113436544160347985e+00
-1.996602168106307085e+00
-1.908261289406412375e+00
-1.904450166334430206e+00
-1.979665814807353597e+00
-2.041575236590417841e+00
-2.079647459038491242e+00
-2.079772755413802354e+00
-2.112840653556670389e+00
-2.116997945236510859e+00
-2.083625353251160384e+00
-1.997882497346974873e+00
-1.634282125115632311e+00
-1.331370635099021094e+00
-1.066309485618532893e+00
-7.409536169323576171e-01
-4.172566217935059774e-01
-5.784729272373650977e-02
1.338498185112545757e-01
-3.715700564036776652e-03
1.367938380508279018e-02
1.548005811708322299e-01
3.401443649461499130e-01
3.385017599702130897e-01
2.562881532439449939e-01
1.468770324832306406e-01
-2.711804365621664492e-02
-1.241448242374914440e-01
-1.826237994077384297e-01
-2.039020992227346118e-01
-1.231835716957497134e-01
4.701892403622422167e-02
1.861121054810288000e-01
2.510044054162111071e-01
2.434646517709871394e-01
1.589735424511374839e-01
4.425840005731519755e-02
-9.857425616447011707e-02
-6.256280309738594392e-01
-1.189482597474174952e+00
-1.484217063196621833e+00
-1.693057629688993204e+00
-1.809724788123766137e+00
-1.833426431984318983e+00
-1.856666813183059039e+00
-1.899524628026888706e+00
-2.020264620277754553e+00
-2.154092807211957172e+00
-2.320894926872497877e+00
-6.561900955261119189e-03
9.287858420247359359e-02
2.237950718455785082e-01
3.760692103070253367e-01
5.890979694270112033e-01
8.459899834495612225e-01
1.012970344186803651e+00
1.090455065723228367e+00
1.069127185154659099e+00
1.312493528921025554e+00
1.799990971050524635e+00
2.123816105049132652e+00
2.467595025040028922e+00
2.732594097445519843e+00
2.910058226123794167e+00
2.900596635358247077e+00
2.826829193208136193e+00
2.711499176568680447e+00
2.593402730425127700e+00
2.522244801730295194e+00
2.518852802399278890e+00
2.428745297265058056e+00
2.419023839518869678e+00
2.425029185604426818e+00
2.525143700335209740e+00
2.575501990506553707e+00
2.616487334368192919e+00
2.609908046929139136e+00
2.545665137580844117e+00
2.471516541035318593e+00
-1.057786159130280207e-01
-2.028108332644959211e-01
-6.874810616580252498e-01
-1.217748664022206828e+00
-1.511272719723048663e+00
-1.702977508505598481e+00
-1.905971433130519976e+00
-2.062296165177702090e+00
-2.135862332886902415e+00
-2.198368134989005629e+00
-2.224353619311926877e+00
-2.270093161245413604e+00
-2.360594767659776938e+00
-2.385186876479302942e+00
-2.387468853780767564e+00
-2.365732697898640158e+00
-2.328650032655269708e+00
-2.344284666227949288e+00
-2.404481904511452939e+00
-2.464446246442116628e+00
-2.515903675394661754e+00
-2.516371760276658431e+00
-2.466153004735029075e+00
-2.406525110260134603e+00
-2.295589039705525636e+00
-2.066073656068182274e+00
-1.583275082755486007e+00
-1.128246258148773107e+00
-7.815687157596449275e-01
-5.513127432513990067e-01
1.255233836433748695e-01
9.930187893788330888e-02
5.491906256885085297e-02
1.947886960143531410e-02
1.734120510684951724e-02
-3.257423344217406924e-03
-1.105937388736211169e-02
1.222798544880658589e-02
-8.908606784890787944e-02
-2.040837389047102657e-01
-3.213599143571133077e-01
-4.136766903284442298e-01
-5.458882224010502826e-01
-9.404467075132809661e-01
-1.415987127664130929e+00
-1.768017145823982617e+00
-2.072343296747132690e+00
-2.175577019467337614e+00
-2.221920003036170321e+00
-2.287447370282729597e+00
-2.330081761805963936e+00
-2.506603374688888941e+00
-2.518748945594100785e+00
-2.428593201526473067e+00
-2.304342189260288443e+00
-2.124765703953317431e+00
-1.964517951178466060e+00
-1.872012003103981748e+00
-1.729999870702295661e+00
-1.627905630276374804e+00
5.210635029920086814e-02
3.402341682002008039e-02
4.707090835618740754e-02
7.258110190853586663e-02
-6.680725611050708501e-03
-3.343888253237673469e-01
-2.279922998625033559e-01
8.643889891300221562e-02
4.021733396774841984e-01
4.226794536149612314e-01
5.418756367180895817e-01
7.400260674536119909e-01
7.180629669872008458e-01
7.181727686716441461e-01
6.819072166510909971e-01
6.318198452522363340e-01
7.128900327020233352e-01
7.870789966933803283e-01
7.768904962140615877e-01
7.668556845029600444e-01
6.426162798504080342e-01
4.697763244807158789e-01
2.346616073853391160e-01
-3.741028086653885865e-03
-1.628331863929286527e-01
-2.813376686471616983e-01
-3.631348090420112307e-01
-4.337042382500125304e-01
-4.674927429757282926e-01
-4.627394529007197166e-01
-8.600013076081290675e-02
-2.581844880774405437e-01
-1.000316158698573599e+00
-1.652058101806425316e+00
-2.212841947874614412e+00
-2.565368044033735195e+00
-2.750274816866079775e+00
-2.749731279332531031e+00
-2.753938573119534716e+00
-2.676079279940547284e+00
-2.542456199275525019e+00
-2.576205013478777506e+00
-2.571701935950155171e+00
-2.604033961527705721e+00
-2.657777424583826154e+00
-2.662298226326430317e+00
-2.624315909767637400e+00
-2.572084976240909260e+00
-2.465671042235753951e+00
-2.311645740044603325e+00
-2.180917567076900987e+00
-2.154758359897174458e+00
-2.175029306757821246e+00
-2.189298928344675765e+00
-2.228932322056652371e+00
-2.226610609103703897e+00
-2.210951403767111856e+00
-2.212925747015903610e+00
-2.231682667657205243e+00
-2.292966699923985274e+00
1.053660435008126625e-03
2.656035622756979242e-01
5.420701766915498876e-01
8.283020917514340997e-01
9.962451809315935325e-01
1.116863041573331383e+00
1.122506156019055457e+00
1.072379522842981547e+00
1.062378890466488146e+00
1.108800385844633363e+00
1.227221690088700745e+00
1.202862586031151038e+00
1.058393033674496220e+00
8.153756261947464612e-01
5.850010024775836870e-01
3.955029413085070500e-01
2.513767749045717759e-01
6.488645796933101284e-02
-1.210047982200449512e-01
-7.476115577831126124e-01
-1.130612718700220176e+00
-1.406687058966737069e+00
-1.582875354582937044e+00
-1.629784815460087577e+00
-1.611309097754628272e+00
-1.581333175375176925e+00
-1.487227593347940413e+00
-1.405354204446566335e+00
-1.325039512218729953e+00
-1.276952312633667708e+00
3.368164018844486268e-02
9.817878013971473306e-02
1.278535157949479972e-01
1.483182328059331201e-01
1.705314945433999974e-01
1.560574194873633747e-01
2.327121148338441303e-01
4.079178780460943066e-01
6.333394097854944116e-01
9.090295698128456614e-01
1.133052274587618369e+00
1.433737252646838822e+00
2.033497135677019507e+00
2.616025785318337071e+00
3.060134753002005326e+00
3.462732720208402171e+00
3.748189137627421896e+00
3.881047437717440651e+00
4.005649948585285003e+00
4.162752259769597174e+00
4.358695643113543738e+00
4.469246459534008231e+00
4.424911610783785143e+00
4.323904735784295461e+00
4.230431556470656496e+00
4.206239696586285604e+00
4.152357401115827074e+00
4.105295476426457313e+00
3.997868166252052990e+00
3.933090331607830503e+00
5.236395081657637535e-02
1.535644762284526788e-01
2.654533672914821674e-01
3.544373797976688722e-01
1.137370041228338569e-01
-3.893548099793731065e-01
-7.867269952036156644e-01
-1.230322112083269248e+00
-1.639770086060575949e+00
-1.857751592795257034e+00
-2.011887784662106160e+00
-2.068496970767338183e+00
-2.107947420646384629e+00
-2.150089622699624226e+00
-2.167478612956073469e+00
-2.214677036213143158e+00
-2.193721869344361863e+00
-2.155071645994341090e+00
-2.157835095821699856e+00
-2.133132007696695531e+00
-2.141630566367241251e+00
-2.116175845202803885e+00
-2.058927292114619334e+00
-1.990856244176967049e+00
-1.940351245575720807e+00
-1.929089600871277232e+00
-1.950374821332197417e+00
-1.985166153168288483e+00
-2.001511529960200431e+00
-2.000448868531508939e+00
8.100025020962076105e-02
7.347834743744553476e-01
1.195614638409078001e+00
1.463352586166815072e+00
1.659480195078993026e+00
1.662452707865966994e+00
1.626286678918622997e+00
1.610452781165583769e+00
1.592786599399941272e+00
1.622943810603030945e+00
1.560672110191742012e+00
1.538962306342052999e+00
1.566389113638551489e+00
1.550022655893643631e+00
1.458488197244817819e+00
1.356330857399837608e+00
1.228730755951788822e+00
1.146904147945852603e+00
1.083053782966374223e+00
1.001475002130106429e+00
8.722120426569267559e-01
7.816623400755911000e-01
7.841452190479177853e-01
7.192838554956993979e-01
6.466418462048193483e-01
3.542581787130900661e-01
-4.020604969204205625e-01
-9.386936225783946153e-01
-1.322666076777125221e+00
-1.540276482832181548e+00
3.565952287819539740e-02
2.037658231748104565e-01
3.892405822958372452e-01
5.340408021761223756e-01
6.966118040481851237e-01
7.603953541505219516e-01
8.297557882362722737e-01
8.983376656048401854e-01
9.243508322831388568e-01
9.138695902476865474e-01
9.071985842562984015e-01
9.380497073528114571e-01
1.082332781104933694e+00
1.255588277207261294e+00
1.387349062590215176e+00
1.489221618968380456e+00
1.630899920135164383e+00
1.821891955328161616e+00
2.605907373787010872e+00
3.364230756957062418e+00
4.114642000379890696e+00
4.762766995156022531e+00
5.006339129788635489e+00
5.035815964413789203e+00
4.878295608546475037e+00
4.685441325808358926e+00
4.472847020410141816e+00
4.232194787963953431e+00
4.049611180422967749e+00
3.980522702804575541e+00
-4.925199881436820304e-02
-4.443801908720950572e-02
1.083005899167555075e-02
1.180806445048269704e-01
1.574364036387629340e-01
1.412819943222451136e-01
1.231441017766903567e-01
-1.148553492542919718e-01
-7.231413118488376757e-01
-1.161980300212022144e+00
-1.533625521250017831e+00
-1.752008857048427348e+00
-1.858672916320480040e+00
-1.917203510123254961e+00
-1.996052936877728223e+00
-2.103695652388890558e+00
-2.273428257372048122e+00
-2.528524159699899965e+00
-2.747320637529120368e+00
-2.822394041641623996e+00
-2.845873515757173511e+00
-2.870056947701574046e+00
-2.899113723707973378e+00
-2.897075686202688960e+00
-2.846208402173313612e+00
-2.731612824048445631e+00
-2.674436914779596108e+00
-2.675989255051600235e+00
-2.738283034077133582e+00
-2.856991106914331446e+00
-7.098878158385316106e-02
-1.261959233479698905e-01
-1.076211369968428366e-01
1.128041760589157949e-01
5.265391055414806454e-01
1.074134335740852153e+00
1.544638213881130984e+00
1.784044134854999797e+00
1.779506804863602465e+00
1.637365154142608636e+00
1.540436818066030167e+00
1.470266690693772693e+00
1.420740583983832739e+00
1.402900155779405189e+00
1.331017677707429625e+00
1.289957677689808291e+00
1.299712973254566251e+00
1.268474381134155005e+00
1.146974548574422714e+00
9.941364858568403351e-01
7.387761053954949864e-01
5.257232901176248641e-01
3.155400914099132370e-01
8.181000845419877932e-02
-1.522261142725035710e-01
-2.772766886471180747e-01
-3.792441975617406591e-01
-4.408962461187891924e-01
-5.790804259795526709e-01
-1.342041295071978002e+00
-6.102461459294793444e-01
-1.145700729660671602e+00
-1.478268019240311038e+00
-1.483439597157477419e+00
-1.447365821075099479e+00
-1.429656372940659281e+00
-1.571258167741010237e+00
-1.516216393650886340e+00
-1.384891507130634469e+00
-1.249110993805961023e+00
-1.179040243432530000e+00
-1.125059016618133789e+00
-1.064229613198872659e+00
-1.026889484240328443e+00
-9.235537582521069488e-01
-7.810920681753935613e-01
-5.875184912138057269e-01
-3.784355458052636179e-01
-1.551474698153151310e-01
1.244829241187825342e-01
3.745912070782350112e-01
5.799918477193007904e-01
6.628267188774276120e-01
7.640929413258552572e-01
9.944867674392267043e-01
1.665997110321612018e+00
2.439127783603299182e+00
3.046614563137259868e+00
3.540830667813208876e+00
3.776980908482701071e+00
1.536535677185492943e-01
2.589695266775756677e-01
2.607146399311740526e-01
1.616188984093812064e-01
-1.399290993398837335e-01
-4.203405491368280011e-01
-6.407853616602501301e-01
-7.584218049865556477e-01
-7.967523994193570491e-01
-8.153352653244259063e-01
-7.213531791229311763e-01
-5.820541038676552148e-01
-5.007674451180867958e-01
-4.906010427012200137e-01
-5.602086589588385346e-01
-1.022573859263280927e+00
-1.769279831713426177e+00
-2.385197589205761748e+00
-2.860207643536424094e+00
-2.963553613890315575e+00
-2.813653630187450183e+00
-2.559696735539764401e+00
-2.324934957615019560e+00
-2.248160536002791421e+00
-2.223959109233142772e+00
-2.332026503546549279e+00
-2.518940636692484247e+00
-2.621330462852733856e+00
-2.812293123328076572e+00
-3.003895858250829498e+00
-1.758346975128519951e-01
-3.071832350096060926e-01
-3.244981088923298840e-01
-2.563159782868039693e-01
-2.423632172260739015e-01
-2.263403556677822392e-01
-2.546143377124500118e-01
-2.885247569723528027e-01
-2.977426813634619363e-01
-2.913548168511881920e-01
-2.608471287149884965e-01
-2.260173421089669010e-01
-1.759061816465883055e-01
-5.244938522903676292e-02
4.431651866942905305e-02
1.000249570326261356e-01
1.295877383404174243e-01
9.706654919822155225e-02
2.124704993374244011e-01
8.255672695610098977e-01
1.197998934835463158e+00
1.562882233703243529e+00
1.822717177741350891e+00
1.810549618862766108e+00
1.772595472497120905e+00
1.741018886444370972e+00
1.711719599447633522e+00
1.678006954638193493e+00
1.576007404673597678e+00
1.446699751665808442e+00
-8.142258692138779064e-02
-1.478973189928625698e-01
-2.356143799359821100e-01
-2.992526410577193707e-01
-3.392482180157847527e-01
-3.085244178386016278e-01
-5.587285107668005235e-01
-1.060843494303430612e+00
-1.485590157627994179e+00
-1.867213240488267312e+00
-1.975495746591022561e+00
-2.018423772086161971e+00
-2.127316307383733118e+00
-2.532966254119223493e+00
-2.828394275257036128e+00
-2.968719251978924500e+00
-2.961600948347709039e+00
-2.943446958728754392e+00
-2.966233459605717382e+00
-2.985636914957663368e+00
-3.103948711574261665e+00
-3.152955634244447580e+00
-3.122259309186156795e+00
-2.915754171782462656e+00
-2.812238454977010971e+00
-2.749737058799921030e+00
-2.598758091225729316e+00
-2.343537188612420774e+00
-2.161794640107342236e+00
-2.027318581215978632e+00
4.461367723867949026e-02
1.072558224668614391e-01
2.358595985705335407e-01
4.026397792211073856e-01
5.276270406299041760e-01
7.100633375285632098e-01
1.304437246497715863e+00
2.057807339516772416e+00
2.628421292969527201e+00
3.052206603594522782e+00
3.159908498288823253e+00
3.155427159918069435e+00
3.114720795827339295e+00
3.097441127700661490e+00
3.182791466629712573e+00
