1.129996390472824339e-02
1.564297971904747286e-01
3.347362215810111841e-01
3.625336709636637900e-01
2.358465045171116159e-01
-2.641945360135930509e-02
-3.209124336366697694e-01
-5.567292880390071197e-01
-6.873064093242946537e-01
-7.221306491067103206e-01
-6.449731602838494338e-01
-1.983689744780814945e-01
6.575411174572656225e-01
1.439816385739658866e+00
2.092921592281100640e+00
2.456280752059018191e+00
2.549023504016477482e+00
2.542714877403377205e+00
2.580115081096855612e+00
2.718250600323449451e+00
2.854951020590508204e+00
2.943793609510721332e+00
3.024291165504034762e+00
3.103084987073789769e+00
3.194160350118122604e+00
3.228179383679085301e+00
3.283279137095423295e+00
3.315462043801716607e+00
3.334814763928247938e+00
-4.677824700653908374e-02
-3.271355386914934216e-02
6.640416846632521408e-02
2.910510462753540528e-01
5.338859555317658767e-01
6.588480832559641120e-01
6.832130165613514716e-01
6.764829770524981578e-01
6.432012233643027432e-01
5.364986608552397840e-01
4.099778384993395530e-01
3.518362756513354617e-01
3.464848955526265706e-01
3.516010179172626704e-01
3.851387694002830209e-01
4.715404635435876957e-01
5.330596964174801888e-01
5.771330347897886126e-01
2.302555133338846094e-02
-9.645481839595962947e-01
-1.560743063681772291e+00
-1.626081078778258471e+00
-1.607514692260361144e+00
-1.600683112955299636e+00
-1.635772530162752370e+00
-1.666034118388461271e+00
-1.613458066728949536e+00
-1.507008281267975036e+00
-1.421702483545943085e+00
-1.383032579545331764e+00
1.492791541720444974e-02
1.298334900704528443e-02
-5.212021699794492161e-03
-2.705349744324230254e-01
-8.689245329424225561e-01
-1.047247089766861761e+00
-1.060561738947331856e+00
-1.050320059658426564e+00
-1.003661005912813042e+00
-1.005901392176099085e+00
-9.868576434032860778e-01
-9.957374426858965899e-01
-1.038438481535490121e+00
-1.129412669610075026e+00
-1.220303067361260929e+00
-1.270813277679353925e+00
-1.235155261411749139e+00
-1.216590550601092335e+00
-1.192910183951996661e+00
-1.177218263142107313e+00
-1.143958015867234890e+00
-1.143867576192554303e+00
-1.201757298250511585e+00
-1.340005161303372994e+00
-1.601235086589922973e+00
-1.859500132316739052e+00
-2.016757157758414465e+00
-2.062043393646495915e+00
-2.040651617848009636e+00
-1.999646963099533048e+00
6.320027291500359204e-03
5.779347245365130947e-02
9.801057874203185361e-02
1.634392029243045830e-01
2.302635207713117360e-01
7.615151080854125620e-01
1.236386635489216568e+00
1.530038434290395433e+00
1.585445279976120059e+00
1.393382993011062831e+00
1.323382011909846723e+00
1.298756439476172364e+00
1.309681652767099802e+00
1.307842482216225122e+00
1.283777938769494531e+00
1.300290613383106475e+00
1.486429763204652588e+00
1.937628156806480595e+00
1.886918410666994728e+00
1.832164348844933066e+00
1.805025261275180259e+00
1.804246846548562822e+00
1.802065595850077306e+00
1.809158896176607856e+00
1.936487715051383507e+00
2.146650549600621183e+00
2.163961596087642381e+00
2.152698307653956533e+00
2.159997005974844786e+00
2.113165417364276433e+00
-9.398529594546237154e-02
-1.654790235828239031e-01
-1.812756527005237872e-01
-2.069483371122025628e-01
-1.913996334865297189e-01
-1.290698307322270533e-01
-5.490555054464511808e-02
-1.325921767401931628e-02
2.844947797519821464e-02
-3.096293290377798851e-02
-8.102253824787045144e-02
-9.297738245635757404e-02
-1.051587215139066361e-01
-6.849141714491316368e-02
-6.099835817897399787e-02
-5.653865164200580495e-02
-6.203030842872842010e-01
-1.500676529479380239e+00
-2.050345160153832502e+00
-2.068042986367681468e+00
-2.025053468406582180e+00
-2.033965534718495061e+00
-2.060534718517976760e+00
-2.122571801153721349e+00
-2.133680989845667675e+00
-2.275474852095066947e+00
-2.735574028203293206e+00
-2.811090838374268319e+00
-2.783803829902113947e+00
-2.779158576378627288e+00
-3.579834020994251530e-03
2.093400503237014335e-02
-4.918653811093168238e-02
-9.970902338013160060e-02
-1.315650000460352742e-01
-2.864986431704609204e-01
-3.665064648247137180e-01
-3.611199973140801212e-01
-3.250326600443665948e-01
-3.058287444706437319e-01
-3.215341444326767495e-01
-3.541763190959623664e-01
-3.914996209961745799e-01
-3.122440965288186265e-01
-3.760779857815912397e-01
-4.061638116382726427e-01
-4.082602204982167526e-01
-4.137987366288490843e-01
-3.737147313992106867e-01
-2.829237738386451984e-01
-2.304471412035142275e-01
-2.380430182459142840e-01
-2.691015819280440091e-01
-2.787035987711351526e-01
-2.858223303202522825e-01
-2.484924772123862369e-01
-2.289868378713935670e-01
-2.023629664868615563e-01
-1.562062618786924650e-01
1.419066945889346232e-01
8.219909809422372149e-01
1.500958677773074568e+00
1.764671403698194752e+00
1.773612854303619368e+00
1.776651081040676150e+00
1.809107881684201224e+00
1.864416603404985384e+00
1.938782918938568578e+00
2.043420611934001041e+00
2.101949386613044979e+00
2.267662808690037224e+00
2.841848209988891760e+00
3.204491925348691872e+00
3.179685597344270143e+00
3.122855479084550634e+00
3.070516286683685259e+00
3.052128244544734859e+00
3.097616698183282669e+00
3.139908419694664943e+00
3.217285762536562732e+00
3.308586893483768332e+00
3.381586988840914021e+00
3.437978786063101033e+00
3.499195314966153436e+00
3.500668570074195518e+00
3.498364677313064330e+00
3.480110632172926710e+00
3.406524881539804817e+00
3.340136520259570307e+00
3.309928165419752766e+00
-2.154132037621655366e-02
-3.509168125225640283e-02
6.907610695115119770e-03
5.163055754071821379e-02
1.228177514370056705e-01
1.317826709115602346e-01
1.768879765052732145e-01
2.008138034476932010e-01
2.148041695279739871e-01
1.865600842355009670e-01
1.630939938108694198e-01
1.404314090351253819e-01
-2.200559558648216008e-01
-2.642979810127820128e-01
-2.204254552417480861e-01
-1.680723392119402582e-01
-1.020155513272714976e-01
-8.685739112865045741e-02
-1.463920378771937092e-01
-9.518545881990272406e-01
-1.707916934516029661e+00
-2.292755651765772562e+00
-2.611617717995539323e+00
-2.604087072825999716e+00
-2.547645635707870948e+00
-2.463192545336186701e+00
-2.392551899629693501e+00
-2.342181875793375223e+00
-2.376286984413139791e+00
-2.665543784267993654e+00
-4.723963708000226275e-02
-6.498479906486046009e-02
-7.490069250554096114e-02
-9.536187050041100566e-02
-1.166311597469962685e-01
-1.459979006808781177e-01
-1.658057616890477315e-01
-2.127019488852584239e-01
-2.804187314234654615e-01
-3.909246902521251177e-01
-4.702798946150297255e-01
-5.641633541643330529e-01
-6.811371366091323321e-01
-7.640587534059301023e-01
-7.704396291316141232e-01
-7.785424471380325562e-01
-7.167447437065119775e-01
-6.507043713564252263e-01
-6.118113995003736649e-01
-5.740609283533816276e-01
-5.843081686773563543e-01
-6.246569132878456720e-01
-6.127879631044813591e-01
-5.477272012636933418e-01
-5.103059517258716760e-01
-4.175534579816046477e-01
-3.814282298065841958e-01
-3.500552622905441225e-01
-3.217905559668462478e-01
-2.856234276967054564e-01
-4.388910684621131694e-03
-2.866496393130853193e-02
-7.381888210081738455e-02
2.375158097750751374e-01
5.991512087329786684e-01
1.129658264681495883e+00
1.348890765779934720e+00
1.389537049490244147e+00
1.641763707757876167e+00
2.083800742283947294e+00
2.195542052220457840e+00
2.219267203049361648e+00
2.184770006600064818e+00
2.108924772047991780e+00
2.054072432892784406e+00
2.311645691216476450e+00
2.543180739261609702e+00
2.568615640064900063e+00
2.617109864659415752e+00
2.631441499566803621e+00
2.665248698169037755e+00
2.706842371201609421e+00
2.854863398520128825e+00
2.879935567091077342e+00
2.868884260847331724e+00
2.826501230414734778e+00
2.810979487013730793e+00
2.830347228424949346e+00
2.939569431657750975e+00
2.923201314376366433e+00
2.681099962974152484e-02
3.397321778130762970e-02
4.296768413629013794e-02
1.010554402276509223e-01
1.010604804996137890e-01
4.491287774485386297e-02
-3.874180912102259677e-02
-9.035368702829067733e-02
-1.146064332040645783e-01
-1.266589802334675829e-01
-2.010919545107806017e-01
-4.359433292924298486e-01
-4.020148057291726418e-01
-3.888927587488378301e-01
-3.775547339641964761e-01
-3.949325329529269624e-01
-4.038791127669791869e-01
-6.901945156538413784e-01
-1.467542758016568971e+00
-2.136645312394351404e+00
-2.534809914747148785e+00
-2.579977346855434117e+00
-2.575747975149636826e+00
-2.584465505725309420e+00
-2.718436903436403984e+00
-2.885739440714252702e+00
-2.863235875082072113e+00
-2.833919393801706210e+00
-2.825157363713903802e+00
-2.820088860169355005e+00
-3.754763091929326502e-02
-5.166859749323477607e-02
-4.525546946234641071e-02
-1.770776743620115778e-02
3.361575527524351265e-02
6.391129796441086253e-02
1.106678620051359391e-02
1.109769736880225274e-02
6.786713274519049627e-03
-2.615639857995923426e-02
-5.946221620651294393e-02
-9.720965911930448677e-02
-8.994897533041601445e-02
-1.139028701983492292e-01
-9.126943592183231480e-02
-5.950037283326606308e-02
-4.203732830870018922e-02
-1.301867558384111473e-02
2.925173173731607235e-02
8.323873826325001168e-02
1.117475686055246220e-01
1.115616395687267365e-01
7.631518396822120631e-02
4.353057166984239390e-03
-5.520917906513984896e-02
-8.996110678185229026e-02
-1.021781468782853169e-01
-8.664986189015363993e-02
2.754594555467020089e-02
1.217848412474156899e-01
7.059679631577610304e-02
1.430487828802692318e-01
4.398353667234192743e-01
1.183870213592984388e+00
1.730833574320327806e+00
2.165299218567932282e+00
2.388779727105876827e+00
2.413226716684488959e+00
2.484746033600381043e+00
2.506012885307004723e+00
2.526046847368083270e+00
2.752044795419842593e+00
2.860524243525410792e+00
2.901240529884116182e+00
2.905820486251684098e+00
2.866334899485896148e+00
2.742298224752585334e+00
2.676337923898285176e+00
2.693783873077114421e+00
2.787801372001343481e+00
2.816862827301423788e+00
2.852580334650592242e+00
2.897528811651792324e+00
2.977566946497150369e+00
2.998970529551316488e+00
3.006817411767684245e+00
2.964614403679734611e+00
2.911677398581594911e+00
2.830571241526188331e+00
2.787793468074515779e+00
-1.641396962725813480e-02
-2.502457798200745376e-02
-3.577874967583011268e-02
-4.196059022281021372e-02
-1.365848627062660747e-01
-9.582310857234199730e-01
-1.779747851675721915e+00
-2.430995986225509498e+00
-2.546993293439108630e+00
-2.680923918305384568e+00
-2.731142836711102362e+00
-2.561766400194303461e+00
-2.314618734589426019e+00
-2.153195119811873504e+00
-2.055364710409502305e+00
-1.986252959050164746e+00
-1.937607979441801742e+00
-1.935321315671972409e+00
-1.918476768413275746e+00
-2.007222464049081001e+00
-2.209271270164650414e+00
-2.269634114450292728e+00
-2.287310264767450363e+00
-2.290828853598906534e+00
-2.259654272895763150e+00
-2.231861875580711807e+00
-2.242819284026136728e+00
-2.252983140897634851e+00
-2.222251129633247224e+00
-2.187749103677643969e+00
1.256669036889702246e-02
1.179508535783920474e-02
-4.595864039396162920e-02
-8.204667406844615152e-02
-9.533085673847464803e-02
-7.869582941731802228e-02
-8.145153789361998797e-02
-6.641676502417900863e-02
-1.261451054524741905e-02
3.323460800753544331e-02
1.042191043701515829e-01
1.375355672126196416e-01
1.280629847926516296e-01
1.143702280756234285e-01
6.019480318194174451e-02
-1.445758562850826823e-03
-2.966018876330735535e-02
-5.662246265871007794e-02
-6.500346449470281729e-02
-3.011201160484539008e-02
2.580103422074926933e-01
1.051741023736577851e+00
1.762791546672179077e+00
2.294091957200785181e+00
2.469248207561466568e+00
2.457001169921606110e+00
2.455596552906218921e+00
2.477379135977912483e+00
2.487225494712189011e+00
2.533729224074776631e+00
5.311886989580034274e-02
2.558645100526550364e-01
5.937563773361105302e-01
6.598690723585691753e-01
6.580830181854425698e-01
6.267133228791145205e-01
5.462993508334100801e-01
3.805305836901668459e-01
2.840461635078784797e-01
2.501158370325577973e-01
2.787744757068097434e-01
3.060424138310033904e-01
3.854006957481614926e-01
4.482228356564764704e-01
4.647942445391061161e-01
4.741652338751969342e-01
4.620621775459126113e-01
4.450733355978318539e-01
4.296129039102508096e-01
3.202835611169800867e-01
2.189197962344945347e-01
2.087956526083762365e-01
2.421029798410099798e-01
2.528830380601784222e-01
2.503051437543135083e-01
2.286602926001859160e-01
2.205339291294299564e-01
1.625911972978791031e-01
-4.739468816249512439e-01
-1.376961856538227114e+00
-5.735571227835152275e-01
-6.903041114893897490e-01
-6.828632598662509601e-01
-6.641663697612524286e-01
-6.258533123503954299e-01
-5.401588112023655297e-01
-5.528518087794546121e-01
-6.005597333061518661e-01
-6.915316350265955370e-01
-8.093717320057883802e-01
-8.920007400662371966e-01
-1.325609829444438503e+00
-1.816285889309719348e+00
-1.881073211971251435e+00
-1.880947065470417456e+00
-1.866283869943677676e+00
-1.856352349458847195e+00
-1.890932704300453793e+00
-1.922861444305270506e+00
-1.954820196139482880e+00
-1.976989884507666995e+00
-1.986254829121405718e+00
-2.008492603254718123e+00
-1.989994625970848308e+00
-1.977828863782529201e+00
-1.978324929788830344e+00
-1.967166963352132703e+00
-1.895418351856445582e+00
-1.850933293266019852e+00
-1.898060926090603839e+00
-8.803791202907461366e-02
-1.590506471107126507e-01
-1.786194058762094472e-01
-1.659254809145386533e-01
-1.378069761266800808e-01
-1.318872254281773237e-01
-1.151502337229925593e-01
-8.188067409047902756e-02
-5.804905824774890533e-02
-8.338616634194262467e-02
-7.311769198464115882e-03
1.237391850139642341e-01
1.350673631865108859e-01
1.120237424603552495e-01
9.142678164535376906e-02
1.595315155255466188e-01
4.143151060526603091e-01
4.754055463201986020e-01
5.067560094357758116e-01
5.444632775767536126e-01
5.977680871113354444e-01
7.232142727500534551e-01
1.384859955310745905e+00
2.034841074220573809e+00
2.469078442229462489e+00
2.649246661878389641e+00
2.663182824707259311e+00
2.674363240023674315e+00
2.720352660395122690e+00
2.794533191739835054e+00
7.631504893571064430e-02
1.982988586177910073e-01
4.474742370802442526e-01
4.629125517155338598e-01
4.577955939618428283e-01
4.312912762756634932e-01
3.613607690046922727e-01
3.135089453745475985e-01
3.166204869477755590e-01
3.540558094290199298e-01
4.435159506719359435e-01
5.907810648080260574e-01
6.807564104642457314e-01
6.851795110208290795e-01
6.369404568797552013e-01
6.198619128046718441e-01
5.819135315944119480e-01
6.244059800997880938e-02
-1.689792918016829737e-01
-1.701838802402414752e-01
-1.496917237634519948e-01
-9.002351185501729358e-02
-4.329043669813192330e-01
-1.038887747905564485e+00
-1.248432891497835096e+00
-1.240202237495549031e+00
-1.253441587925010703e+00
-1.369717563558062512e+00
-1.515057478535253521e+00
-1.580566427494275450e+00
-9.299428825515924923e-03
-1.707408739750800042e-01
-4.194734403589412963e-01
-5.533012551205475082e-01
-6.210476085684868419e-01
-6.430182702858796562e-01
-6.381441066086837033e-01
-6.534780137471365435e-01
-7.063847740703410594e-01
-7.583978518948747416e-01
-7.905250950132599597e-01
-8.321476724195988606e-01
-8.815733665299692046e-01
-9.012421997840590615e-01
-9.178690336997793464e-01
-9.311849031912444730e-01
-9.518165485688450111e-01
-1.008043272466244478e+00
-1.065202196813341606e+00
-1.107997220097748370e+00
-1.152939105676932474e+00
-1.197167219026007867e+00
-1.194856241057181689e+00
-1.189971804952139278e+00
-1.156569258020133883e+00
-1.167162347966190339e+00
-1.172235782361812584e+00
-1.163656848758623852e+00
-1.181389605603534676e+00
-1.261868412551695240e+00
-9.430037609290001233e-02
-1.123392625267874562e-01
-1.521682378839901151e-01
-1.587230280609786270e-01
-1.379409531790356802e-01
-9.237828649340334985e-02
-7.632464614673134529e-02
-4.607352093208486044e-02
9.325389605850199770e-03
1.500943360430900472e-02
6.302510585857545519e-03
8.305238066197380420e-03
7.657813418823449306e-03
-8.206298659780187840e-03
9.135450349007867565e-02
3.596692183999459225e-01
8.549829348551718500e-01
1.465169809785833666e+00
1.980098234153591541e+00
2.377952352040980433e+00
2.511088745393716515e+00
2.501672167015596138e+00
2.447468534354421354e+00
2.352828313209539779e+00
2.326648311747718356e+00
2.332356693769216172e+00
2.385133964150093266e+00
2.428571963262074807e+00
2.528893059045049352e+00
2.804054377678210752e+00
4.196331412587647053e-02
4.573749929133141823e-02
7.455669076492751901e-02
1.146026605098932061e-01
1.404305725576764086e-01
1.574297351809151313e-01
1.512761240139413321e-01
1.621771633064769680e-01
2.264381336302618286e-01
2.521577927294107457e-01
2.586474614788557558e-01
2.580288164695465625e-01
2.376455627026726469e-01
2.315118576017159424e-01
2.343863356253994279e-01
2.363104046894867194e-01
2.320511601068298013e-01
2.341005571674112662e-01
4.489555783901680308e-02
-5.179055702628121427e-01
-9.643291666864020062e-01
-9.590631332291320588e-01
-9.564162075978777100e-01
-9.769150440345081288e-01
-1.133877067812554928e+00
-1.510752544595065805e+00
-1.554069764040963531e+00
-1.543890631167746941e+00
-1.474242214032187803e+00
-1.437705572214907912e+00
-1.284601596099065324e-01
-6.472011986513146464e-01
-1.081994616435036249e+00
-1.256303636894101405e+00
-1.311759107411310854e+00
-1.264968459238664300e+00
-1.171133071320245689e+00
-1.068929931390915744e+00
-9.874437279535038803e-01
-9.424226490255704913e-01
-9.349381462953815225e-01
-9.741726199850089252e-01
-1.070223593188929678e+00
-1.160633337520301067e+00
-1.257022600512963662e+00
-1.303929418462273615e+00
-1.344196416967690544e+00
-1.377984974225066273e+00
-1.413941677803952635e+00
-1.443852858277835827e+00
-1.540480441041854220e+00
-1.572210569882125597e+00
-1.607291582501060301e+00
-1.644092352973475002e+00
-1.652297760551914019e+00
-1.686173056450880559e+00
-1.690330792519374015e+00
-1.685839512392635742e+00
-1.690991485226559732e+00
-1.708119265769924677e+00
-4.049669781976029254e-02
-8.557628349464876938e-02
-9.122868863666493133e-02
-7.985128266193455837e-02
-8.841029801750158179e-02
-5.922319515539780505e-02
-4.821278707184280254e-02
-5.373479451526333439e-02
-3.316319596516378865e-02
-4.628381969849174049e-02
-5.267725729355274972e-02
2.124842865307817463e-01
6.712228186325377433e-01
1.308188373460711151e+00
1.914950289959038709e+00
2.411571260045826559e+00
2.611008892181684526e+00
2.636357153248061191e+00
2.690607005249015860e+00
2.789044261823779181e+00
2.819579688141902629e+00
2.804635180909764713e+00
2.774026711573795989e+00
2.999913059398860327e+00
3.029775336264951768e+00
3.039497513268805129e+00
3.054844240811996237e+00
3.034605383977297510e+00
3.015267469303633874e+00
3.026746508461977125e+00
4.148055716998362043e-03
3.386099385243353938e-02
1.779689712215428918e-02
1.185927760367481640e-02
-2.534559716525156339e-02
-6.469270624386032342e-02
-7.969411306523647986e-02
-8.807387083069267986e-02
-9.406811838128288639e-02
-9.606688929498415075e-02
-6.984044106559914034e-02
-3.754286232667311540e-03
4.672082430740794046e-02
3.795049172295612144e-02
-1.023271554256519750e-02
-8.612798781388641967e-02
-1.158574903045377913e-01
-9.648243673411151244e-02
-3.722026506347726749e-02
-3.161784991281211404e-02
-2.353781883676366038e-02
-4.364408325849393755e-01
-1.287824856442287169e+00
-1.905761979117629679e+00
-2.440762625857873402e+00
-2.679710178663839315e+00
-2.713814706734360538e+00
-2.729901844849190518e+00
-2.752590914408774569e+00
-2.936950936682271696e+00
-3.007321093574882309e-01
-2.918434670016662458e-01
-2.167459654727189600e-01
-1.247128326824550743e-01
-1.014261807385933301e-01
-1.270810551920099896e-01
-2.046854342808819838e-01
-3.046610588781608620e-01
-2.920626119873415694e-01
-3.205097861479496713e-01
-3.511306361530415754e-01
-3.315611600384118507e-01
-2.739362521182236998e-01
-2.051843546772321170e-01
-1.201513564964216130e-01
-8.652495993454625833e-02
-5.998512700229314404e-02
-7.367491613778784365e-02
-7.140111583194980183e-02
-1.215018083271121319e-01
-1.663535462584485591e-01
-2.014364766329423961e-01
-2.041048129519625609e-01
-1.841326279309685732e-01
-1.144561861462465302e-01
-2.396861395283216012e-02
3.437791761696201709e-02
1.257650039609595760e-01
1.254744899996678154e-01
1.054119003975872021e-01
1.497060077595836584e-02
2.069850092228707750e-01
4.676167504857788870e-01
8.959309291269910158e-01
1.259937187334902120e+00
1.543256850474329145e+00
1.794231621049148018e+00
1.864279250449240477e+00
1.893136089574591230e+00
1.858888685223854420e+00
1.811129320617028915e+00
1.771179284804166976e+00
1.736658574156981327e+00
2.120327221661944872e+00
2.404438582877032715e+00
2.397481771283322960e+00
2.417181533027001450e+00
2.478273325822678341e+00
2.504812628324646795e+00
2.494390154483649980e+00
2.460684023817442334e+00
2.444597610438944191e+00
2.396151223922747597e+00
2.361539525852287991e+00
2.328126701075646121e+00
2.322661686879958332e+00
2.348146404350628380e+00
2.386797531317585985e+00
2.411093046494048320e+00
2.427821095201154300e+00
1.158799288701599546e-02
-2.659538322443276426e-03
-2.516117816636670099e-02
-8.968348193494993237e-02
-4.368857703149408023e-01
-1.190305395728390891e+00
-1.769349980267881817e+00
-2.174099217995244970e+00
-2.283795868511893978e+00
-2.180096661987415363e+00
-2.050253963019344372e+00
-2.029988985726839168e+00
-2.094932725734128365e+00
-2.209481333710558992e+00
-2.277918354262665090e+00
-2.360354410089264832e+00
-2.767235283332619034e+00
-2.936806432628109143e+00
-2.894061540477144145e+00
-2.859277159616582242e+00
-2.825504058871385560e+00
-2.801156709816791768e+00
-2.805588631577631720e+00
-2.825858931315032851e+00
-2.840338740089856095e+00
-2.876518147354811372e+00
-2.910056344032762254e+00
-2.923848823460026392e+00
-2.925222262256023775e+00
-2.908053244133091297e+00
3.010020045432816333e-03
1.607710093709886247e-03
3.241622754186051364e-02
3.304077418743418815e-02
2.506026110302893295e-03
-8.166696662686512287e-02
-1.603649534325073955e-01
-1.911819144587391384e-01
-1.836543002517547207e-01
-1.370827404587014742e-01
1.166789079227894266e-01
6.651014124397967020e-01
1.358884972119927426e+00
1.954327327273784221e+00
2.399527993111773227e+00
2.552977088903297442e+00
2.556291324502681928e+00
2.559910147981024675e+00
2.511169521969174312e+00
2.460520081960750893e+00
2.441474692240715783e+00
2.494639273044271910e+00
2.780984654773388520e+00
2.805501312736063291e+00
2.839447970090172912e+00
2.850155970791477866e+00
2.817476937391898861e+00
2.847068854418933537e+00
2.863303405722274153e+00
2.920597788329072131e+00
1.427956625751353459e-01
2.002254070367055494e-01
2.428387433000025741e-01
2.800633129918727593e-01
2.785347529999189220e-01
2.551067888403269479e-01
2.227840717664211490e-01
2.008580869626543919e-01
2.140679501661799378e-01
1.618122348100983765e-01
1.087659979697577772e-01
5.567897725040482637e-02
1.152857537407932925e-02
-4.540532692628963807e-02
-1.745770415109278439e-01
-2.011073423372073954e-01
-1.071613812243929070e-01
7.149633167636768039e-03
-1.932729021934155300e-01
-8.479867366493537562e-01
-1.515062821896082657e+00
-1.828783870318214433e+00
-2.015486401633895586e+00
-2.214991525165011410e+00
-2.492207755248517564e+00
-2.681212986888212413e+00
-2.698687095764995547e+00
-2.686961401860777698e+00
-2.673634630213697960e+00
-2.699346766126562880e+00
-5.453115223037557913e-02
-1.136953638029070679e-01
-1.914741551384943619e-01
-2.808801147422040345e-01
-2.863678966095033473e-01
-2.976574097661991436e-01
-2.922001930397389868e-01
-2.797792661470742681e-01
-2.628584475442713453e-01
-2.371350794673283968e-01
-2.060667452359827567e-01
-2.293870714824619850e-01
-3.089789861968078033e-01
-4.131607949969187121e-01
-4.333414561463140857e-01
-3.158074815514855249e-01
-3.099119736587063745e-01
-3.133061256913163284e-01
-3.292941228694661326e-01
-3.086058545673720510e-01
-2.678547775016029697e-01
5.264112886064326036e-02
7.505899396002120305e-01
1.444629887135598256e+00
1.861304209813152699e+00
1.850784441626271759e+00
1.864426693780720345e+00
1.842765959626906813e+00
1.846253596733443247e+00
1.881070259918724119e+00
3.945543465147476336e-01
7.488169730509455224e-01
7.764026653441720160e-01
7.667227958536326771e-01
7.308994071655313673e-01
6.791200261958942885e-01
7.472514079642016416e-01
7.509819435282341082e-01
7.997018896617774653e-01
7.984818120818353293e-01
8.224448805112200001e-01
7.338924478234494231e-01
6.814241365546221951e-01
7.135679423596468229e-01
7.236831524067439680e-01
7.309707072964868324e-01
7.306565468599958146e-01
7.261233039987304849e-01
7.255596083078575953e-01
7.537538270046453270e-01
7.426769056630109223e-01
2.876868706445676604e-01
-5.019019074073797215e-01
-1.071669756162858755e+00
-1.148042648698357260e+00
-1.173177902154434404e+00
-1.221982809759756705e+00
-1.226759424385174713e+00
-1.103011928170628098e+00
-9.483317938782744871e-01
1.106821139018430156e-01
1.942325291518608998e-01
2.260313376290449539e-01
2.680929871393805675e-01
2.480743205556407704e-01
2.692656325070834078e-01
3.132753464742308869e-01
3.165173900862248146e-01
3.294264587833025670e-01
2.453097649211052333e-01
1.505706886899268460e-01
8.237034370797406690e-02
4.459351547171385571e-02
5.388043700591970547e-02
7.462963642713242585e-02
1.107346354172314279e-01
8.935467133581456722e-02
1.429585869901814077e-01
2.087255706400904243e-01
2.417787834902356825e-01
2.897299046477123663e-01
2.980361136169379366e-01
3.022309255175372189e-01
3.104695423033626001e-01
3.294891697883797765e-01
3.596607406646360472e-01
3.890527574526793653e-01
3.675145764709822349e-01
3.637502696460369056e-01
3.988108035303475907e-01
2.556154168401363405e-02
5.732140835452524674e-02
8.171570844659727106e-02
6.750061977313266404e-01
1.411392700763400621e+00
2.165922911242482485e+00
2.789828448189854981e+00
3.306538707595348292e+00
3.563755379420554981e+00
3.592818141188200087e+00
3.573522417512590810e+00
3.615562409775891606e+00
3.652679359009932014e+00
3.607649940706378011e+00
3.591040144174174831e+00
3.570677817452520664e+00
3.561863406329053294e+00
3.584917239105954945e+00
3.635083211663966196e+00
3.709935975681629916e+00
3.728157451158630842e+00
3.705795534196019148e+00
3.635036656962176593e+00
3.543546847903797481e+00
3.424408768499149769e+00
3.183891700389327006e+00
3.165118665638128714e+00
3.145140059588013237e+00
3.178778631012680655e+00
3.242201142684188575e+00
1.307290655734053442e-03
-5.077740401979660007e-02
-1.784216602775468008e-01
-2.434624739718279085e-01
-2.927573560717539047e-01
-3.143845263017528424e-01
-3.098831694790520896e-01
-2.869976338224115020e-01
-2.558423540874490421e-01
-1.089622279308473995e+00
-2.023572257206634806e+00
-2.679093537664315683e+00
-3.181055977499252396e+00
-3.353532028519075947e+00
-3.481873697418891300e+00
-3.553144468122479527e+00
-3.539552652145726341e+00
-3.482195297720047655e+00
-3.455039963557711591e+00
-3.643650602742444899e+00
-3.550456670543880477e+00
-3.509196635757845240e+00
-3.567267330262984704e+00
-3.743613139440026938e+00
-3.923016201051271246e+00
-3.991671541952645619e+00
-3.980972167176689780e+00
-3.905425686761740955e+00
-3.823775839824901546e+00
-3.742532673298307966e+00
1.151259442746919159e-01
2.746504882927629509e-01
4.010803507633012854e-01
4.527836465036107483e-01
4.865301238138159956e-01
5.277150977571445356e-01
5.221439009909174533e-01
4.926241951709506850e-01
5.180383655358796746e-01
5.958428995476199308e-01
6.941268461715400795e-01
7.685056841440056630e-01
7.794690767806753406e-01
7.378844770318895296e-01
7.361109891751907996e-01
7.099784667558934892e-01
7.190418938338086763e-01
6.997666030507867507e-01
6.731922074694729474e-01
1.140018893119072008e+00
1.772504064329997631e+00
2.375605567116915839e+00
2.860186605182563291e+00
3.163870288217214277e+00
3.357313510922357302e+00
3.377238721003991806e+00
3.316755134723979204e+00
3.247421849824945195e+00
3.221818937978565778e+00
3.304973862544141383e+00
1.560815733893520206e-02
6.806359680950421764e-02
1.563218284450270112e-01
1.956612796660790188e-01
2.228654419394594244e-01
2.336348797346779194e-01
2.379230474800622108e-01
2.457981478588470159e-01
2.482526046595242009e-01
2.584099754367374380e-01
2.669706078174226005e-01
2.846404463414111685e-01
3.033805575382119146e-01
3.719591301200120270e-01
3.610210836713946270e-01
3.511834964876170972e-01
2.705755181632188977e-01
1.840009984775852203e-01
6.252925843874031220e-02
1.521164131232558003e-02
-2.506609261604727384e-03
-1.147534217574535699e-02
2.060928669667060759e-02
-2.417448732010110124e-01
-1.099364639743647620e+00
-1.895907128336681069e+00
-2.507308165105752717e+00
-2.877512287473236618e+00
-2.917329246858693548e+00
-2.919126921064059577e+00
-6.251460131136424986e-03
-2.329239825481227433e-01
-2.237536535654807146e-01
-2.454126156839695205e-01
-2.614717108329986384e-01
-2.734668688577038265e-01
-3.361270445821015196e-01
-4.214798505322679967e-01
-5.501643575747803272e-01
-6.074797718965508908e-01
-6.501971375776285367e-01
-6.658877900668580541e-01
-6.776855898114064747e-01
-6.313511756436261946e-01
-5.089072129946624612e-01
-3.944823372329570033e-01
-3.383589616060638794e-01
-3.647274997263887375e-01
-4.150060235035282208e-01
-4.901019771047367968e-01
-5.114503510387973240e-01
-5.047599582554403996e-01
-4.622511448706119741e-01
-4.170656464312629264e-01
-3.975769795272046103e-01
-3.987534825717732323e-01
-3.932304858825542149e-01
-3.912405739061155518e-01
-4.236261725093060648e-01
-4.343137747676884541e-01
4.636601611974867226e-02
1.856563961620210090e-01
2.170403310585942991e-01
2.581518806938177812e-01
3.078701817368669769e-01
3.412996242316035378e-01
5.322934452160900110e-01
1.100888291202733793e+00
1.681697403153819659e+00
2.160626755036135549e+00
2.518978281987044987e+00
2.735263755317882683e+00
2.903361872186600134e+00
3.229537560420676634e+00
3.458210263408715512e+00
3.621474591822193112e+00
3.686677904550693885e+00
3.780010963155673309e+00
3.796324602709381324e+00
3.770933263461268670e+00
3.703630014424504235e+00
3.577855477881565882e+00
3.423554832402542214e+00
3.315271888045239645e+00
3.297235502865909940e+00
3.319172184697077643e+00
3.343771471645392790e+00
3.366113647803844255e+00
3.390004529025571589e+00
3.353863668489280414e+00
-1.792169850598175629e-02
-1.348300001733152009e-01
-1.558157649440091996e-01
-1.570186423099593498e-01
-1.645351526686857080e-01
-1.350680759326005898e-01
-1.092669799038024636e-01
-7.274208027624536055e-02
-6.406864258244227006e-02
-1.174530903905353640e-01
-2.613247264920028901e-01
-9.196926269681450217e-01
-1.833217147197944819e+00
-2.566522747989127051e+00
-3.150512799291966815e+00
-3.497569513005418518e+00
-3.606704637727027762e+00
-3.602339749690794957e+00
-3.676572952530287708e+00
-3.635371332777200593e+00
-3.514919161081290877e+00
-3.514393772115176340e+00
-3.547617659146170332e+00
-3.656816098889324351e+00
-3.786307338029233360e+00
-3.819861017694113237e+00
-3.805686948039206374e+00
-3.800393481309722432e+00
-3.792716070093561154e+00
-3.774238367269567185e+00
2.331216555900419637e-02
6.075336984753419711e-02
9.096915459344695476e-02
2.287475476041217481e-02
-7.697210819092234479e-02
-1.732688308412426714e-01
-2.268985072469538178e-01
-2.867559463051604918e-01
-2.817300282626771235e-01
-2.358382201666396893e-01
-1.802766119597215000e-01
-1.505746790725274453e-01
-8.515342994694827250e-02
3.024389931342662263e-02
8.227380220795856014e-02
9.243895598282651782e-02
1.352567150597033252e-01
1.362340738467868462e-01
1.541642195413771566e-01
2.704575767920368023e-01
2.741508592970621772e-01
2.975608025491572883e-01
3.545059755305115523e-01
7.890612772627895177e-01
1.316613306160968611e+00
1.865583069860753618e+00
2.475844790514835303e+00
2.915219228422440079e+00
3.075438791547070227e+00
3.047569836597291637e+00
2.055346666960749732e-02
1.853814640758568583e-02
3.318790583995669119e-02
7.730591671860467806e-02
9.262475249751782325e-02
1.391088195758988788e-01
2.055039795928156332e-01
2.410975052116315909e-01
2.870762728522832652e-01
2.966433045547618996e-01
2.745431036205207009e-01
2.849142928370586025e-01
2.883201018420180062e-01
2.561055556691974600e-01
2.293396987207626525e-01
1.831591283928083458e-01
1.551369320595465395e-01
1.621001950220352650e-01
1.850140066767009817e-01
2.033620472993729889e-01
1.881231446113124373e-01
1.297604320135485878e-01
2.543259711331165296e-02
-2.713469469365354381e-01
-1.113572574890595801e+00
-1.819152485338993763e+00
-2.315467465250634849e+00
-2.409626838217891365e+00
-2.328359274459730788e+00
-2.308171586069073911e+00
-1.177368645593080548e-02
-6.215541268768147443e-02
-8.368098504842055863e-02
-4.111778499881094673e-01
-7.563825207364375247e-01
-8.132690772115612754e-01
-8.064584334270367139e-01
-8.092612367992420008e-01
-7.778918392117906144e-01
-7.844246666434633308e-01
-7.850657188914733631e-01
-7.891373069151196296e-01
-8.272394715068421833e-01
-7.958036933778337430e-01
-8.037674829701814128e-01
-7.713977912638134704e-01
-7.489126991138516098e-01
-7.451918334181921733e-01
-7.242296446060376702e-01
-7.057637371952407701e-01
-6.991233567918999636e-01
-7.141241594284220007e-01
-7.930883662395353806e-01
-8.823552113901872440e-01
-9.495267081968541412e-01
-9.615628855305354827e-01
-9.542294422689632238e-01
-8.345703763971891176e-01
-7.804370112211280741e-01
-7.542514645194979828e-01
1.902707276857585478e-02
3.501034646212177609e-02
2.492233480985516780e-01
7.357271535881657609e-01
1.322814594709082581e+00
1.824977254847437225e+00
2.183792546985628302e+00
2.313803738308896296e+00
2.367972624166136519e+00
2.418911361004352667e+00
2.469820756452410837e+00
2.546222603243797344e+00
2.707881029806955553e+00
2.757470270157729608e+00
2.694939960125781298e+00
2.594732120671788156e+00
2.573476272511344032e+00
2.587092965170202152e+00
2.616845028040742260e+00
2.644731050455411125e+00
2.682606333174800017e+00
2.705111647574941713e+00
2.727703481648811934e+00
2.731881179724288344e+00
2.710351089669789548e+00
2.697665366733027259e+00
2.688508332338948037e+00
2.699530751680123686e+00
2.717385930059196042e+00
2.752074997428954450e+00
3.031301730407377076e-02
5.877052458730186446e-02
8.213087273944452704e-02
1.336981057523879968e-01
1.251427564077526311e-01
1.035656530793893082e-01
-4.860818544159231647e-01
-1.483528724680533095e+00
-2.172773431633254759e+00
-2.383855414578546217e+00
-2.370794839962484080e+00
-2.337794290660317742e+00
-2.313023728029873549e+00
-2.292940350186854381e+00
-2.250390007159821071e+00
-2.381606352405428062e+00
-2.885688004170058552e+00
-3.097742431906449934e+00
-3.095915444805682259e+00
-3.128529321239656547e+00
-3.189885834956341704e+00
-3.207046156727690445e+00
-3.228536301970621913e+00
-3.216291454484362600e+00
-3.156778045357155893e+00
-3.154336059387815805e+00
-3.127587812288699975e+00
-3.093782093185762250e+00
-3.045345712333155319e+00
-3.045673930008124586e+00
1.060573126095958746e-02
-4.461714548541476089e-02
-7.061853840288036255e-02
-1.012842831667363497e-01
-1.225884700515072340e-01
-1.347613694490830683e-01
-1.523025168300362886e-01
-1.623271807525200616e-01
-1.897186699216819594e-01
-2.302610580573318522e-01
-1.976648765210017866e-01
-4.562900490388122066e-02
8.862549818384149458e-03
6.963297679412516761e-02
2.934465097435124958e-01
6.152243827534433773e-01
7.370175110481099745e-01
8.102344858539431982e-01
8.679499452006360638e-01
1.033039319712383719e+00
1.230966039176285332e+00
1.216867835361142847e+00
1.520464424066692022e+00
1.962641100222645818e+00
2.336030364528209002e+00
2.565572754352988039e+00
2.663117490539815169e+00
2.697556698591055291e+00
2.721536131100395384e+00
2.756608954050644655e+00
4.795126964214704857e-03
-7.453011106918386308e-03
-2.456267275021381188e-02
-5.263928566602772696e-02
-7.513316346769714771e-02
-5.953247077255838932e-02
-3.236113568246895555e-02
6.097628137934273107e-02
1.627754085033495945e-01
1.380656220625783581e-01
8.894802474137945836e-02
1.316775058003383236e-02
-4.403183218469484961e-02
-6.272780410379885652e-02
-7.642925604085319680e-02
-8.033488827741831761e-02
-4.933803636481755295e-02
-2.106806122709895673e-02
3.501852467182979545e-03
2.371732086981999388e-03
-2.203601351241877768e-02
-1.044722030927564271e-01
-1.116361912585427940e-01
-1.334214817110676021e-01
-1.343193332861469802e-01
-1.363553015363287713e-01
-1.560685086288876589e-01
-6.819366318883632871e-01
-1.243528329411688560e+00
-1.672485809842148008e+00
-2.363121080394708640e-01
-2.809799137666696978e-01
-4.342196860459195396e-01
-7.865684654238201956e-01
-8.360627983778436967e-01
-8.174994030434017400e-01
-1.071526012847403342e+00
-1.302327128181524074e+00
-1.288122106816711465e+00
-1.259572525561613032e+00
-1.205777130012922083e+00
-1.176582706497750541e+00
-1.181474163069982986e+00
-1.237619634867681784e+00
-1.291124339204889448e+00
-1.333558097651041496e+00
-1.378091796360731092e+00
-1.389791554003262375e+00
-1.379773300694530525e+00
-1.333995611179348950e+00
-1.287355881253990031e+00
-1.216586264817250740e+00
-1.187130835570584519e+00
-1.175989782009122964e+00
-1.202049591924332805e+00
-1.198924166178006567e+00
-1.217043194591886479e+00
-1.255513349870171158e+00
-1.294261219992893786e+00
-1.605194186736017770e+00
-5.522776068333165034e-01
-5.518140381762652869e-01
-4.895093021547507472e-01
-3.961079354406381037e-01
-1.973935694107169236e-01
-4.533953804774307206e-02
2.713417658722100390e-03
-2.786764063300558453e-02
-5.246607447233315319e-02
-2.478486819884368614e-02
4.054076016116316961e-01
1.166413127340332867e+00
1.975180707368615174e+00
2.579455951748014009e+00
2.862451369364979126e+00
2.863909837532661040e+00
2.829567873603781258e+00
2.799604160918597984e+00
