3.020987063460038244e-02
-2.757084062289589035e-02
-2.370334089219746643e-01
-6.160714859432441237e-01
-1.232720868995260011e+00
-1.451305760533045719e+00
-1.415175545698209802e+00
-1.313270067396861585e+00
-1.210714432980489752e+00
-1.200537135629669017e+00
-1.287534739674540241e+00
-1.473943471462074051e+00
-1.710450410982440106e+00
-1.964260122476366721e+00
-2.170720370473008920e+00
-2.249413391168303189e+00
-2.290072751405490159e+00
-2.584921648199008271e+00
-2.690160880582403991e+00
-2.776305216270652743e+00
-2.872221202758463043e+00
-2.989496746609321409e+00
-3.086053107518864191e+00
-3.134345519572836913e+00
-3.149595821782449789e+00
-3.183440384773331022e+00
-3.178041851666857820e+00
-3.087174054209683938e+00
-2.991075736759249093e+00
5.785009792150162811e-02
1.300934557632094646e-01
2.013689316330991852e-01
4.067516546299082547e-01
5.808092112146200359e-01
5.545401987214751971e-01
3.383047652979376263e-01
1.267678030950910861e-01
3.966776036277319673e-02
-7.189896545090659896e-02
-1.577707977757845104e-01
2.896750908264167923e-01
7.848657706417940805e-01
1.193694770318418863e+00
1.192420041099144568e+00
1.145855183729270754e+00
1.148648042645233236e+00
1.237450944229873118e+00
1.279123903644683091e+00
1.279563722427961459e+00
1.356594325116371680e+00
1.937087594575323868e+00
2.289221391463098776e+00
2.266996126285003577e+00
2.292551458391455022e+00
2.326435884600894344e+00
2.307922660129923642e+00
2.208801667792835488e+00
2.202716526327306745e+00
2.231563196393500093e+00
-5.899330282571254962e-03
-1.404043970924518867e-02
-4.722915232275676223e-02
-5.567874070464246677e-02
-9.466013689438232404e-02
-1.861195711443702216e-01
-2.762485912444718195e-01
-3.613843338825041274e-01
-3.759125887268771060e-01
-3.554829902238218486e-01
-2.848898206412597833e-01
-2.361181491233413920e-01
-1.429131195421038114e-01
-4.015212645045845852e-02
2.278016068456341359e-02
-1.762952722741517597e-03
-1.737750067445357344e-02
-8.194127553619445781e-02
-8.897675864568922732e-02
-1.151538182025180213e-01
-9.986251975822665883e-02
-1.024275202993715633e-01
-1.297849609711890784e-01
-7.269667786921616415e-01
-1.364199603432820762e+00
-1.686841603301565851e+00
-1.732391251168984958e+00
-1.777187446941628002e+00
-1.826453180473968541e+00
-1.848184773576026840e+00
3.634344203587112909e-02
2.874788256369136333e-02
3.575955753199446668e-02
2.718879398162651201e-02
-1.926723386551341261e-02
-2.888906048700329993e-02
-4.737430749445367684e-02
-5.554349873993060793e-01
-1.081407008140960802e+00
-1.264375887196579118e+00
-1.297233572750490005e+00
-1.292528460298928650e+00
-1.283410379080554220e+00
-1.286994678806638204e+00
-1.274345804137281046e+00
-1.282609951397391423e+00
-1.242264472557948363e+00
-1.252826018433329303e+00
-1.394531464481352234e+00
-1.521783869428995128e+00
-1.537971860173489080e+00
-1.564445157139509268e+00
-1.564316688901294272e+00
-1.544545655736085044e+00
-1.467881316771417088e+00
-1.392570595310774317e+00
-1.364672898651928312e+00
-1.406657069736893195e+00
-1.475644692526785429e+00
-1.516563485856821547e+00
-2.735925931121397855e-02
-4.210837791355784288e-02
-4.741366267098634513e-02
-6.971803839574836070e-02
-7.374781533181209991e-02
-2.651957035216033487e-02
4.985820217877243166e-02
3.758194175133912351e-02
-2.791581559588388051e-02
-5.312510888074650772e-02
-2.626656824303624793e-02
-3.475345391770521403e-02
-3.671162867564595200e-02
-8.781410067737381586e-02
-1.167125546909347361e-01
2.804993884311896557e-01
9.747101412875460724e-01
1.311792184484698698e+00
1.303814104747834657e+00
1.286357359186738325e+00
1.295406498901026549e+00
1.618423691667875364e+00
2.325954579725671323e+00
2.678295073881039379e+00
2.710175509316358422e+00
2.723295803082856015e+00
2.729031287467866385e+00
2.688777146815460206e+00
2.724390765463366115e+00
2.734352460838227472e+00
-1.806851891536389448e-02
-4.380229878364509666e-02
-2.843099474917017491e-02
1.345594079564515766e-01
1.391706587663587291e-01
1.201317382146365742e-01
9.165596922906688038e-02
4.131829683338095194e-02
2.501681321963371285e-03
3.377887387723870621e-02
8.020904030398998130e-02
2.998865822750083066e-01
4.560370626664547178e-01
3.803712925803754419e-01
3.268063574885839428e-01
3.417633424608791937e-01
3.536465401863004843e-01
3.682340117879937536e-01
3.489599644781046783e-01
3.085561895017963074e-01
2.701606974706649567e-01
2.751197407545956652e-01
2.245578636455688171e-01
2.019229728284552272e-01
1.093016244544687821e-01
8.766611645510492823e-02
7.177176123159587084e-02
4.221818705391378046e-02
1.844596853783032550e-02
8.521485125664977206e-03
-4.409772858464882511e-02
-7.743508665164158811e-02
-1.028961821510901986e-01
-1.672925229091742905e-01
-2.080143266060650586e-01
-2.060445781689545508e-01
-2.288945412873378549e-01
-2.609007411287359024e-01
-2.369002918104271271e-01
-2.081956651190220442e-01
-2.179872599506942066e-01
-7.695036670370023479e-01
-1.111014505115045736e+00
-1.151996379819679728e+00
-1.136952463714979045e+00
-1.107179430219930705e+00
-1.082463493533315502e+00
-1.073596831050342981e+00
-1.062489319692232259e+00
-1.099674862877966897e+00
-1.162697429804785410e+00
-1.437984333002147563e+00
-2.040540878411619463e+00
-2.215677367497066452e+00
-2.217931337869591069e+00
-2.228711818964206781e+00
-2.220344088190232323e+00
-2.459460181324123695e+00
-2.949220636158299769e+00
-3.119380957293690138e+00
-8.855255585201836019e-03
-1.006474676736203444e-02
1.047153718702582142e-03
-1.530683624442214993e-02
-1.301915234706484820e-02
-3.554282715916655400e-02
-5.110701083708149572e-02
-6.566709754448112057e-02
-4.718935383623946989e-02
-4.712836338320536972e-02
-6.102611008659082625e-02
-7.706949500091517247e-02
-7.913123468602779875e-02
-7.140651568213920997e-02
-2.043805615908375062e-01
-2.639845171589328965e-01
-3.101434204695066033e-01
-3.171663390244808256e-01
-3.214660250339943515e-01
-3.459424606890492693e-01
-3.541078517611556675e-01
-3.418275099099389869e-01
-3.568141354225797257e-01
-3.228150432487637556e-01
-3.098771602150260929e-01
-2.881335816113134163e-01
-2.846878999110250552e-01
-3.144938525768981585e-01
-3.109243778643587808e-01
-3.276069050573244823e-01
6.230373458929143460e-02
1.307717877971155129e-01
1.405223143243323203e-01
1.750347231028864803e-01
1.912004980588924152e-01
2.319125754397985406e-01
2.414105958800121521e-01
2.044447254062649044e-01
1.198420343907934948e-01
3.352383372935814621e-02
6.072258653228957553e-03
-2.223762137795882998e-03
-5.702895626178830502e-03
-1.667425074932020815e-03
3.575075631822505901e-02
3.327094553072337813e-02
1.453080438546343056e-01
6.910866859438284937e-01
1.263284991128202916e+00
1.766402552655408353e+00
2.174262185817996684e+00
2.289791651259294625e+00
2.266769240654375572e+00
2.274618858089635154e+00
2.271630895864984456e+00
2.283326965103965378e+00
2.305765700506305471e+00
2.319464893636932867e+00
2.358417879246157867e+00
2.351195806316709547e+00
2.924068119208740602e-02
5.360634710629332694e-03
-5.664120892050100720e-02
-2.067151313393729151e-01
-3.109577148063047414e-01
-3.255566809215117430e-01
-1.924613251826212124e-01
-1.612174495355904458e-01
-1.296213038159573505e-01
-1.076631643972730257e-01
-1.051870894709561050e-01
-1.187590574384226744e-01
-2.123871199993888625e-01
-3.100721882015090025e-01
-3.922056778763725049e-01
-4.044361143558122262e-01
-3.645129894265963233e-01
-2.364703507824605921e-01
-1.818946724488613720e-01
-1.843117347074672008e-01
-1.774524003251719551e-01
-1.744187000930725318e-01
-1.405336928914309169e-01
-1.244777199965927394e-01
-3.016634512994185169e-01
-1.096255479827834112e+00
-1.497507010525303439e+00
-1.565528452910338375e+00
-1.568254903277788825e+00
-1.543360597392623879e+00
-2.333572466702188986e-01
-7.109029203522121421e-01
-9.795067928361580467e-01
-9.482225866408872106e-01
-9.257670352629890909e-01
-9.172814983522397103e-01
-9.666749005861212662e-01
-1.005958234884091196e+00
-1.071292447015216087e+00
-1.104493633999036772e+00
-1.100295368333329860e+00
-1.105151893840127020e+00
-1.124059148798920660e+00
-1.202136633391007070e+00
-1.430386699684453200e+00
-1.456301613730220268e+00
-1.449498651305920482e+00
-1.447284715703142988e+00
-1.506939531231945129e+00
-1.556134271435623218e+00
-1.606633007896701271e+00
-1.659087297955589513e+00
-1.676611367908313888e+00
-1.670183706293538073e+00
-1.630845939348337215e+00
-1.597713963680628790e+00
-1.612158060860284792e+00
-1.630513662336272374e+00
-1.592617039738879914e+00
-1.598656431029284342e+00
-2.575115506369883567e-02
-1.431462961619269225e-01
-9.667821102676166234e-02
-2.928688191480340042e-02
-4.135268093926142141e-03
2.271209660687836113e-02
4.739436245184794338e-02
4.374926096097281336e-02
5.634232189262194934e-02
7.541703826760748353e-02
1.157103758113526282e-01
1.301167791105902194e-01
1.218624970700005750e-01
3.231356299665041343e-01
7.959033299138805750e-01
1.192450408041198839e+00
1.415370246577539071e+00
1.407065680049626177e+00
1.400209829501197989e+00
1.399139605723446866e+00
1.423925252383307916e+00
1.413874927538974813e+00
1.440966132090770291e+00
1.857843007106335431e+00
2.362867621132691998e+00
2.532828210877968722e+00
2.575209076196735669e+00
2.629338473964752954e+00
2.749572296131309823e+00
2.779294355050189846e+00
-1.858481931663715989e-02
-6.070508194868348695e-02
-4.662302193022753449e-02
-1.627615369295949688e-02
3.517299516308479423e-02
1.006964066187777951e-02
-2.214148656076701110e-02
-1.518147809421386760e-02
-3.715707406566579746e-02
-4.651633518453367200e-02
-3.571962701806163931e-02
-6.093171332378653771e-03
8.939892657839440537e-02
1.476239166063314512e-01
1.533208234299916484e-01
1.477346596791433708e-01
1.191433599737257015e-01
5.949104914400690086e-02
4.610189828056785594e-02
6.301901478020535685e-02
1.053628206625232544e-01
-8.331349894649403565e-02
-1.477005362141385059e-01
-1.469627981111420179e-01
-1.268550034941539340e-01
-2.731438282359857639e-01
-6.850054034496781963e-01
-7.484580685259742960e-01
-7.024151977231525290e-01
-6.895206612039177507e-01
-2.596929206936282944e-02
-1.692449009414108141e-01
-7.832582464974369163e-01
-1.221963339203217647e+00
-1.471455964016266993e+00
-1.469083502374425532e+00
-1.458683044516522198e+00
-1.487722983454799364e+00
-1.509080223950843402e+00
-1.566238915749944116e+00
-1.593676389590454878e+00
-1.625445559030631815e+00
-1.721096213379280204e+00
-1.989436822768315460e+00
-2.080341827470324478e+00
-2.067955824780854712e+00
-2.029526416821113788e+00
-1.993245542818868454e+00
-1.988229825608678558e+00
-1.982272534693618748e+00
-1.962557903707975671e+00
-1.985621001496677751e+00
-1.979258018159289811e+00
-2.012822887513768588e+00
-2.077303523880356995e+00
-2.145403028329473827e+00
-2.166767642768105961e+00
-2.164997817993240758e+00
-2.152470441193572892e+00
-2.189688045968781971e+00
1.992047825448433826e-02
3.949619262150615151e-02
4.548541870434483214e-02
4.298512611497978808e-02
2.218564363322885966e-02
7.675928622705376070e-02
2.391590479935084002e-01
2.427664058877423148e-01
2.667255210869579063e-01
4.465536031935275485e-01
1.125317386480794379e+00
1.579882728277806958e+00
1.587112901910124885e+00
1.572664238447706087e+00
1.593581346903351292e+00
1.655791527602475499e+00
2.069245435529786015e+00
2.485954072334738640e+00
2.510864894938370728e+00
2.508815723003846365e+00
2.514429317591803326e+00
2.544938700059760972e+00
2.560781792487534236e+00
2.609379869758902792e+00
2.623724218721826151e+00
2.623633171674518483e+00
2.641415393800087053e+00
2.661308996194122756e+00
2.797265246734221389e+00
2.843324635764468589e+00
1.674273034706840260e-02
6.223700941538448314e-03
1.151405264231355856e-03
1.061873142967794878e-02
1.217648713867752891e-01
1.750131287277911507e-01
1.548585439880225678e-01
9.234775888503682362e-02
5.201349041813458501e-02
5.311458902934551585e-02
8.557884614255700795e-02
7.646740813910105072e-02
2.459826686829780923e-02
-2.306504034148793014e-02
-5.053271979899605360e-02
-7.879550448234970417e-02
-1.014792306367902908e-01
-1.043376684202853150e-01
-1.016138068141566042e-01
-1.164131107854907976e-01
-1.258603737181864246e-01
-1.453896602736977350e-01
-1.669780043916411216e-01
-2.325324280356072526e-01
-3.177886828908013106e-01
-3.794205365569928712e-01
-4.104857929449777787e-01
-4.248149095115029139e-01
-4.253113280528826867e-01
-4.251101601054391721e-01
-1.377743318533677583e-03
-3.550049640397593548e-02
5.165622113642250046e-03
2.328828748722945249e-02
4.939134273358701532e-02
6.441508427993657138e-02
5.077947414625263306e-02
-4.875390759397448814e-01
-1.151286239137089940e+00
-1.217676563782377208e+00
-1.203181713857913060e+00
-1.175921746189928507e+00
-1.170634330222649622e+00
-1.169127830274816704e+00
-1.155803369601408725e+00
-1.128055218994287179e+00
-1.423007418671691671e+00
-1.568192058222591445e+00
-1.587786360466418190e+00
-1.640891589771294345e+00
-1.696992139722404591e+00
-1.726935042254220010e+00
-2.124581058418484325e+00
-2.359709651754117843e+00
-2.315548251245634237e+00
-2.263619464877935972e+00
-2.208317807570278291e+00
-2.229729698766925061e+00
-2.233399621033485438e+00
-2.433137907012839829e+00
-8.032108440488532064e-02
-1.145709667531063514e-01
-1.319346028105237711e-01
-1.547613379557887803e-01
-1.768871946902915160e-01
-1.900512813720449112e-01
-2.516499379605262599e-01
-2.513045543175085328e-01
-2.997915302418560080e-01
-2.823837756905903662e-01
-2.648508234547583551e-01
-2.565288292404458992e-01
-2.311994600379535802e-01
-2.270151636681348728e-01
-2.242800165401661050e-01
-2.114557595041866855e-01
-1.931056988755369963e-01
-1.702580805698030997e-01
-1.544737172468039488e-01
-1.730316650438717963e-01
-2.008893169819707114e-01
-1.969059783000341457e-01
-1.657280363932374101e-01
-7.723353859984377623e-03
2.394240910563437130e-01
4.184682128687038372e-01
4.280523604394601556e-01
4.057743323831244919e-01
4.013580580378422469e-01
4.231117332958803101e-01
2.587009156124282505e-01
7.653414175096348027e-01
1.292890195480314031e+00
1.718886761746259983e+00
1.780949144590924238e+00
1.800943974344527243e+00
1.797004498886950241e+00
1.774172978366463482e+00
1.750835263702914091e+00
1.743074166103418809e+00
1.767398774201408784e+00
1.785390525010879470e+00
1.790644784636619580e+00
1.896261418230849927e+00
1.976799951697047586e+00
2.026949738019824032e+00
2.018680397020737427e+00
1.961006701638145389e+00
1.873594731883543529e+00
1.729784487424616879e+00
1.666548143168117280e+00
1.605830662526894548e+00
1.583649261793288243e+00
1.586152848391171100e+00
1.626823576305716390e+00
1.645186375184632066e+00
1.619306418380685786e+00
1.575067927439927740e+00
1.588640581628634418e+00
1.649109810664423525e+00
4.109442953410595567e-02
5.600845841713460171e-02
5.850598412305951096e-02
-4.596545690031707959e-02
-2.408222208587212920e-02
-2.034622831338449636e-02
-1.942206860242791377e-02
-1.060382082313248743e-02
-6.575964336801537469e-01
-1.233999610827013260e+00
-1.246684831163684892e+00
-1.232939420563389454e+00
-1.201649875366591402e+00
-1.291308716808420742e+00
-1.732505603171460073e+00
-2.075741780122445590e+00
-2.098776978899330459e+00
-2.029650319220424937e+00
-1.964683418827008810e+00
-1.960462171421952560e+00
-2.012001410491251807e+00
-2.066158790825398661e+00
-2.264937456922807346e+00
-2.292891611119546535e+00
-2.293207022855622501e+00
-2.276560355316036954e+00
-2.262508337659641100e+00
-2.242877531676770175e+00
-2.162438795347047638e+00
-2.083357485399487175e+00
5.931168011350803487e-02
1.335002294846409088e-01
2.268833207915179617e-01
2.658706577795107995e-01
2.977145375612083034e-01
2.933472378005981818e-01
2.760284645866399877e-01
2.523195410078322154e-01
2.031193158053867798e-01
1.888700011175731552e-01
1.706364860553074014e-01
1.464126854766277241e-01
1.263065839605806151e-01
1.017541711107724234e-01
8.851310623774834296e-02
8.909658535225148390e-02
6.448223887174063529e-02
4.329836783998940175e-02
5.253287271740485903e-02
1.119874013458911077e-01
1.635927193684562631e-01
1.908097849029877224e-01
2.394376304694088298e-01
2.732724722767812531e-01
3.333985172861125834e-01
3.412344116396105465e-01
3.958986921336535292e-01
8.847069301732704005e-01
1.360765784379064369e+00
1.855274171982369102e+00
3.775509916607023286e-01
4.788494096883136319e-01
4.649601305752429359e-01
4.585192549196892009e-01
4.793993172912772160e-01
6.877975574422632299e-01
6.920762155462377718e-01
6.946803445849674130e-01
6.997531623709952742e-01
7.074204426964596504e-01
7.110668699875525300e-01
7.561260958771766072e-01
8.288265231274587475e-01
9.043223353549703081e-01
8.626668552671946655e-01
7.990248448029547701e-01
7.155290004274401650e-01
6.901836250256045968e-01
6.963290430132240694e-01
6.807083529679319733e-01
4.360110776066677962e-01
4.520572063119198125e-01
5.545448581261699372e-01
5.232046234308710408e-01
5.751446552329816386e-01
5.802007243414840643e-01
5.847199125640442086e-01
5.514648214070725363e-01
5.604552532806740262e-01
5.370799548928029132e-01
-4.462611345457911244e-02
-4.677313412377057805e-02
-5.328213871363279147e-02
-8.056263865362960075e-02
-1.027405428542474131e-01
-9.371543690544735516e-02
-8.997245402821398008e-02
-9.803745958126971471e-01
-1.879912179879184908e+00
-2.464878297437131494e+00
-2.633429885402155168e+00
-2.613818797849378317e+00
-2.599219324667458864e+00
-2.636730479929641380e+00
-2.635039034307372408e+00
-2.628941923663153268e+00
-2.622854019298900496e+00
-2.596837782600748934e+00
-2.590370653937539291e+00
-2.617332237051075428e+00
-2.661034849839000405e+00
-2.716457428835762578e+00
-3.080078281940797691e+00
-3.176631500779147910e+00
-3.159793007590624647e+00
-3.146189680961591240e+00
-3.155481889862958411e+00
-3.151286861663472383e+00
-3.109490313045308874e+00
-3.011438219638931102e+00
5.714484833901149231e-03
-2.574863495667417679e-02
-3.691866528368069333e-02
-7.023421483010172661e-02
-1.013077219455251476e-01
-8.277373770258641961e-02
-5.356615351012174175e-02
-3.711925566259824394e-02
-4.585516754794960459e-03
3.955252949039492899e-02
1.011675987245275188e-01
1.256396220749922965e-01
1.130773088513725849e-01
5.822315445978258619e-02
1.617192533752281197e-02
1.188545315804271363e-01
5.048276870767582913e-01
7.384315159851909671e-01
7.409836107479713663e-01
7.024739778012079050e-01
6.586178340773347628e-01
7.969805617157396105e-01
1.344876646576732337e+00
1.944116680132024655e+00
2.373062054569099466e+00
2.378438779579063134e+00
2.332992754364088928e+00
2.298319627825058831e+00
2.332421625987951330e+00
2.356525596161551661e+00
5.315107668700706778e-02
1.016561147548472738e-01
1.195911553319808085e-01
2.400497785106349147e-01
4.158721959881741537e-01
4.558122584760309626e-01
4.752458680542374081e-01
4.360560506203622344e-01
3.892774976372962437e-01
3.667875776424765477e-01
3.527037587052866963e-01
3.195916005092045431e-01
2.655493494548128441e-01
2.288690642453751756e-01
2.198426045207058921e-01
2.508601545994744164e-01
3.035481212550821262e-01
3.042662974070584059e-01
2.956065918636469059e-01
2.348244374760170283e-01
2.113853968949567508e-01
2.242529454180719473e-01
2.167781785902039293e-01
2.178185676790874714e-01
2.349622690858280682e-01
2.399078861523209760e-01
2.531837593761725458e-01
2.521147110271872993e-01
2.797275490418654753e-01
2.254950776043557481e-01
-1.726621321452629088e-01
-8.050156324887586257e-01
-1.217537476877394109e+00
-1.201418683341473947e+00
-1.169606631044326939e+00
-1.125274392986285399e+00
-1.133707777933364635e+00
-1.304777773314971467e+00
-1.601160697213451556e+00
-1.573573432171563979e+00
-1.564603996803933583e+00
-1.604793025442949439e+00
-1.673391996458751585e+00
-1.736664667039179877e+00
-1.888808785555355918e+00
-2.358305224393798305e+00
-2.428165798786499519e+00
-2.443552169867006185e+00
-2.407042534708540238e+00
-2.414597255594125969e+00
-2.409877739537567454e+00
-2.393381363228431979e+00
-2.684160590219523357e+00
-2.882964346198841454e+00
-2.893108800722735463e+00
-2.895439148863963474e+00
-2.888915187314473609e+00
-2.915827311862193127e+00
-2.901638105853237004e+00
-2.929876690594752198e+00
-4.288478607888090294e-02
-1.679616981636044767e-02
2.196067180492338247e-02
4.607380140368021876e-02
4.300755988517609291e-02
2.127025723438296517e-02
-2.233479777889531975e-02
-6.707183122018813004e-02
-8.061531005541340555e-02
-7.965426240919155909e-02
-7.669403326682036615e-02
-6.257332847104975226e-02
-3.891437085983796840e-02
2.842328650667916290e-02
8.773480583797690913e-02
1.176166814895608509e-01
1.407679802147530357e-01
1.330313881475320148e-01
9.683281920337633020e-02
6.925143968264906025e-02
7.133039673299400307e-02
1.348019813683161705e-01
1.483470484833406822e-01
1.657779930248488853e-01
2.116811024698760924e-01
2.714125169037295282e-01
3.106619162079730101e-01
3.323941920120664362e-01
2.716015708644080595e-01
1.681272023763984436e-01
6.756858155028212624e-03
7.563381122341711338e-02
2.353502695493562558e-01
8.837811185750563681e-01
1.351409165708579607e+00
1.684602363510408818e+00
1.697888284474934784e+00
1.726953421475134309e+00
1.759221113179628926e+00
1.771135254362177003e+00
1.805958488583599753e+00
1.837458420893191446e+00
1.825308681021018176e+00
1.867877521711670985e+00
2.128379074207988442e+00
2.556257476040339593e+00
2.720375146442373548e+00
2.768892418670420241e+00
2.827488528929095413e+00
2.859919378008324298e+00
2.862400126945635392e+00
2.824812929701434605e+00
2.783639255888034292e+00
2.740394211381511180e+00
2.737886214722205391e+00
2.693713638783354902e+00
2.693783686182414261e+00
2.653899671180016018e+00
2.678768516222199914e+00
2.692464263863858065e+00
1.345527423124707328e-02
-4.902907701402180879e-03
1.696999080554506892e-03
-2.857097104664960141e-03
-5.731933968783492483e-03
3.736636861515927471e-02
6.849272069717425582e-02
5.441043232246334238e-02
-1.581275974175851140e-03
-8.765979042794422305e-02
-6.497611982686770649e-01
-1.357320494178939629e+00
-1.856543363261978552e+00
-2.033501025044659460e+00
-2.039350906327742852e+00
-2.032763297624348819e+00
-2.050867747076605685e+00
-2.054930546911078793e+00
-2.245057991340258408e+00
-2.726993388395573259e+00
-2.964071642431907350e+00
-2.943834743191543257e+00
-2.901996466082037873e+00
-2.878783209429362611e+00
-2.865819066687708361e+00
-2.896038467458354138e+00
-2.912835759417597092e+00
-2.962662633800036804e+00
-2.961009895560953620e+00
-2.982458516527967785e+00
-8.592404731741835194e-03
-3.263627807246170798e-02
-8.095757284302995682e-02
-7.172853378173549288e-02
-5.368371595194254553e-02
-7.617144857047077056e-02
-9.776688983183530468e-02
-1.981112355612857923e-01
-2.255697203776035054e-01
-1.847757600340900475e-01
-1.358988389619489867e-01
-1.366895308138021681e-01
-3.994840099764586372e-02
-1.423504529492491261e-02
7.155467775178278589e-02
1.552816583139317308e-01
1.728238102681564081e-01
1.443872104186861849e-01
7.156189792836749330e-02
1.243146462994821483e-02
-1.633779936412017852e-02
5.080015732032833881e-03
1.107175843454833927e-02
5.404740644909622471e-02
1.314146522760564484e-01
1.847848073601200403e-01
2.419877508049823045e-01
2.499487554126290645e-01
2.574443923909192078e-01
1.527173657008148999e-01
-9.620228262270044683e-02
-1.588865841813570656e-01
-1.885923627605572972e-01
-9.107008499781422961e-02
4.414822599223164890e-01
9.916551245514582114e-01
1.466900502208874357e+00
1.782664793131345515e+00
1.810623130300272665e+00
1.794234166800068309e+00
1.797191632136633688e+00
1.768624125192244101e+00
1.764102329863893592e+00
1.799045259578210487e+00
1.979793007348906730e+00
2.397035833760011503e+00
2.525065596119815403e+00
2.557268333133578597e+00
2.606718728093868620e+00
2.635702718908291331e+00
2.620245999354628985e+00
2.571108744080693675e+00
2.542383613395271080e+00
2.525980279402156636e+00
2.527844664274873310e+00
2.562588747600045735e+00
2.586483815434410083e+00
2.686562011410731365e+00
2.735019226422276795e+00
2.745198999841713228e+00
4.747113079563090345e-03
-2.017859759139658399e-02
-9.991735298713716462e-02
-1.855129578612195185e-01
-2.713520531366112043e-01
-2.863834395074301153e-01
-2.669229823469918550e-01
-2.830469472953365262e-01
-2.798216907470748582e-01
-2.573362010464694261e-01
-2.519598513821103558e-01
-2.317993845279172904e-01
-2.170628938436787725e-01
-2.404373895650800119e-01
-3.534332559480506397e-01
-4.352680287085254340e-01
-4.396817901913622206e-01
-3.882215965516284673e-01
-3.252649799324400237e-01
-3.511492274398250735e-01
-4.771675736857072803e-01
-5.114906821608145027e-01
-5.101831659802641417e-01
-5.881948783239814293e-01
-7.984450416684598650e-01
-8.447448140575406494e-01
-8.653183179023875571e-01
-8.881230902263814730e-01
-8.731345945217477977e-01
-8.609083906964480892e-01
2.559023631152830547e-02
2.586585209820518524e-02
-3.399641184651164272e-01
-8.779945586676014546e-01
-1.290565292589367363e+00
-1.640717865112335971e+00
-1.805989080644875289e+00
-1.844100109862232939e+00
-1.911244144308062110e+00
-1.935009363108697089e+00
-1.914769618271970453e+00
-1.885850064034091833e+00
-1.907085527623479493e+00
-1.891235533856766793e+00
-1.999723299979114133e+00
-2.227311552955575813e+00
-2.225447285526922503e+00
-2.251571415085209971e+00
-2.319918523425426482e+00
-2.386712534270018171e+00
-2.410300316940501286e+00
-2.406094330328650166e+00
-2.411526950988264417e+00
-2.390897043244676112e+00
-2.388380615458812528e+00
-2.400784770919713207e+00
-2.401991356054588245e+00
-2.386960578206439365e+00
-2.342440771460302606e+00
-2.363264108808853514e+00
-2.242924965635572157e-02
-1.918667566858157231e-02
-4.513002097832741200e-02
-2.855897742239260281e-02
6.009473902668538425e-02
9.632277892486898474e-02
1.329986565955687261e-01
1.674217158829929275e-01
1.640366682684111510e-01
1.650238643949371586e-01
1.193242338926823604e-01
1.266537305060788099e-01
5.031847063641172735e-01
8.527968678373057942e-01
1.041588163003297485e+00
9.920622898582867055e-01
9.868609643865321468e-01
9.998126785863356014e-01
1.053448045464564053e+00
1.159422527814101711e+00
1.285642739030964599e+00
1.356061856534976906e+00
1.372970580648293248e+00
1.418146219723323886e+00
1.405073937815438434e+00
1.410532828229785762e+00
1.437736585837092962e+00
1.687883461172706490e+00
1.967858009253715235e+00
1.974395850809818276e+00
-7.473309925643718821e-02
-8.891086411755348695e-02
-5.936445291658262735e-02
-6.908760556457423097e-02
-5.691870523775630769e-02
-9.819711737725549117e-02
-1.207346128489988624e-01
-1.594635917377034140e-01
-1.352915650416850746e-01
1.866689101040905074e-01
4.160946714804019120e-01
4.232975052693743190e-01
4.469061477369753455e-01
5.112867848783724245e-01
5.533455817120532805e-01
5.258745634284622827e-01
4.807542829913371563e-01
4.460761631543641581e-01
3.817925786975202018e-01
3.868832847646990203e-01
3.763439589135679775e-01
4.033039564998318061e-01
4.127891488988076896e-01
3.918982286426111461e-01
3.790370852275335989e-01
3.835032394116299481e-01
3.525420868459740453e-01
-3.540283162863977484e-02
-5.242527121813478352e-01
-9.586812833597730954e-01
-6.641979221496652208e-02
-3.750123809985631690e-02
-7.988157597305305113e-03
2.135238595072468798e-02
7.471940735594385583e-03
-2.895597248470078156e-01
-6.367619982832584125e-01
-6.803752450845609312e-01
-7.160993082561780687e-01
-7.460474801098292419e-01
-7.591222003298666587e-01
-7.367382574788075011e-01
-7.559793245430965758e-01
-1.076002119550774516e+00
-1.129463975683937749e+00
-1.127823478876631924e+00
-1.120952627812616953e+00
-1.118095379138586587e+00
-1.109186280046292827e+00
-1.114387711617778498e+00
-1.107453190737114346e+00
-1.102697150562876205e+00
-1.180652628666494230e+00
-1.223071845028418814e+00
-1.255801541812369804e+00
-1.221922319481901997e+00
-1.181080234483038671e+00
-1.113043207907653764e+00
-9.978614691853184837e-01
-9.890838688429127723e-01
-3.003394586751442514e-03
-4.503389976113679471e-03
-6.156424046896552538e-02
-1.437092270916079384e-01
-1.158983697210020092e-01
-1.253092177110085026e-01
-8.445367990246854806e-02
-6.147785678062514525e-02
-9.094080142406479883e-03
3.809410859040034958e-01
1.071055193739097966e+00
1.753656085548403798e+00
2.313344481288786003e+00
2.618774561579892524e+00
2.595155567812850173e+00
2.498160989774712792e+00
2.384872418707356001e+00
2.369861138542515011e+00
2.345494947470441183e+00
2.403779691787176542e+00
2.486729380909253884e+00
2.663289903868856445e+00
2.705990118951163481e+00
2.727617811582050855e+00
2.726104524323265554e+00
2.767169413454158899e+00
2.758662666946359643e+00
2.750782794698653611e+00
2.686880089530270688e+00
2.555489547073257040e+00
2.843854098968109922e-02
1.742744537884514111e-01
3.751815422855704907e-01
4.505710808583870408e-01
4.448819095001367296e-01
3.929871631101830576e-01
2.908316816951633799e-01
2.526231094599913352e-01
2.301320393914439155e-01
2.757237719515188701e-01
2.649152734204511805e-01
2.116661064835106687e-01
2.466710088305782145e-01
2.770206758570433747e-01
2.349971673617929357e-01
1.239150069348387700e-01
4.263303033474608039e-03
-7.345502628105035625e-02
-1.395059731200220254e-01
-6.309397485126129190e-01
-1.197979054825114131e+00
-1.356624478823347024e+00
-1.331841828142847239e+00
-1.313797149678339382e+00
-1.325359818973382842e+00
-1.370427017899641386e+00
-1.469393893260296124e+00
-1.553798282942396636e+00
-1.563405158421843577e+00
-1.684826783292175278e+00
-3.644975689370892336e-01
-4.173649331067310619e-01
-4.152051557899836820e-01
-4.441226414110608922e-01
-7.956841161724736988e-01
-1.052754958170732724e+00
-1.119074067259811844e+00
-1.191307504262832051e+00
-1.271324353120719008e+00
-1.284292442634690667e+00
-1.261695641544437363e+00
-1.275355395848877915e+00
-1.253438180799487656e+00
-1.246842303031520327e+00
-1.259613422119344905e+00
-1.284628664024515698e+00
-1.286315851803554233e+00
-1.330779032653718774e+00
-1.430385406207524079e+00
-1.472955516607106663e+00
-1.452262273759280964e+00
-1.418066872282655488e+00
-1.384416738295002558e+00
-1.382331973886776977e+00
-1.368125641440593565e+00
-1.368673489970383850e+00
-1.334682797866095116e+00
-1.268746970144639219e+00
-1.198170818557375394e+00
-1.188574262276492322e+00
9.713470117577721955e-03
-7.334037101434343411e-03
5.431100663933201983e-02
5.192322509132347996e-02
4.772590765635777860e-02
6.650468669215153783e-02
1.106127637011180415e-01
3.673616537840515561e-01
7.209329564948989688e-01
1.119668339258055756e+00
1.462752329117149586e+00
1.606141420655012642e+00
1.583502972347927473e+00
1.522362411664325066e+00
1.452425561886178107e+00
1.450089433794132132e+00
1.485586974460829435e+00
1.557007715701758110e+00
1.595705141993200238e+00
1.668154078768611104e+00
2.051447638103869764e+00
2.415151546887497780e+00
2.489385762520901046e+00
2.506560004190635738e+00
2.557030028989342618e+00
2.648200994372486239e+00
2.664924777686493496e+00
2.645215480076113401e+00
2.649530813058648793e+00
2.630405217016064778e+00
8.911036563921338749e-02
1.917374367173994010e-01
2.213554995673099324e-01
2.274235753398550774e-01
1.612920376674672474e-01
1.081306751608604455e-01
1.103544351363037190e-01
1.253611703612119710e-01
1.697778429652599952e-01
2.010584249431984216e-01
2.180623535140633618e-01
1.920239091018172140e-01
-1.662108132319992104e-02
-6.244682209124465672e-02
-1.595081826418193738e-01
-2.967902989099050481e-01
-3.946569611192319860e-01
-8.736243296072101483e-01
-1.438837208984159011e+00
-1.785739794035471339e+00
-1.777941275273784205e+00
-1.735054831626970717e+00
-1.728288268602961697e+00
-1.724838488621622812e+00
-1.755392857609191948e+00
-1.863507563069765061e+00
-2.400819060014543815e+00
-2.663857871811525779e+00
-2.702341312023403219e+00
-2.740823903562361608e+00
1.473571449877677034e-02
2.627532184579248892e-02
-9.859258280744312430e-03
-7.099451804903741947e-02
-1.099146992287595992e-01
-1.681570751309520995e-01
-1.434030913793363504e-01
-1.643877466110633401e-01
-2.271764737249979405e-01
-2.753516970559984345e-01
-3.138238015988737417e-01
-4.563927933695927086e-01
-6.746390314553493139e-01
-8.183610036821000744e-01
-8.219516739229668634e-01
-7.546005162336726357e-01
-6.553218896557836404e-01
-5.624166457927828322e-01
-4.797785426147120891e-01
-3.858658970693331636e-01
-3.665785608090775249e-01
-3.775403046131005080e-01
-3.572103946005599773e-01
-2.543333285977927294e-01
2.231157740101628040e-01
7.167641282570467176e-01
1.014350052609304997e+00
1.255316705103313168e+00
1.616016789551009580e+00
1.520118349231458055e+00
-2.049032535198017368e-01
-3.393968600819750048e-01
-3.946601936425016555e-01
-2.208117659519082676e-01
1.437537097132945973e-01
3.830736506473025882e-01
5.149246800864919482e-01
5.827788821184890500e-01
5.766762848013684550e-01
5.681436957500520801e-01
5.628338028213029087e-01
5.572345911819349684e-01
5.351815960625103674e-01
5.488757440488699624e-01
5.614718615206931718e-01
6.016262303646601195e-01
6.335067963071124852e-01
6.644861530729455623e-01
6.980929526771365579e-01
7.026159813177194069e-01
7.175135182979954784e-01
7.335147797049701435e-01
7.596718637292287912e-01
8.320051830153765149e-01
8.613164720125356943e-01
8.350505777187828826e-01
8.175333986524039309e-01
8.231668820274569143e-01
8.258169616120724088e-01
7.898575866648029908e-01
-1.989965824807568909e-02
-5.069236057187962580e-02
-5.276978015911888004e-02
-4.986358675373935012e-02
-4.019587037631279502e-02
-3.676955453510246524e-02
-9.204947300716220804e-04
1.972893127898411349e-03
-2.570002629882686129e-01
-4.297356928749035410e-01
-4.145630295854269010e-01
-3.415566687488472697e-01
-2.907034470108810220e-01
-4.577424810625491114e-01
-9.597638631614578975e-01
-1.528690773438643902e+00
-1.930266901014587644e+00
-2.201004858015502386e+00
-2.364137198039669929e+00
-2.378965643231673699e+00
-2.371824505528385973e+00
-2.397410163942937267e+00
-2.367472403222279365e+00
-2.374045688588649838e+00
-2.461010672996740034e+00
-2.738393848006912101e+00
-2.846496180917470920e+00
-2.907888282381713818e+00
-2.918301872016995979e+00
-2.907888769355997383e+00
-1.185766402923979848e-02
-5.446015419899820006e-03
2.315598025061096216e-02
8.967238455676193598e-02
8.118510253344501937e-02
2.525575285433882128e-02
-6.424469036022562030e-02
-1.339601332286148305e-01
-1.260251399694701235e-01
-6.589532022302858894e-02
4.352075934929700018e-04
5.554134147418550438e-02
4.813307035436265036e-02
4.585428572422716592e-02
3.779806778638939574e-02
1.160840218059313797e-02
1.161011909682917523e-03
3.365390976709223964e-02
3.580882701089622699e-01
9.584539656970868515e-01
1.412105743121840451e+00
1.774690907355620961e+00
2.058659964027940159e+00
2.174371299924498846e+00
2.177790028706084069e+00
2.203041039117053845e+00
2.202341120284487808e+00
2.267907444806092077e+00
2.280366001659273945e+00
2.300236984379377958e+00
4.523888001714684165e-02
8.385685340843176960e-02
1.388448605435598227e-01
1.553238757682669502e-01
1.551726063638314557e-01
1.884617394439781490e-01
2.421007765519213872e-01
2.748760078664754247e-01
2.723811541871957731e-01
2.250121351267131142e-01
2.338284242176396632e-01
2.518101730928624105e-01
2.766754718679420577e-01
2.401481740296375900e-01
2.040158379962550006e-01
1.823191459257782754e-01
1.590448039211608544e-01
1.058711966330042609e-01
3.196779950034615847e-02
-5.598867500466540859e-02
-4.570150383187285281e-01
-8.412504341404183350e-01
-7.829100133961715002e-01
-5.824188131007421720e-01
-3.182257183215174701e-01
-4.625443445711912016e-01
-9.728647289820473443e-01
-1.265644620875537640e+00
-1.323870249059005300e+00
-1.451852262121291703e+00
-1.200080695814460807e-01
-1.842282958824090211e-01
-2.149962744412799442e-01
-2.112066077023704025e-01
-3.200471147224751567e-01
-7.156203063529926744e-01
-1.001950380864234269e+00
-9.935514798298202832e-01
-9.929725836586069665e-01
-1.012769920377986521e+00
-1.032414152494870896e+00
-1.045038614365907614e+00
-1.050386613685267312e+00
-1.049551259102635470e+00
-1.125582910822528371e+00
-1.099911588583723177e+00
-1.101376829144663949e+00
-1.137297137942197667e+00
-1.246237018769171589e+00
-1.358064075817947192e+00
-1.437345404880935540e+00
-1.470105858113503805e+00
-1.497112474403458737e+00
-1.518710320731309960e+00
-1.533889971497162774e+00
-1.544528340512521636e+00
-1.490470167588588968e+00
-1.442552861945807674e+00
-1.387133859668630675e+00
-1.337051374299467854e+00
8.241662103510040416e-02
1.098262639788447348e-01
1.541560482852832870e-01
1.138769140389809947e-01
6.965635642295138485e-02
5.255307874051759476e-02
8.047687704106759599e-02
7.092694593045320572e-02
1.324495695792703986e-01
6.323278480952513325e-01
1.153341737308279047e+00
1.684131484434743697e+00
2.033207202324566421e+00
2.097242259584801261e+00
2.077897497061501397e+00
2.068251078849130842e+00
2.096111342515001752e+00
2.138584854820895664e+00
2.211298314267684084e+00
2.256121445876754006e+00
2.443009253965156002e+00
2.743106412194010968e+00
2.826456099618741558e+00
2.867974830467510117e+00
2.847267326423396749e+00
2.816691653614861401e+00
2.756743905651437565e+00
2.730608152213062745e+00
2.721649705068727609e+00
2.725438816263033193e+00
-6.616293259615339296e-03
-8.053744585733529221e-03
-2.663039759210677343e-02
-3.957987692094248194e-02
-2.542690271451614192e-02
-1.291381680029101905e-02
-3.156280460186942222e-02
-8.056423277626414969e-02
-5.218754517122137226e-01
-1.245773361923332434e+00
-1.646581064344517120e+00
-1.640926141403357352e+00
-1.620375234548234955e+00
-1.618481109446703092e+00
-1.622437035989405585e+00
-1.591587629158422335e+00
-1.601006622209623309e+00
-1.656401992417740443e+00
-1.728289778335949878e+00
-1.807332246226732719e+00
-1.812011409605463141e+00
-1.885685889514665314e+00
-2.348569273466972973e+00
-2.767476145224666340e+00
-2.898329482366995169e+00
-2.849807365126004743e+00
-2.792697109884631157e+00
-2.769955290179675345e+00
-2.887258581720888007e+00
-3.028127461503685058e+00
-3.050453364679560700e-02
-4.090521958880822401e-02
-4.585017355268642542e-02
-3.659935007619217334e-02
-2.920454902005857611e-02
-5.455098097964951320e-02
