-9.969307870957698769e-01
-1.625281267645897199e+00
-1.484711798519362747e+00
-1.187501338996955758e+00
-7.452336354771227356e-01
-4.352066313555181809e-01
-4.756573716652905404e-01
-5.103201867661673052e-01
-5.546092579431591840e-01
-6.755249004052291673e-01
-6.851295024812488199e-01
-6.183605536592681196e-01
-6.068349381021782563e-01
-6.088458488903525367e-01
-5.839848024796874260e-01
-5.869663662825608252e-01
-6.266984181621512162e-01
-6.365000061083062599e-01
-7.176471478618474675e-01
-7.927083278168483016e-01
-8.145100160999434458e-01
-7.657721284722089905e-01
-7.561383352284269943e-01
-6.949255052860180415e-01
-2.843150832657020954e-01
-3.817677853239515029e-01
-5.590542988664348734e-01
-5.669988782320779519e-01
-5.937733289482551857e-01
-6.283913867021986843e-02
3.382879474290907407e-01
9.204624687027656016e-01
1.225983992974686743e+00
1.334888059647902470e+00
1.315214600422131896e+00
1.266020047157372819e+00
1.236618763868977400e+00
1.216394654375478224e+00
1.464837216661562636e+00
1.448862599467071854e+00
1.405568105235493581e+00
1.373234394388404445e+00
1.367780111905649409e+00
1.345492960028781715e+00
1.351071362949497257e+00
1.359958859023906008e+00
1.345107795836926856e+00
1.287784410593013629e+00
1.223174450078821085e+00
1.198549358282244182e+00
1.211280510601540072e+00
1.143368236016469641e+00
9.201255697496516506e-01
7.091540187847473753e-01
4.990657582334164788e-01
3.835871080807648492e-01
2.175296359532128687e-01
-2.655814347006248965e-01
-3.609386566349832570e-01
-9.613165844899201895e-02
-1.656096583115486687e-01
-8.682298518778472363e-02
-1.355078688603315595e-01
-9.266856405707815103e-01
-1.619167253501372805e+00
-1.856110978480554730e+00
-1.917700591825766798e+00
-1.971644998415010619e+00
-2.072941712574413842e+00
-2.193153631864319220e+00
-2.249165706157122191e+00
-2.180469582748680413e+00
-2.055602874518863921e+00
-2.060543245497473919e+00
-2.619976116754249684e+00
-2.879944454737221271e+00
-2.905939520529480902e+00
-2.955487405265046164e+00
-3.006962021357228121e+00
-3.052255052253764145e+00
-3.057384507581676569e+00
-3.046246107902407463e+00
-2.983445355392581266e+00
-2.890327635322570643e+00
-2.817380223673034756e+00
-2.778179919110769447e+00
-2.704860044512916950e+00
-2.655572887331992149e+00
-2.630271557813195660e+00
4.868467913570514310e-02
1.425298948633588469e-01
2.483233128985778970e-01
3.184133661385777359e-01
3.892412029698436582e-01
4.960184436479361247e-01
5.599911910899153522e-01
5.463365051901964975e-01
5.225466331531072317e-01
5.211211752790918528e-01
5.193818165889485527e-01
4.817347596895336093e-01
4.132083272396306350e-01
2.746057241015886774e-01
2.002005939111213828e-01
2.228806786428538245e-01
2.448682270856273602e-01
3.128746784968725603e-01
9.282499184450413443e-01
1.582785999626835860e+00
2.064899203253715676e+00
2.140284988325014126e+00
2.156980885689697036e+00
2.188098783511875034e+00
2.264011110148802963e+00
2.762368171016918339e+00
3.103865887100826892e+00
3.075435744698144180e+00
3.049757731056449650e+00
3.040758659639988704e+00
5.349472003614709308e-03
2.144901119136664522e-02
2.658615105703615936e-02
6.251140162129477373e-02
1.301968527980597312e-01
1.872760612102953859e-01
3.276952582110218004e-01
5.572993888217786518e-01
5.684432755889364808e-01
5.833987535054583340e-01
6.373914398008414528e-01
6.594676136152587409e-01
6.691977433935173414e-01
6.286310512012517338e-01
5.926921630203088043e-01
5.681925204349493885e-01
4.777517316746405784e-01
3.813474306808538605e-01
3.292604145578789665e-01
3.321365377623062276e-01
3.614225870185853728e-01
3.960159915682064935e-01
4.670379648246872351e-01
4.702055687459047451e-01
4.958527654020421505e-01
4.938301129984949966e-01
4.869338416361016497e-01
4.755611924247318822e-01
4.706248846746996506e-01
4.864390396122303395e-01
-2.698918000400190031e-01
-1.191422839707403813e+00
-1.771281025494942707e+00
-1.778575807454932489e+00
-1.767172518725749431e+00
-1.753743798516361974e+00
-1.738933752539997935e+00
-1.792095738310838016e+00
-1.777631012602758798e+00
-1.776697374245005401e+00
-1.927279285891415839e+00
-2.563408485349811805e+00
-2.952016832508689070e+00
-2.879288415269708690e+00
-2.834643664306999433e+00
-2.838146957025461159e+00
-2.891176415423818646e+00
-2.960141933292576244e+00
-2.961339356301111003e+00
-2.975263081361086748e+00
-2.999688987461972101e+00
-2.974911629603179453e+00
-2.962477378756065427e+00
-2.904899287492808568e+00
-2.875186021679228432e+00
-2.846075702197380597e+00
-2.886993528591097924e+00
-2.945242629337225360e+00
-2.964574502364054176e+00
-2.973599359454197177e+00
-8.872302315480390389e-03
-1.898556211220999573e-02
2.091939965763522230e-03
3.473979486206996148e-02
5.494835524841745755e-02
9.382686071800329375e-02
1.736489452338373374e-01
1.681579759464543744e-01
1.094714458857839051e-01
3.388810116567303465e-03
-7.668869615796661265e-02
-7.176963327586945163e-02
-5.157718987937742749e-02
-1.632057093542124693e-03
5.242429909879747774e-02
1.668010602462283165e-01
8.789119112523545718e-01
1.556496686282025754e+00
2.128870697179371163e+00
2.382776565429288951e+00
2.364099352482730065e+00
2.354441371811446082e+00
2.337959735104238046e+00
2.329941298004645223e+00
2.319732262323504379e+00
2.300327353791359997e+00
2.590661162235612380e+00
2.879414143486008992e+00
2.882722567979829176e+00
2.874237784104292981e+00
-3.695000799637714051e-02
-9.183214431695232993e-02
-1.653165235703211722e-01
-1.861337366399086202e-01
-2.169216661078515185e-01
-2.584019627246560979e-01
-2.486547379169918859e-01
-2.247626507960235331e-01
-9.898754439404730543e-02
-6.467287488577774801e-02
-6.291568999623543823e-02
-9.057660394905794887e-02
-1.068573335347573344e-01
-1.545381659940672225e-01
-1.967453242790126455e-01
-1.894526159833977430e-01
-1.969526065546637339e-01
-1.770372009194348673e-01
-1.327398414042278429e-01
-8.531512550462919120e-02
-3.552576790752052377e-02
-5.094487990425562718e-03
1.981238955137307883e-02
1.624637361671402852e-03
-2.946260464722471051e-01
-9.914386269051826961e-01
-1.840552714039920268e+00
-2.565793231183561396e+00
-2.898861138312514907e+00
-2.891315603289652536e+00
2.168753760362136102e-02
4.304572515522610276e-02
9.287587888068393749e-02
1.141290386412855545e-01
1.002503380201300448e-01
9.004148636279293849e-02
8.973687912239360076e-02
5.845284747481409304e-02
7.946309699894255063e-02
3.419795494903746930e-02
-3.540904493257667762e-01
-3.885603107613304075e-01
-3.436613673684473236e-01
-3.213321840978500266e-01
-3.436936392201229151e-01
-3.596142212774880997e-01
-3.780160430166241148e-01
-3.862140237152325573e-01
-3.856297910076611490e-01
-3.571875531506661372e-01
-2.651627425088970424e-01
-6.764615924409655978e-02
1.674700847186792740e-02
5.136160343531884220e-02
5.818310520492576965e-02
5.963687017367504811e-02
3.281991220193202635e-02
1.046554560968803588e-02
-1.079313450492321719e-02
-2.951918474373495596e-02
1.481569718125661309e-02
4.161132149864167629e-02
8.892419582155498825e-02
1.164820668496740208e-01
1.209868304754733448e-01
1.260238737483004856e-01
1.566495698831521233e-01
1.104178222397755038e-01
2.962455233232612339e-02
-1.209109456720293407e-02
-2.088319858319008168e-02
-8.533941890619532733e-03
4.858041779693360318e-02
9.891552819491838955e-02
4.428968355979200910e-01
1.080030866022700708e+00
1.771854847167519953e+00
2.255754925484089846e+00
2.538874994305474253e+00
2.556086086368418275e+00
2.538364415368216775e+00
2.537174583934696415e+00
2.523673332756366960e+00
2.524603032952684512e+00
2.522102807616268816e+00
2.545825265311917551e+00
2.564317068255659748e+00
2.556252027717458297e+00
2.517621915450758419e+00
2.453272246140832280e+00
-1.704715030711977108e-02
1.764512437703992798e-01
2.858525916129639466e-01
3.152107104223226819e-01
3.517455410865657495e-01
4.026556167939684960e-01
4.518635792368719262e-01
4.441651199138836326e-01
4.527858325358737890e-01
4.905260154806659889e-01
4.928871332099124536e-01
4.262754676264265963e-01
3.786265382902318510e-01
3.104801845036016528e-01
2.943416160758213773e-01
2.694283763767272299e-01
2.477463296453379094e-01
2.249007364815148180e-01
2.153192687500370128e-01
2.314515508848574987e-01
2.665304690406081756e-01
2.852941293462786798e-01
2.955317773320940145e-01
2.958652500014010700e-01
3.140759188139560787e-01
3.269067630715962736e-01
3.278423826420722165e-01
3.736782165380834186e-01
3.485045175383155724e-01
-4.853168058572149279e-01
-8.248861096489541467e-01
-1.193662547853092448e+00
-1.181097993867524121e+00
-1.163468502317153819e+00
-1.163545915711527101e+00
-1.180278328766636964e+00
-1.173247143701833695e+00
-1.118266459297553528e+00
-1.110044696370012796e+00
-1.550830846675993913e+00
-2.082501683395518999e+00
-2.129493059495291885e+00
-2.121439722438709818e+00
-2.159093759326458972e+00
-2.396766463851781381e+00
-2.464391938446622188e+00
-2.476174643418755927e+00
-2.487319931848130050e+00
-2.477910906019931137e+00
-2.491632578422585897e+00
-2.486839340006516519e+00
-2.457639552641764258e+00
-2.435082733780429720e+00
-2.435388721926584843e+00
-2.432234019172287987e+00
-2.442050229420303697e+00
-2.475823865466489249e+00
-2.322775537440878058e+00
-2.261786419669449266e+00
-2.276923040651137153e+00
-1.173656385816762397e-02
-1.135786521319479339e-02
2.071595135748049640e-02
4.415434228933462490e-01
9.951504446432565265e-01
1.540355704258499880e+00
1.500007694009678705e+00
1.375458414312543010e+00
1.280065298083065350e+00
1.231280816317657623e+00
1.241805941318993689e+00
1.267114727297141030e+00
1.283594291646739549e+00
1.305244624585938373e+00
1.378046712797884821e+00
1.446707136797751314e+00
1.625933337365081721e+00
2.284705941638732973e+00
2.744515452952766221e+00
2.773942202442671423e+00
2.776250133587210733e+00
2.757879104201095277e+00
2.731601053305143800e+00
2.727978446368627186e+00
2.751222061745949965e+00
2.676078024872520889e+00
2.506513523629292362e+00
2.493774074674734553e+00
2.466496354098117294e+00
2.410901786838896665e+00
-8.060162401792411724e-02
-1.674665703824022023e-01
-1.940722865481453729e-01
-1.860187284502476668e-01
-1.292582765230281261e-01
-1.259279103239946407e-03
8.188961239393707792e-02
1.478089324219263312e-01
1.557379695791238361e-01
1.601129393566563253e-01
1.440967757053792930e-01
1.779361768547821632e-01
1.815137342574758561e-01
1.575551725713988105e-01
1.627090065505885641e-01
2.011744692982944394e-01
2.838049197373295196e-01
2.390719218276878277e-01
-4.450218764603380284e-01
-1.210017120474885299e+00
-1.682399008364652060e+00
-1.662552650212339111e+00
-1.693672937902168441e+00
-1.725488813135827471e+00
-1.777437983912312225e+00
-1.761179217847552936e+00
-1.740369305963693769e+00
-1.717179466865223159e+00
-1.651717810228333860e+00
-1.742210819540131572e+00
-4.154181351453092863e-01
-4.586249888828814458e-01
-3.855062821729012823e-01
-3.549688373445901157e-01
-3.954857761318792408e-01
-6.962582624774891205e-01
-1.125508007497566965e+00
-1.174537899190280177e+00
-1.144681024497157251e+00
-1.103130533855480655e+00
-1.059039987536634309e+00
-1.033692151931061565e+00
-9.580027115330342902e-01
-8.513032336253041343e-01
-7.087432928844071833e-01
-4.798896233692681035e-01
-1.121971602007525992e-01
5.104358242868622941e-01
9.187446872082822846e-01
9.848329710870011855e-01
1.030389354476808572e+00
1.146513865788949760e+00
1.111806265259981163e+00
9.735068936217587954e-01
8.837935226658812926e-01
8.034109743433092143e-01
7.102108922789787115e-01
6.527792662595969242e-01
5.967804261183674575e-01
5.208438307432188275e-01
-6.810149738644147299e-02
-1.393521728891187472e-01
-1.910816490382395705e-01
-2.017624657475400318e-01
-2.369992268365821719e-01
-2.710636371286654356e-01
-2.504799047010461965e-01
-2.854901894644181759e-01
-2.652307638880020413e-01
-2.713735588656880360e-01
-1.474226485121238883e-01
6.042830817958326772e-01
1.328558012392346388e+00
1.862413256340486711e+00
2.228184163471626622e+00
2.239676464204924500e+00
2.234345482127464422e+00
2.249948819133578581e+00
2.228461402360359056e+00
2.466639685539322002e+00
2.626647437555420517e+00
2.659061206033412894e+00
2.645422894555600646e+00
2.637782984233322470e+00
2.615994003832989634e+00
2.615537327638723930e+00
2.604509174979011465e+00
2.602320183380833374e+00
2.640527202536590679e+00
2.699047627570762664e+00
1.198008511892906768e-02
-2.149859761120104240e-02
-6.323652274490601521e-02
-1.244008229562933859e-01
-1.536180417628351114e-01
-1.753384450127287442e-01
-1.902365725044422584e-01
-1.953058743130409169e-01
-2.120731713584704248e-01
-2.308214820243831844e-01
-2.187238950437137008e-01
-2.145982734481749754e-01
-2.030302800817809783e-01
-2.130462050171366695e-01
-2.304869219717242679e-01
-2.643573090269643044e-01
-2.809460641425694516e-01
-2.848493633556020699e-01
-2.546802607173309085e-01
-2.531623019901684257e-01
-2.545278107102590393e-01
-2.568971039749996521e-01
-2.387461587335403257e-01
-2.151931557441481013e-01
-2.327303446143029475e-01
-2.650607607425364276e-01
-3.268820569851346725e-01
-3.311364785124237264e-01
-3.286152945943300319e-01
-5.582522868576471620e-01
-7.192114376303536671e-01
-1.559777795531712474e+00
-2.224524318551202917e+00
-2.550360782617194566e+00
-2.524809391184741791e+00
-2.505586792761213655e+00
-2.498335056122010567e+00
-2.536926735755580253e+00
-2.548746406407691456e+00
-2.558657297398878150e+00
-2.582280322987723586e+00
-2.936987943820251967e+00
-3.154688692426898644e+00
-3.131005948226916136e+00
-3.124837600874947885e+00
-3.107413897286331217e+00
-3.128902229977921223e+00
-3.141740042928975019e+00
-3.151160191267760702e+00
-3.191907719342470529e+00
-3.184941861592845314e+00
-3.129997094799343405e+00
-3.104349439602807958e+00
-3.090505513026780893e+00
-3.054402452514623612e+00
-3.015319056335144854e+00
-2.961811290364527061e+00
-2.983644681877125393e+00
-3.011019708928450278e+00
-3.025546088256599653e+00
-3.262740362265054150e-02
-3.899556174166698280e-02
-5.407824999710207636e-02
-3.199115630674289473e-02
-7.415552677735023218e-03
8.829149711021996166e-03
5.973905635033167905e-02
8.113396814476472874e-02
1.398748100633796787e-01
1.306917877395830374e-01
1.600174804997531453e-01
1.684958708662225024e-01
1.867892542612989426e-01
1.765848347358492665e-01
1.626230981816782495e-01
1.205459690282200819e-01
9.734136739158155693e-02
9.339858881480479769e-02
1.242519232642688709e-01
1.465799134381928492e-01
1.307915018849069022e-01
1.143900982594174276e-01
1.078869523458524660e-01
9.202850389494338090e-02
1.837840821619519116e-01
7.064142490666081020e-01
1.451264468199905622e+00
2.067907062204610735e+00
2.602364736023744740e+00
2.953937165234234108e+00
9.944775581941571463e-02
9.917912748507616560e-02
1.066571192019190595e-01
9.224157187371480326e-02
4.202874462266929789e-02
7.242900346203626216e-02
3.455031659859421067e-01
3.524208156230855260e-01
3.357459041031760072e-01
3.472596856343488914e-01
3.793508934408472699e-01
4.119037048176746874e-01
4.124093398763231111e-01
3.883353399412879936e-01
4.137705422766019270e-01
3.599287943832615300e-01
3.404144425511415051e-01
3.403729938172684877e-01
3.553233726183986363e-01
3.659144467100153286e-01
3.696962639633688541e-01
3.656030003518342952e-01
3.505845856657537896e-01
3.856546920939643575e-01
3.864840152169459753e-01
3.738520368651216952e-01
3.511583367195458827e-01
2.696248365859549856e-01
2.844885175563384161e-01
3.129369971931489913e-01
1.375875431548323480e-02
-7.525468672507119872e-05
-2.976435235694764314e-01
-3.104150529526988889e-01
-4.730780117752035885e-01
-5.085872005452651834e-01
-4.863237170153258959e-01
-5.065388845055491807e-01
-5.152113048605138079e-01
-7.395221823237443370e-01
-1.424437693658294091e+00
-2.064707618631798969e+00
-2.589699152209492983e+00
-2.882647304014209322e+00
-3.139542357481594159e+00
-3.291267851834234648e+00
-3.336250447887070703e+00
-3.339861029762975608e+00
-3.362876388478710954e+00
-3.411638852110381759e+00
-3.432719092748210965e+00
-3.423855749858109920e+00
-3.369340543267827837e+00
-3.327839345159915307e+00
-3.289028921332574740e+00
-3.283775760844096503e+00
-3.230887084210499527e+00
-3.198998067516913402e+00
-3.200090116496355552e+00
-3.187482069109404126e+00
1.912689668218997205e-02
1.402607354929063799e-01
1.433381477195922737e-01
1.562039495180334303e-01
1.080644031545818923e-01
3.406835646925497618e-02
-6.788012852377971196e-02
-9.824787263520751157e-02
4.523731383117244320e-01
1.123478141283715814e+00
1.724337856911548617e+00
2.145520232148597994e+00
2.446816764864382598e+00
2.429198390372179883e+00
2.496852471124590966e+00
2.570154626890667870e+00
2.559876875992089573e+00
2.303901323897195486e+00
2.127112458194142519e+00
2.132825478914254003e+00
2.134149197812127863e+00
2.134589804138034896e+00
2.128002076489799776e+00
2.115865661613322235e+00
2.219263363505795894e+00
2.261880438980846453e+00
2.259815600239752698e+00
2.241631500499760232e+00
2.208541263098082297e+00
2.206970082168546288e+00
1.271580577138755989e-02
5.503754454124219070e-02
8.292749669658376621e-02
1.460235635065431636e-01
1.569961424566850838e-01
1.506686747123998360e-01
1.238212286886728603e-01
1.059101708721371521e-01
8.218523970742513951e-02
6.399875672928784232e-02
4.152991048629274540e-02
5.765293127252805322e-02
6.207852141742589008e-02
3.615523606716054134e-02
-9.356536878544804980e-03
-3.602337006884338833e-02
-5.863217671941891446e-02
-6.594196953427985952e-02
-6.921271353852759267e-02
-4.074158684743971887e-02
3.571692808782988421e-02
1.108335255347574488e-01
1.934011217207011746e-01
3.259376439090690969e-01
4.270503566222663139e-01
4.669464356836613983e-01
4.761451116084180479e-01
4.663698129277901727e-01
4.492606635440557494e-01
4.425708466471638403e-01
4.098248601198760388e-02
1.210904490299400810e-01
2.171215340444983544e-01
3.364570414485892891e-01
4.564466969573234834e-01
2.829158733325224384e-01
-7.659361168405315334e-01
-1.565443931986993720e+00
-2.131036935336753757e+00
-2.502066423906956327e+00
-2.640465233530955302e+00
-2.657280530584446687e+00
-2.680846418478629367e+00
-2.686153723069756083e+00
-2.771803124661331719e+00
-2.720657283835435258e+00
-2.757403995567524024e+00
-2.812040806547895677e+00
-2.930387099828444697e+00
-3.084158163708355715e+00
-3.140499168792195928e+00
-3.153935193371201429e+00
-3.162091662001541792e+00
-3.142493301899240254e+00
-3.125079229090690802e+00
-3.055812835355030899e+00
-3.009415148564567044e+00
-3.012907296490310305e+00
-3.022134014058793117e+00
-3.054131169250848821e+00
-1.003860092052561402e-02
6.832121394403212200e-02
1.156743601096694996e-01
1.744743399355247193e-01
2.366505623140158221e-01
2.385384059990283134e-01
2.287285604499884051e-01
2.176413503669134830e-01
2.262871985055887047e-01
4.860088835061986412e-01
1.168607322634499290e+00
1.849827401841324326e+00
2.036701748659466737e+00
1.982542352174523126e+00
2.021472546023977745e+00
2.092013071283034265e+00
2.080433864675342193e+00
2.032826392897652656e+00
1.966634374738167379e+00
1.892010215560924635e+00
1.872124258777109418e+00
2.060648319181866750e+00
2.423930290834892087e+00
2.432626274890102636e+00
2.395540896857610846e+00
2.423355894461792559e+00
2.776091653198134779e+00
3.045411771821724400e+00
3.105953897545522313e+00
3.124961216063070424e+00
-4.915382378545092232e-03
-7.149883893619352060e-02
-1.146201676689217464e-01
-1.063943838781407636e-01
-9.213201574742535538e-02
-8.595863890210812819e-02
-8.404177612287268284e-02
-5.123882966051403198e-02
-3.716100683040924474e-02
-1.368371917638768615e-02
-1.354646027389047602e-01
-2.170490393805193652e-01
-2.092310595127964690e-01
-2.375726393822946980e-01
-2.623597555644985313e-01
-2.510535863266931678e-01
-2.173247805610909189e-01
-1.704121766186497688e-01
-7.658577773283950507e-02
4.521560373436296631e-02
1.147674497227651053e-01
-2.620250381298754039e-02
-7.244942163611378660e-02
-1.245873383727660044e-01
-2.068959800808883864e-01
-2.328705274093252064e-01
-5.385011630804488192e-01
-1.269665541927684327e+00
-1.512109027964839481e+00
-1.492830553905119206e+00
3.998185335896034531e-02
3.692859656515787986e-02
-1.431010773467682184e-01
-7.060266607268597117e-01
-9.134899172807804391e-01
-9.586710131567137694e-01
-9.612822146137538493e-01
-9.942625279847602249e-01
-1.032380237543761847e+00
-1.232543957527172607e+00
-1.508821343144961968e+00
-1.510064724481673393e+00
-1.461352684678142388e+00
-1.452504710875140326e+00
-1.501132734695811655e+00
-1.542985154692164018e+00
-1.591587286530683043e+00
-1.635303087008988854e+00
-1.642710695750088545e+00
-1.592022096046515456e+00
-1.534706396141029217e+00
-1.483249638210659249e+00
-1.449534171479694988e+00
-1.404759717738397029e+00
-1.440135451741379802e+00
-1.467487383470256868e+00
-1.502882340682459628e+00
-1.542058243942338036e+00
-1.555870841239630264e+00
-1.599282072751046169e+00
-3.717269279531363463e-02
-9.561497780341851604e-02
-9.095273769970095568e-02
-7.571609811058024886e-02
-9.900174632445760126e-03
4.368812907038385762e-02
7.192630372116985693e-02
-8.759819951791439352e-03
-1.091306476096738087e-01
-1.453504481457296715e-01
2.738167132588839037e-01
8.823131497755754005e-01
1.353257363917047318e+00
1.765057016986629534e+00
2.021475991716574772e+00
2.184694381107108452e+00
2.225441973185537936e+00
2.253991284270150608e+00
2.271398466744400046e+00
2.498879060676532315e+00
2.929428512945356111e+00
3.098049799239008806e+00
3.229011423983328299e+00
3.348731002497490561e+00
3.499681199052303349e+00
3.651132363959491478e+00
3.784602783246812763e+00
3.837759547621469647e+00
3.934480041027813790e+00
3.919540509649118043e+00
-1.236379887156911911e-01
-2.409832849967854518e-01
-3.232571569807617951e-01
-4.609170373210427774e-01
-5.328943153298995039e-01
-5.805742927541888143e-01
-6.054880632238971438e-01
-5.932591633380512874e-01
-5.825282836859743130e-01
-5.658924632151647316e-01
-5.501206991558665882e-01
-5.503326862369182226e-01
-5.553706567329430577e-01
-5.988957444551517018e-01
-5.672231969091614534e-01
-5.741210769604292441e-01
-5.718729310817427525e-01
-5.504455790753809419e-01
-5.073584702904088140e-01
-5.206258863793530312e-01
-6.428908614968769086e-01
-7.479916511800541734e-01
-8.308040110456292870e-01
-8.704407272432602705e-01
-8.710861645524384800e-01
-9.491762551535167791e-01
-9.594730342879156382e-01
-8.111662825094030360e-01
-6.359275294940073264e-01
-5.161612358828588931e-01
4.620730567431222124e-02
6.835091416666558284e-02
4.283711165160648815e-02
-2.942682526249991160e-01
-1.053802189689403868e+00
-1.741385012836588864e+00
-2.227352963228697469e+00
-2.428767001851770413e+00
-2.451727920670715655e+00
-2.342518541693877854e+00
-2.306397581926067364e+00
-2.336967181670787319e+00
-2.432285599929593811e+00
-2.515287851331090785e+00
-2.583568485533906944e+00
-2.587433514501340959e+00
-2.577294909584333382e+00
-2.609759067994781301e+00
-2.686003065047191551e+00
-2.606088213475965087e+00
-2.566118303951784529e+00
-2.542434064783517744e+00
-2.536608597631225592e+00
-2.560256411447285885e+00
-2.592327511755701863e+00
-2.584090915236178176e+00
-2.456889757036212707e+00
-2.414059947171031340e+00
-2.373896788365829291e+00
-2.199931408051529313e+00
3.154326237908963160e-01
3.801405805918538494e-01
3.879224564759909399e-01
3.732970877737701310e-01
2.785718613343544092e-01
7.763830204255275924e-02
-3.339997833855379294e-02
-4.354302921610425647e-02
-4.362097263434416838e-02
1.463231210849742780e-03
6.456180993397420131e-02
9.590002396439906152e-02
9.322180247796303665e-02
9.741817033188358843e-02
7.494143219426468994e-02
-1.290443296037088738e-02
-1.072973234068181347e-01
-1.269478090645929369e-01
-5.873145510907831768e-02
5.352320563665792508e-02
1.404677756393371557e-01
1.244424271671880355e-01
3.780446545447084805e-01
6.965887468343123778e-01
1.087258773063253248e+00
1.398119716458855688e+00
1.518524406972245000e+00
1.566837114838177447e+00
1.571349749649601835e+00
1.579761713302233250e+00
2.960369104328552936e-02
6.258769081996817807e-02
3.577664880487770038e-02
-2.980699729386991625e-02
-8.788267869488569639e-02
-1.393753025694894343e-01
-1.846835503662727085e-01
-2.723978182313785412e-01
-3.490013788747720058e-01
-3.451633237197926918e-01
-4.016374810659388839e-01
-4.373887122123554239e-01
-4.478610691019780377e-01
-4.342131571833078296e-01
-4.414607395415861002e-01
-4.867462989335980539e-01
-5.099252984454992754e-01
-5.075305426097264094e-01
-4.970559489017667421e-01
-4.770150345466059871e-01
-4.520029634130400265e-01
-4.806725810441737079e-01
-5.130966978790375554e-01
-5.200946876511287620e-01
-5.624150307443955832e-01
-5.766856540554067267e-01
-5.896638742648706577e-01
-6.502108217796086498e-01
-6.487636005771231229e-01
-7.016358633199563100e-01
-9.365311809203206994e-02
-9.373334534837504672e-02
-1.045822468767387131e-01
-7.326241737626025541e-02
-7.358318319475397329e-02
-1.639675364344351377e-02
8.971664052560673897e-02
9.254417731195345442e-02
1.024785684526030999e-01
-9.138818666376669064e-01
-9.124168528568727954e-01
-1.932759067790662755e+00
-2.186804544762465774e+00
-2.188351243899466780e+00
-2.075369377501018242e+00
-2.038488135362068743e+00
-2.037663994351340158e+00
-2.292969523191514813e+00
-2.864767050660639303e+00
-2.865444557537025094e+00
-3.136325913524687703e+00
-3.151258857991445783e+00
-3.150433136958827873e+00
-3.102804208050157886e+00
-3.026052983323369361e+00
-2.904272583812444353e+00
-2.827379881559482833e+00
-2.822385328335330179e+00
-2.913459020365938290e+00
-2.989789750267749735e+00
-5.737324778937228503e-02
-1.129158241213324698e-01
-2.004347528494552777e-01
-2.552149938214946512e-01
-1.854235788042153665e-01
-9.352432030823221165e-02
-3.597312975012006975e-03
8.357050222155532060e-02
2.192792009015751276e-01
3.452285763022611143e-01
4.439560052106931720e-01
5.407376914303368975e-01
5.931890837925604121e-01
6.328494638747582668e-01
5.657296882671931648e-01
4.405801712127108694e-01
3.411046017439564593e-01
3.773195999409645340e-01
4.632935147815755994e-01
4.798178111112131328e-01
5.240029420967099449e-01
9.273392619072509113e-01
1.629716712880713736e+00
2.323542827884327533e+00
2.847335075894120493e+00
2.989374587624184620e+00
3.041921364055268029e+00
3.090240728669403580e+00
3.119174756353460864e+00
3.168042781943906316e+00
1.821648705511978023e-02
2.898084514291578984e-01
2.831680351826812436e-01
2.436867694302404241e-01
2.279276930369160681e-01
2.302106068925303117e-01
2.633452703809355810e-01
3.232638298941946653e-01
3.607762127543153730e-01
4.039353532230498534e-01
4.403194789043820556e-01
4.287622080013757664e-01
4.490786335457216949e-01
4.590742566870377184e-01
4.678813778895190012e-01
4.721300160822428649e-01
4.369632344679385549e-01
3.810095078698428894e-01
9.776873061196295067e-02
-2.580701062509448418e-01
-3.840742592272908817e-01
-3.704007240064410289e-01
-3.942692698623213587e-01
-4.317930396642300495e-01
-5.951678536956350740e-01
-6.652626179538662088e-01
-6.486752719829477210e-01
-5.372928442506885727e-01
-4.476684001287329906e-01
-4.192820751533933854e-01
1.480193271544405845e-02
3.274652023610079288e-02
4.329621042465138514e-02
3.521915314356004190e-02
-1.946540579850671027e-03
1.522756650580222096e-02
-8.764275727075453853e-03
-6.779421829531979693e-01
-1.428898531101902680e+00
-1.982628792196301504e+00
-2.495877510847892555e+00
-2.861135630425276410e+00
-3.145544099159147677e+00
-3.220830731542235092e+00
-3.251795423697010357e+00
-3.322718414370641860e+00
-3.391825759561776010e+00
-3.412341643640659505e+00
-3.435372873461916221e+00
-3.427797619870601942e+00
-3.475661426893775552e+00
-3.369796908288473780e+00
-3.309409280230603656e+00
-3.273384575522144235e+00
-3.271394592785890953e+00
-3.329057069615214637e+00
-3.422168512218068503e+00
-3.467958237747307049e+00
-3.463929361062175083e+00
-3.441114224252363130e+00
-9.416702571490295076e-03
-2.538258912015842542e-02
9.472575383819504397e-03
4.366923796073685082e-02
4.962925207265928701e-02
5.212607902644344343e-02
2.830282362309324840e-03
-4.048406305337761205e-03
-2.175285262498746069e-02
-2.490879475067863877e-02
-2.456237841291674523e-02
-1.225551517000333934e-02
5.787360388501289199e-01
1.431679708671723006e+00
2.194643003087875410e+00
2.783189147599422153e+00
3.186319050537980146e+00
3.389580893149530372e+00
3.353670569202380491e+00
3.303010413710675941e+00
3.256572054532495653e+00
3.279378204019996801e+00
3.294287547450702736e+00
3.341873745121311412e+00
3.359988571632592347e+00
3.400377518804936550e+00
3.424941595146312689e+00
3.548634849013988291e+00
3.529019793153901130e+00
3.513778978256922425e+00
-1.175423553772030581e-02
-1.312589042695748616e-02
-3.689551654990563118e-02
-4.633823258395197014e-02
-3.932380590179716806e-02
7.352439053424468518e-03
6.382405631896456016e-03
2.591884063240456129e-02
1.569923435981924326e-02
3.943675074035233458e-03
1.501905675852475627e-02
2.194271562892561450e-02
3.631180148573372179e-02
1.746340940473384978e-02
-1.469827342372340140e-02
-2.465625518663152466e-02
-2.365837453441463345e-02
-2.656351010904881710e-02
-3.857532602621408652e-02
-4.806052267531341071e-02
-5.865020640820030329e-02
-6.008189440801030984e-02
-5.741924678215630518e-02
-5.492923414008011457e-02
-4.935024683806123885e-02
-1.522906271476233975e-01
-5.117604124263991361e-01
-1.090984260458117472e+00
-1.616488505245864626e+00
-2.004383468470601226e+00
-2.751213923912826376e-01
-4.111202246736503918e-01
-4.039168968296329987e-01
-5.862919557605317245e-01
-9.190393062940536151e-01
-9.222690676239279073e-01
-9.914778437492532959e-01
-1.054434476813479682e+00
-1.097348571082175095e+00
-1.131742401246906393e+00
-1.321296159205914034e+00
-1.350153388233823026e+00
-1.347778553596005402e+00
-1.332198826279952897e+00
-1.293062499599765047e+00
-1.260307882410247160e+00
-1.272591023335972960e+00
-1.300443791809224869e+00
-1.324854213465275210e+00
-1.357573747600884007e+00
-1.342256825670218534e+00
-1.370631707567961266e+00
-1.383917260340914224e+00
-1.417078415357583276e+00
-1.427748428245260826e+00
-1.369382769435486535e+00
-1.247850188350464018e+00
-1.266477226858967686e+00
-1.317108154195720138e+00
-1.342797391934961837e+00
1.622192675295987480e-03
1.269533590258993816e-01
9.079792143938489324e-02
8.004282047898798880e-02
1.746695998153055540e-01
2.812173315735378987e-01
3.384600486384445883e-01
3.306471618567018989e-01
3.466599236112015148e-01
3.659601613519404828e-01
3.538832829395236468e-01
3.643669658797590305e-01
1.046154956526619495e+00
1.730094298986666779e+00
2.274469273952541393e+00
2.605728071056939932e+00
2.617922072991763827e+00
2.661697503361057482e+00
2.714626605774430601e+00
2.713341929016450660e+00
2.826495464402648317e+00
2.901321858689501987e+00
2.896256651435009211e+00
2.892381540916979965e+00
2.912591406388906456e+00
2.926906114375578571e+00
2.955551399871910956e+00
3.003547656145590938e+00
3.042795273402458367e+00
3.079617998433987314e+00
2.942503195886187611e-02
1.777843859199792348e-03
-4.164324384511075561e-02
-8.197080886396954091e-02
-1.036012043331394905e-01
-1.144097154262769117e-01
-1.308107652792583064e-01
-1.551437606517107881e-01
-2.704706930948915233e-01
-2.341408712177723284e-01
-1.872482501428666957e-01
-1.695155128910435793e-01
-1.968915835501815204e-01
-2.286084946911486893e-01
-2.818607095010975394e-01
-8.971212527693203098e-01
-1.566883472289688051e+00
-1.972865711670939159e+00
-2.120431879232239414e+00
-2.340861236388529054e+00
-2.461093515115361896e+00
-2.427464368547007645e+00
-2.391605198084905570e+00
-2.434899020382818247e+00
-2.462393702151068897e+00
-2.843709535617787498e+00
-3.239646784264046619e+00
-3.387914473836104445e+00
-3.436753155657509495e+00
-3.384964836760909979e+00
6.660415919205994739e-02
1.090423146066114429e-01
1.244412247320625942e-01
5.982648453456923532e-02
-3.226650935572923651e-02
-5.994912606698410418e-02
-6.286697703923335712e-02
-9.428320464238107435e-02
-1.064987574421392136e-01
-1.168171896924159875e-01
-7.112237103965803053e-02
1.967105605540783730e-02
4.215009687267154415e-02
4.579913699589394788e-02
-1.581766066812668320e-02
-4.561060173134545009e-02
-7.560462824751019995e-02
-9.718208587432855539e-02
-1.350774903262735027e-01
-1.380064319831531272e-01
-1.657875938278294548e-01
-1.786814548620540843e-01
-1.753597752119077924e-01
-1.490952381514381031e-01
-1.375888489825723149e-01
-1.579282120559839242e-01
-1.808776368560073844e-01
-2.418138343509179666e-01
-2.526297252351494271e-01
-2.491337369500739862e-01
6.357199407392780111e-03
1.879712190232931540e-02
2.226426131576022399e-02
1.862289905949544855e-02
7.400663931817146046e-03
1.000154160196867204e-01
5.268115487514015705e-01
1.251412444722228123e+00
1.890619069441982436e+00
2.430845328056238319e+00
2.639396769575634405e+00
2.632626384972044598e+00
2.667115625266325729e+00
2.688286684405107874e+00
2.700928329202799016e+00
2.727535284941056570e+00
2.773548272786309443e+00
2.760995126231910124e+00
2.718735935844215135e+00
2.706628055474321837e+00
2.930548734458363835e+00
3.047347975345893190e+00
3.080644859538215652e+00
3.114007151375680404e+00
3.139860465524181077e+00
3.211153822883826781e+00
3.225377055121410041e+00
3.259121091109608237e+00
3.255455133661477429e+00
3.216078934198213002e+00
-4.812985055595652567e-02
-5.011053245064035072e-02
-3.622359914189988983e-02
-1.226146263021931151e-02
-2.046982578089322213e-03
4.260935755964032068e-02
8.923429245664843412e-02
1.146991834251493425e-01
1.383883828525524773e-01
1.584438437321826210e-01
1.385950795188786167e-01
8.814032194492088523e-02
4.650761097026238217e-02
2.741118231678496206e-02
3.565707066351224419e-02
2.364697832376540243e-02
2.804608398945334508e-02
6.113072344000847202e-02
8.575279984275055445e-02
1.000269302355790563e-01
9.165000303286910399e-02
9.479532236160266578e-02
-1.269961947813612047e-01
-4.460398500001565569e-01
-4.896111992286334980e-01
-4.838328760271873863e-01
-4.933869703524360606e-01
-5.906297593900233789e-01
-1.369628360576285342e+00
-1.810750566449296661e+00
1.254429959261603575e-03
2.119477476083833287e-02
2.868469968689935784e-02
9.975414088630486786e-03
4.809002864326479901e-03
-2.093149112216470369e-03
-2.582020515606377464e-01
-8.636246067670014792e-01
-1.234348510100764740e+00
-1.339821892466567466e+00
-1.341565119372183368e+00
-1.302642819558921472e+00
-1.284100446613877233e+00
-1.276789054904593268e+00
-1.241493990427040339e+00
-1.257121002182002734e+00
-1.332454108261011738e+00
-1.410230620203274832e+00
-1.422340017481526830e+00
-1.423565036887806334e+00
-1.425458793116610945e+00
-1.413515834832821616e+00
-1.422746277207288745e+00
-1.440688117607519247e+00
-1.424378736214392704e+00
-1.309534617903873599e+00
-1.296232792673817746e+00
-1.302896924522000122e+00
-1.368816431405050160e+00
-1.003642626433131291e+00
6.565912183198628904e-01
8.574543114817930745e-01
8.793952185719488002e-01
8.684593777088208677e-01
8.819745839694617118e-01
8.934525727203951329e-01
9.492924897473136170e-01
1.369379664326217494e+00
1.376996277633605326e+00
1.345471597516653128e+00
1.333705271509688872e+00
1.347712076624142608e+00
1.508076388564820958e+00
2.124348851287896522e+00
2.538681354378179211e+00
2.582865328304910779e+00
2.605457677479799727e+00
2.637558240923825625e+00
2.616161672905201296e+00
2.566919461324239649e+00
2.503755520153269742e+00
2.456391698403087798e+00
2.447892190733786499e+00
2.465186562950528515e+00
2.472814854893376157e+00
2.508649475293049935e+00
2.573405384382298156e+00
2.705546388187565654e+00
2.725186492207124722e+00
2.710303939342949331e+00
-3.314780335994226695e-02
-6.902968851969787378e-02
-1.615141467823276167e-01
-1.967936066687707153e-01
-2.723689755403864154e-01
-3.186972493515667915e-01
-3.981790808992041741e-01
-4.196408153702193000e-01
-4.067781486151691439e-01
-3.686525142888397721e-01
-3.174219332925579118e-01
-3.005494205488846160e-01
-3.183730104635528191e-01
-3.315015093692160186e-01
-2.780011904795641198e-01
-1.325817776003328230e-01
5.943844284588067906e-02
2.080847973400279938e-01
2.613748819423225567e-01
2.813002129160337983e-01
1.855987879799189111e-01
-7.334363165604640411e-02
-4.350439653538170637e-01
-8.648232688380451672e-01
-1.328781137910717947e+00
-1.840812598284937707e+00
-2.397113030911701248e+00
-2.936894144459720746e+00
-3.379591515967435456e+00
-3.743989174138862008e+00
-2.808394531838231956e-01
-5.065352549423256523e-01
-6.806987608319841065e-01
-8.391984764199929003e-01
-8.531094511361106969e-01
-7.542086326408298236e-01
-7.563277326480810636e-01
-8.589377250657377338e-01
-1.970858698124471564e+00
-2.837798150575119305e+00
-2.946067627908146580e+00
-2.757818008941335552e+00
-2.638613447376296772e+00
-2.504878565632421061e+00
-2.449511773764257772e+00
-2.447740451875735967e+00
-3.227484818103360631e+00
-3.269063673878139564e+00
-3.261336605482461071e+00
-3.297075638087848759e+00
-3.338057278682800444e+00
-3.432147703699977459e+00
-3.480339921100297218e+00
-3.493630966821010375e+00
-3.472198458274874167e+00
-3.712465154528495237e+00
-3.748315017977692953e+00
-3.694429800230883743e+00
-3.675016850638257448e+00
-3.655110860002012796e+00
3.721778772922367667e-02
1.297921004530069311e-01
2.249687223692863614e-01
2.723301812841910086e-01
3.059082953514345449e-01
3.798282847839530296e-01
4.431406344828245358e-01
4.973028222548438460e-01
5.253493199919535561e-01
4.837184388405487701e-01
4.924560980339864891e-01
5.131702407435044799e-01
8.125259129857063112e-01
1.705619981309004274e+00
2.537257802094036840e+00
3.319710131698903943e+00
3.766524184656837360e+00
3.785772614049897289e+00
3.809109367853133143e+00
3.831936117867425828e+00
3.837072848595352248e+00
3.863054879556194976e+00
3.899203757617360377e+00
3.929536304055522677e+00
3.936827477880398884e+00
3.950908917326265257e+00
4.026372222419307256e+00
4.092712294023342245e+00
4.053667286460902019e+00
3.950098238146721563e+00
-4.609460757653178337e-02
-6.221204999350170989e-02
-7.207769974027619653e-02
-7.893855573751243360e-02
-5.388253151775485722e-02
-3.001233077580181541e-02
1.127671060408236559e-01
1.389225274567678359e-01
1.333435803120702756e-01
1.012320988550348966e-01
1.191378936155181034e-01
1.240088693234609601e-01
1.404642940390883332e-01
1.364760432627937503e-01
1.254598399890219651e-01
1.221865864100781657e-01
1.274817990623821617e-01
1.478980862241424665e-01
1.414366809490668342e-01
1.397953905017132736e-01
1.357156803307062454e-01
1.396727555233750750e-01
7.729504980359525046e-02
-2.501842714695352576e-01
-2.593865136728166765e-01
-2.546085980301052709e-01
-2.340956666511068707e-01
-1.921790306537727588e-01
-1.751157721004002743e-01
-1.452485007377452564e-01
7.368239751269688338e-03
3.894793469592560536e-02
6.693386721560896924e-02
-3.224834558279338070e-01
-1.159031921571148427e+00
-1.762884878752252193e+00
