-9.581689543208918303e-02
2.540632799745098924e-02
1.879890607761344479e-01
1.275924436052019439e-01
-6.449628307210722444e-02
-1.760893113041580860e-01
-2.540658278703797901e-01
-2.606777310092000532e-01
-1.980154238140590661e-01
-8.629300312181463484e-02
8.948682608227370716e-03
-1.354549602102599615e-01
-4.341662440711838711e-01
-9.995425170954260752e-01
-1.618064508002825086e+00
-1.950727554470499170e+00
-2.491015749835016280e+00
-3.562306681287833676e+00
-4.428026637491059958e+00
-4.605035659884053167e+00
-4.337559580249366498e+00
-4.103665987353186217e+00
-4.002186191401802873e+00
-3.801324922860984223e+00
-3.636101696853085485e+00
-3.728076109490565226e+00
-3.909125432602874373e+00
-4.235548228370122459e+00
-4.790488703331798881e+00
-4.618954278607099728e-01
-5.255169953233681523e-01
-5.138515216717052247e-01
-6.424814407368321101e-01
-7.009354268323347847e-01
-4.424462038883976711e-01
-2.645764781344800420e-02
2.907084160403328177e-01
7.294109642116092251e-01
1.178459767290142013e+00
1.663376403029228401e+00
2.090405974944462564e+00
2.429760746150734896e+00
2.735772518944086684e+00
2.920376524902421611e+00
3.084824679097662781e+00
3.171157411490715727e+00
3.251624834071356940e+00
3.318122823050866366e+00
3.392838295144483318e+00
3.434476722483821298e+00
3.367766824251111402e+00
3.248600125035139286e+00
3.176725409843709436e+00
2.913820938847364594e+00
2.645822238695652473e+00
2.554561000760809275e+00
2.541731383632184649e+00
2.539579727074686932e+00
2.514641625152973958e+00
1.349693693064723254e-01
2.014015498632955314e-01
5.534808650969330612e-02
-1.535446338364312435e-01
-4.861511602823653799e-01
-1.420109299919981360e+00
-2.400904650073205193e+00
-2.711062407724092349e+00
-2.740613841781383453e+00
-2.753896748806545780e+00
-2.573160628328002630e+00
-2.454600717400615473e+00
-2.434857902634013804e+00
-2.373965147382945062e+00
-2.188807581653417156e+00
-2.126961428362713846e+00
-1.867017926472160028e+00
-2.124122282227654868e+00
-2.773498756206022264e+00
-2.930872864391741217e+00
-2.851631382738381237e+00
-2.868475742633048942e+00
-3.040971463902853777e+00
-3.016552395916295204e+00
-2.559631188442187177e+00
-2.379470890579316489e+00
-2.471458842147669976e+00
-2.579744631163404911e+00
-2.969734958931660618e+00
-3.338754323326234896e+00
-7.725561017725276480e-01
-1.602437550228112517e+00
-1.562897235096781134e+00
-1.381781395419953817e+00
-1.322041499090273575e+00
-1.178013824677380805e+00
-9.837683081213137726e-01
-6.352189639743812677e-01
-1.439471341857240239e-01
3.114868546448501530e-01
6.282460803478970846e-01
7.038581915338830708e-01
7.604668890315541274e-01
1.042499477725815193e+00
1.239555468409057060e+00
1.399211600559438162e+00
1.412184082652905959e+00
1.455658484174205514e+00
1.511733612204246402e+00
1.414935252181934500e+00
1.057508233061826619e+00
8.695091713142989454e-01
9.417977726262565241e-01
9.768483334670797769e-01
7.897379006918727740e-01
6.530963083967282756e-01
7.115144547223860583e-01
9.596151683828362255e-01
1.007989182324556143e+00
1.109887737259580787e+00
2.870730025912340833e-01
5.248726038327298227e-01
4.264746839390375910e-01
2.789918238408627404e-01
-1.995358767540430511e-01
-8.060591443125494360e-01
-1.180367500289584815e+00
-1.340858774015634358e+00
-1.602273142720013421e+00
-1.873441185628871963e+00
-1.846905273288325766e+00
-1.753842406090620365e+00
-1.758925711424940808e+00
-1.700777490174701034e+00
-1.684909839199472126e+00
-1.787840808017128857e+00
-1.773664277043782933e+00
-1.700578685206446838e+00
-1.726703803696765016e+00
-1.751159535535911305e+00
-1.762449683408064738e+00
-1.821041538716894559e+00
-1.823160658778235854e+00
-1.793446551431680636e+00
-1.772076454774159426e+00
-1.732350104268677971e+00
-1.688200760714215098e+00
-1.698725033065461076e+00
-1.667794062956855727e+00
-1.554854568855616792e+00
6.752525117964666701e-02
1.924203164756608797e-01
2.849609282620516049e-01
4.019864537235264823e-01
5.108561177643475837e-01
6.060161045915453126e-01
7.736013791484851465e-01
9.969369492980569847e-01
1.194970439530609774e+00
1.380813703394313308e+00
1.602621624326447058e+00
1.613513907822034854e+00
1.644457951173412757e+00
1.680204367192984272e+00
1.481296763056168642e+00
1.028256774749848113e+00
9.524871730532175063e-01
7.315250211859621876e-01
5.232699221947193502e-01
2.808967115022802385e-01
-1.830566243411917982e-01
-1.855537557401050752e-01
3.945205128369876912e-01
7.737490927983194933e-01
5.577792839543744829e-01
1.594977590021566249e-01
8.077891276905084517e-02
2.140909216257453340e-01
5.466451685550641759e-01
9.423317214335902303e-01
2.526101334069479898e-01
6.492670588568492107e-01
9.950540399519203216e-01
1.017450834727812614e+00
9.873414553217020329e-01
9.843976333884038032e-01
8.894016355142640995e-01
6.748450246374464445e-01
5.126004393516112589e-01
4.502612000701841644e-01
6.363543680903320787e-01
9.596094640670649323e-01
1.291064599768926291e+00
1.425772305250327943e+00
1.122635476482862327e+00
9.255077095084900396e-01
9.911853252001736614e-01
1.214059190011366196e+00
1.410007121085506077e+00
1.599134477242222241e+00
1.859264967303166927e+00
2.081940474993858814e+00
2.093671782919168223e+00
1.900485386212529715e+00
1.539045388300917860e+00
1.455605157416564266e+00
1.639993701864514541e+00
2.226150628940358089e+00
2.775970302672083445e+00
3.051331368278970668e+00
-1.783502391166893464e-01
-5.065283050382743957e-01
-6.339894563096788449e-01
-6.548420005056952986e-01
-7.698630874615498554e-01
-7.074308887347804387e-01
-4.300308551715116834e-01
-4.171438717153175268e-02
1.709076400353873315e-01
3.845383351369918712e-01
3.430700680858637108e-01
1.182284064611453522e-01
7.838234935015228610e-02
1.920289612081419739e-01
3.902012530428565218e-01
7.958137046301250184e-01
1.328292196892499444e+00
1.859755907494583083e+00
1.997427145983286190e+00
1.959662295348798544e+00
1.857676489110905660e+00
1.771130025558419030e+00
1.722596763286784904e+00
1.741181788968716448e+00
1.739610241139021962e+00
1.713789690167730750e+00
1.674205954189228462e+00
1.629580764476683097e+00
1.490340565104161019e+00
1.330281810530977049e+00
-1.264126162410855736e-01
-3.451779149458701346e-01
-5.993057960891099434e-01
-7.462672345658620809e-01
-7.990960546704185541e-01
-1.164335483204149480e+00
-1.579340664314234033e+00
-1.877263068525695022e+00
-2.214215361879410704e+00
-2.715225172086142003e+00
-2.824138845805936437e+00
-2.817709275051685225e+00
-2.889374899842455768e+00
-2.853428993880700038e+00
-2.707333198539418895e+00
-2.671359786763248589e+00
-2.368026200231768907e+00
-2.120146364612008227e+00
-2.211245754539573838e+00
-2.215987875578237176e+00
-2.215097596732436891e+00
-2.413686381661260594e+00
-2.171668411734457127e+00
-1.643238706642951907e+00
-1.611055796951280650e+00
-1.622781739456996331e+00
-1.397549754143216694e+00
-1.312773641383431000e+00
-1.320714545692371900e+00
-1.112071287170858014e+00
1.889093878266201454e-01
1.872132558102424238e-01
3.766574327634456543e-01
7.402438798166387501e-01
8.637967963669404003e-01
8.427125039777555449e-01
7.943764722288058078e-01
5.857326445882627963e-01
4.348854689263172424e-01
4.371699465097834136e-01
5.236141539415040125e-01
5.037962308528645128e-01
4.270707606458009620e-01
3.301942135357580077e-01
2.445958259024169634e-01
2.172792516935294072e-01
1.953127196883948369e-01
1.219622105527436856e-01
4.265780334791678674e-02
-8.875061587895728688e-02
-2.479628993734061537e-01
8.384068705848979342e-02
-1.871700741404196400e-01
-1.269448613442443419e+00
-1.645114006455206557e+00
-1.568504475536222742e+00
-1.945873911745864326e+00
-1.999899689531188018e+00
-1.841069735915112249e+00
-1.788938956243304901e+00
1.100673893812444681e-01
4.216251560025671141e-01
3.358211267775589870e-01
3.216467759214922673e-01
7.103851780960994677e-01
8.164184978188064878e-01
4.508106398188130304e-01
4.576855467933937938e-02
1.149548689764468834e-01
9.744624410604355580e-01
1.582887620775541571e+00
2.190015736489540288e+00
2.579774362062411619e+00
2.407266836707711466e+00
2.398913134719189433e+00
2.699063450400353226e+00
2.809729647899072091e+00
2.775878862153648097e+00
2.886409182821211061e+00
2.960960121913875032e+00
2.800797512861330496e+00
2.745669005629977288e+00
2.854357607724088641e+00
2.887312647179854697e+00
2.931296897925702805e+00
3.057930547362853524e+00
3.182920410973355096e+00
3.223732455646311390e+00
3.270639453834760513e+00
3.265575071990546974e+00
7.241982066174712518e-03
-3.857732257806074927e-02
-5.869942558703254709e-02
3.055981829341279654e-02
8.541388032380048401e-02
5.746082507519290061e-02
1.400458346173562019e-01
4.906958248913967924e-01
6.242634532506968759e-01
6.257101991784921324e-01
3.368505777752375807e-01
-8.632801233628417670e-02
1.023026600030499389e-02
-3.414529819536862298e-01
-8.645456697225081255e-01
-7.862070154024363156e-01
-6.214430826469422575e-01
-6.191825898718559262e-01
-5.059363843699615781e-01
-4.087265887569577760e-01
-9.474704270434652909e-02
-1.168178229823707559e-03
7.005255330502628899e-03
2.607475187897417834e-02
1.339858738711285913e-01
2.498630376577303247e-01
1.806014381130313096e-01
-1.157046199457973934e-01
-1.836004424402322699e-01
-2.557111095848081939e-01
1.345769758823077422e-01
5.505066156972983071e-01
7.188496864083451232e-01
6.263725423962095418e-01
7.001640955414187850e-01
1.239306221022562937e+00
1.789258759881267480e+00
1.894428144011164328e+00
1.776280777348135942e+00
1.801410902983430429e+00
1.930297065313834270e+00
2.246056918693049465e+00
2.695079707335517050e+00
3.129209436495991259e+00
3.483505643792367046e+00
3.665382954426360307e+00
3.660910162197629880e+00
3.623578361715284135e+00
3.212965713232688980e+00
2.839804862419841758e+00
2.942224373633516521e+00
2.790150825699861947e+00
2.212674715743663700e+00
2.167605411635256552e+00
2.424403459128974703e+00
2.562929467657008686e+00
2.556360845140386751e+00
2.577493791598480577e+00
2.588262321031790769e+00
2.465742982503469793e+00
-1.954615877919438915e-01
-5.779289200988324549e-02
6.357224003074332663e-02
-1.585033905557027001e-01
-3.588461168464101014e-01
-3.122723085728897896e-01
-2.733159331759699162e-01
-4.425382938543053757e-01
-7.830663143314811059e-01
-1.050724480120061033e+00
-1.152317567460915848e+00
-1.346177201683708358e+00
-1.418572492040276245e+00
-1.357315763250153129e+00
-1.376292486322853836e+00
-1.510153914187304824e+00
-1.508584062666162184e+00
-1.461921897781408131e+00
-1.440666559618314579e+00
-1.394382222528852022e+00
-1.385165185570169211e+00
-1.444994754825384309e+00
-1.567359099684036527e+00
-1.651953075551721328e+00
-1.815351155785761561e+00
-1.806183281963576581e+00
-1.799909750583891244e+00
-1.889022713854975333e+00
-1.840031913324922330e+00
-1.587959955362917785e+00
1.491658773058234799e-01
1.852767238849892251e-01
2.849072044966637351e-01
4.182164303089025426e-01
4.659478218867784682e-01
6.101355472458871443e-01
9.355156566431166443e-01
1.125574039089499268e+00
1.203779248534461610e+00
1.358901447504377025e+00
1.360582819134398713e+00
1.175347909774991040e+00
1.095865204077187016e+00
1.183706216247260024e+00
1.507348487632683032e+00
1.504046542851451784e+00
1.171911546418716865e+00
1.121004845266237560e+00
1.118021960811359738e+00
8.348668824708208591e-01
6.795821398374523037e-01
7.711955560963840162e-01
1.089020209125603378e+00
1.184808022588085041e+00
1.187890145979221046e+00
1.266003926174950278e+00
1.418161579823304264e+00
1.543710861285759073e+00
1.671040634851268969e+00
2.281546369451718625e+00
7.323738267886977793e-01
9.116426699979541803e-01
7.292616845117069202e-01
6.229226053528088558e-01
1.892752631236800931e-01
-4.391816342246234739e-01
-8.488450524787710672e-01
-9.705178588269034456e-01
-9.333730675111445718e-01
-8.566003824439474279e-01
-1.057164387436666519e+00
-1.425128894399104063e+00
-1.631816464673302658e+00
-1.664260794370646224e+00
-1.598557835264994287e+00
-1.481788226540266429e+00
-1.398819851503217526e+00
-1.095774760107870671e+00
-9.330705578076230466e-01
-1.004288217589552890e+00
-1.047114492493552929e+00
-1.018934600566917759e+00
-1.082196958377447338e+00
-9.990468219471778655e-01
-8.091916090792321548e-01
-6.029370283561248378e-01
-4.778695485390997977e-01
-4.012235531605561345e-01
-2.625797318274561976e-01
-2.621648909954700235e-01
1.887136434800778390e-02
5.635970275289264864e-02
1.864062841193275116e-02
-9.804709586666371379e-02
-1.802427526294047011e-01
-1.862601856414317358e-01
1.749871447768747146e-02
3.240687522209077520e-01
4.571352428644845922e-01
5.423869733703690077e-01
5.818779498855813914e-01
5.835277104748318733e-01
5.567188565525825750e-01
5.075484540652492882e-01
4.527346284625789474e-01
3.342714064035087196e-01
2.342602337600377949e-01
2.265379627480244851e-01
3.136566300791068240e-01
3.404632003970623488e-01
3.928652758281415691e-01
4.115480513109578409e-01
4.160988230217606554e-01
3.327612415229471154e-01
1.647188373735568034e-01
4.572046345965743996e-02
-1.419098756534868111e-01
-4.122597070140737729e-01
-5.847616947684159960e-01
-6.619298568429157203e-01
2.275798326243511430e-02
8.785574864999222411e-02
4.422541745627334847e-02
1.402502859382307593e-02
-6.275207011553801673e-02
-1.830707807851101598e-01
-2.912580860776987635e-01
-2.960682766828571788e-01
-3.305399420865905991e-01
-3.517275011182877664e-01
-3.927578145342622840e-01
-4.381920686999890013e-01
-4.444915203780405166e-01
-4.095392343948306979e-01
-4.084804954629034368e-01
-4.077935812209955713e-01
-4.128792862618305692e-01
-5.966210795855835247e-01
-6.309650640241486474e-01
-5.115336450280627556e-01
-4.825827363560271643e-01
-6.226858127297366652e-01
-7.114652982936807701e-01
-5.819934300389116855e-01
-5.389754622006703855e-01
-4.977319644894983020e-01
-4.381680838977762282e-01
-3.858144333366807510e-01
-3.287599342457935281e-01
-1.221317604877090457e-01
3.283375113498073206e-01
6.069559339317773805e-01
7.009264273488760022e-01
7.437056647971320711e-01
7.660661515738860228e-01
7.753709927452983042e-01
7.828811434500548838e-01
8.008415867910417818e-01
8.252912258008351376e-01
7.671730793019070349e-01
7.393122004210461728e-01
7.393493983095776878e-01
7.413224340630092390e-01
7.562404110057188156e-01
7.282508081248245668e-01
6.159164944742923087e-01
5.391858409702329213e-01
5.078794100130337164e-01
4.870192950439675705e-01
4.684724002956344724e-01
4.093971793169291495e-01
3.778675775982840435e-01
5.142314591135186408e-01
5.031548614224863325e-01
1.950147730431030513e-01
4.339198620132908024e-01
9.526367733737352017e-01
1.104863028837755445e+00
9.812256649622848048e-01
8.302089307013382768e-01
-2.137368354812745341e-01
-4.823073311288291753e-01
-6.805161373737810271e-01
-9.573039964145519942e-01
-1.282768041264476411e+00
-1.532426505078587242e+00
-1.696824877565722645e+00
-1.776264247131078333e+00
-1.745125545601658335e+00
-1.714764327218210926e+00
-1.809676800154286447e+00
-1.819409431871505500e+00
-1.829061024749937037e+00
-2.012249599596037886e+00
-1.786429046162964163e+00
-1.370852214746187236e+00
-1.326092923981662119e+00
-1.344615208287845309e+00
-1.205726824126338581e+00
-1.086679147215125818e+00
-1.146090947878069422e+00
-1.297149085393608070e+00
-1.420040857048894711e+00
-1.523853279121593518e+00
-1.573127043514345846e+00
-1.371796420821882689e+00
-1.136472373138343261e+00
-1.095934158607168030e+00
-1.029978734507848603e+00
-5.200906681348063110e-01
6.952469136730951016e-01
1.170142249446052052e+00
1.312659264221882616e+00
1.368265667541267661e+00
1.412237597601746497e+00
1.397215023421962021e+00
1.284449030621155785e+00
1.084451885227981638e+00
6.926489715538677316e-01
1.690439639322809384e-01
-1.946962178357544704e-01
-1.279117011199906451e-01
1.553073059853575522e-01
3.610855106018459604e-01
7.848373574728921831e-01
1.224985207238398432e+00
1.487374863272995285e+00
1.662915288244786405e+00
1.775571781695794327e+00
1.750624435758918906e+00
1.659880377093480908e+00
1.625554065359357869e+00
1.569391883296469725e+00
1.427886962991015363e+00
1.224609992292289729e+00
9.741856154831551873e-01
7.157627156338361996e-01
4.401460041102753795e-01
2.871931217635292910e-01
2.107356299142691403e-01
-1.113256905208456493e-01
-2.634168909127819203e-01
-2.651110625817644784e-01
-2.332910804829034512e-01
-2.777052441325154053e-01
-2.420692079897258653e-01
-5.613939970050887962e-02
1.586162018826552944e-01
2.448137353338328270e-01
2.864509867632458739e-01
3.639257896000512860e-01
3.320942871462210233e-01
2.384624419273535523e-01
2.049911543936010772e-01
1.896844452851698393e-01
1.844696800582217300e-01
1.956449972937799875e-01
1.975910434876946009e-01
1.711947201002525509e-01
1.686861249591162792e-01
2.526713555792321486e-01
2.516164099371154816e-01
2.756352680456262139e-01
3.525995212305461646e-01
4.568577887875239774e-01
4.508379934671485345e-01
5.884388110419495055e-01
9.035114759270257423e-01
1.148141958198281909e+00
1.407619728220389943e+00
1.680514546901637762e-01
2.562341893227027545e-01
2.735436834732900002e-01
1.961349513902383157e-01
7.199232950108566675e-02
-2.938610266411099958e-02
-1.812105754389520262e-01
-2.633709180056694188e-01
-3.232476330644901141e-01
-3.180464140022769004e-01
-3.123080782152790613e-01
-2.421179827896066117e-01
-2.318064890977516446e-01
-2.477464561851981939e-01
-3.263410493644056110e-01
-3.312762280889108291e-01
-3.406986139967549398e-01
-3.184839585626333403e-01
-1.447179918480367145e-01
1.635823623557519646e-02
-1.433450342239694364e-01
-3.264781794180380281e-01
-5.297317360117282936e-01
-7.179191674013618574e-01
-1.010502346142895247e+00
-1.595257444074327902e+00
-2.641129312813226271e+00
-3.444329648242125952e+00
-3.778445465371451206e+00
-4.003534102260729810e+00
3.728666854405332347e-03
2.637277822083738954e-01
5.922837377052588836e-01
8.157300485435770021e-01
1.040705776509169178e+00
1.263234488073281536e+00
1.587248574032816828e+00
1.927771791395567869e+00
2.096556097555980713e+00
2.129814010220087095e+00
1.939093897343012740e+00
1.777175335732686046e+00
1.664061715313505996e+00
1.329203018393737334e+00
1.093478028835491944e+00
1.173192993685140850e+00
1.255482248528863254e+00
1.392295793822037941e+00
1.595238749633222097e+00
1.867634488496532574e+00
2.203098166704617444e+00
2.569810910431109097e+00
2.865661378219820143e+00
3.025988921630865303e+00
3.074487724089411067e+00
3.168077374210322983e+00
3.249021665415945392e+00
3.254488005866457812e+00
3.283476752489432826e+00
3.325781695441712316e+00
2.721448214618762615e-02
-1.023548270307233499e-01
-1.989472785490409568e-01
-3.075915858316211615e-01
-4.718874826853644566e-01
-6.480951063755330255e-01
-7.289266899625573837e-01
-7.059051851509827724e-01
-6.381184610952332914e-01
-6.254128654210331373e-01
-4.816845649096909154e-01
-2.566384325474313499e-01
-1.904903922393320626e-01
-1.703162594569387067e-01
-1.512670081773807296e-01
-1.461989918000786148e-01
-1.640745487692142346e-01
-2.163809250352610736e-01
-3.351773218147139910e-01
-4.795080642056048781e-01
-6.600125252027350120e-01
-8.709929809182710425e-01
-9.550624330228596470e-01
-1.035716964912051896e+00
-1.129281368918674255e+00
-1.261732432235848966e+00
-1.327198069027166527e+00
-1.352795161043668593e+00
-1.356164786478035955e+00
-1.392583647483426113e+00
-7.565686773001753605e-04
-1.008067198832936391e-02
-7.922135426024451421e-02
-3.721928075576057260e-02
1.021864352102642287e-01
1.198320985021746887e-01
1.788106232546989027e-02
1.887459050170181563e-03
-6.676683064801131051e-02
-1.876297564166997112e-01
-1.851527865741778855e-01
-1.665710929779865013e-01
-1.057450608694023575e-01
1.059821636575309090e-01
2.587509144129173100e-01
2.779399885834174522e-01
2.286959265291562404e-01
1.990983858123450412e-01
2.870130202363906369e-01
3.336691359039005156e-01
4.402084850857581055e-01
5.246072463672550867e-01
6.731719173781327559e-01
8.019602995891172981e-01
9.058363290862244677e-01
9.454921477184069500e-01
1.076688243026628244e+00
1.358261676422309439e+00
1.402649776603773102e+00
1.373398946446785729e+00
-8.167997054826840742e-02
-9.340326373334989496e-02
-6.269768299851709303e-02
-1.201324024313357025e-02
3.935467538790787811e-03
7.055463071122242309e-03
-3.783127056009925708e-03
-2.384418266951434176e-03
-4.321485110901390758e-02
-5.817648984886524682e-02
-6.159073553190600597e-02
-1.227460341393146470e-01
-2.193823613835989006e-01
-2.053436202647271891e-01
-1.854744772474874459e-01
-1.886755367403361860e-01
-2.142813401277308683e-01
-2.256592896784617996e-01
-2.060680704930998308e-01
-2.489936662557910574e-01
-2.697542016315100377e-01
-3.362465394134685481e-01
-3.045833042104387212e-01
-3.562976809610102769e-01
-4.217335766041568346e-01
-4.754747391177225890e-01
-4.946182405776188840e-01
-5.411248835294583115e-01
-5.138871907750868218e-01
-5.717232081302836555e-01
-2.843356385839044265e-01
-3.965445781380464996e-01
-4.126902818550737262e-01
-6.359169307148828665e-01
-8.272627587755809753e-01
-8.012960460554826581e-01
-7.266709136564126759e-01
-7.043824237478220063e-01
-5.355703815630521447e-01
-4.079175759556839531e-01
-3.426824889536000396e-01
-3.237443437444665895e-01
-2.499323379644298182e-01
-1.958739915224622097e-01
-1.855312937445398602e-01
-1.232332440491517578e-01
-7.184846598704122678e-02
-2.790885375142467678e-02
1.099453214651314736e-01
2.501055677525265697e-01
4.408995499806225293e-01
5.883936441597402700e-01
7.045860475866799755e-01
8.571873010701411832e-01
1.025980040781472091e+00
1.097926074265626273e+00
1.099824943207850403e+00
1.098276051739793591e+00
1.000854291214141822e+00
7.891672400034018819e-01
-6.221992696225100983e-02
-5.194886378336211613e-02
-3.457102690554832158e-02
-2.276515471180234201e-02
4.229131162038800990e-02
1.716298182666060324e-01
2.057704284579024989e-01
2.157304392219241418e-01
2.044886498233873251e-01
2.186489123521663525e-01
2.041977620218553280e-01
1.942173227588323559e-01
2.047661334885165496e-01
1.017147606155295314e-01
-4.031105475166693597e-02
-1.554269285553839530e-01
-2.396672289074604778e-01
-2.826473571981354405e-01
-4.230444005614562575e-01
-6.463975940427042488e-01
-6.625566087567008600e-01
-7.043602728443170147e-01
-7.239897891792412832e-01
-6.392958111995490356e-01
-8.906123771345906270e-01
-1.164238818666275765e+00
-8.610701387576249477e-01
-5.858892161245403685e-01
-5.614060702912064826e-01
-5.680406519003601273e-01
1.607778337726533391e-01
2.060953122047156083e-01
1.000881737338745053e-01
8.959932196018449702e-02
1.388578846658730104e-01
2.283187168005940126e-02
-6.746043207399173014e-02
1.395374662926869569e-02
2.801251587579631219e-01
4.453726366534419556e-01
6.277296295782126556e-01
8.541266051093517886e-01
1.063489203676208916e+00
1.142289344771660442e+00
1.178214204821717015e+00
1.439856821154376965e+00
1.673277314183915898e+00
1.799882399374358455e+00
1.908719480792381962e+00
1.994258228267121069e+00
2.004150095558620670e+00
1.933526927396050255e+00
1.786728914586414474e+00
1.646614789503645371e+00
1.519200424921514525e+00
1.451231577146178120e+00
1.426116380215254553e+00
1.408345334575002994e+00
1.451847998618300828e+00
1.513258484261789771e+00
1.020949330325825535e-02
5.166590826579234297e-02
-6.619733338989124138e-03
-3.708421179284334540e-02
-1.008149836486527118e-01
-3.288529543390545373e-01
-6.395769045959898147e-01
-7.981616811751479634e-01
-9.559911486134822223e-01
-1.021205050320273422e+00
-1.030940679181434838e+00
-8.763785432346774540e-01
-6.833579223818684323e-01
-3.963439433051682559e-01
-3.010441377816575059e-01
-4.419167246370663271e-01
-5.608339337981811390e-01
-5.598700131125962098e-01
-5.194376338548485350e-01
-4.206475766534117922e-01
-3.735923425143098942e-01
-3.688321940125141585e-01
-3.617606579506847941e-01
-3.278034471561021568e-01
-3.352236830220262642e-01
-3.977499234058251565e-01
-4.640011917309777578e-01
-5.952024844078667165e-01
-7.038733416709873625e-01
-6.265205885595513946e-01
1.192146680413621318e-01
1.983444731036909103e-01
1.835277839714560266e-01
2.116413103630701287e-01
3.379715389651997137e-01
4.663252981896592875e-01
5.234695809324378946e-01
6.118345237215011556e-01
7.041212865942028110e-01
8.113482664139909373e-01
1.012405591617927980e+00
1.125820396834199988e+00
1.164203087840328443e+00
1.081744331552204841e+00
9.344062057830740953e-01
9.334388888613674995e-01
9.572548618259122399e-01
9.354127547736899029e-01
8.045155110406317922e-01
6.959106693164459623e-01
6.514071190718765392e-01
6.162522688193230458e-01
5.695205592105241355e-01
5.664634615953144658e-01
5.537177618399027335e-01
5.584147742749248078e-01
6.019147743804069695e-01
6.221518075438263740e-01
6.975305769195269123e-01
5.754579863256303884e-01
-1.766655248812799006e-01
-3.919416048348317583e-01
-4.793384936605349922e-01
-6.289773428843362657e-01
-9.422470381652565674e-01
-1.180258429321090485e+00
-1.655431338157876242e+00
-2.084178648277144497e+00
-2.094399819993661982e+00
-2.046103203005322779e+00
-1.852547115622397600e+00
-1.756204401715361740e+00
-1.685037339996989125e+00
-1.502066018214321286e+00
-1.481259445190935109e+00
-1.418224262383748213e+00
-1.349756424110399644e+00
-1.258155082539688774e+00
-1.234518304091659857e+00
-1.257258138041137618e+00
-1.215798491770083922e+00
-1.235894588262195448e+00
-1.260392824157403169e+00
-1.248477796103593773e+00
-1.005238395847092958e+00
-8.511996552764438118e-01
-7.742791810020864807e-01
-6.959758105087043845e-01
-5.274323681246426698e-01
-4.799578603177371283e-01
1.380003207515846609e-03
6.715576332368136669e-02
2.492323635919838076e-02
-9.248960881146198187e-02
-2.418150283082750596e-01
-2.426451482156483375e-01
-1.834598005918077201e-01
-2.879205740529153235e-02
5.419116572129571707e-02
2.423158642134675897e-02
-5.089565710056957737e-02
-1.203251730087494809e-01
-1.467791439413972387e-01
-9.356612412318701666e-02
8.469687235330355946e-02
2.593969025885050073e-01
4.807935060359497248e-01
5.432726601894396490e-01
6.017813331019458145e-01
5.360675018305687267e-01
4.063476098696618966e-01
2.269915559383465786e-01
-6.738099298347238753e-02
-2.593952130674786472e-01
-3.556679598924095131e-01
-4.092999463374358271e-01
-4.476212091240390212e-01
-6.699434102760459808e-01
-8.890190928022869699e-01
-9.941584380988245373e-01
-2.556788074292065671e-01
-2.576955476927431099e-01
-2.224738220381618781e-01
-8.308292719485310673e-02
4.718570969767590939e-03
5.463586032268311077e-02
1.271003221284394691e-01
4.337295533462244834e-01
6.002568022843197681e-01
5.719434078990058845e-01
5.308244933845260860e-01
5.545424166101797780e-01
5.377088023005561768e-01
5.627876922554451156e-01
7.037318296589640809e-01
8.664272035983954234e-01
9.460794533869062439e-01
1.092767463811344042e+00
1.421396824227300737e+00
1.715923247085244574e+00
1.824716488236628020e+00
1.836730502682665689e+00
1.796372091371837065e+00
1.672953453401083479e+00
1.498634827795400248e+00
1.403958376524298002e+00
1.392168737813323620e+00
1.399492395658164856e+00
1.458541669139471031e+00
1.474509701793422112e+00
1.013789447865714316e-01
1.587846894221497940e-01
2.043451808026388872e-01
2.512037105180107144e-01
2.589041191452001733e-01
1.743282631133426519e-01
1.254458033449840915e-01
1.340288033080666297e-01
1.472195687565265032e-01
1.645488723766295736e-01
2.077924937529285199e-01
2.337918270772179619e-01
2.356167641193399331e-01
4.845329812526441571e-02
-1.634795565822391994e-01
-5.146754502071605453e-01
-7.575943837731669017e-01
-8.090338956647413760e-01
-1.124659487381286738e+00
-1.310057681649477113e+00
-7.226417476610542678e-01
-1.562741587086525774e-01
2.454746228319926171e-03
2.936845617569234373e-02
2.449610423528956749e-01
3.684166561645864646e-01
3.470702032023981753e-01
2.591459506316265426e-01
1.222563273768464409e-01
-9.516809405388138021e-02
-8.531591337908685235e-02
-1.213578450774955575e-01
-2.772570679412105221e-01
-2.802927382584883831e-01
-1.881915287240343848e-01
3.909634715378307313e-02
3.031731594047383793e-01
5.117203217407363391e-01
6.236030038011727283e-01
8.215443114854779072e-01
1.507879108651370315e+00
2.034502585732166580e+00
2.000786307700916478e+00
1.919428449114064295e+00
1.931894800859139671e+00
1.880924835571550657e+00
1.795137710086328386e+00
1.750886438362886821e+00
1.674484721227919914e+00
1.554024330723744685e+00
1.434513159974439844e+00
1.410696301100605510e+00
1.219389975351485411e+00
1.133687427543164317e+00
1.204497724354397281e+00
1.261183292031820002e+00
1.284977151027078879e+00
1.295742571936077558e+00
1.378376226118888992e+00
1.392460467329302398e+00
-1.963258667622657661e-01
-1.825287592453480323e-01
-9.486340754121848351e-02
-2.661327369403859167e-01
-5.104742881697810208e-01
-7.288582609652498601e-01
-9.582770449455371153e-01
-1.006503955790602589e+00
-8.200845341912446074e-01
-8.390377330738316708e-01
-8.700713555090476836e-01
-9.507569118968444144e-01
-1.209390611033146712e+00
-1.285703536414383397e+00
-1.245606140591932753e+00
-1.229419029348099546e+00
-1.195378107060261375e+00
-1.122669026676649695e+00
-1.060796751651365444e+00
-1.027603913549463455e+00
-9.118248663686815414e-01
-9.042882021682786542e-01
-9.809151818332483286e-01
-9.683343401436278475e-01
-9.660388280686155182e-01
-1.073629268309218565e+00
-9.960955722133814083e-01
-7.935030907906344133e-01
-6.252404511546669763e-01
-5.514764936475822221e-01
2.887103149022527404e-01
5.780391338453427785e-01
7.572560678531874423e-01
7.074149477787288198e-01
5.939710234104237374e-01
5.231026248385112210e-01
4.352237276100370811e-01
2.432212501147245909e-01
2.315388701330753640e-01
3.147813932589449415e-01
4.994547772737968350e-01
9.731088695414201739e-01
1.526688865595788203e+00
1.894098999791434368e+00
1.965766235770064041e+00
1.863214968521113013e+00
1.484017525927152859e+00
1.111130593808094424e+00
8.816739894004115285e-01
7.136570346643914542e-01
5.220893512032682704e-01
4.401638245244886560e-01
5.469855306664197503e-01
7.555903569574229373e-01
9.936289152117691037e-01
1.112639735938130814e+00
1.159617277933534085e+00
1.055682781693207950e+00
7.850525192951046671e-01
7.151581920692092753e-01
-5.350550958321342344e-03
1.653616531917027031e-03
9.926232912324021995e-02
1.951262337648511369e-01
2.083378544296217716e-01
1.838647324800980754e-01
-3.936102951056591470e-03
-1.688312259128055826e-01
-2.687973633139996155e-01
-4.611669094454231566e-01
-6.045337115421609564e-01
-6.333851102002278077e-01
-6.199450807198747526e-01
-6.264202321329327416e-01
-5.607482070240737970e-01
-5.067658233561416203e-01
-4.485095692639117226e-01
-2.394674977419723738e-01
1.252388812311119870e-02
1.122212014769803090e-01
1.558922285913391936e-01
2.205070926328493996e-01
2.931895114913053435e-01
4.088321422704796482e-01
5.477393785721553776e-01
6.307428527526764972e-01
7.575289578781825295e-01
9.874380630828736294e-01
1.093435959901935872e+00
9.903304249745923382e-01
-2.430834041028137327e-01
-3.145484423530813256e-01
-5.528303929071892719e-01
-9.097733872157112156e-01
-1.048211586185740840e+00
-9.889734386603690197e-01
-8.871306253185800017e-01
-7.269636530605405600e-01
-4.416717233211610583e-01
-3.226411934905406009e-01
-3.392807278307576890e-01
-3.653566754652624593e-01
-3.704128584124500301e-01
-3.647046175294079706e-01
-4.333928848511515719e-01
-4.640923657494434584e-01
-4.861891466860435163e-01
-5.762520956726605581e-01
-6.645454362647449376e-01
-7.290841104291855279e-01
-7.997729833988430626e-01
-8.929844255508857520e-01
-1.013493397753288949e+00
-1.137291700798384930e+00
-1.165783155143219618e+00
-1.169887330630107414e+00
-1.133675211814686667e+00
-1.067016032868556952e+00
-1.019132377945546786e+00
-9.801074767982278502e-01
1.574574844542020458e-01
1.415368937672911165e-01
2.365318447905956356e-02
-1.898179768906657905e-01
-2.438470304382495402e-01
-3.588285798883865119e-01
-3.925558647979713323e-01
-5.012590279507939117e-01
-7.179693155456229325e-01
-6.742815568008497795e-01
-5.110689082598538491e-01
-5.295656835628185233e-01
-5.047878451205151107e-01
-2.009389352858797495e-01
4.257008587272520517e-02
-1.693766519659974101e-03
3.786597821744958764e-02
9.515810022375059685e-02
3.315644126265293590e-02
3.521967439697830382e-02
1.920133475540482249e-02
-2.768757395747892813e-01
-7.853859130038942649e-01
-1.168323562202624233e+00
-1.359299345625587963e+00
-1.687610878302507000e+00
-2.097239732139577484e+00
-2.113332301268348257e+00
-1.937991728418666737e+00
-1.636256549703630325e+00
3.307699002032278290e-01
7.435377116770314210e-01
1.068130604380427728e+00
1.291179268205815189e+00
1.630331687273796959e+00
1.984158347920735865e+00
1.887446005885805134e+00
1.575962454571826932e+00
1.181189055329979976e+00
7.548662490465929409e-01
5.894258041039392992e-01
1.647159231426797432e-01
-5.334595355946394335e-01
-1.013068834408786589e+00
-1.136366399274648220e+00
-1.280764772779625416e+00
-1.405627747554054841e+00
-1.470794498077643508e+00
-1.409523237036434784e+00
-1.241014390602598549e+00
-1.065061691124157939e+00
-7.146848189275443186e-01
-3.305304504653825415e-01
-3.520274132621906138e-01
-2.975937385572536842e-01
-9.801949198933498919e-02
1.952087974232380174e-01
3.678346608995027855e-01
6.285369025667544296e-01
6.989255859215787181e-01
-4.242898800897594580e-02
1.074921193462799462e-02
8.409999615085370084e-02
-1.218089982697910523e-02
-1.745504227093839233e-01
-2.130276380285671123e-01
-6.432428931054574583e-01
-9.933102327100654660e-01
-5.951390278540079626e-01
-1.131100325478487933e-01
1.159944679390592648e-02
5.345014131650311501e-02
2.870360755542420983e-01
4.929280393615240730e-01
6.099822448588275714e-01
8.309913325659836758e-01
1.026785922735839129e+00
9.962294955294499488e-01
8.432454908577753372e-01
8.888042139289724641e-01
9.003804977983916880e-01
8.403057875929950127e-01
8.106683023612601957e-01
7.063523790285699544e-01
4.973640900359272421e-01
3.148003983622809088e-01
1.830449793897145350e-01
-9.701163938947321430e-03
-2.046175185827699416e-01
9.471297780005860645e-02
1.075964007741542078e-01
1.657697186994995242e-01
4.812494332968656474e-01
6.707453715126608929e-01
5.820646897379896378e-01
5.651086527307560559e-01
5.395397637049513806e-01
5.404555117599451064e-01
4.523270145751354665e-01
4.949398138375690204e-01
6.457151821638362765e-01
6.222647718492809732e-01
5.047191583459453845e-01
5.083924498822486315e-01
4.004860552347947467e-01
3.176837331469712922e-01
2.659397841963593301e-01
2.036425493913416318e-01
2.690964898367952385e-01
4.231710694638131098e-01
6.918121882716334881e-01
8.961405096378400881e-01
1.106300938630297326e+00
1.287484232118285998e+00
1.496175070737284951e+00
1.603062228430181202e+00
1.614740623197634450e+00
1.503227666675402308e+00
1.310775002707485148e+00
1.019161128535770899e+00
-1.209161029554442907e-01
-2.717545186889875342e-01
-3.756971714454535038e-01
-4.023514171703455600e-01
-4.319431873634524965e-01
-4.444422705952748021e-01
-4.176815472265008600e-01
-4.106582862197731276e-01
-3.712461278178339485e-01
-3.741020442733218321e-01
-3.856532391823141448e-01
-4.003003548514926790e-01
-4.358385229026154883e-01
-5.368558111751166040e-01
-6.888606914453598851e-01
-7.512679617653746922e-01
-8.137356127473780454e-01
-9.757091469991399091e-01
-1.149345366666843393e+00
-1.210761312182345506e+00
-1.195114011593807923e+00
-1.103469992738619343e+00
-1.037511119636211676e+00
-9.799553554304321068e-01
-9.130312782855330989e-01
-7.800051965053232950e-01
-6.322134321557608683e-01
-6.139546738620235145e-01
-6.144278689606006427e-01
-5.629053897855680333e-01
3.387403505675326554e-02
5.830141441449560036e-02
7.756841543282846918e-02
2.170459560703491275e-01
2.040968976689789272e-01
8.335092098610275002e-02
5.765262574249049865e-02
5.717039271453029647e-02
-2.663753427109030736e-02
4.743132854208791105e-03
1.124664152056844002e-01
3.003945782379823237e-01
4.461812535364496068e-01
6.226832761060331345e-01
7.426100120644707481e-01
7.306992258544253716e-01
7.632171210836863340e-01
8.740610622907255545e-01
9.325226925202164674e-01
8.797155775366298780e-01
