-4.778530071640062493e-01
-1.001314697849208901e+00
-1.590871957957401994e+00
-2.236190149073763678e+00
-2.780204478378598409e+00
-3.214794201373555982e+00
-3.578999749581325940e+00
-3.918442302408571276e+00
-4.298842021438330718e+00
-4.514486896618146616e+00
-4.500258373500416020e+00
-4.413623631721567797e+00
-4.444628074204683976e+00
-4.319205371869252019e+00
-4.036868238067482295e+00
-3.888822640915676754e+00
-3.820786452894056495e+00
-3.867949020309613406e+00
-4.260653932815522182e+00
-4.556726294689251944e+00
-4.575382981403430804e+00
-4.599593850389035232e+00
-4.435387399532862318e+00
-4.186450544845685684e+00
-3.871487695785804650e+00
-3.918413192347951934e+00
-4.113954612182594062e+00
-4.161605755615640057e+00
-4.175137985664240325e+00
7.802408327253315679e-02
3.738126852579382736e-02
1.898164274650805325e-02
1.590727686951863215e-02
7.392092056980671677e-02
3.832730649029458259e-01
5.646201916134652166e-01
9.257384888719994986e-01
1.115132700147381195e+00
1.421150645768779253e+00
1.631671085463418880e+00
1.791280169744937423e+00
1.906494255049034692e+00
2.181034430388479883e+00
2.436896588313174128e+00
2.495881131153454557e+00
2.580389720774087348e+00
2.602860083112704448e+00
2.693650857171128177e+00
2.760851701173425266e+00
3.141820533934597037e+00
3.463687041132324396e+00
3.276500278815364986e+00
2.964564221486759799e+00
2.946639017822111573e+00
2.796873595918632827e+00
2.631930930839257332e+00
2.402395112028090640e+00
2.436903976672747163e+00
2.705322181867940934e+00
2.605705172865114827e-01
2.960957447699383849e-01
9.667895581400257066e-02
6.751292025290084320e-02
8.892144282313092785e-02
3.583972712468436184e-03
-5.210066904873286719e-02
-3.459140790616505035e-02
-1.719747839098655917e-01
-4.709336457050077862e-01
-8.208456333227711621e-01
-1.281803584269134655e+00
-1.669659322026021853e+00
-2.005929307282861451e+00
-2.410664652033017941e+00
-2.444485843316444029e+00
-2.583450442852650131e+00
-2.349770840801069127e+00
-2.392444538414663757e+00
-2.698394272373162206e+00
-2.966612002710248053e+00
-3.254141565777703082e+00
-3.195761789655619634e+00
-2.963465150724797326e+00
-2.818157046120256304e+00
-2.512498679732739326e+00
-2.137977770129193100e+00
-2.148865232181831786e+00
-2.427993694291744387e+00
-2.802317179316526907e+00
-4.443726117027988476e-01
-8.536991894021349614e-01
-9.116240713820544794e-01
-5.625169590143723752e-01
-2.869064175402958883e-01
-1.473280592056201710e-01
1.950309156487735895e-01
6.187125964009726475e-01
1.332379074151129661e+00
1.570146511847802850e+00
1.638819019202591543e+00
1.730900477918176916e+00
1.639393000315857440e+00
1.617712020950932139e+00
1.849822911461528552e+00
2.060167724690415536e+00
2.139986713333515755e+00
2.400750882964532540e+00
2.673836440572904927e+00
2.689003227305727162e+00
2.492054065838727794e+00
2.318496102700552619e+00
2.118810441853912874e+00
1.918478420819720531e+00
1.914133500005403610e+00
1.981044713007074964e+00
1.799530580402644020e+00
1.556704384747081615e+00
1.461261098950855652e+00
1.343861399887617880e+00
-1.321517483303352447e-01
-3.597845846809030190e-01
-7.898414237196322851e-01
-1.155766467003684905e+00
-1.478929779134313893e+00
-1.791989394754608833e+00
-2.059545222351182758e+00
-2.137145841202804153e+00
-2.236270730791861450e+00
-2.326835514209276035e+00
-2.316951290561492183e+00
-2.355963414215541896e+00
-2.417736515326870617e+00
-2.738463185984727044e+00
-2.790906636093559712e+00
-2.525249156604966849e+00
-2.197529846018800193e+00
-1.914820275127706584e+00
-1.905039621975513242e+00
-1.650783294768092269e+00
-1.562165040748593414e+00
-1.495803995341824733e+00
-1.473772792770072559e+00
-1.434167257121973460e+00
-1.500221661150701546e+00
-1.511873399706479271e+00
-1.454145378794869714e+00
-1.418769620001407272e+00
-1.344482053977555491e+00
-1.265082506034518772e+00
1.949923280843828266e-01
2.985694059399423561e-01
3.880628876935224292e-01
4.124420611253618585e-01
4.336040117393248350e-01
3.021146277644182199e-01
-1.132866028795448399e-01
-3.087838228648572825e-01
-5.918347897402624902e-01
-9.905246483071659114e-01
-1.120257959303871731e+00
-1.139842034913524982e+00
-9.700318652298094424e-01
-7.254453245692735752e-01
-5.129391455348610851e-01
-3.737912272243368861e-01
-3.352054150344379591e-01
-2.291699462888094896e-01
-2.338893077405713172e-01
-2.647357571085344752e-01
-3.127683242119118079e-01
-6.689701369353082683e-01
-1.082716391531977296e+00
-1.173743595550563512e+00
-1.421203629357419507e+00
-1.723956897004956357e+00
-1.813952857763960314e+00
-1.865178183886160301e+00
-1.916848399802575820e+00
-1.923491599299776977e+00
3.501365271475839758e-01
4.503856095921369151e-01
4.281772613853269127e-01
4.390658065927700027e-01
3.967030387506098599e-01
4.735516685982150142e-01
4.451027985356331151e-01
6.175368930084199626e-01
7.297171264006089286e-01
8.490576878809077410e-01
9.432573213213164554e-01
1.017988125970769264e+00
1.386536878205346435e+00
1.533061222009353575e+00
1.593022845809074051e+00
1.668804883597727384e+00
1.740404439444814377e+00
1.659725239068024827e+00
1.468181263519335200e+00
1.718858543456114329e+00
1.743625172926360545e+00
1.613263304970396383e+00
1.644660894244416527e+00
1.238444902811804527e+00
7.993848740566007471e-01
8.295904377618813497e-01
8.032191372811825492e-01
7.420023431218265575e-01
7.556386237868010225e-01
1.135885170283686518e+00
3.641960676317505530e-01
5.850411135337044710e-01
5.967817362405263282e-01
2.070674112774195663e-01
-2.322807392250148539e-01
-4.201561796827409934e-01
-2.190432348004320573e-01
3.046364277263808873e-01
2.551891551163163463e-01
-2.505541445976722237e-02
-2.814046702900149244e-01
-6.575020056994202999e-01
-8.868752639625154810e-01
-1.175104751997251284e+00
-1.650730485959339244e+00
-1.991586174081745986e+00
-2.197723425809350317e+00
-2.292288919690882221e+00
-2.250441070096623530e+00
-2.151152304579067920e+00
-2.098292551539183481e+00
-1.915301767817983114e+00
-1.714542124752207464e+00
-1.724049083764375601e+00
-1.700004143446563365e+00
-1.557531505476715150e+00
-1.437325047980805293e+00
-1.509088354641631824e+00
-1.679910619714941600e+00
-1.552219591745189753e+00
1.902069440953881307e-01
2.049541367913917667e-01
1.052081722737922137e-01
1.537282057939624580e-01
1.270569357114494369e-01
3.553848247567457097e-01
4.855190862251569928e-01
4.931920306396072040e-01
7.497490281602712248e-01
8.576776695791209493e-01
8.813525487448216067e-01
1.115940529785023116e+00
1.374515664474557086e+00
1.356794514112699579e+00
1.359716124706658924e+00
1.359050704518803387e+00
1.273595318504932683e+00
1.266339285655744273e+00
1.332061035822962314e+00
1.097680832897314440e+00
1.181643770730635978e+00
1.424789326748474583e+00
1.526746519395596247e+00
1.644494737618128477e+00
1.554862267207190785e+00
1.345348553186003215e+00
9.431219918404765146e-01
6.760664707215756630e-01
3.837448505295906198e-01
3.308675123549933428e-01
-6.141021795217205259e-02
-1.494838504819781533e-01
-1.974377024206378228e-01
-3.857565834936172999e-01
-5.273683058812467239e-01
-5.683608449447513644e-01
-7.892127079153382629e-01
-9.498457614659538972e-01
-1.000126641666322369e+00
-9.486119667153891655e-01
-9.548942920659198030e-01
-8.995085796616709706e-01
-7.240446643883122757e-01
-7.511053655246654470e-01
-6.708562037036281955e-01
-3.174193461688776252e-01
1.730060354236427345e-01
6.092811721645743361e-01
7.586212772700940965e-01
8.374093832352176303e-01
9.374092634785566869e-01
9.641761337407445120e-01
1.023836853865965013e+00
8.443372475755055451e-01
6.921177819036491430e-01
1.077374056632589117e+00
1.370176988970886578e+00
1.665102976952943958e+00
2.086529846256388154e+00
2.442524321616567295e+00
3.573565578287709599e-01
4.081761356667278351e-01
2.681582411637194463e-01
1.053144671682039457e-01
1.685725535278051468e-01
3.842726324507985680e-01
6.850006970813363738e-01
9.445710844722949862e-01
1.178146908480935062e+00
1.247593845045972261e+00
1.204598344770084317e+00
8.985349642922173530e-01
5.249692855362546595e-01
4.302873108269735791e-01
4.474653488693456360e-01
5.115290141189110518e-01
8.083215044288469819e-01
8.232471044697037277e-01
7.031862600301684862e-01
7.243951298130049121e-01
7.597197714259773527e-01
8.793015433697679573e-01
1.023310387494004381e+00
9.279754164309385045e-01
7.681298796642550553e-01
6.496249375986667962e-01
5.837311044861640541e-01
5.752895568135319992e-01
4.790328365899656493e-01
2.907615114330209805e-01
-1.529466046108558623e-02
3.650203349198273550e-02
-1.387892336293561346e-02
-7.153452596197749924e-02
-7.979262072555855234e-02
-3.637791704297545919e-02
-1.813901634201753321e-03
-2.695160129671257676e-02
-2.032884280620932405e-01
-1.897187804200062278e-01
-1.793620689968276893e-01
-1.349642153715183701e-01
-2.381348561002716302e-02
9.236175249574225810e-02
1.831242351795937251e-01
3.037372581636968993e-01
3.791685800251071714e-01
4.929236209099158161e-01
5.745028713301307821e-01
5.485299015017536250e-01
4.793048421422016481e-01
3.815320702127875108e-01
3.574207587334206626e-01
3.140952120763065847e-01
3.489799283537110552e-01
4.465296341786817447e-01
4.320591339449831869e-01
3.713219678586060502e-01
3.737136214267615109e-01
3.888900742613369821e-01
7.263836570600544496e-02
8.340293007413288051e-02
-2.586678712937061364e-02
-8.434109530402082722e-02
-1.008711745926776648e-01
-2.123417607872198354e-01
-2.180754427628159575e-01
-2.236047170079831781e-01
-2.929054109723414068e-01
-2.919706043998800404e-01
-2.953954651174069412e-01
-2.656844489175885782e-01
-2.601226584511922568e-01
-4.642000842213166445e-01
-6.590189266547247238e-01
-8.762577148778116776e-01
-1.038564948238707597e+00
-1.177633321113800147e+00
-1.270277434491915658e+00
-1.335758650720347829e+00
-1.362797094343124682e+00
-1.391609632875511426e+00
-1.500716148425396801e+00
-1.626224589243466356e+00
-1.633520146080343460e+00
-1.774136531017145968e+00
-1.885527032509245915e+00
-1.976654839542145048e+00
-2.110901944757110904e+00
-2.129795543297367644e+00
2.650818565235692550e-02
-7.232233913202736064e-02
-9.848424528078152107e-02
8.146015831574517085e-02
2.679961409915375126e-01
7.362629172041876835e-01
1.485852708278902146e+00
1.919067099422268718e+00
2.223625082246908580e+00
2.519196230766916234e+00
2.662864933739188533e+00
2.667304639875667682e+00
2.530239455731079001e+00
2.473595936702590592e+00
2.561280230583767192e+00
2.690459159306874071e+00
2.712937763163220772e+00
2.652118725392020870e+00
2.676257141597070177e+00
2.807907130708495735e+00
2.683435540453102064e+00
2.553143435987824894e+00
2.387290006384464647e+00
2.141722969419660672e+00
1.799940032547997948e+00
1.753908201387295529e+00
1.775881532984783684e+00
1.682275724417280571e+00
1.694011402776116393e+00
1.984538878107643844e+00
1.464358787509485171e-01
2.499773985667869958e-01
1.053226325640667649e-01
-3.342562734207029096e-01
-8.677278754997872490e-01
-1.888656112468373172e+00
-2.449018210003992113e+00
-2.474210982579821305e+00
-2.917601384163080347e+00
-3.166231501190056363e+00
-2.956710219712694876e+00
-2.750642425394855817e+00
-2.641302557978663756e+00
-2.707417915254457075e+00
-2.649772747058942723e+00
-2.490094616086972579e+00
-2.494244542373981410e+00
-2.508933124491961486e+00
-2.415964442016498737e+00
-2.338706510011994588e+00
-2.281106240477287272e+00
-2.288329202073649427e+00
-2.415312640194454463e+00
-2.487458189600701530e+00
-2.413352663311334911e+00
-2.168626528344813842e+00
-2.092739130204951170e+00
-2.123720037820988171e+00
-2.063944500720833464e+00
-1.829859736095731604e+00
1.907525231704461921e-01
3.131598607428502934e-01
5.398212265311073121e-01
8.876467430139739490e-01
1.507959314663410488e+00
2.529516483349063538e+00
3.895923646840435239e+00
4.604743758994356284e+00
4.479453874392691048e+00
4.461507634390831534e+00
4.469030596400512145e+00
4.398455572585121764e+00
4.112893153389905798e+00
3.893655754410329184e+00
3.727436683524490757e+00
3.282063515637401174e+00
2.853392796284221600e+00
2.700261027146087844e+00
2.599843436927820051e+00
2.526493395124596475e+00
2.400374486597319112e+00
2.396010159033925113e+00
2.542858351032141861e+00
2.504574450335971036e+00
2.497681980737771923e+00
2.620511285681772495e+00
2.775644866671165722e+00
2.758803020062612354e+00
2.557510368069449314e+00
2.433500495253886786e+00
-2.626824600043935892e-02
-1.479180305676256191e-01
-3.422704381143440999e-01
-5.726823675493897259e-01
-9.044210208623888470e-01
-1.070129836227711184e+00
-1.285417153488745301e+00
-1.526481851015954794e+00
-1.597600514193057153e+00
-1.654185242649873544e+00
-1.646850845921233875e+00
-1.702590834603380454e+00
-1.748534259897909671e+00
-1.698471507607062225e+00
-1.701034761566880826e+00
-1.875880361318597034e+00
-1.975326939622497502e+00
-1.977731341976467050e+00
-2.012142506737249814e+00
-2.030138608780999832e+00
-1.978791636383938179e+00
-1.837152297005142598e+00
-1.489877319359355745e+00
-1.061486862859074787e+00
-5.585808072275461056e-01
-1.953219340661949688e-01
-4.296606459748331108e-02
8.739367687131627260e-02
1.926896824542591591e-01
2.335152230389197225e-01
6.778768348623318007e-02
7.586796465958398072e-02
1.369779428122788745e-01
1.879058060838144362e-01
2.769290052750766340e-01
2.348683050495142532e-01
1.472212936477716727e-01
1.228311421148848559e-01
9.463124151531730754e-02
9.138846259185455512e-02
1.066791508877878991e-01
9.130958780257168728e-02
1.119620823387271757e-01
2.660691189310158133e-01
3.676108888192026747e-01
3.859548995417543815e-01
4.450462876436248050e-01
5.894493452805648070e-01
7.178019589412172330e-01
6.741370984583650028e-01
5.257396587558069712e-01
3.385819162673380234e-01
5.630070978889978317e-02
-1.702032358358229747e-01
-2.960846172988059744e-01
-4.265852753303451816e-01
-4.377914171322522807e-01
-4.884149648430047286e-01
-6.260866668290983039e-01
-6.455548963681394525e-01
-4.012078715530338624e-02
-1.649171779158245532e-01
-2.100931474279530975e-01
-2.196352701922182904e-01
-3.717002643095448366e-01
-6.737729672977215145e-01
-1.448108794457422244e+00
-1.860296613709734537e+00
-1.528710598016077116e+00
-1.395441002812600750e+00
-1.498408836782392450e+00
-1.641073536311965952e+00
-1.920090200073244047e+00
-2.099890531647810032e+00
-2.341745896645915259e+00
-1.955312393321563702e+00
-1.650055803003660726e+00
-1.660107758421324187e+00
-1.061357657976464530e+00
-6.707608709680201731e-02
5.695501159384116496e-01
9.862196883194920272e-01
1.228086353985790247e+00
1.669160314921627641e+00
1.859378049010792289e+00
1.578911167443316055e+00
1.437899360040166163e+00
1.263249049461917739e+00
9.517543085561355198e-01
1.111166575191060435e+00
1.131469283111579405e-01
-3.235468520129969328e-02
-2.493310148986975505e-01
-1.193172837680745724e-01
2.731197440186988734e-02
-8.261697092671466125e-04
2.273717159827414735e-01
4.668910325265164252e-01
6.397370159886150986e-01
7.618075531739797457e-01
9.437626933829391662e-01
9.977380071683570328e-01
7.709886275587268800e-01
5.939938024502255942e-01
4.934697912325710090e-01
3.423906738800647220e-01
3.454444294534980697e-02
-2.697935305282392338e-01
-6.378582847434741687e-01
-1.070249003434660562e+00
-1.452460332908124041e+00
-1.862433109255687613e+00
-1.872626179222004250e+00
-1.723584631121687361e+00
-1.723383562176892703e+00
-1.440474381822244077e+00
-1.262953154981089066e+00
-1.285472695728448800e+00
-1.344591476059513901e+00
-1.445605960617263763e+00
-1.893112200695191150e-01
-4.604263465954639978e-01
-6.218806589325491796e-01
-6.889873435501345789e-01
-7.518847671822261880e-01
-8.513006816754105088e-01
-8.811814734213130329e-01
-8.906858458787979549e-01
-7.077793376263104008e-01
-4.877981533684665472e-01
-2.898578160465835607e-01
-6.653576454407150731e-02
1.102670296840381203e-01
1.847498522789953190e-01
-8.719388713299552895e-02
-8.066289970958708810e-01
-1.337998449739744578e+00
-1.221632805088357143e+00
-9.684993457564365915e-01
-9.377080355311668836e-01
-6.857158547596637899e-01
-6.394187419404143702e-01
-6.976421559875041201e-01
-6.426576041980485154e-01
-6.407132548655574134e-01
-6.335977997240973547e-01
-6.055691618557736966e-01
-5.995391667045119055e-01
-6.454572274027621237e-01
-5.186622138367407153e-01
1.863913269542397111e-01
2.939058603189850793e-01
3.247026697271633844e-01
2.186957906215727943e-01
1.849542768528931180e-01
7.357867465826871400e-02
-1.687476348631251621e-01
-2.302933544177752645e-01
-4.645228712672593296e-01
-8.484458276802169241e-01
-1.046357213054551094e+00
-1.261645259517659712e+00
-1.441846232172297126e+00
-1.563458190985499208e+00
-1.666093161225085773e+00
-1.757974883496219665e+00
-1.754159330748923828e+00
-1.607147565295983904e+00
-1.501156215537067462e+00
-1.487464155257370191e+00
-1.310891077756603407e+00
-1.196823059720163007e+00
-1.293455033751858885e+00
-1.307583707382785398e+00
-1.208363394458794371e+00
-1.076945651364575651e+00
-8.212362245391049420e-01
-6.331492278740332713e-01
-5.976905741995593990e-01
-6.784264852075606589e-01
1.960945255701167234e-01
3.170203553355569470e-01
3.074054308664578850e-01
4.563739458103345248e-01
8.269727112290139459e-01
1.139866285719943306e+00
1.195915091060325786e+00
1.974851364248822794e+00
2.643995706784200372e+00
2.235367997810875806e+00
1.787917754300875517e+00
1.558958315896054048e+00
1.180921534423435615e+00
7.669492754004183510e-01
5.712032141068300595e-01
5.332924181496011551e-01
5.416376220292350441e-01
6.473094665804322023e-01
6.047297811567030612e-01
6.042837233309554801e-01
5.981404779302075259e-01
5.456236524403618171e-01
5.554378305994440712e-01
5.232975151944785352e-01
2.499552273182680251e-01
-3.059280160009336669e-03
-1.213829056439262449e-01
-4.980246391497370473e-01
-8.778566481484155748e-01
-1.110181078355588991e+00
-1.491207204187463276e-01
-1.564840954918751692e-01
-2.191634425572850930e-01
-1.678542849704029172e-01
-9.464203490511292893e-02
-7.336407285338569784e-02
-6.168476359907063694e-02
2.603916102880472760e-03
4.749023004948898716e-03
-1.068815842067428155e-02
2.029040694653114901e-02
1.768453710777299209e-02
-8.470353832629970436e-02
-9.925169063031410999e-02
-4.392404356096395179e-02
8.165888508533734880e-02
2.410521505093636274e-01
4.052839312287387363e-01
6.542446584365667617e-01
9.357144539029531582e-01
1.152459167366579385e+00
1.149153113881410393e+00
1.213439130225617557e+00
1.270341871099526898e+00
1.407575252579548852e+00
1.463221558403281941e+00
1.328482773330202704e+00
1.243507107401483180e+00
1.146678523876882849e+00
1.067506504574815107e+00
-2.397548878972850447e-02
4.464396370385505242e-02
1.943202740955046193e-01
2.117850776759145071e-01
2.751113755832123031e-01
3.275102357285973875e-01
1.952138585329722398e-01
-7.667614138654393896e-02
-2.661498458192161909e-01
-3.381288894685158253e-01
-5.026066457823405997e-01
-6.157539710333564953e-01
-5.668510342696881921e-01
-4.444732678315324037e-01
-4.942265306625019949e-01
-5.431263860349696548e-01
-5.105461921388194657e-01
-4.341379145005618834e-01
-1.359524591848885189e-01
-1.554569958147391240e-01
-3.574264775710053743e-01
-2.260751649185952505e-01
-1.191282975580610359e-01
-3.034847711603031462e-01
-3.565089347993526392e-01
-3.318420068601371509e-01
-4.373708493003822251e-01
-5.379080531675721755e-01
-5.125566810238618709e-01
-6.076095857651181431e-01
-6.862959565630302738e-02
1.598783825326917096e-01
4.033155292783966450e-01
5.991550402442493706e-01
7.065010549649837213e-01
8.034365705198491803e-01
9.331112609307239403e-01
1.083974927135245014e+00
1.270587829637623845e+00
1.348753170018873515e+00
1.333948130007041266e+00
1.279766828195150863e+00
1.147255221862870878e+00
9.537192408333107219e-01
1.963866822307456239e-01
3.768920142714042854e-01
1.166962560407963423e+00
1.387317870902219141e+00
1.139736061363860742e+00
9.808427912133849125e-01
8.596585855748163363e-01
7.107860687036932079e-01
3.781576979867949384e-01
3.852836918770208285e-01
2.528058712602987423e-01
1.961833564545795161e-01
2.337490244769447056e-01
1.655025411825292170e-01
2.361884111908370554e-01
1.854707343044698642e-01
-2.527827834436944809e-01
-3.265609908127397043e-01
-4.812479236217160894e-01
-5.506900640189890117e-01
-5.756320043771147033e-01
-6.342193263892150767e-01
-7.898105591792343727e-01
-8.427152730357291288e-01
-8.968323887671351136e-01
-8.545863638001010010e-01
-7.651034034382808713e-01
-7.500114736987878450e-01
-7.725445581339935863e-01
-8.069015402674775128e-01
-7.797372933866516531e-01
-7.527095503106644436e-01
-7.166104406218870571e-01
-5.489971031609865992e-01
-4.796316595024608942e-01
-3.628824757708741799e-01
5.052340806818550467e-02
2.200558448566783121e-01
3.188447179079306748e-01
5.619878075356715685e-01
4.490409062316725874e-01
-3.557322861766346600e-01
-1.502637580101352510e-01
7.930822163421975546e-01
1.107418365523735071e+00
1.110677612792507762e+00
-5.706942986566965192e-02
8.524624376396608416e-02
1.295485013426650456e-01
4.611878880679562420e-02
6.249180216924614395e-02
-3.979999849160767433e-03
-1.125698582598385344e-01
-1.155082248682559182e-01
-9.673121088142197510e-02
-1.170877848886914679e-01
-4.242699292472549844e-01
-6.755148191004394231e-01
-8.341787308263830525e-01
-1.216779472236001469e+00
-2.017558912968395735e+00
-2.299340069573085010e+00
-1.891133052558084504e+00
-1.747040613096192851e+00
-1.953132998040331580e+00
-1.979825986806102556e+00
-1.880821716381734232e+00
-1.916005481933951149e+00
-2.078184365228743946e+00
-2.146755719303393040e+00
-2.254412561268770876e+00
-2.320622770324983986e+00
-2.412926988226514080e+00
-2.360781404597840805e+00
-2.417611940878982679e+00
-2.700133267396650272e+00
-2.422169496327091637e-02
2.469874749149618409e-02
8.873956345825755043e-02
1.273066635919861411e-01
2.534949195685754497e-01
3.626035283748195170e-01
3.437238613288673417e-01
4.106173875252989713e-01
7.390986350271924188e-01
8.695223274125389867e-01
9.043542082283512196e-01
9.310815396027818380e-01
9.982496241024306771e-01
9.681417225670183591e-01
8.723190031165826142e-01
8.899472895975444331e-01
8.969115999163246311e-01
9.004192542790714349e-01
1.058708606776668004e+00
1.305716025140492009e+00
1.428267052378266566e+00
1.600870099382390332e+00
1.589025178517815107e+00
1.344462568854040363e+00
1.340127838830677209e+00
1.491252155468119289e+00
1.491794711271622997e+00
1.459127327499241122e+00
1.712516209422574098e+00
1.666969392695761831e+00
-2.004903567004297782e-01
-2.880185453929064998e-01
-4.311165336465608844e-01
-6.985406923528914014e-01
-8.435905308466711272e-01
-1.034621158431483945e+00
-1.177045394110188159e+00
-1.272189591520214602e+00
-1.301626727214046708e+00
-1.397881974878614431e+00
-1.561146482192155682e+00
-1.821125599833064879e+00
-2.157314045327280549e+00
-2.191735590357772434e+00
-2.039027593446862241e+00
-2.058452929852366609e+00
-2.072454405942641742e+00
-2.048612748323577204e+00
-1.950611925071423780e+00
-1.907998801662672550e+00
-1.879975963135007477e+00
-1.848360967617987516e+00
-1.581279156773999439e+00
-9.328469067380403823e-01
-7.425075968762436807e-01
-2.685366870323576682e-01
1.318242503292233470e-01
-2.133462867912826466e-01
-4.448788131583895078e-01
-2.410033191049175405e-01
3.874811741231394269e-01
7.059088431814883879e-01
7.431565653366157820e-01
1.034850074052303892e+00
1.209455123257350495e+00
1.270213938329830983e+00
1.214012055934269529e+00
1.073761867653180158e+00
9.398332918332750197e-01
6.861025452709454964e-01
5.988399363602889824e-01
6.290000677379095073e-01
4.418379646199242505e-01
1.289296993401307101e-01
-3.270126658559821542e-02
-1.380361552627651089e-01
-1.634678233534133940e-01
-3.204690709585902297e-01
-4.793001840529337865e-01
-6.424620509045090300e-01
-8.076771698182806380e-01
-7.332474357101504969e-01
-3.786596704727064333e-01
7.009884036783359251e-02
3.501996542895638997e-01
2.634203614641229541e-01
2.450990657494306890e-01
2.903725720978382885e-01
1.610886174845789776e-01
-1.212116294362202140e-01
-9.258234642582699458e-02
-1.595480413763636918e-01
-2.480648539280293219e-01
-2.434611837964303083e-01
-1.226346686643568495e-01
-7.505218688306637687e-02
-3.397446960241883723e-02
1.398829485853922139e-01
3.060077655377811956e-01
3.132071080114652850e-01
3.986717876713523068e-01
3.134456519802164554e-01
3.564840322133732142e-01
6.698824165718677559e-01
1.045171098970625767e+00
1.462290728056163669e+00
1.864087199464874667e+00
2.109420011686981677e+00
2.149700403705834706e+00
2.011649490370138960e+00
1.629115108605324380e+00
1.162354599915138120e+00
7.096036217434543714e-01
3.106018414319558496e-01
4.477708823128982996e-01
6.472529456338398379e-01
5.430086848876369832e-01
6.208433387397075398e-01
7.789773540459017376e-01
7.536836619676204885e-01
-9.532111361315794007e-02
-7.266062738912941465e-02
-1.062956210489561792e-01
-2.674078742967846423e-01
-4.296812228213075513e-01
-6.466241816651119301e-01
-7.910745137025460005e-01
-7.554739953133304819e-01
-7.099485828352543049e-01
-6.701160505997821870e-01
-5.892130593665476646e-01
-7.212904620378122189e-01
-9.263639998682272614e-01
-1.048321433260094970e+00
-1.255036219782654561e+00
-1.341338539864516566e+00
-1.437125407067633809e+00
-1.500583359233397696e+00
-1.524331383765834769e+00
-1.579905853552833195e+00
-1.590729767200325329e+00
-1.639876285674731982e+00
-1.735294171883549730e+00
-1.774684695786987731e+00
-1.870721825402819727e+00
-1.990370661306350542e+00
-1.910847461035721562e+00
-1.754133973970857907e+00
-1.566385380462855581e+00
-1.264822931150693108e+00
2.793549820649267601e-01
4.845447698396538883e-01
7.430189470253100170e-01
9.116777376352621642e-01
1.008293482079941850e+00
1.059342976871153086e+00
1.158758789564696912e+00
1.294297876866170594e+00
1.347712313911943127e+00
1.343507934649165181e+00
1.374227821560585872e+00
1.349231864178159768e+00
1.123665030429267464e+00
9.077552479195186708e-01
5.724189186261634532e-01
2.155222086623386213e-01
8.737758556095651108e-02
8.356074291435934553e-02
2.463609319465789316e-01
5.013280404896900411e-01
7.372056541652263206e-01
8.356785411139213693e-01
5.769537230013762619e-01
3.167896598735314151e-01
2.363690263824194115e-01
1.142175075647336446e-01
6.012937719235724593e-02
3.215020397369025562e-04
-3.463056279391888564e-02
-1.178629602983737590e-01
-2.143478852586561956e-01
-2.299057478527704867e-01
-2.030229460202468417e-01
-3.157836852360679236e-01
-5.792210796064116707e-01
-7.567855373618335157e-01
-8.483457963919388556e-01
-9.839589055611863699e-01
-1.139689290929273513e+00
-1.138425948684530731e+00
-1.095884041329717951e+00
-9.980506670301941829e-01
-6.959755703534656890e-01
-4.735561558041205266e-01
-1.173939384767610505e-01
1.154713876318491927e-01
2.128528883229691138e-01
3.072354780267779195e-01
4.149474790971119376e-01
5.613126778533025218e-01
3.560993631828897055e-01
3.678492400305386489e-01
5.471385390478620270e-01
6.645942173232559647e-01
7.784442584571593660e-01
8.069192214828015963e-01
8.152137604980588259e-01
8.162727822022911583e-01
6.577074209928588377e-01
4.991485480898696370e-01
-3.542260830958968154e-02
5.880449632325873699e-02
1.696183628112012121e-01
3.157626070892556314e-01
3.235400976094282011e-01
3.434719606471101083e-01
3.430455553215100428e-01
2.541113885556899321e-01
5.415624101035104720e-02
1.033219501049408712e-02
-2.151268297346504293e-02
-2.019067233737561473e-01
-2.533315904845907518e-01
-1.712572267269006354e-01
-2.149228603588378694e-01
-2.834587126235420529e-01
-3.535530899572261188e-01
-4.859498966937387254e-01
-8.170649337220889930e-01
-9.048275586086260702e-01
-9.124188343178382121e-01
-9.718310275512909158e-01
-9.830173213070426685e-01
-9.400795071606468101e-01
-1.069914299639593613e+00
-1.308097293144510287e+00
-1.347081667751562684e+00
-1.438264216759924885e+00
-1.371221046285936218e+00
-1.258600050985241525e+00
2.151640784111410465e-01
2.962047303492257866e-01
3.541480572171554764e-01
5.248358574561611256e-01
8.348531751377403776e-01
9.746691355215668651e-01
8.866062581878977333e-01
1.251945592352972980e+00
1.705490304598652251e+00
1.580579125652123995e+00
1.524532665617581717e+00
1.760256889539208780e+00
1.916883958376799146e+00
2.063149232248927767e+00
2.070731502134155022e+00
2.051753777341641882e+00
1.848062317149245404e+00
1.717095894759125718e+00
1.634130519501586942e+00
1.387302873850615459e+00
1.168980843071870668e+00
1.165852917063220806e+00
1.143279707194148731e+00
1.092744038431515019e+00
1.077641873375026149e+00
9.569337043678115551e-01
7.735234288824497373e-01
6.706581609423736268e-01
7.054670069469300975e-01
6.723758144089462263e-01
-7.566088867997929068e-02
-5.553305470413603256e-02
1.081029483898089671e-01
2.239295168060090879e-01
3.571158763104397282e-01
3.584219701452563966e-01
2.170849135436632160e-01
-1.085500895356926732e-01
-2.847335905131126443e-01
-3.745446948500745776e-01
-5.133129169299770478e-01
-5.775581319813213321e-01
-5.202270420029410092e-01
-4.846352076586530333e-01
-4.389634495345234311e-01
-3.968543874341933231e-01
-3.729676555036085528e-01
-3.697840196722682604e-01
-3.756794166944564251e-01
-3.589913823558777417e-01
-2.367605880838523080e-01
-2.288326904058896882e-01
-3.506522208083227010e-01
-4.269468957995689040e-01
-1.329401600033306430e-01
3.617375484665838470e-01
6.385759730659763544e-01
7.618521732592836715e-01
7.815397878339590543e-01
6.678979180963043882e-01
-8.981466997626161297e-02
-8.213594467047198588e-02
-5.379571757369052687e-01
-9.561930387200539005e-01
-8.467411282253546334e-01
-7.274488383228994159e-01
-8.023426544404493876e-01
-7.366089614305781907e-01
-5.726530057710474964e-01
-2.576781755628858583e-01
-1.530578322017904502e-01
-1.328850649432145314e-01
-3.137761137569182734e-01
-4.469281255632329697e-01
-5.238036461553213785e-01
-8.092863178179808825e-01
-1.031421803855504082e+00
-1.202584198340324706e+00
-1.449709567408456357e+00
-1.585177494545074950e+00
-1.729180749711335174e+00
-1.792292206273456756e+00
-1.743651656742665423e+00
-1.746461576932860416e+00
-1.723638896444982249e+00
-1.670097046095691207e+00
-1.622078708403560610e+00
-1.654085701951288234e+00
-1.643384977994047480e+00
-1.503566017031807256e+00
-7.633628506471998310e-02
-1.891730923854474944e-01
-2.631300685326836697e-01
-3.094091880172260001e-01
-3.644772744496957984e-01
-4.041757934239592065e-01
-4.063118417341909372e-01
-2.010768580051145171e-01
8.949621038059871192e-02
1.948221832655541719e-01
4.123733078958419784e-01
5.467204270205076044e-01
6.597162989614567818e-01
1.185817264861066311e+00
1.523519193529453419e+00
1.177167999628212502e+00
1.187798544413871893e+00
1.507293130556233596e+00
1.440149025320931697e+00
1.246831814664175253e+00
1.244100882779034523e+00
1.183306380362344479e+00
1.111893139347964965e+00
1.082371458334731251e+00
9.846825067524068720e-01
9.229782488477396019e-01
8.656459460383677529e-01
8.391371455705005644e-01
8.962374357092978139e-01
7.373043490477213524e-01
-6.470936272778948783e-02
-3.905083350001436332e-02
-5.505781637668227813e-02
-1.219408715196798054e-01
-1.063359249881568463e-01
-7.927441617559927156e-03
-1.025513384336434186e-01
-1.686571246625231113e-01
-1.544465556057598721e-01
-2.063964233725955333e-01
-2.185614374911698243e-01
-2.937398901190663714e-01
-6.227601324173257513e-01
-8.566520440412949133e-01
-8.694845076116929361e-01
-9.819168677833883807e-01
-1.024997341287529062e+00
-9.367640263543515200e-01
-6.241454409402173997e-01
-4.907751236569808384e-01
-4.058512523076206469e-01
-2.094160642988849297e-01
-3.359238638523008857e-01
-4.484602405733692509e-01
-3.130457319267313521e-01
-1.785716965618949215e-01
-1.224029316666054856e-01
-8.370008113383387016e-02
2.773842087413107282e-02
6.021660316946192415e-02
1.477274084438590096e-02
2.899803293068717869e-01
4.885833972889022658e-01
6.472898131810701505e-01
7.799762886933496731e-01
8.966522469762736591e-01
9.115402556015133051e-01
9.494863832466843290e-01
1.073205285418767918e+00
1.167434652901816916e+00
1.230502848979526664e+00
1.248073916734736777e+00
1.190191963179779489e+00
1.181239822046967314e+00
1.157704650003936742e+00
9.421442902853363055e-01
7.331548719701045380e-01
4.611041308534413186e-01
2.168168532000613602e-01
1.257641736852616599e-01
3.236169092081676579e-01
5.675708695311346696e-01
5.907313883762103091e-01
5.790297409978053533e-01
6.335290230305307135e-01
6.170794151570094810e-01
6.320731922421519711e-01
6.283478739632873955e-01
6.488335792300525817e-01
6.484050043934438401e-01
-1.948981965460332144e-02
1.275636863476111577e-02
3.430412462344920033e-02
-1.116621578608098520e-01
-2.235238129967606346e-01
-4.542519686437380688e-01
-6.209183282366284029e-01
-6.348934414215925415e-01
-5.534339789348913241e-01
-2.619129159666688800e-01
4.227138928678331187e-02
3.751229599170419760e-01
7.219802265116163076e-01
9.710220779986924455e-01
1.040716317103826283e+00
1.146302899285015275e+00
1.188339188595080920e+00
1.155949658211021580e+00
1.135092583543534372e+00
1.021228879687716029e+00
9.811218850569281003e-01
1.052516120154224355e+00
1.107501929524897788e+00
1.194293137752141298e+00
1.213499306180672699e+00
1.009325954375217771e+00
7.766777622144174220e-01
7.463669379524220382e-01
7.339480916202139049e-01
7.548892043888233427e-01
7.180426247974908138e-02
1.831830708674704045e-01
3.504067408796665006e-01
3.185863582887699663e-01
