-8.016192702461996666e-02
-2.223265868473615903e-01
9.087489319907557372e-02
6.897377380897300181e-02
4.771854393995576815e-02
-8.815731370664477151e-02
-5.091676447615207934e-02
1.819198758878162736e-01
1.844739347317805589e-01
2.014783851646521073e-01
3.023281271618838417e-01
1.681163088346774026e-01
-2.214857136328939602e-01
-5.072230197991040024e-01
-2.884885384078762494e-01
-2.080131500146373547e-01
-2.582443223502620122e-01
3.881275153171506731e-01
8.970075751103849804e-01
9.260902735280840403e-01
9.184593680062582699e-01
1.087013499917796056e+00
1.097651251868593913e+00
9.188085287497298470e-01
1.053551712228945059e+00
1.443869385175563735e+00
1.679039206380529947e+00
2.168802529353325070e+00
3.031981423993752145e+00
6.135017724213056578e-01
9.317707376004493725e-01
1.284348800779258504e+00
2.101516507116755417e+00
2.040106136983108165e+00
1.090407304024022750e+00
2.458290737827706351e-02
6.145828773604922191e-02
-1.821943005141496708e-01
-7.752789285318495427e-01
-1.510288478304452120e+00
-1.902342752410211224e+00
-1.532869505427517431e+00
-6.585338429214682154e-01
8.087267588194335666e-03
1.427653079643937117e-01
4.644430195619093649e-01
6.820256353863959342e-01
5.597111982998406177e-01
3.646391571962963596e-01
2.114207318953538750e-01
7.413172366929213219e-02
-6.942612331530834124e-02
1.882204385063364072e-01
4.452003534148958330e-01
2.409727001586665918e-01
3.607862387302959162e-01
2.723132535170119661e-02
-4.548942745137939947e-01
-9.818525734328016341e-01
-3.115506909329240348e-01
-7.802439879742917306e-01
-9.832804798546087577e-01
-1.227300205819092049e+00
-1.763464023783117174e+00
-2.109936568234528576e+00
-2.088523149692049330e+00
-1.819071108213385690e+00
-1.782142044770008038e+00
-1.897743614238328158e+00
-2.396632515402032038e+00
-2.492832772060352919e+00
-2.683648635558565143e+00
-2.858204247997500946e+00
-2.896966029470808834e+00
-2.756357746918855600e+00
-2.285183358587966840e+00
-1.960082677062534362e+00
-1.496443086198992800e+00
-9.529906989735732470e-01
-8.465747748298038111e-01
-4.269830531516594085e-01
-8.349245448264287495e-01
-1.579909857961649511e+00
-1.875865119078516496e+00
-1.855671296407961801e+00
-1.897895824029795397e+00
-1.901855923229888390e+00
-2.086855556608155915e+00
-2.100571338249857867e+00
1.779319797391762728e-02
-6.025430074169119132e-02
4.556510428094152076e-01
5.579530718407246237e-01
1.854838560379967749e-01
8.189979328832108774e-02
1.564030961339916703e-01
2.598512045114321767e-01
3.406218708890491609e-01
4.238986301509496957e-01
4.838632594774239237e-01
6.364536674269046790e-01
7.254417374175019528e-01
8.128226881807317783e-01
8.973961120274248637e-01
6.717966575221887560e-01
5.367631277313766880e-01
7.185483286632069477e-01
8.464301928931631247e-01
7.915962707292960587e-01
7.491969358574940285e-01
6.800487732928557350e-01
7.495642883585690308e-01
6.324758537285892768e-01
4.581232454345380845e-01
6.245038671250476847e-01
9.237965034502673145e-01
1.249398313386513859e+00
1.033464458273528397e+00
9.228768472997805894e-01
2.147248815951457446e-01
5.906418851665526937e-01
8.378949263377862833e-01
8.544470635833711913e-01
7.580528620326589806e-01
7.200848001140076615e-01
7.558496359424414779e-01
6.227471384615352878e-01
7.620121895902863818e-01
8.325019304557362831e-01
9.078906734840180848e-01
7.750100935392985058e-01
7.170201821120620878e-01
6.897716668489359826e-01
6.041567334012672985e-01
2.339726152159369854e-01
-2.014926562824304046e-01
-2.406831232991355762e-01
-5.632947012747974158e-01
-4.145500309282630913e-01
-5.976848954637282718e-01
-7.166613286069636324e-01
-8.855788444064760512e-01
-9.085444692334175842e-01
-1.013710258872279280e+00
-1.097238629708765956e+00
-1.103653108411351891e+00
-1.411594952935142588e+00
-1.228492211202781181e+00
-1.271150931331612055e+00
-6.803715250438817363e-02
-3.066051886008747118e-01
-5.904303462799962432e-01
-4.161815156968075580e-01
-1.170718022807040182e-01
3.775223352731382764e-01
4.028135832208918354e-01
4.918990919692012298e-01
2.193519833394069751e-01
1.013663841971159107e-01
-1.165075847172088175e-02
2.983117615875495107e-03
2.480699096596118425e-01
-7.191718450526962680e-03
1.719792517335814452e-01
2.472840012284697742e-01
1.952384653830922245e-01
6.679977478729520746e-02
-1.271687868322904924e-01
-1.815255616332541178e-01
-2.983170719317279063e-01
3.660123182631030980e-02
4.758826208653307299e-01
6.002105004649074260e-01
6.064246754283274532e-01
4.293637394863036305e-01
5.811898901515900606e-01
1.055032277539492469e+00
1.337148743403689277e+00
1.397751920352898525e+00
-1.200182715269761113e-02
-3.849980074597220692e-01
-4.269986413867790653e-01
-5.739774279183891270e-01
-6.558263546641440733e-01
-6.674209074534968034e-01
-4.728325702118756357e-01
-4.715463688858934077e-01
-3.753312162968619470e-01
-2.916516640554980277e-01
-2.668001410703818577e-01
-2.298342510331713995e-01
-4.910444142637085396e-01
-5.414714981902257751e-01
-7.657783061580873962e-01
-6.620164515163713403e-01
-1.040127807411488359e+00
-1.439896237180561256e+00
-1.530307130533495208e+00
-1.348643498275099439e+00
-1.023637606964494573e+00
-1.108966675422191850e+00
-1.178632596117219489e+00
-1.316524448782454115e+00
-9.829998984963692621e-01
-8.150178485681188745e-01
-6.577257843639069401e-01
-1.034177684062594693e+00
-2.955333677578791951e-01
6.871329603191582702e-01
3.137082148760307609e-02
1.489240798533228993e-01
-1.932622653515084776e-01
-5.004331421420115111e-01
-1.046371334575445733e+00
-1.200158982077192293e+00
-1.176751962844932553e+00
-1.427693801309832367e+00
-1.547439488634710703e+00
-1.907056697453395566e+00
-1.936350007059951528e+00
-2.324889611611496321e+00
-2.500132653895445589e+00
-2.593028685635685004e+00
-2.468392176174199371e+00
-2.322357022904476764e+00
-1.965746845720344194e+00
-1.131611472681759434e+00
-1.188567208152312871e+00
-9.163695720130895506e-01
-6.107969123995746763e-01
-9.272635861065678942e-01
-1.124135462785707418e+00
-1.246194661329494080e+00
-1.582529567765184719e+00
-1.852674300340702906e+00
-1.650354890270233854e+00
-1.720265486151935974e+00
-1.575111930610086475e+00
-1.547462779424328749e+00
2.258672904798022033e-02
1.535896180904756658e-01
2.437996464272072228e-01
-8.882449962725497139e-03
-2.717722506587517683e-01
-3.272850103129852917e-01
-5.614270739835163226e-01
-5.281024531626015150e-01
-7.481321126741531380e-01
-5.598152519664424398e-01
-1.106958526558070033e-01
-8.440584711964493891e-02
2.851670843893149287e-01
3.843996628828440509e-01
3.002449801030230847e-01
1.024503152083561242e-02
2.584933853574010731e-01
4.609227516508259681e-01
4.134238613982327282e-02
-2.320585868966871801e-01
-3.688949072498561854e-01
-3.694035421076389825e-01
-6.082066720053702635e-01
-6.530318228320155516e-01
-4.340214021890090312e-01
-3.728359819317815793e-01
-4.183409756089069287e-01
-4.988321692437028831e-01
-4.920460249559209798e-01
-4.494173150750242485e-01
-2.929005075449572226e-01
-2.613816399639553589e-01
-3.855790402230554470e-01
-5.073263233516782655e-01
-2.331229866424710528e-01
-1.849344134832442144e-01
-1.502915011340014151e-01
-9.210244572062147028e-02
2.366623944864282847e-01
-4.723604847215334690e-02
4.825003207297710872e-02
9.968178065036872870e-02
4.574628973602552495e-01
1.114362967316209874e+00
1.140703555669236646e+00
1.584584636769380550e+00
1.918369751003216050e+00
1.905751140321344073e+00
1.720026951246622415e+00
1.307105440707422961e+00
1.067176365787773973e+00
3.944609644365456580e-01
3.777309418879464253e-01
1.220351450210859223e-01
1.060085821778539439e-01
1.012098982579690276e-01
-2.267386614757766761e-01
-3.344613112327624038e-02
-2.919911389000318103e-01
-2.144995620795100977e-01
-7.557593296997844323e-02
4.142701105014768292e-01
4.724245387693130072e-01
1.412532546128056898e-01
3.263563778511100466e-01
2.644841178072822041e-01
2.844467966374661372e-01
2.851531480951055020e-01
2.845557539886181542e-01
3.378370822320242439e-01
2.064974981911052720e-01
3.020339547852597395e-01
1.695739924228954476e-01
2.273845399998594974e-01
3.563830249865903022e-01
8.254606715161439956e-01
1.218688101972348781e+00
1.213304287678474314e+00
1.475430915975542323e+00
1.165786405278337323e+00
6.587511895518237681e-01
4.219447018920721160e-01
2.134812875461792603e-01
8.655140349005485678e-02
-2.034598150679335915e-01
-1.082771302515840722e-01
-6.330090162097223860e-01
-1.756742919466951269e+00
-2.575992642156203605e+00
-2.704239383222130755e+00
-8.770810575104174764e-03
-8.536272118462415182e-02
1.970717790857534624e-02
-9.756627245853756458e-02
-1.239399718111439813e-01
-9.984455730706182086e-02
1.260990359219776036e-01
7.893374084934190460e-02
-2.942559785739164158e-02
-1.207909188647578180e-02
-3.477960996603549071e-02
2.441494701543971690e-01
3.982609703819759428e-01
5.138319577026918550e-01
5.324750466023951967e-01
2.809655160650148531e-01
1.589467316203965197e-01
-1.492023990308254389e-01
1.799169785586797188e-01
2.483098162589285618e-01
-2.491260405736236971e-01
1.051585011262012870e-01
6.718341050323775043e-01
7.354391108843292280e-01
6.170322565591451758e-01
3.623292345850399054e-01
1.347982578757346561e-01
-1.581697692766112495e-02
-1.214500070994852521e-01
-2.086137857029489451e-01
2.134081095802331518e-01
1.988724433563740512e-02
-5.069375520271464375e-02
-1.851955937288970316e-02
2.189628704932931880e-02
1.501696476104521505e-01
8.101535355829488083e-02
-2.794670708588270491e-03
-4.272354628979365687e-01
-4.287270102778858449e-01
-4.935905751225906912e-01
-6.784179014096592963e-01
-6.686794245678397974e-01
-8.191628777971247111e-01
-7.615006328060528462e-01
-6.392474206074356680e-01
-5.870839098288216373e-01
-5.356244880133853581e-02
-2.671059952122350478e-01
-5.289849563443876912e-01
-5.284986111351696048e-01
-8.947721711338219031e-01
-1.060954577391062026e+00
-8.788711125849685279e-01
-8.385216711023156799e-01
-7.328939042272712978e-01
-4.115864878750947198e-01
-1.906381933622455782e-01
-4.607524458830694614e-02
-9.957959719946084254e-02
1.125144122883725284e-01
8.243262724505501238e-02
1.021877003896724950e-01
2.049358667468077488e-01
5.211111246339009129e-02
-3.851962354576513592e-01
-9.940568935629363612e-01
-1.113887926814903118e+00
-1.351887511707650757e+00
-1.300877113440602306e+00
-9.139481040315595717e-01
-8.440986115446669213e-01
-9.813613454639578126e-01
-9.805346678817262740e-01
-5.072262831088332202e-01
-3.122395865185715325e-01
-2.229219753570124141e-01
1.341593325815970683e-02
4.195999453516825739e-02
-6.883752518446654978e-02
-6.303024217749725322e-03
3.661228843579900777e-02
-5.260569469617822763e-02
-6.180797261822738864e-03
3.494665356055482938e-03
1.590007866172419293e-01
3.076720536922714633e-01
3.970577049205297193e-01
5.556220479381606125e-01
4.209661118541980773e-01
-2.183829275290252170e-01
-2.048403763817835954e-01
-1.340679064902545459e-01
-1.646892475669015365e-01
-1.325593599220760976e-01
5.293871587693368963e-02
8.805627285151269856e-02
2.489227554739274484e-01
3.682531623199792881e-01
2.866781172044736703e-01
3.660758456612070444e-01
4.014291766953380081e-01
2.347130357205268469e-01
8.716196625785163632e-02
-1.304288231888754979e-01
-1.517703234265378454e-01
-7.908637980943582224e-02
-5.967033792109725093e-02
-2.234392086421681245e-01
-8.562364483245604729e-02
-8.470278085710963856e-03
-6.238137271053370569e-02
-1.323775841453652957e-01
-7.014773524107944525e-01
-4.290709555254321739e-01
-1.444407469782162390e-01
-1.705360877168410894e-01
8.827525006666697704e-02
1.449705687312849434e-01
-1.439965710169530122e-02
-2.176490344077374184e-01
-6.901772169810787005e-01
-4.204600416023547838e-01
-6.347347840347750125e-01
-7.268926431263160737e-01
-3.790881992302155834e-01
-9.255362014730128539e-01
-1.376214708040697232e+00
-1.287585609205624371e+00
-1.663992563026694071e+00
-1.995851240589553433e+00
-2.394707719935767809e+00
-2.690698367900175025e+00
-2.736225783380815901e+00
-2.650591979057990599e+00
-2.289426518336809213e+00
-2.307831164942894642e+00
-1.852813265191052494e+00
-1.596448157867120354e+00
-1.629946625064144339e+00
-7.257899533015325089e-01
-2.643148246053476091e-01
-3.681608547907759821e-01
-6.077119906146404293e-01
-1.110816871188506250e+00
-1.531456341352618322e+00
-1.747495515604174710e+00
-1.586802143540540833e+00
-1.592763729568324127e+00
-1.305451804411231542e+00
2.598063897032995562e-01
3.679238727496760841e-01
2.632725402406791426e-01
3.878161404881999008e-01
3.015503020260749678e-01
3.055828145812120589e-01
2.991072263713299706e-01
4.305002625824558837e-01
5.559640193733992319e-01
4.036182875900806710e-01
5.699683937298970493e-01
6.210822472869245159e-01
3.989933890465521271e-01
2.832574797770406327e-01
6.383089925522719699e-02
1.601703414380316048e-01
6.231711793175152003e-01
9.808295631808163773e-01
1.161219559643469346e+00
1.096240337135899967e+00
1.057032913517639283e+00
1.254505607058848948e+00
1.579203049957789595e+00
1.578665739414401914e+00
1.622452515927413463e+00
1.746926577170294426e+00
1.769033190065596228e+00
1.891908414776899860e+00
2.016686322432335920e+00
2.075532991352663892e+00
-2.960010247423104993e-02
1.841950403607125475e-01
3.220576156720902916e-01
3.019424423647909528e-01
2.728444449816389561e-01
4.841135622482376499e-01
1.811173047340831066e-01
-3.690170289074836130e-01
-5.335257019708579129e-01
-6.864540841619519718e-01
-6.246714427514151735e-01
-5.104305563435825865e-01
-1.913862126224729621e-01
5.722993345102460605e-01
7.892135858768238865e-01
6.181012542387916975e-01
1.041584009606640882e+00
1.346403380451152376e+00
1.165320452858619849e+00
9.192787193140631308e-01
7.429157289942540654e-01
6.748315614986944988e-01
7.011583270009175139e-01
6.676533076215613871e-01
6.149596633857447037e-01
3.598513389820440778e-01
1.137952422113294726e-01
-2.954636270738672521e-02
-1.592219187909846567e-01
-3.296945952939072666e-01
-3.081849343572851119e-01
-4.697555680174541615e-01
-5.885776036930872035e-01
-5.140197068743501685e-01
-5.803178294073476629e-01
-6.502420959752674978e-01
-5.688870211434636781e-01
-4.778017758962758155e-01
-4.685854892929316451e-01
-4.168960099563895350e-01
-1.594944154476616860e-01
-3.102463845206143711e-01
-3.061959828725470123e-01
-5.077946675662875498e-01
-8.228747241270093493e-01
-7.771306088180295335e-01
-6.837290209896329518e-01
9.242643758327262482e-02
5.640611188805233489e-01
1.944136672607120975e+00
3.669360428530567209e+00
4.168716499501321948e+00
3.716699921034437359e+00
3.178802239653442108e+00
2.634773133062704886e+00
2.301672348908378130e+00
2.175746849697199004e+00
2.088821115103034476e+00
1.821314817629891003e+00
1.723896582721912374e+00
-1.160029144202124989e-03
3.333057512688399893e-01
3.220150821731178614e-01
4.209251329301358924e-01
3.112567102392217455e-01
3.358545672488862377e-01
3.834327119497748515e-01
2.800870754062952939e-01
7.182778898207239915e-02
-3.496777913143248595e-01
-4.074440392010074685e-01
-2.625739588055376883e-01
2.548442765121995413e-01
1.400348485947941590e+00
2.453095982508350481e+00
2.772449184919962395e+00
2.525785871482380429e+00
2.091194224143318792e+00
1.739440156501276480e+00
1.625869199915818353e+00
1.614851342800769141e+00
2.022037927727237783e+00
2.416874060963534188e+00
2.620728691316418502e+00
2.774704416377095306e+00
2.774591508155886732e+00
2.638248871036698251e+00
2.403262598212868362e+00
2.091338408781946434e+00
1.706302889379328169e+00
-6.790902426696462935e-02
-4.340435944647667854e-02
-9.617374829443040007e-02
-1.216204547154407789e-02
-1.628492448524400393e-02
4.977291578788918536e-02
4.604120340423271673e-01
3.969238968356781916e-01
1.138463680332361672e-01
-5.721315302127050195e-03
-1.677071106990816740e-01
-5.067608092678058673e-01
-8.768674795295191560e-01
-1.057835040255276082e+00
-1.087403672695435919e+00
-1.219333472773835858e+00
-1.066096180052045650e+00
-1.096351379594776576e+00
-1.037167187627783482e+00
-9.806664788733207017e-01
-9.093829432284674663e-01
-1.085341671112645123e+00
-1.676701441312482110e+00
-1.567560966309745618e+00
-1.122590306014656258e+00
-1.012173243852584781e+00
-1.018228701341856501e+00
-1.017807249311572404e+00
-1.220071349306010688e+00
-1.374472052571124925e+00
6.388388729090391238e-02
1.397572492028109625e-01
7.360727980366103818e-02
-2.254751915083944014e-02
5.307717619317600666e-04
-2.908664106625584791e-02
-2.539054778180733357e-02
2.307887500000973396e-02
1.565677527801508651e-01
2.797959025613805384e-02
-2.560550052351297928e-02
-1.055564881534867827e-01
-5.137041252646681322e-01
-1.130631419301110885e+00
-1.865450562065761098e+00
-2.151188041455770694e+00
-1.796516586154607964e+00
-1.415116342047672671e+00
-9.491830110363432826e-01
-5.806195460761220950e-01
-4.517488094958903022e-01
-4.885222120625769548e-01
-1.338301927089099230e+00
-2.086285440207280573e+00
-1.960656378496012264e+00
-1.970562461869919568e+00
-2.192099329966722632e+00
-1.967370352101378339e+00
-1.809193932985586173e+00
-1.667371060272896610e+00
1.701261717871034862e-01
2.839283799772293060e-01
3.246771508152799246e-01
2.629464192959897195e-01
1.202144101771657203e-02
8.979247631646777861e-02
4.377663409116380744e-02
1.158669343029224835e-02
-5.131782356902617748e-01
-5.285453271785979235e-01
8.940957730436782658e-02
4.872798808707120011e-01
9.796695036724454297e-01
9.262895984242395242e-01
4.666623630521992139e-01
2.786149846805993646e-01
2.382381768915179665e-01
3.707797540920856338e-01
2.071666691868873089e-01
2.984503312015814869e-01
1.034741508465171211e-01
2.430138257665823420e-01
1.560727331867376444e-01
3.943422939418605444e-01
4.701579041354883026e-01
3.112313385521470743e-01
6.142179107211667155e-01
3.699230417294613327e-01
3.013805041579226129e-01
3.732930566939093309e-01
-1.926219477404475522e-01
-3.498913463874742669e-01
-5.542176138185623824e-01
-7.102559775427268463e-01
-8.041988241939935778e-01
-6.904642274742216479e-01
-8.001564801943849004e-01
-7.731543036028127869e-01
-1.136027636174553379e+00
-1.897337218453598595e+00
-1.260520118969072012e+00
-5.165910906423809568e-01
-4.830603956834261248e-01
-4.960624493506897159e-01
-3.847417324693969132e-01
-1.207294754751456756e-01
-1.383479590822063732e-01
-3.145657461679978173e-01
-4.516025128944460287e-01
-8.132796121747747353e-01
-6.523425292820150823e-01
-7.118489596180185286e-01
-1.002971411333853924e+00
-1.032652989410017152e+00
-1.263990262623811534e+00
-1.620768761625374310e+00
-1.887445628204048376e+00
-1.083485295178342467e+00
-7.081427811988815213e-01
-3.276676449292767468e-01
5.655923582519074566e-01
7.085919490761978246e-01
9.037665997403456775e-01
8.970686543219253961e-01
9.220600559025854404e-01
4.504828575599624241e-01
1.365675924552633425e-01
-3.323601454378855014e-02
1.527053398211080937e-01
5.811687012590978085e-01
6.749110458986721239e-01
8.940318971464361608e-01
7.767604281105415787e-01
9.074871421549087769e-01
8.625582793138236726e-01
6.835681697344037078e-01
4.343103086862084017e-01
1.396200340641300941e-01
1.452555202899449005e-01
-2.146559008278743630e-01
-1.488743737023657809e-01
-1.068740734883247001e-01
-5.062587832514581221e-02
2.737995579474885033e-01
2.781100654350853740e-01
2.680329972522684234e-01
1.467153980479012354e-01
-1.469692835951873500e-01
-3.060180984332677157e-01
-3.060386113763977622e-01
-7.601330134452116694e-02
-3.844781298261673030e-01
-3.823930572093419133e-01
-1.101296242940307257e-01
-1.814341065607102954e-02
3.036765622863444314e-01
5.072763717891268787e-01
4.341992467826643054e-01
4.355370187432372475e-01
2.993206708974895935e-01
2.404907480850012325e-01
1.570849552114343961e-01
-5.768999391562570911e-02
-1.983825084533969718e-01
-1.631826044288108846e-01
-4.851598879174356949e-02
1.081808363716367238e-01
-8.355832949553129718e-02
-2.112797361495034609e-01
-2.340873546271582117e-01
-4.492150502364752329e-01
-5.756507395531800242e-01
-6.920754827723183400e-01
-5.597943965366742880e-01
-5.896384989165756041e-01
-4.645118732593638278e-01
-3.928440087855349372e-01
-3.357314110084256842e-01
-3.256694536789327965e-01
-3.415493838847947772e-01
3.663150772711933068e-02
-2.945768289593241052e-02
-6.403971690224009861e-02
2.140288527811295971e-02
5.150476879602204627e-02
-7.622084541564490279e-02
-4.988472048119710345e-03
1.642418719798406923e-01
4.185370799433063560e-01
3.758067310436574715e-01
2.959378696860582858e-01
3.136895896793679417e-01
1.414961258459421223e-01
-1.170452692481805390e-01
-8.388879984453306848e-02
-1.441156850899356912e-01
-3.007289815629043406e-01
-3.088666155377573497e-01
-2.037841817309980763e-01
3.835523290259204576e-02
3.736242893481976912e-01
5.502334407730824495e-01
8.487558475950585102e-01
1.155821672745348083e+00
1.094164081701120672e+00
1.117168747161811915e+00
1.220935716787286296e+00
1.208794901461520244e+00
1.174538842753777290e+00
1.207746598663045789e+00
-3.243496735017505073e-02
-7.812293186300314773e-02
-5.485391194396436187e-01
-5.936840638150369109e-01
-5.359665136286878573e-01
-3.487887040589358612e-01
-1.639419474533783672e-01
6.241703788606506320e-02
1.465957369846505043e-01
2.936360750973113776e-01
5.918743916616460155e-01
4.317326176784380687e-01
1.330960404383729756e-02
-3.788485956948214883e-01
-7.097178984362203513e-01
-6.895576616447335327e-01
-7.906596680830701995e-01
-6.148314112874044834e-01
-5.374202873964167848e-01
-4.302377505718130712e-01
-1.964335755293342423e-01
-1.553608207614494974e-01
-1.046470779223157010e-01
-6.891366783643904093e-02
7.114613412149248250e-02
-1.404602726643994770e-01
-1.153683304053281788e-01
-1.906289559893478702e-01
-3.675873276890059271e-01
-4.066775599638305927e-01
-1.850877487685991252e-01
-2.512078716966214542e-01
-2.965729570831293072e-01
-3.716885928157962482e-01
-3.687706997955317867e-01
-3.389814912396623692e-01
-3.421134059791942628e-01
-3.680671135937416127e-01
-4.842905759161514334e-01
-5.503899131650255017e-01
-4.765335227564992948e-01
-5.021067194641836151e-01
-4.370873014130087775e-01
-2.415298699766353641e-01
-3.939155705367286542e-02
-1.027412162561074926e-01
-1.301214222624795525e-01
-1.385524459341798964e-01
-4.605952770657842921e-01
-6.029256519473212839e-01
-8.684081327002108885e-01
-9.555871292832736064e-01
-9.221688821856628415e-01
-9.741527343999034638e-01
-9.836412914021954723e-01
-9.748823347275947793e-01
-8.908267131742084732e-01
-8.249535382294008734e-01
-7.003183627848578174e-01
-6.442534429645214722e-01
1.546208352263896135e-01
1.930857249074029447e-01
2.989219471741153544e-01
4.603168176532050904e-01
7.640392843459482553e-01
1.089600091993946807e+00
1.099516720975858286e+00
8.812606635882465067e-01
5.997230903669449331e-01
2.884724779553621832e-01
2.019994374260283831e-01
6.765055799609581699e-02
1.663204317743477989e-01
3.779322098767623483e-01
7.261831275138008746e-01
1.098711977171562548e+00
1.654154944997127341e+00
2.186156397494533277e+00
2.533583428564266438e+00
2.706929220097151756e+00
2.657515457221282684e+00
2.399646574198161186e+00
2.032105112694313931e+00
1.656824006796003612e+00
1.354917292779363791e+00
1.073675286463647183e+00
8.266265732514986864e-01
9.344961834481962937e-01
1.153907407443465427e+00
1.335268126767970465e+00
4.192328090241044802e-01
5.443270034937324198e-01
5.213842451157066904e-01
5.263587803269251797e-01
3.458965472653477979e-01
-4.632064662074397710e-02
-2.341139876963152788e-01
-3.263371677561497375e-01
-3.577645421384644253e-01
-3.506138438221601539e-01
-1.949133095041127584e-01
-4.825361610680733992e-02
-1.965540700893905757e-01
-2.696476513838780287e-01
-2.448143568325059360e-01
-2.831275102198195226e-01
-6.276138627297169759e-01
-7.725078364079475124e-01
-8.524582298771892219e-01
-6.381891442801939096e-01
-4.530384225703324441e-01
-4.904970511972107650e-01
-4.257892162329725005e-01
-4.550727087923578940e-01
-5.675015861900289948e-01
-5.668506182512085267e-01
-6.977405043522079131e-01
-9.280178805987697732e-01
-1.059589770385465313e+00
-1.057278327935982976e+00
1.274654481697463648e-01
1.680197859112541880e-01
4.914907185372555110e-02
2.058280896738222121e-01
3.024083082636171427e-01
3.930961573898216210e-01
3.552994019338950316e-01
3.447455183969276304e-01
8.590753706393383649e-02
-1.726129258480208484e-01
-2.598604362847375948e-01
-2.601784222162144555e-01
-1.766639006951277735e-01
-2.909627111576077452e-01
-1.503622237672949113e-01
1.471287534264150709e-01
3.131164494515811803e-01
3.808736237503511646e-01
5.049236961624360420e-01
5.956722073906144388e-01
4.430872869189215191e-01
5.073012714281230906e-01
6.543293574277627700e-01
6.294251799654094759e-01
5.854148812833184223e-01
4.748279706446200121e-01
4.586403897851281664e-01
4.388112632209656971e-01
3.503342282051379319e-01
4.452394500649246023e-01
2.025825326849556296e-01
3.409210432942173519e-01
3.840319057061320485e-01
5.771550162364317282e-01
6.969024071012751564e-01
7.946888968786112173e-01
1.098990301638231415e+00
1.169861208755925697e+00
1.137427929693913597e+00
1.148880776479571875e+00
1.078875545971370364e+00
9.835174458075003345e-01
7.691084502401490663e-01
6.440489591615476961e-01
3.374850704611807028e-01
1.085783497945231324e-01
2.351008156450032360e-01
2.939288837850149716e-01
8.185172488500356280e-01
1.244774743092193159e+00
1.168767201788491805e+00
1.221011818232153434e+00
1.356007138620785701e+00
1.212951845895857028e+00
8.942243289029155884e-01
5.713894842934552631e-01
3.524844364320899315e-01
3.062809590612339261e-01
2.793878694933810136e-01
2.600331599318588816e-01
6.248345619245290750e-02
5.670324479010212249e-02
-6.277528039529878257e-02
-6.403923206068458385e-02
-9.572123987222055930e-02
-3.468744504689281749e-01
-4.141434750576858947e-01
-4.858222196056206643e-01
-4.592349172408580205e-01
-5.173159499921800020e-01
-3.993523110019769340e-01
-3.688876468809501041e-01
-3.857101659624032064e-01
-3.215592136778824273e-01
-3.680681372702822030e-01
-4.841771417173531544e-01
-6.906533009552068281e-01
-8.186083521929278239e-01
-8.062380003862157363e-01
-8.128477991656303248e-01
-7.151188314285272796e-01
-5.674599493673364581e-01
-4.883679952501234212e-01
-5.414111071796611219e-01
-5.390359299357824208e-01
-5.375650666270929134e-01
-7.324674862456996838e-01
-7.251009203891769506e-01
-6.826441372364500104e-01
-6.322702842788288091e-01
9.463243288033489076e-02
2.632038444224282236e-01
5.030822223268018867e-01
8.468574166046326512e-01
9.222697524436120897e-01
8.180364053244804090e-01
1.027219647233696964e+00
1.010681453284563380e+00
8.798063565700809940e-01
6.796651284448200769e-01
7.765922842174548535e-01
7.524902373633713948e-01
7.915946600759189433e-01
9.420000744671199744e-01
7.824527419315905341e-01
1.089480177210784717e+00
1.319504276807893284e+00
1.250709475842446405e+00
1.047538538969846167e+00
9.778100532803569722e-01
1.015856908158600858e+00
1.015431968163049703e+00
1.024426859585832128e+00
1.294152782809003366e+00
1.462898115910873154e+00
1.485744916191637399e+00
1.705960345732674188e+00
1.750692040226697221e+00
1.735499330764278536e+00
1.557425082595459420e+00
-1.000758203769896715e-01
-4.626951160540843100e-02
1.594918490217020479e-03
3.197807672357571955e-03
3.985425216959164602e-02
2.103923749009579264e-02
5.173817537994603727e-02
7.093785865550955583e-03
-1.440056366674336008e-01
-2.964923022298977529e-01
-5.834249131363804519e-01
-6.771986950594346411e-01
-7.085284022666834547e-01
-5.500143567195989736e-01
-5.939961695392634855e-01
-4.286292630568043771e-01
-6.367320629901421780e-01
-7.103694101941929739e-01
-2.341436070461550001e-01
-2.299294929070994919e-01
-4.991373484476557820e-01
-5.568624803331645445e-01
-5.754953579768855576e-01
-6.596628644785790252e-01
-6.414791575802828438e-01
-6.643320217502610703e-01
-7.804780684429951654e-01
-5.876185905319163405e-01
-6.428863558392923228e-01
-5.496663737284974705e-01
3.978922549056654323e-02
1.506798178833413868e-02
-4.413882336293473152e-02
-2.302520500679553772e-01
-3.115240780578149571e-01
-2.013301510295834595e-01
-2.023486264847356442e-01
-1.271947288435160694e-01
-4.747416593105864557e-02
-2.703749819295182127e-02
-4.763550024335587441e-02
-2.798368547475830678e-02
-5.884376342057827391e-02
-1.885960190609280995e-01
-2.804082508543467300e-01
-3.001840431590224179e-01
-3.330008981967727544e-01
-2.188546376378552316e-01
-1.991521506415668274e-01
-1.850609498446929291e-01
-1.457591227764632458e-01
-2.084308393460871933e-01
-2.250042828014124918e-01
-2.476222395148388877e-01
-1.108607401653782520e-01
-9.468564488760634890e-02
2.074819145172067392e-02
1.832567939085210651e-01
2.202118881996905086e-01
4.526725198596887045e-01
9.639135720308937560e-02
6.561227641901827556e-02
2.880743923993987765e-02
-2.173438699303082422e-01
-1.972090713588417477e-01
-6.685172431558003558e-02
-1.130483891959483123e-01
-5.388512828732275328e-03
2.343871393089864141e-01
1.495913830243085219e-01
1.536298737013234161e-01
1.422467413935297187e-01
-1.347975247081260042e-01
-3.149296926733448077e-01
-4.653682093749308413e-01
-4.831266774058370350e-01
-1.867253424245707838e-01
-1.875535047441214132e-01
-1.878215750985755828e-01
5.051369929181734331e-02
1.897459576970512152e-01
2.078454752040560516e-01
1.616699093784270957e-01
-3.085927860792819777e-02
-1.580129743461734515e-01
-1.136208200506557409e-01
-1.545413723768078729e-01
-2.435095028451247923e-01
-2.216455589241357049e-01
-7.796314065832593565e-02
1.559829952276087228e-01
3.153868996218973653e-01
2.459890159595063963e-01
1.724357004546774041e-01
7.020255950927700717e-03
-7.493214393268798901e-02
-3.977975427619617199e-01
-5.330421168013119715e-01
-6.878729156744085582e-01
-6.782283924446130818e-01
-1.530986192749042019e-01
1.778420693421635668e-01
2.587666871152547454e-01
1.524723404170963970e-01
3.032479829034102903e-02
-3.471641469639938360e-01
-6.357168093232548056e-01
-8.351641190192294895e-01
-1.022428048685170676e+00
-1.074501152166105200e+00
-1.318677689673970699e+00
-9.299905812521220838e-01
-4.401719651438005809e-01
-5.467541899948571427e-01
-6.669283378238122229e-01
-5.781265024914055140e-01
-5.444457182233786163e-01
-5.043287982859265828e-01
-4.826377577946492359e-01
-5.049499381706143986e-01
-1.252582691197520748e-01
-5.724369677613989904e-02
9.122587723581153385e-02
1.869297961767073524e-01
1.907912971001304858e-01
1.649248641781719260e-01
2.408933434980395361e-01
1.367120162135796735e-01
-1.603703602523978977e-01
-2.057449583858280417e-01
-1.667757669413893473e-01
-1.371160951306135134e-01
-1.766224901027374505e-01
-5.410799928436066386e-02
9.355007504990034417e-02
-1.138058972886961950e-01
-3.303330163357234284e-01
-6.401704891780253259e-01
-6.236395533242026223e-01
-5.952236601677528549e-01
-5.661259143062825627e-01
-3.481676047174827593e-01
-7.875972127930591649e-02
2.450150978397541701e-01
5.183797675537857863e-01
8.627862602846299023e-01
9.890052907518214198e-01
9.416737185851957737e-01
9.918455927246511150e-01
9.577911573621423758e-01
-1.339400489895024027e-01
-1.509908483474597107e-01
-2.255472327116931353e-01
-4.017709685515544193e-01
-4.110312142123981882e-01
-3.180095474347243711e-01
-5.105069490279996458e-01
-6.839069500570668092e-01
-5.591532185670647914e-01
-5.487891231364003808e-01
-5.877019004665198221e-01
-5.893229287312987674e-01
-4.853916515828974321e-01
-3.440219881649560496e-01
-3.213193408025541986e-01
-2.584783005427911395e-01
-1.914661948570252625e-01
-1.920987850124191154e-01
-1.960994122830696240e-01
-4.048975381795958395e-01
-5.527799577458396563e-01
-5.633849496137901536e-01
-5.638917901266456978e-01
-3.253249937144095938e-01
-2.997221611671444519e-01
-2.487458619891425304e-01
5.119024742932618000e-02
1.242786426744898060e-01
-5.179635090864574687e-02
-3.001905195750086131e-02
-1.304060625539769924e-01
