-5.827480527612377559e-01
-6.763216501344072595e-01
-4.890055891971019641e-01
2.569552029268417637e-01
6.946426839289373545e-01
7.723928456940329923e-01
6.028460576882288535e-01
2.867867224899400269e-01
1.358800579169708866e-01
-1.571689103952781941e-01
-1.892577289365718340e-01
-6.002563609611628603e-01
-7.649359782717828349e-01
-1.045182275155622342e+00
-1.001010473225082187e+00
-1.238991566920818244e+00
-1.323150391494429590e+00
-1.311737508961951404e+00
-1.207120431100543234e+00
-1.295140714114611180e+00
-1.314906205670120842e+00
-1.484412387298267078e+00
-1.789330617080854946e+00
-1.951452563392096717e+00
-2.001191128603288405e+00
-1.860107634657882203e+00
-1.609280620036221965e+00
-1.076958965091678433e+00
-4.303756711310716687e-01
4.767194535150968138e-01
6.439203820781425058e-01
7.118153514668610349e-01
7.917073369233554869e-01
7.838533383859356274e-01
5.048301635297305356e-01
2.244227545604837726e-01
2.596635021286861078e-02
-8.379031471659355301e-02
-7.952354921562106160e-02
-7.091909684099677313e-02
-8.535842457050418775e-02
-1.037272983419072064e-01
-1.313507537916756007e-01
-4.088980602589434299e-01
-3.164949030151255061e-01
-2.008721651261980989e-01
-1.065863858061742553e+00
-1.608370881636495664e+00
-1.052940152641892668e+00
-1.109858927633312842e+00
-1.567687102860440662e+00
-1.870088182600939453e+00
-2.075606835625964930e+00
-2.476979251684745087e+00
-2.594912592551000152e+00
-2.579387607963582241e+00
-2.635974897796397709e+00
-2.711844795650257378e+00
-2.557085555537918609e+00
2.900599221769745162e-01
4.428491798006523039e-01
4.876980049099930437e-01
4.657684555857646846e-01
7.431231459937776007e-01
1.262282248017258190e+00
1.509979425434688105e+00
1.407354533597536816e+00
1.348606834619604511e+00
1.281641694838684842e+00
1.063908801764964052e+00
1.001600981885944375e+00
1.032820425090974270e+00
1.094739414057400273e+00
1.165130416344690945e+00
1.258723428493127017e+00
1.325119348853881496e+00
1.358380799196736488e+00
1.325207652951540194e+00
1.311179698015362272e+00
1.287870293227414420e+00
1.288461893535495006e+00
1.332869622192859982e+00
1.328664679534649062e+00
1.333070342896109484e+00
1.332163700896745961e+00
1.259095214814393682e+00
1.187531066243853850e+00
1.104125692590687269e+00
1.078132835946417512e+00
-9.566572065414614967e-02
-2.211209854347851445e-01
-2.856963213485265163e-01
-4.240692192415537187e-01
-4.298377038408662809e-01
-4.219914904193076688e-01
-5.155999476633321699e-01
-4.509959724344875243e-01
-3.655302910974703168e-01
-3.734052019443785952e-01
-4.432475991269844151e-01
-5.279431892419722550e-01
-2.746807141486413140e-01
-4.002652353988303546e-02
1.721347660094611209e-01
3.327302087822204824e-01
5.027535136947602901e-01
7.374751636276284383e-01
8.689635831046580439e-01
9.613786218230701008e-01
9.849660514054634497e-01
9.785179369332398513e-01
8.872100230873950499e-01
6.191862932729377267e-01
4.655083326608250305e-01
4.771318234327585617e-01
4.601260612820192719e-01
3.706863985009120621e-01
4.022943833099362210e-01
4.631719838370942921e-01
1.392329445086155637e-01
2.600442995786091394e-01
1.876742677793519776e-01
1.313373874332758040e-01
1.567257170091393981e-01
1.088059702782143423e-01
-2.355536233443242533e-01
-4.538707351020085934e-01
-6.749881227534528794e-01
-6.892611450621327629e-01
-6.727336638645371458e-01
-6.264879962128985236e-01
-5.242731078028743941e-01
-4.669059506926288017e-01
-1.949537350646955991e-01
1.807443433577383129e-01
3.111093828654077909e-01
4.184970698251106458e-01
6.693980199453348767e-01
7.823605307625703942e-01
8.892337759476486303e-01
9.689341041623161788e-01
8.405982021204660981e-01
6.939720355112011241e-01
7.649267843341907014e-01
7.899231624854742284e-01
8.577375345171449617e-01
7.728087272567705224e-01
5.829501112787804917e-01
5.123331144544366333e-01
6.340422600489090815e-03
1.553273945850888044e-03
3.207493603720248249e-02
3.251342818054537426e-02
3.288983199898947579e-02
7.702737727415694124e-02
1.880132464629996614e-01
1.651661296421664815e-01
5.048036835187869054e-03
-1.915259690421534933e-01
-2.655271739996628577e-01
-4.963098153584974970e-01
-8.473356992507612429e-01
-9.678161500144502050e-01
-1.266439262165760082e+00
-1.118376957399719096e+00
-7.565575031826278218e-01
-8.995406374350989331e-01
-1.101927975944947402e+00
-1.177986171079180355e+00
-1.296829258324182277e+00
-1.496734000556365629e+00
-1.353359592521572230e+00
-1.267377002315572154e+00
-9.371290142759183261e-01
9.735761686562249828e-02
8.580512545059606477e-01
1.093549903175317972e+00
1.294966567415929193e+00
1.142740050048567158e+00
-1.445137588839700282e-01
-1.761330744239487933e-01
-3.045745834662885732e-01
-4.427879461180702636e-01
-6.789927329518892218e-01
-6.756194964009641923e-01
-9.940680333794678081e-01
-1.319614250266716526e+00
-1.371534733502858483e+00
-1.491183854950111298e+00
-1.410640342493246546e+00
-1.148780439536273512e+00
-7.438375047623525527e-01
-3.463762708869181917e-01
-1.193775937543904431e-01
1.080977837843090372e-01
1.678289577729140114e-01
1.453044216704979796e-01
2.931410402779733859e-01
5.468511482542153246e-01
4.997427680889918733e-01
2.466046223560304784e-01
9.350184958055474116e-02
-1.108363419905158964e-01
-4.933930500817615972e-01
-8.260199768399349995e-01
-1.173172647235949162e+00
-1.480807372593965221e+00
-1.668557837809099498e+00
-1.816515079380326192e+00
-1.067541336551953990e-01
-1.633285759533202874e-01
-1.683745423392576379e-01
2.179528848869706215e-01
8.154384081527494832e-01
1.433678859876630796e+00
2.048307438656768120e+00
2.324381892739249889e+00
2.596839247173126530e+00
3.079655278534593865e+00
3.283684145944898880e+00
3.257346339176320438e+00
3.194937808135340784e+00
3.106826906479119188e+00
2.901642788306665555e+00
2.528716130590043853e+00
2.267104703560570922e+00
2.112725016026391511e+00
1.972164496738655570e+00
1.888612350420899588e+00
1.871297432883003653e+00
1.852366163035791269e+00
1.870565485924769789e+00
1.873412539232806928e+00
1.817902196059419051e+00
1.776040943672256400e+00
1.633665706945569118e+00
1.525362894588400575e+00
1.812666497110614783e+00
1.373945172136777249e+00
-2.660067336737675370e-01
3.885276619772220497e-01
8.526463976803835276e-01
7.691757680501241090e-01
9.310608898021071056e-01
9.182239954532992465e-01
7.859969915012953168e-01
7.530967778094108667e-01
7.940072309282641960e-01
5.602264173581508189e-01
2.605082245898311943e-01
2.211005668317308770e-01
2.839663940124209640e-01
4.002747477030064172e-01
6.984166533050597536e-01
8.306881049665140182e-01
9.006158170150575515e-01
1.042939723867250867e+00
1.057945295026452293e+00
9.200510236468043557e-01
8.970400281518431385e-01
8.523049470508798908e-01
6.741930654943533163e-01
5.705143657680309399e-01
4.962400625446550806e-01
3.643323232099778819e-01
2.803049959628094445e-01
2.579153379219063513e-01
2.626831281911769511e-01
3.344314795399480067e-01
1.628178563384508407e-02
1.988925695791165377e-02
1.572912602921314879e-02
-3.819792279984707273e-02
-1.711614614981382398e-01
-2.376566644719332322e-01
-3.797581242791047140e-01
-5.687693658053486478e-01
-6.968424121434493301e-01
-8.065414832915207555e-01
-8.326816779850058081e-01
-8.107306000168329474e-01
-7.325464797244121140e-01
-4.998875119762580810e-01
-3.878237348885378855e-01
-3.196733290265117988e-01
-1.680969227688604573e-01
-2.402998178614029756e-01
-4.474883396425672899e-01
-3.673984635524067399e-01
-6.357643514685268338e-02
-5.318051758191171680e-02
5.480535501824581462e-02
2.666491541949750910e-01
2.416515227071003580e-01
7.120888459576760199e-02
-2.790488081399455922e-01
-3.809450968303140783e-01
-2.379226663571756550e-01
-4.321597819554268138e-03
2.692301414685056016e-01
2.633853873387458355e-01
1.320881604637016982e-01
3.040983502515208770e-01
6.569049885812175971e-01
7.477162148747472648e-01
8.060253240499057892e-01
9.085486453195834589e-01
1.008419145019610497e+00
1.071424852068130207e+00
1.091931729954252583e+00
1.056329403147316937e+00
8.754875032843685290e-01
7.120157325904884482e-01
4.633975256778841700e-01
6.726895724191400694e-02
-1.526235679506395826e-01
-2.817371205728154138e-01
-4.557127589405949308e-01
-4.319255019634608006e-01
-3.477095700791856814e-01
-3.173652475031015219e-01
1.256942089796103112e-01
3.714087076078277372e-01
5.766122671062953176e-01
9.880113220628332638e-01
1.231490925109171020e+00
1.404501252702801795e+00
1.388032260909499715e+00
1.147840633340952099e+00
-6.277897202777436847e-02
-1.004320554588077063e-01
-2.375135945462091003e-01
-2.897313366495714582e-01
-3.446907178558543672e-01
-4.321347330148389565e-01
-3.085168485333510402e-01
-1.059235654936375171e-01
1.321982695839199473e-02
1.389217342918825648e-01
-6.078484674460205017e-04
-2.414244345061510033e-01
-3.948238012743550129e-01
-6.231005675711347447e-01
-7.497350840108554237e-01
-6.577757299899107402e-01
-4.141550189629882306e-01
-3.104191278202885762e-01
-3.901216879260820947e-01
-4.258076825860582781e-01
-5.108912222623491761e-01
-5.435685453034062586e-01
-6.901119053207738219e-01
-7.966199833124876228e-01
-9.449381043863376295e-01
-1.110845714909261650e+00
-1.195290823119942170e+00
-1.198843805638683202e+00
-1.072461802163686917e+00
-1.014994020109209139e+00
1.566240767042024473e-01
3.156516834015212769e-01
2.433508522591388834e-01
2.189094336598261803e-01
2.600936882407364759e-01
1.378386643578705106e-01
-1.099913224621655305e-01
-1.034393441321056206e-01
9.231801644168499688e-02
1.536353547945681353e-01
1.986485813961764157e-01
2.484799801315766277e-01
1.306555232033388969e-01
7.605484482635252452e-02
1.825279729939925377e-01
2.921901303283740425e-01
1.808887915068749241e-01
1.232078350686948709e-01
1.115564390168214404e-01
2.516254941451141758e-02
-1.155056753909637635e-02
1.615715046383314757e-01
2.825185533366159074e-01
3.231953559096163997e-01
3.656680654280320408e-01
3.872402118667857551e-01
2.912733145794516032e-01
1.754339283451580855e-01
6.949249515274549815e-02
-2.592897995852810888e-01
-4.256833821307837162e-01
-5.755408602969258602e-01
-5.987990699122048843e-01
-7.843209906803432219e-01
-8.356023868805616539e-01
-6.175728025865736548e-01
-3.099966505590511234e-01
-3.149471215889712572e-01
-7.289166492109557804e-01
-1.030785241141852993e+00
-8.693168290518693553e-01
-7.161638016810143448e-01
-7.123119120091633283e-01
-6.164975604610667403e-01
-1.238590757754195470e-01
2.718132605420228165e-01
5.000220605783924910e-01
5.468512066308102160e-01
5.408920130878371868e-01
3.345678751582625843e-01
6.475876118282369864e-02
-9.184198973097157381e-02
-1.635862568588461463e-01
-2.647168345598830408e-01
-2.272721454799548901e-01
-1.067881332376434539e-01
-4.127056434011076858e-02
1.008410986135230974e-01
2.658366446888260071e-01
-2.575239328916456572e-03
-4.804360809719425696e-01
-1.161347440157737054e+00
-1.872771514772048063e+00
-2.344325357065474957e+00
-2.503554125544190434e+00
-2.402823563539743912e+00
-2.060911885163819512e+00
-1.754927112767034947e+00
-1.361644665047452740e+00
-9.004572692316684668e-01
-6.803671645906532728e-01
-6.878042493888369968e-01
-7.917081290605647581e-01
-8.786301101858133844e-01
-8.192545189665673133e-01
-5.340618589462670096e-01
-3.850192606121649597e-02
3.065190808584277726e-01
5.824622997002711910e-01
7.681549606258495366e-01
7.819653160756158128e-01
8.547941785108840174e-01
8.907291957307825747e-01
6.457425182949100284e-01
2.222703803697558822e-01
-6.770859695246317367e-02
-1.598538954519363453e-01
-3.975489293691562842e-02
-2.193362307137903394e-02
-7.535081247818828723e-03
-4.584131677829419299e-02
-3.138748020340450529e-01
-3.908470809736281359e-01
-2.039048002322126352e-01
-1.896841289883721693e-02
6.576862349567133559e-02
2.162114221989211715e-01
4.843293247006360547e-01
7.530095103345011420e-01
8.894099752841028161e-01
1.054663671986294071e+00
1.059921312518834702e+00
9.786930477030959530e-01
9.654630697551697116e-01
8.107862104819567595e-01
5.409377060060392983e-01
3.532190715870926478e-01
8.868445294738708240e-02
-2.464238799470227503e-01
-4.580073082316444832e-01
-6.803698477759259067e-01
-8.156726451857955196e-01
-7.014088326271699092e-01
-4.870863143161591191e-01
-3.415132347078525532e-01
-6.209586085584378745e-02
1.331353940919068057e-02
-8.448683838038709842e-03
5.433012607740682343e-02
6.617128879723699342e-02
2.673796407610662396e-02
3.545008033088369315e-01
3.090847287491679252e-01
2.156270768310474817e-01
5.391868171400637788e-01
1.339717657364474790e-01
-5.577184949160591820e-01
-4.456974784188212357e-01
-7.994642606459878564e-03
3.636725337461097635e-02
1.783006520267825246e-01
5.566145437280626274e-01
5.900495624939182671e-01
5.970789673040007850e-01
7.074270040417589556e-01
7.212187021171410084e-01
9.633686701887875792e-01
1.322323976744252283e+00
1.257887077618893734e+00
9.225518386298705575e-01
8.745304551138668447e-01
8.642928293810933082e-01
7.942854544418349594e-01
7.588528345833964739e-01
7.222190947927487059e-01
4.801872078068296634e-01
1.604433263622069838e-01
-1.036503469227333940e-01
-5.218513464366671961e-01
-6.602063286000064979e-01
-1.937484936957953596e-01
-3.853290958759099660e-01
-4.702737532495637751e-02
2.078923109066572739e-01
1.822539543042048515e-01
2.686023647254084934e-01
6.002739077269783063e-01
6.008874971430349099e-01
5.885927118564325822e-01
6.489874672921848164e-01
6.125977786181349138e-01
5.122867777666872957e-01
3.400106758949725250e-01
2.729219359730891692e-01
3.738617080138332827e-01
5.127905436645179282e-01
6.485958558506133009e-01
8.335491474289450364e-01
8.574156073098820885e-01
6.842076634522040735e-01
5.106535669629606033e-01
5.251003449474853646e-01
5.218623412036872411e-01
4.054432408876982308e-01
6.431604573634712718e-01
9.228885359980860681e-01
8.848699886513033963e-01
9.155032184002531714e-01
1.294265664166105445e+00
1.463019640620706330e+00
2.353216390406031276e-03
2.457927777261158936e-02
-4.849080350156973612e-02
-1.327620503951462139e-01
1.339402708471986170e-01
4.331498974519976120e-01
3.731910864016299567e-01
2.793196483949275111e-01
3.202642345480575248e-01
4.112625074490888766e-01
3.762402199188915053e-01
4.910763694841084881e-01
4.892050425268666958e-01
2.932259613756296179e-01
9.260103970296884590e-02
7.367721146457022197e-02
-1.195462823089475796e-01
-2.438843896856924820e-01
-2.197153797189572155e-01
-3.194299708617838185e-01
-4.622699912596914262e-01
-3.914268617960560137e-01
-3.294029804775515102e-01
-3.275204887584154401e-01
-2.546438681923015590e-01
-6.400393678565349798e-02
1.846576097495308266e-01
5.617251984176072632e-01
7.924020620726384134e-01
9.174619033189185258e-01
1.030037061585091090e-01
1.730870119337011293e-01
1.747588729753041525e-01
2.178963579286655183e-01
2.944165208232424891e-01
4.137430935290036804e-01
5.183412862301859381e-01
7.479191841349884795e-01
8.777015010947374352e-01
8.071168641126338361e-01
6.635550485069601212e-01
6.293649194708380579e-01
6.146443861826870192e-01
5.241793208752721922e-01
4.722198751169479625e-01
4.345823225019943004e-01
4.007520493778591875e-01
3.073465895378183488e-01
2.757439257968518631e-01
2.541545669555183573e-01
1.821852400328001220e-01
-3.667435969415877572e-03
-2.086729660287064136e-01
-2.066769891258630198e-01
-3.540510100551175210e-03
1.176623502845596247e+00
1.866563135157971676e+00
1.454160669921073401e+00
1.567517880176191092e+00
2.017343292664026233e+00
-3.711494106254045744e-02
-4.644732186139719499e-01
-9.098771022623657334e-01
-1.225650293979697603e+00
-1.637826864329718024e+00
-1.772683998986685605e+00
-1.501848851654916883e+00
-1.327428662423767891e+00
-1.295443138485651069e+00
-1.566389832474730737e+00
-1.390827038079477829e+00
-9.318668358716670763e-01
-7.130270015850301846e-01
-3.431917186437946077e-01
3.039153598834498649e-02
-3.662866261615573826e-01
-1.036247938433833227e+00
-1.722284241052925768e+00
-2.650051112621994776e+00
-3.758061856079171648e+00
-4.238859133558281478e+00
-3.976492993863061542e+00
-4.006554782713266150e+00
-4.031823438272009064e+00
-3.584466630197293391e+00
-3.258845336024736028e+00
-3.291197307228474589e+00
-3.361735052340765861e+00
-3.413981348188041665e+00
-3.604873552376087531e+00
-4.468346587008623083e-02
1.490560691059746312e-01
5.834652109333324232e-02
-6.160549508035892408e-02
3.752036326384026177e-01
4.908392485977015052e-01
2.959589355630430907e-01
2.134696719711888790e-01
2.030707081163496686e-01
2.067650489324551477e-01
2.226744360252290722e-01
3.845023383195283473e-01
5.866243336253823548e-01
5.744975191550131255e-01
6.536763768944238162e-01
6.271082625907312691e-01
5.653063583744100118e-02
-8.042985253052155059e-01
-7.708752335585020710e-01
5.778329339785293062e-02
5.958183070082301303e-01
1.128120600299646448e+00
1.431356743602241632e+00
1.227178594556863400e+00
1.160643507442475020e+00
1.428119870769297028e+00
1.745157710583896238e+00
1.803322024735107831e+00
1.806529312898967010e+00
1.972321359034222343e+00
1.921958832883874091e-01
2.553213740965106782e-01
3.286482502633401581e-01
2.627103642070709455e-01
1.170823601132902070e-01
8.394606132978030266e-02
-5.912276320367040872e-02
-3.451683144088973920e-01
-5.319045649811940946e-01
-6.240100230345435595e-01
-9.934457783193770819e-01
-1.375695279618361244e+00
-1.555212744712391792e+00
-1.684401370917639751e+00
-1.611687702205862882e+00
-1.406738222970681740e+00
-1.089559523818903530e+00
-1.067775283151939814e+00
-1.252425351907695106e+00
-1.141562562132496961e+00
-8.645421077531836307e-01
-1.011798074552071602e+00
-1.231196015868794902e+00
-9.355433825778324275e-01
-6.111960203900006494e-01
-5.212237660144731777e-01
-4.022442070085465171e-01
-1.578220551868526056e-01
-1.953749308324512490e-01
-4.088300974011643274e-01
4.904604590421336729e-02
1.558923027160074581e-01
1.497400799639269364e-01
1.855772430753023228e-01
3.361767846998479081e-01
2.484073755002872419e-01
1.323847779693742011e-01
1.619726401795195669e-01
1.903051840204937339e-01
1.526146189751937388e-01
1.810017003394310264e-01
2.881506608535023828e-01
2.259153580537018313e-01
-7.383957692150278085e-03
-2.013795032190990597e-01
-5.483943300432081447e-01
-6.462677229511827326e-01
-7.147017837219282743e-01
-7.884473747767597462e-01
-7.235359202571259862e-01
-6.363999361152086198e-01
-6.085014546553854098e-01
-4.893231116569318750e-01
-4.667446547406176593e-01
-5.133208113082863289e-01
-4.208279130377854949e-01
-3.861944981238490948e-01
-3.926242441460238708e-01
-3.871265764059442227e-01
-3.919530859313029580e-01
-1.030225465034429605e-02
1.303731501014001037e-01
3.864768079669819723e-01
6.367821523990241372e-01
8.941202920354383021e-01
9.498238119633515275e-01
9.082516394716005914e-01
7.675740683315090962e-01
4.670583057276892491e-01
1.995960011495155895e-01
5.482500389599814783e-02
3.976844460772735457e-02
7.333831786882911985e-02
1.432213447515242044e-01
3.263709937204464784e-01
4.489730515358447138e-01
4.845968866614255299e-01
5.524031758379879253e-01
5.594197808952031670e-01
5.553721919195254708e-01
5.161892710904146808e-01
4.894472797215516091e-01
4.834842498711864889e-01
4.152328834931012236e-01
3.142095318748814314e-01
1.453435773809828579e-01
-4.863116943491785360e-03
-1.021718084486869932e-01
-1.889247024228607741e-01
-2.729216606172743531e-01
-5.719013106143557013e-02
-9.266891254250932131e-03
-1.662839775050835300e-03
1.659099763587150167e-01
8.400083897653971565e-01
1.062770122040934906e+00
1.409625566471615965e+00
2.241304765111939545e+00
2.547565594268943912e+00
2.498131393091938435e+00
2.562235241462241131e+00
2.587114114715133972e+00
2.181228759356808933e+00
1.651486091553878488e+00
1.173251946173595073e+00
7.806238583221237759e-01
6.044056306956294700e-01
6.368319389229795124e-01
7.916641855657369220e-01
9.174074826557530038e-01
9.445861094601996077e-01
7.405291123846760026e-01
5.062938282054487704e-01
1.727235316089851813e-01
-1.331024988523452079e-01
-5.205959110973669146e-01
-8.868021647679691366e-01
-9.209102232387619269e-01
-7.675733174577328288e-01
-4.352711466622658509e-01
4.315087640181763939e-01
7.795379811214392385e-01
1.080289082209756613e+00
1.423599203009681791e+00
1.592796863957523845e+00
1.530669200345764036e+00
1.254759923192642734e+00
8.554776694307144602e-01
5.516748149181947003e-01
1.598730249821023741e-01
-1.545228226341147093e-01
-4.538567854275314395e-01
-5.288942100322918671e-01
-3.343325039301501822e-01
1.671306111385523763e-01
7.818265882572059677e-01
1.292060437460958999e+00
1.392469044971249570e+00
1.460249673772048729e+00
1.392836192868719847e+00
1.305453124826183142e+00
1.035616868418416603e+00
7.129268566446922417e-01
5.182266760368582359e-01
3.399684447805914056e-01
2.897590489753388843e-01
3.832032451899940462e-01
4.483462932288484470e-01
7.025930344227491187e-01
1.278856970546914607e+00
4.787578592204829175e-01
5.970079433379666956e-01
7.066427465041931200e-01
8.083316560755580138e-01
7.045615374032199174e-01
4.073544536699654217e-01
4.158328149488007552e-01
4.736420206327963123e-01
5.851756674764754251e-01
6.607238641902428711e-01
8.023726994833833004e-01
7.957801087194753542e-01
6.917897599971147837e-01
7.010755439721034765e-01
7.860408472425539639e-01
7.991582873358326067e-01
7.928097392921997777e-01
6.452030901981175015e-01
4.809284511396886286e-01
2.702681263620313468e-01
8.202026582021576528e-02
-1.749961011047664328e-01
-4.794415100456292933e-01
-5.038212321242505620e-01
-4.910685268405857173e-01
-3.956035943125089660e-01
-7.705016142404713664e-02
1.557506348331916257e-01
4.109380637558861515e-01
5.971011884159361793e-01
7.174774693620517008e-02
5.655359768271497889e-02
8.111844860533720669e-02
7.295937804288991912e-02
-1.253162660421386354e-02
-3.881182381602890641e-02
-1.475438456331767262e-02
6.773884139819368738e-03
1.100058829542444744e-01
2.452367128685385977e-01
3.396593669135530846e-01
3.454793349257922475e-01
4.852541436706410694e-01
7.544974783013095321e-01
5.845309739280422079e-01
2.219547699587107181e-01
1.909420771211469692e-01
2.685982697352784498e-01
2.576293231441519893e-01
2.023930586240342555e-01
2.198396655069733141e-01
2.570851596372165648e-01
2.711582037823108138e-01
2.834273922196020590e-01
3.067297393963572261e-01
3.010109415716127335e-01
2.942812156350225195e-01
3.391641264397675659e-01
3.403235100419209624e-01
1.713692635261434838e-01
-2.071626950084231866e-01
-3.402010865098579195e-01
-4.120821790420718944e-01
-6.188485105911047945e-01
-7.189676526835321324e-01
-6.860735208572733557e-01
-7.587236587423091816e-01
-8.644155043500507674e-01
-6.039619936706135395e-01
-3.714202951054247359e-01
-3.198111796850493516e-01
-2.349840919705205311e-01
-1.017545723615240205e-01
-8.802803573380781066e-02
-2.166068138573815638e-01
-3.144282467670264647e-01
-3.335886402853377453e-01
-2.670832790012429570e-01
-1.588402576384941867e-01
-3.387818587192689690e-02
7.169993620381616417e-02
1.468410697870202730e-01
1.993164794296652109e-01
1.700222514387343675e-01
-7.691718871177768979e-02
-2.979629733305945161e-01
-4.156878196713451046e-01
-5.144523964303975294e-01
-6.863762743924977094e-01
-6.235998044039765542e-01
2.443632177611340661e-01
3.311094385196897694e-01
4.359613664100757124e-01
5.045764412694462298e-01
4.782198189906003982e-01
4.546225597284075937e-01
4.508084681778569136e-01
4.268959451309302100e-01
4.066520032202231572e-01
4.329654507315675027e-01
4.386134602917868275e-01
4.903552581857270609e-01
3.609765654058706419e-01
1.486045246391230756e-01
-1.968201212022469837e-01
-5.216305820923942127e-01
-6.379820448666427835e-01
-6.613978443930571549e-01
-6.550725089527701384e-01
-3.496013167775449126e-01
2.298727381587328811e-02
1.457288825856256353e-01
1.409670118930210492e-01
7.041055158397463432e-02
-1.921613841066236450e-01
-3.785180410611976853e-01
-4.535587867944109730e-01
-4.288403717166687779e-01
-3.621710180482039521e-01
-1.901671833244409360e-01
2.073978490202125699e-02
6.548338359931907271e-02
1.148868845970408697e-01
2.474893931979404993e-01
5.064628449096558738e-01
6.049681829181386972e-01
7.028697862514026173e-01
7.699629809911605616e-01
7.490479941273952003e-01
6.961022470917126448e-01
7.220743955141782910e-01
7.026449816691088257e-01
6.738564477911616057e-01
7.218280496033984139e-01
7.678416923313813314e-01
7.361110699806268087e-01
6.923320005299926638e-01
7.209355122880517497e-01
7.847626228757007549e-01
7.697364506081542102e-01
8.112402012815175256e-01
8.935734047647111433e-01
7.572714272891585274e-01
5.934429705670879462e-01
4.724792116561767896e-01
2.409576474287269954e-01
1.377003287977192347e-01
-5.145642995507762607e-02
-5.218823513879589093e-01
-8.665430472954869234e-01
-3.170372636240235686e-01
-6.419653513423710933e-01
-6.294041334578939217e-01
-2.286009159359339016e-01
-1.798866503693449803e-02
1.883708949111981557e-01
3.660014335139387120e-01
5.532723078876756739e-01
5.949766861475980217e-01
6.641952069760896915e-01
8.581863119837247478e-01
8.924805320199987735e-01
9.024631087239781690e-01
1.011390054634173641e+00
1.164928079561391217e+00
1.201153550831191019e+00
1.156170056808272895e+00
1.106383721229236894e+00
9.714240432156144855e-01
9.279605574573496218e-01
1.106503159520511259e+00
1.350876004039460510e+00
1.534531265664486943e+00
1.766608859073634852e+00
2.092221039942777416e+00
2.416723617104016952e+00
2.503234024309904715e+00
2.514342754444326200e+00
2.946249011711672416e+00
3.025796849353221685e+00
-3.536147700884405554e-01
-5.689948212564284180e-01
-5.629673157384820215e-01
-5.268748979704771518e-01
-5.219141927399733039e-01
-5.509769576103478173e-01
-5.538472172526548443e-01
-4.860422276553486021e-01
-4.043044127531771892e-01
-3.312757152308079545e-01
-5.360921793135058344e-01
-7.241346318622678968e-01
-1.057051668493559582e+00
-1.388170830294975566e+00
-1.571410933943679700e+00
-1.380104820384455033e+00
-1.096187665840600678e+00
-3.846882749769677812e-01
5.139914714674078677e-01
8.008439078042357551e-01
7.448699461702967817e-01
9.981301689595044602e-01
8.173970565311277081e-01
1.861953592988494499e-01
-1.766867967406085538e-01
-2.946288271338243780e-01
-4.859068280212883728e-01
-6.036646932408838984e-01
-6.429038922171366188e-01
-5.694767364272451671e-01
7.300297225080921992e-02
1.363590654643576094e-01
2.857388778550868924e-01
3.327676249569824218e-01
2.559104403672221584e-01
1.220093192924345538e-01
2.237452447500112851e-02
-2.514378689229304631e-02
-5.829775397837273776e-02
-5.529684051223633656e-02
-2.248580878450411047e-02
-1.510846597447833631e-02
8.001411679872425659e-03
1.415562164416674651e-01
2.185473312484230157e-01
2.691233562014984093e-01
3.398890142011606885e-01
4.513277286428856172e-01
4.729174009310964100e-01
4.314855744295964524e-01
4.185534231651719672e-01
3.750114548924831648e-01
2.223769209364953314e-01
3.169702673254645720e-02
-7.123230851516591799e-02
-2.970540475093866872e-01
-6.026598230343109819e-01
-7.391746882956090614e-01
-1.083080045522897050e+00
-1.290279952252002982e+00
9.392768561139100414e-02
9.555960304715256648e-02
1.146733173835046693e-01
2.870473638752799594e-01
4.123790030661330097e-01
4.429149436516897631e-01
5.960980903784571794e-01
7.759462074404035459e-01
7.742386141309078873e-01
7.446520699417763511e-01
7.573923092445713490e-01
7.071998266598759075e-01
7.176026502829747633e-01
1.003414992424969787e+00
1.187964777376764980e+00
1.282208847494598070e+00
1.382298084244953484e+00
1.402152902357887365e+00
1.313998243291241597e+00
1.152790298976443140e+00
1.040171195011633243e+00
8.236118622320526272e-01
6.748599594079804920e-01
6.920507568447364921e-01
8.393214218138411731e-01
8.618806431983931926e-01
9.158573875522605379e-01
1.057023427221273071e+00
1.130283967530043343e+00
1.131353624382601675e+00
1.075607974907437370e-02
-8.161015535169856283e-02
-1.983522699380991794e-01
-2.624166300644556471e-01
-2.801980780587517983e-01
-2.688804161067152032e-01
-2.641269541441206847e-01
-3.683760998118461027e-01
-5.739937698383585918e-01
-7.258665044341232608e-01
-8.451746853305120988e-01
-9.199106594113992674e-01
-1.056423065201819833e+00
-1.270143241851012350e+00
-1.016147987916334650e+00
-4.807763666241744449e-01
-5.563149563773052142e-01
-8.153293583549421353e-01
-5.988133987511673473e-01
-6.482769625592588181e-01
-9.908657445591371182e-01
-8.446834209116069747e-01
-7.417450352466138375e-01
-7.801558809495601210e-01
-6.246051491402220268e-01
-3.700008087515985755e-01
-4.838013960857840967e-01
-3.432438258061787928e-01
2.122259905101198108e-02
2.144283059781588729e-01
-1.592762476720681331e-02
-1.059896949349534157e-03
-9.254891050516290962e-02
-3.613889674425376231e-01
-4.917428044787132135e-01
-5.199466717335043953e-01
-5.816691498173899300e-01
-5.956147693644038288e-01
-5.654272508263810115e-01
-5.250067872365896671e-01
-5.328074969045041298e-01
-7.184644701539618650e-01
-8.783603791598517674e-01
-8.355160637941233537e-01
-8.548062771566833362e-01
-9.506722720056286491e-01
-1.068848305770777607e+00
-1.218224664504071963e+00
-1.372563823633520697e+00
-1.466506413345133542e+00
-1.460646201923335941e+00
-1.481724707426832932e+00
-1.536976126812137800e+00
-1.664920679126126624e+00
-1.831256970338346113e+00
-2.079596508232586238e+00
-2.143794068659317542e+00
-2.144652368618029659e+00
-2.166970168898651572e+00
-2.246399222507644566e+00
2.208092606654343815e-01
4.460199350514461036e-01
4.814224181137716774e-01
5.191966023533524099e-01
7.190168721106068306e-01
7.783740640042118297e-01
8.472100892865992439e-01
8.621587424615702044e-01
8.547603632125343465e-01
9.270988593387651244e-01
1.127529402006900439e+00
1.392232156198343507e+00
1.570062359216447545e+00
1.561276798128152787e+00
1.515111996513402337e+00
1.441212941404387271e+00
1.250624004288698021e+00
1.107219365937499145e+00
1.206549581333036913e+00
1.287407140459228216e+00
1.276638009395291373e+00
1.297497001760187452e+00
1.324077145341153949e+00
1.330587434528795132e+00
1.364681224671940640e+00
1.291964349890668107e+00
1.263581069851565264e+00
1.411349327509320517e+00
1.136254760908948835e+00
5.828226939439058452e-01
4.675909436673437308e-02
4.400801804828594621e-01
5.449362019864838480e-01
3.642496326703051346e-01
1.476802982346218374e-01
-1.341292976949867988e-01
-1.012196618277655169e+00
-1.710591071776740524e+00
-2.151853333309296623e+00
-2.845143603179534075e+00
-3.311306406391982815e+00
-2.911466213724797303e+00
-2.347222762203002411e+00
-1.920334234781842175e+00
-1.532979017019020729e+00
-1.457533465407604423e+00
-1.531815554571494431e+00
-1.399346840585800722e+00
-9.169389060645456446e-01
-7.123409239231288659e-01
-6.789044496187333078e-01
-6.335378746462900779e-01
-4.490161776876693267e-01
-3.092310059324552274e-01
-1.746394876690271769e-01
-1.686413072662326651e-02
-4.004819133254577251e-02
-4.448757258235018774e-01
-7.979179414328707587e-01
-6.629387709733174372e-01
3.527750052982240869e-01
4.350710336549732382e-01
5.718558293185534991e-01
8.925499010347963669e-01
1.033937744475525555e+00
1.193900244865111482e+00
1.486907031711266702e+00
1.508626949777818860e+00
1.711145618486644482e+00
2.008673980787238467e+00
1.970702978546127415e+00
1.828183638382527842e+00
1.615767025946212243e+00
1.438515492286097652e+00
1.228661392988267931e+00
9.964381330311256058e-01
7.217859229968348611e-01
6.320402361197186014e-01
6.576283804812791400e-01
6.621841896571790675e-01
8.294267754076900534e-01
1.194388594483444033e+00
1.224078338700419266e+00
1.140892933820150112e+00
1.048790018257323542e+00
1.101136542962755094e+00
1.243382065152134119e+00
1.239358309048098405e+00
1.190777885995016439e+00
1.167503360931847256e+00
-1.667447740315475269e-01
-2.578649110796640831e-01
-2.754507148373039893e-01
-2.830094310393470591e-01
-2.399391404918857218e-01
4.478491823478983336e-02
3.484605878312336813e-01
4.065808149447114328e-01
4.195581419223115005e-01
4.351092261126457417e-01
4.282297083151434536e-01
3.512026918361706995e-01
2.827514038072228564e-01
2.898427412404491199e-01
3.069627588717068201e-01
2.375283519198924109e-01
2.168401724970303590e-01
2.321157467313283707e-01
2.803490202358802641e-01
2.759261039441934238e-01
2.745582280545396103e-01
2.763647752037619032e-01
3.744871055559541029e-01
3.351928686121117273e-01
3.270634408907020507e-01
3.314481882698914750e-01
3.510060031370048628e-01
3.365076639453158935e-01
2.183028998877895033e-01
1.514801660337266043e-01
-1.393830557409368731e-01
-3.148465124305251384e-01
-3.662923317884257401e-01
-4.020050989589925572e-01
-5.463353183915156119e-01
-4.860510510742849233e-01
-3.623285611712608323e-01
-4.068079089885501820e-01
-4.448515759491876165e-01
-3.256553708256638702e-01
-2.226084887368353082e-01
-2.054889008522733929e-01
-2.168244395222916898e-01
-1.428955842390434716e-01
-8.215166865639542126e-02
-6.724363207154222810e-02
2.534243983436290648e-02
4.756938434443384878e-02
-3.876599731420585226e-03
6.192711310031696892e-02
3.590628558665060477e-01
5.436909691645746001e-01
6.490846450401903667e-01
9.382247466542270598e-01
1.294027131509002615e+00
1.518219557093806849e+00
1.695792363167521133e+00
1.753887867133599787e+00
1.697449362813376439e+00
1.379416109823631498e+00
-3.489110365490520893e-01
-5.619994890273237731e-01
-6.660561086890143256e-01
-7.595508175172180909e-01
-7.043000271670318835e-01
-5.430072974941007047e-01
-3.678148281586235968e-01
-9.177485600815349365e-02
1.084676538085387609e-01
1.649480639920851144e-01
-2.537907508674222545e-02
-1.060183479205889651e-01
-2.006730382555754755e-01
-5.121874123055927264e-01
-8.292967663566250813e-01
-9.694772435645961917e-01
-1.281604276618721450e+00
-1.423363400188101480e+00
-1.342778300758401100e+00
-1.343857361629053671e+00
-1.397273988847988813e+00
-1.354696362309308233e+00
-1.272146970608656336e+00
-1.227935279910561173e+00
-1.181639328320751137e+00
-1.193510669713181427e+00
-1.216584223487111815e+00
-1.097206649897001673e+00
-8.093832196246222299e-01
-6.317393568459855890e-01
1.460184354900682657e-01
3.263462792685301594e-01
4.113870450493137820e-01
3.242172043807738380e-01
2.392301510664553987e-01
1.673746713508924566e-01
1.999690390469111012e-01
3.144066828738656949e-01
4.899149113175278458e-01
5.691373414261128305e-01
6.771992274685024737e-01
7.410358264700001030e-01
7.236342194882605661e-01
5.784568302035968390e-01
3.361068836763193568e-01
1.398653993091510117e-01
5.196253956568876176e-02
-4.330966910049818819e-02
-6.972678351050111412e-02
-1.259197104147017909e-01
-2.966500649358024821e-01
-4.160186196476052256e-01
-4.767536719292403413e-01
-5.262521588353634705e-01
-5.451037139794874253e-01
-5.819190030912887446e-01
-6.450414460943008077e-01
-6.918961520174106150e-01
-6.716657414165986273e-01
-5.353411026848682308e-01
3.951987121475555170e-02
2.022507361761906319e-01
4.392588719229679750e-01
3.910775784396753330e-01
2.019312993196702710e-01
2.124323440814941677e-01
2.120167722705894597e-01
-1.225449091071612040e-02
-8.412689211207523277e-02
-1.197602950579061687e-01
-1.290100885221868721e-01
8.316345088337859237e-02
3.483885094576256725e-01
5.749024091935754921e-01
7.356100026198104658e-01
9.545979162620186198e-01
1.156495949597440287e+00
1.232021632996401550e+00
1.152612163959136016e+00
1.068647848893026442e+00
9.529738402100679240e-01
8.611206708952252598e-01
8.840137286383189519e-01
9.937336497376640931e-01
1.159126417706300982e+00
1.474989833167339448e+00
1.546155296665643775e+00
1.552432032261774841e+00
1.587352198238632717e+00
1.594015745340673806e+00
-1.727340729670180097e-01
-3.573056000381632513e-01
-7.289080302546161461e-01
-1.050405295916196247e+00
-1.235931321901414970e+00
-1.314563010236259988e+00
-1.346890758537191202e+00
-1.370924479688915953e+00
-1.567367234732953252e+00
-1.609037301617079807e+00
-1.360651207630985571e+00
-1.188669262759395995e+00
-1.082102465528290924e+00
-9.828617502435345044e-01
-9.720432367364505444e-01
-9.651146543082751439e-01
-8.312525887340084241e-01
-7.597523139247112089e-01
-7.632770678623151950e-01
-7.568479681082419530e-01
-7.642558363508261676e-01
-7.975748377328052419e-01
-6.848583670887367081e-01
-5.704708404170004687e-01
-4.282174702230509000e-01
-4.719586061744823202e-01
-5.489260968240519123e-01
-5.214163438996757272e-01
-5.264365480521129292e-01
-5.496295729041654754e-01
-6.185616171286434373e-02
-1.039392492342847280e-01
-8.477160684190448992e-02
6.232961265308253895e-02
2.279210170436867244e-01
3.201471952355859907e-01
3.626897177762264390e-01
3.802441506492770795e-01
4.407623233256669493e-01
4.505939836427623746e-01
4.266743435781042426e-01
4.203227108180976890e-01
4.251581200284663686e-01
3.108699311738778448e-01
2.748715619070590810e-02
-1.882273099864635313e-01
-3.740966070799348064e-01
-5.807997707764247508e-01
-9.265070612259975746e-01
-1.035492236927217924e+00
-1.062281097075728820e+00
-1.153061568378586310e+00
-1.100714271537742928e+00
-8.821205935490062933e-01
-8.269080249197001686e-01
-6.837734150960199653e-01
-3.392241452862269080e-01
-3.011570001085523418e-01
-3.899200974048951940e-01
-3.971944833800594155e-01
-1.487949845530695502e-02
-1.353960270947943481e-02
4.927602350151602528e-02
1.988262458917841868e-01
2.677558185636582100e-01
3.435444709169787059e-01
4.212944884986539185e-01
5.000410338436382940e-01
4.578118055860485591e-01
3.462137403495217924e-01
3.304594571796530267e-01
2.964482798519500473e-01
2.628750354514854948e-01
2.497603614182726806e-01
2.311849022699438150e-01
2.442274571904873293e-01
3.478690915292134145e-01
5.506370955855998117e-01
6.859721747155176352e-01
7.694805590048710009e-01
7.750073139921520582e-01
6.783190090622628343e-01
4.574636607677706746e-01
2.687108624976087823e-01
2.689959585555268262e-02
-1.004432129014503905e-01
-1.742739105843361946e-01
-2.079642570302755178e-01
-2.009206170761042853e-01
-2.000295444527551147e-01
-5.575443280698277881e-02
-1.201127429866014479e-01
-1.266777801829048200e-01
-1.073070914527887859e-01
-2.272652778411626273e-01
-2.626021851265876728e-01
-2.740722742449867022e-01
-3.295798219595395540e-01
-2.952085169553038679e-01
-1.178647922167826712e-01
1.026777958811527780e-01
2.219609899282956322e-01
3.943830814471299129e-01
6.491196578066268374e-01
7.871151038493867658e-01
9.350821773241282386e-01
1.310407562434806383e+00
1.981617699615153327e+00
2.264447882419189817e+00
1.909714969443457200e+00
1.497726753967977054e+00
1.138267403421652890e+00
6.442668485772502507e-01
2.876381573328115615e-01
3.639122854842996579e-01
6.044016373215386206e-01
7.628262420319060766e-01
8.859789685820573801e-01
1.003494928994802970e+00
1.240673590078463118e+00
1.246167775931215638e-01
2.137424525595119085e-01
2.726894516543688640e-01
2.720875514445963428e-01
1.988662088562160868e-01
5.927383058032226204e-03
-1.559008016362485594e-01
-2.786370261136657533e-01
-4.374409415367395138e-01
-6.222766238855986787e-01
-8.790865767966035138e-01
-1.323031349116882582e+00
-1.787692725435828356e+00
-2.063159579546330669e+00
-2.105938364667982121e+00
-1.969424381041673167e+00
-1.745703499704042150e+00
-1.535325397483140231e+00
-1.368092499025705511e+00
-1.065271442320284034e+00
-1.086473715543139429e+00
-1.634084755512486886e+00
-1.965129485851019986e+00
-1.710343976125435983e+00
-1.588509323101873871e+00
-1.783277641482169384e+00
-1.951379030337861531e+00
-1.781342962810365638e+00
-1.438476807858198869e+00
-1.207907489684269198e+00
3.101787611448393878e-01
5.261470660568587920e-01
5.438418715477855159e-01
5.183503941705777107e-01
5.555515124443901609e-01
5.711299838953450836e-01
5.304692968189479441e-01
4.132834566252423514e-01
3.649107008189037549e-01
2.188690012144158537e-01
4.050293240557625851e-02
2.135356229652173032e-02
-1.624613839346996519e-02
-3.111220441585247493e-02
2.674924877904547721e-02
-4.497292281734788233e-03
-1.339439464547436398e-01
-2.037876067170893701e-01
-2.024390688656434734e-01
-2.407532288240733787e-01
-2.767396084788729671e-01
-2.425668999852405305e-01
-2.728199764954451489e-01
-4.464881129636689705e-01
-4.472828891051654487e-01
-4.211265412160497545e-01
-4.368004898983747220e-01
-4.092191181156843438e-01
-3.834602732412887294e-01
-3.751213812658539259e-01
4.906651120371110369e-02
1.274743506490229050e-01
1.680347603422857605e-01
2.307293667602336729e-01
4.762792490549834223e-01
6.838003077956720244e-01
8.589956167971701806e-01
9.558740929509946804e-01
1.057313891025856378e+00
1.048000699776763023e+00
9.768447028224785944e-01
1.007297678205109515e+00
1.025196891298217894e+00
1.047275021575680753e+00
1.049323635967613466e+00
1.085012172643252670e+00
1.115272922924187560e+00
1.164956183326170347e+00
1.241392427180727065e+00
1.236540510030599505e+00
1.231716038011795744e+00
1.248254072089575173e+00
1.276963677556474996e+00
