-4.799735318055766038e-03
1.751615564202121944e-02
-7.506756948186901757e-02
-3.655339820930152417e-01
-6.122430933044880064e-01
-6.844359081790396537e-01
-6.802324664197477722e-01
-6.226629388802380483e-01
-5.171780833771579822e-01
-3.747130280690268433e-01
-2.209128550433042959e-01
-3.708564984747769744e-02
1.517524329787399151e-01
1.539221570045739562e-01
8.078543679862171256e-02
3.351754226039782569e-03
-1.108401497325351287e-01
-3.166112843526667775e-01
-3.752895012894525983e-01
-4.029036271978176376e-01
-4.354061637978453581e-01
-4.547760755998862536e-01
-3.900484625807573158e-01
-2.709391470432821469e-01
-5.203319189718871307e-01
-7.700976941171637780e-01
-6.790589174985726117e-01
-5.661190082876109697e-01
-4.072894703081347267e-01
3.262587064345975341e-01
1.043446789604198344e+00
1.692296899325515191e+00
1.806409092532990091e+00
1.900758393726362572e+00
1.954081642983102052e+00
1.861588190514370966e+00
1.741133483318871855e+00
1.461784270075338066e+00
1.079381986156377815e+00
6.868616111593208728e-01
4.251306795083041323e-01
3.441361432414428156e-01
3.194331900721311679e-01
3.421703670069355385e-01
4.795449797112277812e-01
5.098061120902567245e-01
5.091446940277928324e-01
6.615847784284629718e-01
6.816445725277632262e-01
6.839906459737692401e-01
6.420317860730029302e-01
6.165793471694692718e-01
5.165250312399277677e-01
4.130822724426895798e-01
3.426461425463366295e-01
3.362509429879859679e-01
3.592467556432427100e-01
4.145466681873531956e-01
5.083776901471402931e-01
1.654834947532012324e-01
2.715945863435238472e-01
3.057168049541963972e-01
2.905943070705191422e-01
2.183946817578739097e-01
1.277599823251190092e-01
5.161556841276059016e-02
1.676708494855586040e-03
-7.346293272246895434e-02
-8.024665435555380921e-02
-7.683647588720278476e-02
-1.287826065037060985e-01
-1.656438395078357328e-01
-1.551683660859844438e-01
-2.197841507095811830e-01
-4.033833161076374463e-01
-4.545725988512793747e-01
-4.762767255222010165e-01
-4.744746399342142928e-01
-4.574816502794663564e-01
-3.951760975673070941e-01
-3.623306965683971703e-01
-3.010925740119934080e-01
-3.482907142533609446e-01
-3.488442720087283622e-01
-3.358512049548093570e-01
-3.647405936847329944e-01
-5.244310554080993114e-01
-5.703823162101941957e-01
-5.976595452848786350e-01
-1.166573933127169026e-02
2.804502401414989826e-02
1.026034033391690081e-01
1.216520139769337872e-01
6.405170515545435816e-02
6.467836895105334716e-02
3.995947774554594462e-02
4.935564243172478605e-02
9.610801173500982397e-02
1.174717965403398179e-01
6.909416534274270827e-02
2.170802353510567495e-03
-1.604987498100393303e-02
-2.543261995597168382e-02
-2.061364024721034846e-02
2.577437123920623893e-02
1.171225403015043048e-01
1.905305478946877906e-01
3.174920811146135224e-01
3.735312045873475650e-01
4.846752430380026899e-01
5.143067129293964479e-01
4.745089126437244675e-01
4.323481296112181016e-01
3.608914616112378071e-01
3.218341165042950536e-01
3.424865106188088593e-01
4.070928392721803735e-01
3.939615737248031713e-01
3.512178559737774153e-01
-6.518955838631111492e-03
-1.416961711119776174e-02
-2.904247064375770071e-02
-2.291962036889049620e-02
-2.898255883180021752e-02
-1.164972222909324562e-01
-1.324047004365171976e-01
-1.257064684403834676e-01
-1.464814646788893671e-01
-1.614703064779454966e-01
-1.127943257775579772e-01
-1.110984838026234933e-01
-1.386704565974632986e-01
-1.315974483136351236e-01
-7.859973247433262034e-02
-7.481605941439974095e-02
-1.869670863802654764e-02
1.225217917499920040e-01
2.129421823659343183e-01
1.700041373290814839e-01
1.564827927681118336e-01
1.357798636392558433e-01
6.102798216778776430e-02
3.574159390074983789e-02
5.578631822806016938e-02
1.059357166457083749e-01
1.407190875564746091e-01
1.878780791479045531e-01
2.302034762177730398e-01
2.584185400348624762e-01
1.217539650891112137e-02
1.451727068326956124e-02
-1.521470459465607689e-02
-1.026738144106013884e-01
-1.297265682237100648e-01
-1.429252754520007329e-01
-1.367755071028519120e-01
-1.020886210288662888e-01
-8.205776542810995500e-02
-5.939699252830012155e-02
-9.477883325322504493e-03
3.209452402172107907e-03
4.760317489307303723e-02
6.528285061185425120e-02
5.825352494991593855e-02
-3.502193196131812847e-02
-8.883669071767572034e-02
-1.074559458707159687e-01
-1.060800087007836151e-01
-8.824958453358745791e-02
-1.054721508006821462e-01
-9.344077695987615395e-02
-4.368748582707326911e-02
-3.450580305992962532e-02
-7.573707505979032639e-02
-7.662048885951418253e-02
-1.369085863950011972e-01
-2.464823408632360324e-01
-2.553427854512240747e-01
-1.907174884937787307e-01
8.321802676755891970e-02
9.873291884720673817e-02
3.822777646744689867e-02
-8.842129435051269970e-03
-1.764360084013209123e-02
-4.189258964797654486e-03
7.974265195010070417e-02
2.217934079674796499e-01
3.889334962710614962e-01
4.382030678935211476e-01
4.291158945531800550e-01
4.281993912819480053e-01
4.242789594956963839e-01
3.817116581358425131e-01
3.780379043676858619e-01
4.082432785951894960e-01
4.107552078357284420e-01
3.630472521728049795e-01
3.306896650793108572e-01
3.293699191024320738e-01
3.300091585927804050e-01
2.983646356188578985e-01
2.391604711816931461e-01
2.254614075756292690e-01
2.489588414659219540e-01
2.658886838554508358e-01
2.851484827125027599e-01
3.454188096454706147e-01
3.760538245958471304e-01
3.646023323234555136e-01
-1.091337344296884962e-02
2.012000807772946001e-02
3.051741701886007824e-02
1.114125403537768663e-02
-4.516138962152538294e-02
-9.782152931729684586e-02
-1.290130467561117211e-01
-1.754124728270537725e-01
-1.482192885229144386e-01
-1.332024504839197931e-01
-4.870185994031334120e-02
-3.080813183759358378e-02
-2.935347236766946630e-02
-1.535725337852904097e-02
3.969776468989261869e-02
4.287673614246585024e-02
4.433391564530901607e-02
4.902896558801153604e-02
1.236232571442444778e-01
1.827232545481752568e-01
3.119491532441763804e-01
3.701330094327577869e-01
4.134460566346915833e-01
4.077460513368169059e-01
3.654213282090231774e-01
3.643732104878335543e-01
4.112671605329991653e-01
5.304444118616914450e-01
5.270418363068108958e-01
4.511287179100222922e-01
-1.194012884711336030e-03
-4.046786342501156476e-04
5.384100083382039291e-03
3.002960244216971303e-02
1.021350736427591721e-01
1.248664908793992445e-01
1.381335607140183330e-01
1.337791266077359154e-01
1.314146738676988668e-01
1.218360513683667545e-01
1.652297780144389161e-02
-7.465266773834071390e-02
-1.862925742760275782e-01
-2.535570605916583342e-01
-3.123801420037488619e-01
-2.977970717133147094e-01
-2.847110963398640782e-01
-2.381281732497489423e-01
-1.834519889727070918e-01
-9.845334526193691427e-02
-6.147252664403782263e-02
-4.862661707259372662e-02
-5.530660353881861058e-02
-1.143657875683592035e-01
-1.690102523810569912e-01
-2.114791987507103066e-01
-2.232019211519047641e-01
-2.297202144386029654e-01
-2.324446178736549740e-01
-2.928641998074099639e-01
-8.181253186417990209e-02
-1.423432639086950058e-01
-1.408490993878518671e-01
-1.117122067492741094e-01
-6.439119285737326948e-02
-9.235358766830130406e-02
-9.435584853485100287e-02
-9.667987324484277056e-02
-1.217865366595424770e-02
4.251296761135595764e-02
1.251730703682651658e-01
1.604303358019093795e-01
1.436317670095864918e-01
1.005376796455460242e-01
1.016348223816887358e-01
1.712861547422499520e-01
2.485426230813008175e-01
2.800959096080190003e-01
2.475054612520685149e-01
2.288453154562251068e-01
2.720071053548370754e-01
3.201552220193472631e-01
3.947667218695892766e-01
4.031283871689964049e-01
2.834421615164742225e-01
1.379282143062341426e-01
1.614281128668905441e-01
2.218152150526290778e-01
2.054967833071358052e-01
2.232738019650118422e-01
-5.555227119045227230e-02
-9.098616548663115977e-02
-1.337243036255019168e-01
-1.274656191952705520e-01
-1.320414178161949392e-01
-1.108493933580669277e-01
-9.227030452629259027e-02
-1.071598816760263445e-01
-8.730110911497879211e-02
-1.420241170883926318e-01
-1.766197367646644978e-01
-1.756234243900146041e-01
-2.141238272530830433e-01
-2.551938634747223378e-01
-3.812501987646530477e-01
-4.602461744522953202e-01
-4.648201865327141191e-01
-4.176396568331934289e-01
-3.661765131427375253e-01
-2.800351433183740912e-01
-2.299267940153696677e-01
-1.503186016012791892e-01
-1.245632957941183866e-01
-9.147617314348716056e-02
-5.214387976570349775e-02
-5.652599151514188514e-02
-1.161888524774389309e-01
-1.540820611267889051e-01
-1.666967053287738976e-01
-1.735583232693783118e-01
4.086891994312649018e-02
1.223007649785221029e-01
2.317829154511010514e-01
2.744214426907053417e-01
3.096452889314188495e-01
2.981337212951361559e-01
2.502157777546724637e-01
2.353399045979277238e-01
2.608678221240352535e-01
2.830023069756765763e-01
2.471018841654245290e-01
1.949931116013735588e-01
1.642075211232196519e-01
1.421570703382698531e-01
1.172483714679224825e-01
8.736848821861051273e-02
7.091870781169176685e-02
5.771680063842068303e-02
8.019959175856994360e-02
7.039426512374143130e-02
1.331450859321807734e-01
1.962367818567663791e-01
2.183953464086100249e-01
2.339274394833475434e-01
2.481204725134013855e-01
2.758568632386340647e-01
2.911056347414774370e-01
3.121002301695398606e-01
3.175445808886837029e-01
3.292364590740807784e-01
-1.837376023318705240e-02
-3.913656903154898170e-02
-7.350646635333620005e-02
-2.666203957973221211e-02
-2.194891447207537871e-02
-3.647169388112266736e-02
-1.384980360965430146e-01
-2.254533496088493849e-01
-2.239507956548686674e-01
-1.094107694182825524e-01
1.290808446733268666e-02
1.122652513372424249e-01
1.643326753252237760e-01
1.907767640763518846e-01
1.757762970089312704e-01
7.612412453281985902e-02
5.872185726882302170e-02
3.946639310323402094e-02
-8.292635192845533576e-02
-2.472305648140223910e-01
-3.410800365942910362e-01
-3.744664379976229696e-01
-3.852871348810889551e-01
-3.714897845735123938e-01
-2.754037906478127296e-01
-1.537485252688164383e-01
-7.634586873306467569e-02
3.720152219590855402e-02
1.069393694059024430e-01
1.905064165184283120e-01
4.823729116440943210e-02
5.707523476023142195e-02
2.051121937833984277e-02
-1.515865145193588670e-02
-3.099332514672714992e-02
-9.488284833619516079e-02
-2.011114606978301467e-01
-2.767188979811677219e-01
-2.710419053738658546e-01
-2.773733975949719266e-01
-2.824632086238454409e-01
-2.985630125265085200e-01
-2.929424212487808377e-01
-2.800164587637127833e-01
-2.284242739875073647e-01
-2.258541323781891041e-01
-2.331803953018451725e-01
-2.797029350387989499e-01
-3.379185326169140136e-01
-3.462833915303520915e-01
-3.473446502099906130e-01
-3.323464544929632947e-01
-3.398723160080763805e-01
-3.127252090606663648e-01
-3.124669588549349175e-01
-3.060286090289942584e-01
-2.573505067511982491e-01
-1.707572818893094979e-01
-1.598808261569646394e-01
-1.868985354803626153e-01
-8.557725264064182380e-02
-8.845530197703307951e-02
3.336230621643962446e-02
1.372946220152759522e-01
2.698970505389828300e-01
3.316337082236155420e-01
3.924392625780398491e-01
3.656541085497724830e-01
3.559899556099415108e-01
3.873651108980917801e-01
3.579314338042205446e-01
2.595796489400913343e-01
1.503522173964791375e-01
7.475349935873791540e-02
-5.815630338127820986e-02
-1.373529054552296014e-01
-5.920608767718997523e-02
2.117166459992659844e-01
2.996711939106477263e-01
2.719968166727576020e-01
2.731568496862839535e-01
3.310141173417695537e-01
3.066183875791837488e-01
2.167848703622909379e-01
3.434212956248405835e-03
-2.390810102718446128e-01
-3.754551651237388876e-01
-3.227145020535223119e-01
-8.129763583136351279e-02
2.998692029169637563e-02
3.812136779377683221e-02
2.909438082531950326e-02
4.463453396428229691e-03
-6.846667880500469094e-02
-7.740394829896891926e-02
-8.301105233277090989e-02
-1.215868192197905595e-01
-1.809215278723425024e-01
-2.021391464170725349e-01
-2.063526193742493964e-01
-2.061094363928725193e-01
-2.048706978414296387e-01
-2.218700760130084826e-01
-2.801254659562267824e-01
-3.045851229245226666e-01
-3.159534539541779541e-01
-2.481872983316980585e-01
-1.418979380523127665e-01
-8.884003100354133375e-02
-1.007530006002885226e-01
-1.482233707261443045e-01
-1.568866506121425752e-01
-1.617035400582240712e-01
-1.116189630259852572e-01
-9.817961397308455629e-02
-6.866730894726462420e-02
-6.423996534645415313e-02
-6.415165184954671473e-02
-1.296392360470218219e-01
-9.615621711350279266e-02
-8.394412561627725630e-03
-1.669862809142102361e-02
-1.366822004601176976e-01
-1.512687208486979407e-01
-1.622807660314840028e-01
-1.372908586800364039e-01
-8.625614055364699828e-02
1.135894640342627326e-02
8.870870661389937059e-03
-1.042133655425794142e-03
-7.649304038778101389e-02
-1.009552463687644341e-01
-5.102206646977273247e-02
2.309691636134891118e-02
4.029687553994344695e-02
3.550957559115603540e-02
-2.818825703234067309e-02
-1.033576767795456597e-01
-1.750987756599156064e-01
-1.792735160478409195e-01
-1.472756377928367000e-01
-3.946853895707097548e-02
6.073611692300075193e-02
1.388076209498674274e-01
2.136467548842833908e-01
2.468631385279809742e-01
2.506745491567359263e-01
1.726652466424208332e-01
6.111130319341177841e-02
-1.365671813106507371e-02
-2.174943660388756542e-02
2.256895491197126111e-02
1.387663974361486308e-01
2.680132164915360327e-01
3.366273394908934069e-01
3.458670763032201112e-01
3.291283015771926390e-01
3.454062205746095127e-01
3.612256986873429443e-01
3.717755558062375010e-01
2.761326494279755517e-01
2.317542340467456108e-01
2.331887597727078654e-01
2.862231719180333700e-01
3.167528575705230720e-01
4.185874852951949054e-01
4.500100063603926781e-01
4.541177492743999067e-01
4.349662351473738142e-01
4.179171870788339627e-01
4.232910685256595640e-01
4.215289477765279402e-01
3.936888843337310595e-01
3.715852077774696172e-01
3.585555806512475963e-01
2.956841025274088430e-01
2.778711894381233338e-01
2.610813621525653327e-01
2.517411966824595893e-01
2.409613415807949077e-01
7.320713638985422260e-03
1.310436982129436490e-01
1.624803544155829504e-01
1.702084743209796580e-01
1.023742447632186442e-01
-1.417316311234190218e-02
-6.954683099115419043e-02
-7.601836365664624284e-02
-7.632793466012995076e-02
-6.276229543654043841e-02
1.971778258116071991e-02
3.156493155494263791e-02
3.440599805641639947e-02
4.745221978273177904e-02
4.741178902031229631e-02
1.579218654272895178e-02
-2.440465112270184117e-02
-5.001119314941269989e-02
-5.008750274032558458e-02
1.945103472741539774e-02
2.295403285283311168e-01
4.349980437972433833e-01
4.524117275595744281e-01
4.562767520676134225e-01
4.054444220392935394e-01
3.289328789479468163e-01
2.436663768864142932e-01
2.361942055750216596e-01
2.440786412270976868e-01
2.494490049626613970e-01
-2.371202789611638433e-03
4.294234083877990910e-02
8.550071614301923972e-02
3.208629135703403717e-02
-6.886659692085550510e-02
-1.019229745773194695e-01
-1.173454759328722702e-01
-1.245013953146444780e-01
-1.122721140903584908e-01
-6.944234484450508005e-02
-6.761497274168708216e-02
-6.510068592550362354e-02
-7.886630426872327793e-02
-9.074831485096059025e-02
-9.395090788616812516e-02
-7.854903890932422861e-02
-7.186962806038288409e-02
-7.418957442958648563e-02
-9.489215200670951533e-02
-1.634129456638327427e-01
-3.372616156363373863e-01
-4.215766655881848513e-01
-4.356703954359125719e-01
-4.319433580268917106e-01
-4.016644448006514989e-01
-4.485768190460055482e-01
-5.327344641013841420e-01
-4.944571727422336638e-01
-4.535067852101849484e-01
-4.089552827684433400e-01
7.867336593972144854e-02
1.558973495702330736e-01
1.550436384047451932e-01
1.222310328174220917e-01
1.128861056803860535e-01
7.690561856982260081e-02
2.689770669269286874e-03
-1.046764095207543405e-01
-1.908918354630718961e-01
-2.084043977397673497e-01
-2.045420377711108517e-01
-1.397123293238794473e-01
-4.582840682208529082e-02
5.625773771878450624e-02
1.042846652902105209e-01
1.372332661291785216e-01
2.417958021069750441e-01
4.260347357998149342e-01
5.715025849965319482e-01
5.859918779090093066e-01
5.575207630080248888e-01
4.278696005502017341e-01
3.446306028834889013e-01
2.940584042846826618e-01
2.884365688209218903e-01
3.059052949767808727e-01
3.692489490977967082e-01
4.105301070343582159e-01
4.101631419032877313e-01
4.079219131464977832e-01
6.351083393258449838e-02
1.331302737581338547e-01
1.403848337176978878e-01
1.050599872716072164e-01
7.435448529562549425e-02
-2.250681844474801407e-02
-7.436802877337067574e-02
-8.699923577121372598e-02
-6.448773622920189741e-02
-6.722317881008850471e-02
6.439060147295325165e-03
8.999335347902343019e-03
9.264938253813266578e-02
1.002548819394667584e-01
3.258949328957851110e-02
1.249065708269307337e-02
-6.370021189059504180e-04
-4.753844313222092832e-02
-1.048686340413202550e-01
-1.416723776627636933e-01
-1.831330376558229500e-01
-2.554249753987336558e-01
-3.580766568466531297e-01
-3.902596791101182738e-01
-4.196544615612344264e-01
-4.482139896447825955e-01
-5.318140187039439581e-01
-6.119338418272289859e-01
-7.537282914358105490e-01
-7.218122019650721199e-01
2.409877236220483651e-02
1.003620866936520001e-01
1.282865886204464512e-01
2.293953511956249303e-01
2.652878036060462574e-01
3.324470937333589005e-01
4.199142879364441971e-01
4.533799680223649653e-01
3.604890605413414995e-01
2.871406033611059172e-01
2.513733148271995455e-01
2.529918075458539861e-01
2.787418418533120223e-01
3.707328177657697177e-01
3.864493790492852798e-01
4.286014446981022408e-01
4.348711357264906652e-01
4.577012516105767315e-01
4.767373738351445844e-01
4.429193740043465000e-01
3.545429902496486929e-01
2.375372802408529105e-01
2.081474406980221847e-01
1.991330834498750146e-01
1.981090386104062129e-01
1.966628461625138935e-01
2.521661551457716754e-01
2.117975203033878595e-01
1.892550777992046129e-01
1.860692702367653106e-01
4.967656399510336773e-02
1.387023304016396508e-01
3.025010028956806596e-01
3.551328807985257852e-01
3.825868264997839829e-01
3.189012065855508227e-01
3.041726587479652300e-01
2.245732608334480851e-01
2.183872980037128431e-01
1.103505383763209308e-01
7.500050560055504523e-02
6.379870661350565963e-02
1.160507483161696829e-01
1.159682359819043246e-01
9.879403847104403780e-02
-5.100585461593851178e-02
-3.859208168827495955e-01
-4.830051001021294921e-01
-5.228815135093325406e-01
-5.430028168818574752e-01
-5.338438230731951117e-01
-4.828185075337431686e-01
-4.676449727422780089e-01
-4.494022529950179590e-01
-3.926223005875982275e-01
-2.371862526511920310e-01
7.305729082014433828e-04
2.338839966397393832e-01
3.290128864671929554e-01
3.360898663327891445e-01
-5.204431128655529620e-02
-7.367392972315381372e-02
-8.819962766562865208e-02
-7.556428210669287326e-02
-4.365296955941812967e-02
-2.912634531213868089e-02
7.907054596922348522e-03
-3.705507898905807673e-04
5.625211337023622304e-02
1.125859639822097691e-01
1.524177259951898233e-01
1.241271423909920263e-01
1.241088961338692037e-01
5.542258797343527221e-02
4.412065877308007228e-02
4.081674168061181357e-02
7.467794366067551093e-02
1.494176363522231044e-01
2.015458646471554038e-01
2.010249300464272137e-01
2.151616041502850685e-01
3.290349296904069853e-01
4.405439821724884686e-01
4.844909384784280015e-01
4.573494303153258778e-01
4.373678765354592213e-01
4.354911343574163207e-01
4.307972379370403337e-01
4.256916145783104510e-01
4.247988926012832844e-01
1.807126203053978711e-02
5.737129581305872028e-02
2.321237726508564581e-01
3.523410615764497322e-01
4.233993273499848664e-01
4.065595616982976557e-01
3.574401511235145712e-01
2.248539532784823991e-01
1.658514990756903840e-01
1.380257957314833250e-01
1.055304751548436781e-01
9.195951083129728920e-02
8.850620468097955551e-02
8.947577349128735258e-02
1.118539544002381952e-01
1.113433249083374266e-01
3.097943031535266289e-02
-6.626519289821913850e-02
-1.007956602107023258e-01
-1.090797290403779513e-01
-1.068155659099130628e-01
-5.686422473622235879e-02
-2.367008172338699173e-02
-1.705881878571081228e-02
-4.201602928952575394e-02
-3.627327273679989417e-02
-1.356088706767435634e-02
3.241130300790030089e-03
-1.355571863390529763e-02
-1.415207744863601104e-02
-6.038264096496465116e-02
-6.592448278677040530e-02
-7.262743708997691783e-02
-7.136627139209747450e-02
-3.922894321194451972e-02
3.892482314539950916e-02
8.445798198451609506e-02
1.548324297998554533e-01
1.865650200985054796e-01
1.330044580677340882e-01
5.826715378784652621e-03
-6.598887993335546959e-03
-1.738450089321232767e-02
-2.702939695678959267e-02
6.412173324287984144e-02
1.478175851149372000e-01
1.963900361425210961e-01
2.071617312386506427e-01
2.095433858047933973e-01
1.897171327553536513e-01
1.257391337321357438e-01
3.343781167496998052e-02
-1.591315865361329907e-02
-2.160999993974285077e-02
-3.225877823370651432e-02
-2.984218545114875748e-02
-3.092906556795491091e-03
-3.102886392183351778e-03
-4.309893349375203131e-02
-4.380261091329983730e-02
5.282660272032350945e-02
9.912835603435163345e-02
1.234775523353467963e-01
1.259939619761415441e-01
1.053043582317587656e-01
6.892115189257747021e-02
4.936293439460734400e-02
2.029804904352333281e-02
-1.185982477835168317e-02
-4.366276276476520335e-02
-4.359228385338403261e-02
-3.396728865297353461e-02
1.516433778958692358e-02
1.362426656296099603e-01
2.061206791936013027e-01
2.720514645559298783e-01
3.080523737033713516e-01
5.867826807060880778e-01
8.807382491020033788e-01
8.770186013144428694e-01
7.496318117222320332e-01
7.124090877143650635e-01
6.340621121810401384e-01
5.543913375169206015e-01
5.119639169495708853e-01
5.190069483364083691e-01
5.458399183640140206e-01
5.789140181511094330e-01
5.788256003601468525e-01
5.051123842421406662e-01
-3.255670660424292429e-02
-1.106654618386464645e-01
-2.397087397867992409e-01
-3.034633205366346620e-01
-3.320472969248562389e-01
-4.444903456973486322e-01
-4.941229357811565137e-01
-4.361259308627618014e-01
-2.561701221215896829e-01
-1.254992772980917382e-01
2.891614093992900258e-02
5.943940085017508645e-02
6.335569989645332967e-02
7.044651951533900669e-02
6.696338640550127119e-02
4.509513394222644522e-02
3.087445033725003812e-02
1.667230766085056604e-02
-4.987340064717847576e-02
-5.883424667335743208e-02
-3.819957379842904566e-02
1.382977544993309327e-02
7.996001838105885884e-03
5.853391869587718996e-03
3.696932964764848735e-03
4.637395869770119528e-02
1.051229578299713308e-01
1.494900566266725017e-01
1.850343057030631178e-01
2.068294095554202849e-01
1.385363946986992428e-03
-2.598994397205253021e-02
-2.471259893182446710e-02
-4.026120800672541855e-02
-1.623259217799700727e-01
-2.686035041711649640e-01
-3.175781251091064905e-01
-3.287240594594219023e-01
-3.342915134817134315e-01
-3.557937934203015962e-01
-3.598114822258798862e-01
-3.599575106538780989e-01
-3.493121649493888814e-01
-2.758657102525973182e-01
-1.765852392590875064e-01
-1.564117060435714079e-01
-2.271068827098418064e-01
-3.053121505979627393e-01
-4.029425035182094272e-01
-4.244804094614716417e-01
-4.542000007701662012e-01
-4.445965344782921713e-01
-4.388524556626523521e-01
-3.993487561543933029e-01
-4.003726028223361100e-01
-3.929163797299503602e-01
-3.886219819285228194e-01
-4.408667368803483311e-01
-5.519129271702398754e-01
-5.705403390453934742e-01
-3.309780928476547396e-03
-2.070056964279477253e-03
2.896483321272501354e-02
7.505071098129451057e-02
8.215000966253990788e-02
6.762861063325695254e-02
6.372744467370115851e-02
9.384459677525365529e-02
1.579959755314538361e-01
1.364578698850068827e-01
6.541826648320070436e-02
2.177040841712513802e-02
7.230562038726642826e-03
3.940184744214891149e-02
8.291469667185544234e-02
1.329417283165112429e-01
1.681285573367207464e-01
1.777794464006346442e-01
1.927852447091113475e-01
1.998257400637900583e-01
2.067175627643425828e-01
1.622157320884531073e-01
4.402904889358794094e-03
-1.812454791540006882e-01
-3.024816135535479122e-01
-3.138223491195302195e-01
-1.874264858846818316e-01
-3.111689570149692163e-02
4.425556408374485551e-02
3.729409956473275778e-02
1.279269813098599627e-02
5.340107343405327278e-02
1.090342036262271219e-01
1.670257783517488381e-01
1.944189986203666842e-01
1.721506744529055777e-01
2.437534480438525164e-01
3.297682679333664435e-01
3.081843928533612442e-01
1.561209905365366912e-01
3.509030170522234315e-02
-1.866506655866600750e-01
-4.121444779627332355e-01
-4.425183897001920275e-01
-2.405371797664749844e-01
3.955594638340009794e-02
3.796057560125763453e-01
7.587862625534191885e-01
1.068508042558164561e+00
1.430954510013068948e+00
1.658733638706840319e+00
1.777174254543283372e+00
1.688486673270588323e+00
1.633124218583868137e+00
1.500518220536710912e+00
1.457333453501911791e+00
1.393350215959064720e+00
1.471006343197176491e+00
1.620944219166468248e+00
1.732506984846141629e+00
3.903093852048440757e-03
2.454938342116584973e-02
1.040568226608960811e-02
-7.002237664745390722e-02
-2.156841145166548124e-01
-2.646352012560649336e-01
-6.696401200722486013e-01
-1.411492035372357901e+00
-1.924362020801286599e+00
-1.909184850490577068e+00
-1.984379404032607930e+00
-1.974439122224053378e+00
-1.504060119663099160e+00
-9.835879520341564985e-01
-5.215773021389895625e-01
-1.511305335425139340e-02
4.256943813096048523e-01
5.938044757236531357e-01
8.639326406309473239e-01
1.175229476371588033e+00
1.517035636402495946e+00
2.035085822641706788e+00
2.613222068353435290e+00
2.760249517078829484e+00
2.410831778459610941e+00
1.896605967811882953e+00
1.798192308715443444e+00
1.724942754285992530e+00
1.604443047669251943e+00
1.325216409763834591e+00
-1.683691928585098474e-01
-2.737188814385560498e-01
-3.450505335339210111e-01
-3.641469405042908059e-01
-4.487358007964324380e-01
-8.312940217022801725e-01
-1.232176446646961132e+00
-1.510224652042670090e+00
-1.631333154826581033e+00
-1.805996126130928969e+00
-2.121365575541507731e+00
-2.157915616906124434e+00
-2.108652813009370242e+00
-2.030805859407069480e+00
-1.958820027637325545e+00
-1.791457398799271017e+00
-1.786584509983243585e+00
-1.901996179718961510e+00
-2.277884162926183453e+00
-2.970254813432352314e+00
-3.658061170191358791e+00
-3.874906395854305519e+00
-3.834900786192589450e+00
-3.711651481537324937e+00
-3.448072407496347580e+00
-3.020174684924980646e+00
-2.614955059064672405e+00
-2.371587159557448032e+00
-2.338923320279859830e+00
-2.380437020725022723e+00
-2.231420743724002800e-02
1.193726884725637150e-01
3.948840429611668035e-01
5.118945546428702587e-01
5.443186336300515071e-01
4.656985088821619101e-01
2.109894921647938459e-01
-5.611090108734700932e-02
-5.548266073743778060e-02
-7.126508815028760602e-02
-1.221539529459520490e-01
-1.443385065007672940e-01
-9.528355533709664815e-02
-5.226661978186994406e-02
4.247532967444618557e-02
2.975861960448183963e-01
4.059268539918324814e-01
4.501098692096874854e-01
3.592808729768434128e-01
2.357727087839650570e-01
5.849334595547689419e-02
-1.493246878230566899e-01
-3.071132782775737313e-01
-2.802321626351357842e-01
-2.053586656405206878e-01
-1.344144838882158910e-01
-3.965623906576674906e-02
1.534119512103444549e-01
3.025107444756721664e-01
3.195137057155703619e-01
-3.659709827539889965e-02
-1.615632644305668997e-01
-2.982292921986601231e-01
-4.253751642390772858e-01
-5.253535233604079702e-01
-6.064234884666338532e-01
-6.415032883720426238e-01
-6.656314498831793491e-01
-7.004754908026999960e-01
-7.345271305383014315e-01
-7.488247175513587095e-01
-7.952909817444278051e-01
-8.393041989726927055e-01
-8.973768302203374292e-01
-9.042012017744009977e-01
-8.895817105153910331e-01
-8.635693893728175752e-01
-8.263385825867388679e-01
-7.544172825567150298e-01
-7.602311651439019879e-01
-7.765397777259376300e-01
-7.853438059446767872e-01
-7.797240261148911111e-01
-7.877065923546500148e-01
-8.160344871625810903e-01
-8.268565691613845026e-01
-7.821527396374478025e-01
-7.985830635710207126e-01
-8.195537922813822540e-01
-8.820960901240573193e-01
-3.348292733192953508e-02
-6.691068529362069472e-02
1.458205763340846006e-02
1.553474289785455875e-01
2.958152658716047823e-01
3.511807610735225293e-01
3.986430332248765418e-01
4.256658882580304226e-01
4.375193204106889722e-01
3.218202385637122798e-01
1.019068718991360256e-01
-1.778945196272101181e-02
-4.445968923938296152e-02
-1.084461508532342244e-01
-2.011274623744090939e-01
-2.306943624321022013e-01
-2.459385793298853318e-01
-2.777353364449315909e-01
-2.777006557571339851e-01
-2.744088490373264855e-01
-2.756250543973373657e-01
-2.935070266165932806e-01
-3.034970061068616443e-01
-2.996490783262847346e-01
-2.528141644243541708e-01
-2.401158580001034326e-01
-2.241708192780856868e-01
-1.699268814299560448e-01
-1.233888609485774834e-01
-7.741426532855710807e-02
-2.997114595203978840e-02
-1.522006132324205396e-01
-2.320394706498802861e-01
-2.635351067012684512e-01
-2.752312586259224592e-01
-2.764441334458344612e-01
-2.716615985393434074e-01
-2.592343804502341142e-01
-2.854619294677673280e-01
-3.436799618006813883e-01
-4.439375952982303475e-01
-5.235239053596723036e-01
-6.577749416939788762e-01
-7.255559665972821648e-01
-7.727781402623247198e-01
-6.877761452979760382e-01
-6.350637018619567087e-01
-5.367789666204521026e-01
-4.898154366577334717e-01
-4.427283961772081611e-01
-3.329643805091334618e-01
-2.060112674380713826e-01
-1.262338743164455046e-01
-1.351960647030922003e-01
-2.135303686169189863e-01
-2.225611150610740385e-01
-2.267646317393373634e-01
-2.140243869393460285e-01
-2.042238476300607675e-01
-1.974926142878718760e-01
-1.108308567074012263e-02
-2.186405851249198506e-02
-9.645874523804720546e-03
4.405940662123570065e-03
-2.109536315052348843e-02
-6.340497496388587673e-02
-7.036040467303146528e-02
-6.695725379427955315e-02
-5.452199390321304379e-02
-2.383215593500962598e-02
1.884390138746148274e-02
1.302056221359537136e-01
1.497723851180315646e-01
1.360246162973962336e-01
1.273870181019631231e-01
2.507321552334779158e-01
3.617929856530422983e-01
3.761934727413237534e-01
3.004368177721589150e-01
1.982059340750871312e-01
1.283255577145490656e-01
2.040202493071872902e-02
-4.578350910809395047e-02
-2.169626912111947623e-02
5.013520484696770696e-02
9.566617795747459074e-02
1.727322704011288734e-01
3.347726573761849456e-01
4.428375906857129340e-01
4.938025867400708813e-01
8.391553061943231306e-03
-4.538903529267597492e-02
-1.863132152543680586e-01
-3.370402205951996688e-01
-5.334249985812999917e-01
-6.015075235888077687e-01
-5.981950351616358574e-01
-6.253093481669503850e-01
-7.142192461244385449e-01
-7.379698528532055990e-01
-7.276277607845935691e-01
-6.605634332588594670e-01
-6.477537475169532488e-01
-6.680596169976472654e-01
-7.611653746470852244e-01
-7.665362377325110055e-01
-7.040348913609389969e-01
-6.590499826010309814e-01
-6.335312778465415073e-01
-6.331176362369953514e-01
-6.291532674825168758e-01
-6.313595863041081557e-01
-6.195167027501241597e-01
-6.343498333341286433e-01
-6.958229804921968187e-01
-8.300076111694185688e-01
-9.510538137519372048e-01
-1.015295388540807808e+00
-1.035785446363066686e+00
-1.030171784977623517e+00
9.031433988027515181e-02
1.290146532951160219e-01
1.536499655528448804e-01
2.822395514427142316e-01
4.591072731293671660e-01
5.398971919241618567e-01
5.227759149786969095e-01
4.944565174581476152e-01
5.266071418165768625e-01
5.782274117194565743e-01
5.579371283367008383e-01
5.417836473781344475e-01
5.161284295253150134e-01
4.727320122509476308e-01
4.612091602486464437e-01
4.737756202416157914e-01
4.533946415548533726e-01
4.147880579494315767e-01
3.789885518242552820e-01
3.755589137611638484e-01
3.436734413619518813e-01
2.909197710742917331e-01
3.034291076027831324e-01
3.339865218526423818e-01
3.532378549839627069e-01
3.581769609295633594e-01
4.444255160813878613e-01
5.544966724612953035e-01
6.532931720471671921e-01
6.612112601118330657e-01
-1.903719343820869936e-02
-2.517991019203491901e-02
-3.938665851114082905e-02
-3.261962021481892154e-02
-2.540341215967185928e-02
2.164279845945717151e-02
2.255357969655186548e-02
-2.169841208346396863e-02
-8.365416014443963211e-02
-8.529785767716072109e-02
-9.140470253888653696e-02
-1.124921153437014043e-01
-1.483192110149752496e-01
-2.458366165361300926e-01
-2.792728999925160882e-01
-2.850562927307411232e-01
-2.898543347622994371e-01
-2.339029631831567035e-01
-1.992517023333613968e-01
-1.993181289742343154e-01
-1.896897890205327397e-01
-1.243256187755313463e-01
-1.178401954717633315e-01
-1.743324739963616477e-01
-2.911148645420688630e-01
-3.027577981939577056e-01
-2.435204598738178738e-01
-1.032132710610810244e-01
-6.969411100655739655e-02
-8.249345707414754147e-02
-1.123501255076271993e-01
-3.131420599449519782e-01
-4.465492977137197617e-01
-4.500427061630404846e-01
-4.202587231615159125e-01
-4.509820133996067515e-01
-4.914553326627368879e-01
-4.982352022268030645e-01
-4.771165577243265399e-01
-4.790187983654311532e-01
-4.887916412820012546e-01
-5.036510752991956164e-01
-5.668290714719419476e-01
-6.016013969375662018e-01
-5.846468804058071456e-01
-5.237512974345176486e-01
-4.877443503576682771e-01
-5.277096738609782234e-01
-6.260978489608541864e-01
-7.360952498683428491e-01
-7.590680519467545295e-01
-7.912671209463058020e-01
-7.963402592724145856e-01
-7.989190384348818785e-01
-7.950537079919947070e-01
-7.924830277208813056e-01
-7.903706783848056805e-01
-7.798219130399974830e-01
-7.474556782654731002e-01
-7.196457846049020279e-01
-6.693082473422655616e-03
-4.216920812204229957e-02
-6.141498219141949821e-02
-7.213336088501957899e-02
-7.719814490516636873e-02
-1.272674148345868117e-01
-2.477521007825835841e-01
-2.726532198633879744e-01
-1.884064960910152853e-01
-7.769396369218607712e-02
-1.255422998948294011e-02
-1.229866384819417249e-02
-1.260412638263756768e-02
2.999533069766312926e-03
3.924061423931725356e-02
4.234877204982565035e-02
4.623945693577704436e-02
5.143261870848429146e-02
1.302096419589641452e-01
1.282272535329156415e-01
1.300695921873201433e-01
1.307746925066511079e-01
1.263949830568572297e-01
5.236142281217884276e-02
-2.822325219047991385e-02
-1.502851183507721566e-01
-1.976987089393323627e-01
-2.282735187028741564e-01
-2.181350279700244865e-01
-1.954898150876954732e-01
5.933830926557263213e-02
1.754969873631648802e-01
2.986626111686980778e-01
2.923178605291613663e-01
2.730346610645965066e-01
2.210336401516993232e-01
2.814961777772453377e-01
2.968121589447449971e-01
3.383782879337320360e-01
3.430142287104043231e-01
3.639992682750507469e-01
3.444163519075634228e-01
3.295425226071624358e-01
3.261331608755410616e-01
3.428282204486224893e-01
3.495224047784227794e-01
2.712555730210059468e-01
2.305490794479808092e-01
1.702078709721238925e-01
1.650696048807245853e-01
1.511204663347459343e-01
1.800911769470633361e-01
2.189499474274813340e-01
2.316572921938708507e-01
3.127451784483583075e-01
3.969233428208016057e-01
4.794679151374970916e-01
3.912500403961552964e-01
2.932236068335978829e-01
2.612698772492030863e-01
6.172048626775338519e-03
5.056209550010691382e-03
1.242259783579809790e-02
2.669890967246643654e-02
2.755470404547324254e-02
2.463479898861623690e-02
2.657477292495160487e-02
4.221249148091013592e-02
3.592361084228423707e-02
9.972961780732446380e-03
-5.949177548583082370e-02
-7.848730819858182328e-02
-7.879777717418447180e-02
-7.294477128966853074e-02
-5.522514634011787410e-02
-6.374077908085987176e-03
1.305370128518160838e-02
2.583297779112920731e-02
7.098023272536678474e-02
1.018923121925854186e-01
1.068513286896730224e-01
2.677616471411152499e-02
-6.141235291511888683e-02
-1.557407460241116426e-01
-1.703635012083745681e-01
-1.754353621585810485e-01
-1.075758973179857247e-01
-4.952551405837030823e-02
4.752314572838627765e-02
9.067465969564736383e-02
9.117653298038623511e-02
1.562741834046818545e-01
2.029869592945002243e-01
1.963254275459057341e-01
9.863443572025609729e-02
-1.389870535827909814e-02
-1.848978183809537046e-01
-3.437307008530272601e-01
-4.986640635172343572e-01
-5.862818161757608060e-01
-6.595031487271193482e-01
-7.045644151323119386e-01
-7.118352672720947849e-01
-6.993146815991951870e-01
-6.685416934875267891e-01
-6.698763971100416548e-01
-6.648715349458406143e-01
-6.231554552955048676e-01
-4.302074991429584161e-01
-1.720653928786326503e-01
5.049461885473485734e-02
2.146211822826563087e-01
3.061620829632289986e-01
3.423240475267663729e-01
3.518288204760754989e-01
3.369709049859241357e-01
1.971954859676259553e-01
-3.110880503420218601e-02
-9.615446166609703527e-02
-1.368203661117526893e-01
-5.767855212843925328e-02
-6.604262203151872734e-02
-1.014647254904534612e-01
-1.402731404232328005e-01
-1.677223078334477424e-01
-1.251756407724719522e-01
-1.236362920870441584e-02
1.014495561314270045e-01
1.653937307710135474e-01
1.773779641660476469e-01
1.819783616382122104e-01
1.894867271503014039e-01
2.709529784208694614e-01
2.886142884312323242e-01
3.026229358471465569e-01
2.531616494626461877e-01
1.815190223219974308e-01
3.635696223458090293e-02
-5.566441679019330790e-02
-7.516335167716889365e-02
-1.222622092285431117e-01
-1.398369135142985553e-01
-1.516549380163345895e-01
-1.065318051172601810e-01
-6.572803045421596324e-02
3.430242450757614581e-02
1.925451203549928270e-01
2.470836539626953543e-01
2.678894053427031685e-01
2.104736570656547401e-01
-3.940288777621559629e-02
-8.914523686953534920e-02
-1.235343722925642262e-01
-1.823384454449917813e-01
-2.667242244475735435e-01
-2.713882516550800150e-01
-2.444437052139472322e-01
-1.641277315844485440e-01
-1.077072373881067802e-01
6.090502814248832664e-06
2.578936531139023811e-02
4.804590505811038442e-02
7.030953422114627482e-02
1.403077413380691696e-01
1.662850644397637634e-01
1.662033070684689195e-01
1.297064130688314054e-01
7.516232280338717986e-02
-2.878930531176396301e-03
-6.519326231476488265e-02
-1.172712660981420629e-01
-1.292473232133646566e-01
-1.576796540135861902e-01
-1.672622343608565765e-01
-2.358644116333593610e-01
-1.834105831155241062e-01
-9.262857477304518861e-02
2.036670150083626230e-02
1.939409209570716608e-02
5.793736142847986936e-02
1.750325722127108463e-01
3.942862524513938149e-01
4.745573800737144521e-01
5.128344102362213386e-01
5.390529777450755455e-01
5.325120584380743649e-01
4.592823771394058952e-01
3.732937511426497323e-01
2.745707836895708853e-01
2.076560958961983228e-01
1.460016994720719774e-01
3.459566813998191104e-02
-4.264592696871329081e-02
-5.672274584838846168e-02
-5.339765048335923248e-02
-5.448455682787696486e-02
-3.395792198641917059e-02
4.114272918639609589e-02
7.144048855609086424e-02
8.146210785616249395e-02
1.543525432170745060e-01
2.364855590176033751e-01
2.525276854567062301e-01
2.133426895613740881e-01
7.259919735360712001e-02
1.443925598991454423e-02
-3.063699373910165613e-02
-8.738817678408777878e-02
-1.693324346488371268e-01
-1.968690736740556779e-01
-7.461840326031600988e-03
-1.517444501309702688e-03
4.780239434130382353e-02
