1.009994011710978745e-01
2.596695569914719282e-01
3.823605334387781829e-01
5.596088098944461686e-01
6.343559928180005913e-01
6.758344165299615680e-01
7.304273888359914535e-01
7.752434010583018065e-01
7.611894343670815299e-01
6.841085022628594636e-01
8.405992473572596602e-01
9.581800264750262031e-01
9.522653012536732575e-01
9.265520271193417035e-01
8.427338958661277912e-01
6.462789346458208684e-01
4.733194276353848151e-01
2.039444233487303082e-01
3.280060108405563613e-03
-1.707264418197289024e-01
-4.837986118244983480e-01
-7.417268147394175948e-01
-9.507718875538991865e-01
-1.063780103650256104e+00
-1.103092270863143431e+00
-7.965596071489249308e-01
-7.573704751041299144e-01
-7.072184217569186249e-01
-4.984492257508178481e-01
1.021223849878739737e-01
1.777349486295835557e-01
2.216113970874842853e-01
5.744083676245572700e-01
8.294501958191273783e-01
9.531959097701918626e-01
9.817530360285847690e-01
9.527581755121774520e-01
7.669527722711008133e-01
8.260830048918504920e-01
9.278550663081076566e-01
7.318896220673432040e-01
6.546587697405906736e-01
7.637893020384427523e-01
1.130374895326835327e+00
1.448635659862206104e+00
8.345878473708138179e-01
7.042805179327311649e-01
1.289692125663153721e+00
1.540089457213371427e+00
1.717558672262986308e+00
1.887826814947331844e+00
1.922694307471624064e+00
1.688467006853414443e+00
1.638687515795146821e+00
1.701039132846199120e+00
1.685620124827295507e+00
1.993958965110196546e+00
2.077947162321864383e+00
1.857305997269485198e+00
-1.973916450213710760e-01
-1.287815881356701997e-01
-1.481239778765793269e-01
-5.988089507538829626e-02
1.876465151195411130e-01
2.038516561208687516e-01
1.871586115707881692e-01
1.053821842463564112e-01
-4.724830292760663630e-02
-3.122731265086971519e-01
-6.383217562022204250e-01
-3.092359967008420640e-01
1.366142810966070043e-01
7.666844749057494246e-02
2.930231234188971495e-02
3.260662454718234182e-02
-2.645345300558436807e-02
-1.077805939785277806e-01
-3.047073552712506461e-01
-4.291844156916920228e-01
-1.129998153877154188e-01
1.626161541940754351e-02
-1.354043267266445971e-01
-1.468587354644340648e-02
-7.492138781375920487e-02
-1.404737813358738485e-01
-3.855919458412987444e-01
-6.051686030733174348e-01
-8.107418160837589483e-01
-1.153447737470310042e+00
-4.095508496535250620e-01
-5.507266945074125175e-01
-6.615626704362435051e-01
-7.418288253016935840e-01
-9.413877127976388870e-01
-7.619794040761882492e-01
-7.604130427914865820e-01
-6.901835060830638913e-01
-8.325863775540139899e-01
-4.196446568752789097e-01
-3.321108125854316251e-02
8.460299050722668024e-02
2.681480580506315214e-01
1.427159484970719205e-02
-6.356866292020537657e-01
-8.151012497450185190e-01
-8.705552623795347333e-01
-8.976417109004013462e-01
-1.090999392297742121e+00
-1.099754646032213845e+00
-1.359816075633908383e+00
-1.408857158918831676e+00
-1.305376528067262676e+00
-8.228425158197283373e-01
-4.501586552363487370e-01
-3.356010874286601275e-01
-1.012654525824386864e-01
5.382942357944534018e-02
7.061756470261486285e-02
1.367883687289315475e-01
-6.274694593827789824e-02
-1.857318960509757866e-01
-2.860314569970612841e-01
-3.306834743590446601e-01
-5.233738453942353708e-01
-6.622301449518398497e-01
-6.943428172222391170e-01
-9.521742591338431261e-01
-1.010757053298233066e+00
-9.938074680057462640e-01
-7.979161808238599551e-01
-5.578982437123156668e-01
-5.843082004576853894e-01
-4.886561656880670235e-01
-2.012630306722124063e-01
-1.198255779502766238e-01
-6.710725220187407913e-02
-4.930479141024943224e-03
1.304354746426841793e-01
1.360339385157715297e-01
9.340161593973395071e-02
8.661887945254082011e-02
1.972921924863028920e-02
-1.284892250051410945e-01
-4.408243602172881581e-01
-6.667674697568166664e-01
-9.913423352118477805e-01
-1.271705681961339929e+00
-1.291047481628829319e+00
-1.296845987187720040e+00
-4.635841399182380473e-01
-9.609547548949103346e-01
-1.115165587077720843e+00
-1.104734721999173441e+00
-8.034129498867363939e-01
-3.374655818408550667e-01
8.881207122259260345e-03
2.344236119297825327e-01
3.415990128260235625e-01
4.306709597165694903e-01
4.223559630512937479e-01
3.308930551559242650e-01
2.746746097072790271e-01
2.671476792913644038e-01
1.546643867941677741e-01
9.227916545720762920e-02
7.839690642800245524e-02
-2.289290039592874193e-02
-2.024851814250650528e-01
-2.817430548658638179e-01
-1.561211899352182020e-01
3.430367323360733467e-02
1.593568544705432077e-01
4.636314457873911832e-01
6.412848184532707885e-01
7.041049405033515951e-01
7.999996972904990233e-01
9.541422335911121655e-01
1.095746904511607278e+00
1.186687200300965861e+00
-3.910527639286853763e-02
-6.205921478034041872e-02
-1.745908111774698707e-02
1.213802629882125561e-03
7.672502552556548228e-02
8.101579486227378224e-02
5.216724807503870381e-02
2.796061767283763988e-02
3.854423528085325346e-02
-4.828747392957126461e-02
-1.232423382873913259e-01
-1.731894871153728255e-01
-1.285406353089623699e-01
8.368479224568683983e-02
1.261338371773484679e-01
1.951656025742041778e-01
2.539430113759578167e-01
3.175287467534771424e-01
2.605971344251990507e-01
2.061555388297990066e-01
1.870772347551898085e-01
1.827251753668396594e-01
2.071438246281964157e-01
2.169312523075518362e-01
1.719863877281069264e-01
8.989712236976847570e-02
7.243968912450440834e-02
3.399189467536682663e-02
1.672444795965118830e-02
4.734366271239459634e-02
3.951855629787500573e-03
-2.063179499814575546e-01
-4.065160053209641022e-01
-5.157842585036059857e-01
-6.702294820516201401e-01
-9.044681853578280251e-01
-9.941240173392269508e-01
-7.895055715661913887e-01
-7.750655075266608129e-01
-7.863281767497528607e-01
-4.253212496052101721e-01
-2.457633269882249505e-01
-1.899024149851214760e-01
-1.969959267865796226e-01
-1.921837881533861592e-01
-2.200776410311644227e-01
-3.922619852018179865e-01
-6.036271669724446731e-01
-7.320294621473731889e-01
-7.735461534432139796e-01
-8.870743820538282698e-01
-8.539567010467131736e-01
-7.531761445520496201e-01
-5.889249711188215830e-01
-5.384148256783165554e-01
-5.645779295141216680e-01
-5.567036283384333428e-01
-5.068277855392170350e-01
-4.771358317526521731e-01
-4.391532139446827077e-01
-1.491987736126641761e-02
-9.372219014266473802e-02
-1.314481566899924347e-01
-1.236672232490358819e-01
-1.276692912082683651e-01
-1.355924820018053478e-01
-4.902412287055003814e-02
1.259437446786445536e-01
3.396540121167072046e-01
4.890143929867951655e-01
5.703892036885203076e-01
6.508289548214267750e-01
5.961919314343593346e-01
5.131883353389958824e-01
8.002926734464189673e-01
1.075383714695278936e+00
9.438043061574996617e-01
8.968224384677252470e-01
1.069654776061788937e+00
1.099478781472157163e+00
1.070396908792992319e+00
1.082092968608227679e+00
1.072561064154357036e+00
1.067718730313678810e+00
8.914713265671760922e-01
7.082154584974270639e-01
7.019001137006909419e-01
7.012911286193905802e-01
7.256176372464816504e-01
7.420130856256461627e-01
6.357223349174713489e-02
1.689725849402138325e-01
2.112194623834816598e-01
2.540994911384777399e-01
3.313960285096101410e-01
2.986079824322828147e-01
1.542119373879933808e-01
-4.912957256549518870e-02
-1.250453355789571397e-01
-1.882359447832971933e-01
-2.090954547849734890e-01
-2.147183469353325380e-01
-2.201137021492351464e-01
-2.089097071983285758e-01
-1.617112128303738738e-01
-1.587142335857427144e-01
-1.260814757436513056e-01
-2.157137836624499205e-01
-5.501285302103462449e-01
-7.820735359255666097e-01
-9.844637791817154593e-01
-1.132486543827626591e+00
-1.184974886543086248e+00
-1.218486290021083329e+00
-1.226897944632887816e+00
-1.250147647043742483e+00
-1.308316691759969563e+00
-1.309633838379534509e+00
-1.258947174025996318e+00
-1.231247782465118235e+00
5.401348427703373846e-03
7.462447870017269690e-03
7.680823198414170327e-04
3.611390012954040097e-03
1.506627722065386095e-02
4.846552386274914637e-02
6.152382345415745302e-02
4.938029472451311436e-02
3.895923025449142540e-02
4.158857447167104565e-02
2.710865722778890013e-02
1.814442111088794204e-02
1.721368559686141733e-02
-8.173010909493104437e-02
-1.782809706582140219e-01
-2.016169020404741385e-01
-2.093675205369488479e-01
-1.972679389386125248e-01
-1.053728265166055389e-01
-7.035970233953711683e-02
-8.498028043656739861e-02
-1.424963810115788265e-02
2.652946268243326911e-01
4.490406410211701393e-01
5.003838667513068605e-01
6.136747979437088274e-01
1.156374310738104594e+00
4.944639438430544764e-01
-1.600275246282391040e-01
-5.754517611009768441e-02
-4.014851208473803057e-01
-9.486087465047050582e-01
-5.392231408670021819e-01
-1.276213413175424360e-01
-7.080543583649373529e-02
1.439846628384672256e-01
5.724057620497515764e-01
6.678127749393195645e-01
9.071807488325951407e-01
9.098097695437326049e-01
8.777508788769091685e-01
1.001809947694707992e+00
1.310695406103586258e+00
1.485122303672466337e+00
1.537852993036925575e+00
1.506833155749121467e+00
1.450483757948278773e+00
1.317423239813928282e+00
1.207450498920473736e+00
1.031360109651261903e+00
9.063719894802455546e-01
1.092913508015552537e+00
1.246058375277036223e+00
1.204868268418771704e+00
1.229480738449745481e+00
1.348811649181289818e+00
1.342300783279637422e+00
1.302818345574433323e+00
1.253692752862231918e+00
1.208104533604163366e+00
-5.685499575371199404e-02
-1.409984084084365819e-01
-1.559264674732781242e-01
-3.489305462673905067e-01
-7.177573463147216559e-01
-8.569416726709598864e-01
-8.832838176177822964e-01
-1.067367441491930746e+00
-1.148694244867215719e+00
-1.200397396197099287e+00
-1.406776459617726127e+00
-1.688160481379934907e+00
-1.926461913345391297e+00
-2.424906959229687242e+00
-2.950801661755535044e+00
-2.965755957565545664e+00
-2.704060107712713990e+00
-2.490656870231902076e+00
-2.443649049491283254e+00
-2.307809213247639768e+00
-2.265294834496354159e+00
-2.416884536959161167e+00
-2.493417409184937483e+00
-2.715174138403130488e+00
-2.716884370425122874e+00
-2.470917255902753684e+00
-2.403965208559973199e+00
-2.312324443743003055e+00
-2.221699772642137916e+00
-2.430308827990478093e+00
-1.704396306844082609e-01
-2.677735574196642432e-01
-7.606534812624603514e-01
-8.353736071049772116e-01
-5.499490584420327899e-01
-5.898441158162931464e-01
-7.469741853425255762e-01
-4.306401416351931521e-01
-1.621282743738312604e-01
9.859877455342475061e-03
3.059987134245674145e-01
6.105799029850795812e-01
7.830728916778091353e-01
1.059707289641055317e+00
1.229307376912611049e+00
1.258065010369764813e+00
1.148652862730944690e+00
1.190511002111179772e+00
1.281406129757180157e+00
1.311755219411486983e+00
1.488837813579816372e+00
1.898248061456414781e+00
2.133110707696348918e+00
2.142206355527783934e+00
2.086393647174802801e+00
1.834663519517509611e+00
1.581101403525206894e+00
1.389874965444150678e+00
1.308445752317489497e+00
1.307383479182334884e+00
2.909857142266853991e-01
6.921390436541394742e-01
9.738922663659252965e-01
9.687876545167831699e-01
1.116951950206628297e+00
1.084950117078880893e+00
8.549281790397098568e-01
7.623814313257001318e-01
7.831945885988604861e-01
7.278631087097123809e-01
7.320877475900066100e-01
7.417772619913283183e-01
7.753380291573899186e-01
8.438491541752904945e-01
9.040375086851496489e-01
9.793206779632829262e-01
9.403273243786814950e-01
8.447585469086970056e-01
8.008534879737532197e-01
6.851860956298972960e-01
6.100618926172124423e-01
4.338308099666486894e-01
2.656655000301895719e-01
1.541066791373020828e-01
1.447663315430521846e-01
4.346445979467019605e-01
6.508769459338712426e-01
1.624507068971998702e+00
2.165138831127318308e+00
1.720543326441602572e+00
4.970499268350956484e-02
2.690929552051321005e-01
2.234633193691334951e-02
-8.297581721017879136e-03
6.682071455655475001e-02
-1.553698809563841543e-02
-1.200651551869943851e-01
-4.225737422196977622e-02
-8.001741053704528039e-02
-1.908340883587587022e-01
-4.950934869825130424e-01
-5.529013905572566223e-01
-5.098208410645224120e-01
-3.366965144719760161e-01
3.196451554040502518e-02
6.047793801254129908e-01
9.927122201393012713e-01
1.443282483196856480e+00
1.969958505172290764e+00
2.397443711653853171e+00
2.466279549077737165e+00
2.325021678067495490e+00
2.336716821939869071e+00
2.415696341985698936e+00
2.407987560999981458e+00
2.352259442270097090e+00
2.202113419902597347e+00
2.042101794112830326e+00
2.049226361210295888e+00
2.077493096361711089e+00
1.684903308317593496e-01
2.678892751243371895e-01
3.521654420077806602e-01
3.483387036329451680e-01
3.397637514096537026e-01
2.988176163795850937e-01
2.688675779211012751e-01
2.309674260290043579e-01
1.445727042249610461e-01
8.652801930697667787e-02
6.026130188271620891e-02
1.724772748776800257e-01
2.238313211395293045e-01
2.816035301031710736e-01
3.135857682186517503e-01
3.380580831013508258e-01
3.388779048964914997e-01
3.371013793447496520e-01
3.222108829495413662e-01
3.329074212878281314e-01
3.537402456377911619e-01
3.514324438546769791e-01
3.105489941403382081e-01
2.682736964477236974e-01
2.801591116599830844e-01
2.540285883066337180e-01
1.711626530413473679e-01
7.612848953809731034e-02
-5.948220770471726593e-02
-1.135213447356650251e-01
-5.428447243833725566e-02
-6.219243553414183917e-02
-5.395333011506733834e-02
-2.512028714170323057e-02
-3.284024724206834056e-02
-7.395304653637689574e-02
-1.423894858697031252e-01
-2.340955387178439706e-01
-3.542224217958915289e-01
-6.813553628361084247e-01
-1.185502553859464125e+00
-1.609433901154907698e+00
-1.825714581408809156e+00
-2.108236598024317399e+00
-2.157939614806178685e+00
-2.033683533262571341e+00
-1.946912612687160760e+00
-1.867066038328610622e+00
-1.741392721991597448e+00
-1.712253472458921566e+00
-1.835482320720958294e+00
-2.231599248928494816e+00
-2.709650832274925314e+00
-3.041000832126485864e+00
-3.331717714386621676e+00
-3.423157617661089613e+00
-3.413517399435174848e+00
-3.315197592577860064e+00
-3.060851950959414314e+00
-2.860039865054803787e+00
8.817305018744955869e-02
-1.305787718367441286e-01
-4.358624529825808613e-01
-5.005882812331303722e-01
-5.073002907491317437e-01
-5.653364009910710752e-01
-3.930922908296972107e-01
-2.951049275209600697e-01
-3.374898851155553881e-01
-4.009594770940957398e-01
-4.665415492666721842e-01
-7.365203920921379321e-01
-1.012974345914723351e+00
-1.024338631114056319e+00
-1.051839061508670570e+00
-1.219370734533882006e+00
-1.394071412993529657e+00
-1.386699732558243525e+00
-1.323927059681976326e+00
-1.260159863356236531e+00
-1.159435816648611173e+00
-8.379768989993907624e-01
-5.517176100247268566e-01
-3.803696643511284559e-01
-1.911710285222809058e-01
3.454882929551436610e-02
9.341131062952402753e-02
4.460549985974332499e-02
3.152987177510671590e-02
3.542935708982253296e-02
-9.445049225832066742e-02
-1.573890334776116839e-01
-1.921779675337624282e-01
-2.085730702285080729e-01
-2.552588224860626864e-01
-2.691090744402718782e-01
-2.428404107424535496e-01
-1.649215559640638262e-01
-1.541828783502994238e-01
-2.202076367687941238e-01
-2.503646326929103716e-01
-2.585796614174374897e-01
-2.332514955332926077e-01
-1.707299555465995322e-01
-8.765787786695758421e-02
-3.329476370047537714e-02
-3.236358483258543195e-02
-5.602437231505368043e-02
-6.530213515851457373e-02
-5.322908632834540826e-02
-4.896089235625074310e-02
-1.810107998544939756e-01
-3.065843466501395609e-01
-4.259714766638539318e-01
-4.628845432788192271e-01
-4.886981165080040435e-01
-5.017905496997168147e-01
-5.268030076249222704e-01
-4.624884337873804152e-01
-4.823332937672711873e-01
-2.124490104768404428e-02
-2.936600528408201544e-02
-4.353972009744057348e-02
-9.937996175756512451e-02
-1.176296150396209106e-01
-1.929235244991011344e-01
-2.695210203318902376e-01
-3.010621819743803940e-01
-3.385129040505143183e-01
-3.293740552633208085e-01
-2.828986847741122856e-01
-2.449565869629506398e-01
-2.147957153113303208e-01
-3.469843952832907252e-02
1.710380687281138345e-01
3.185152506718341714e-01
2.895028600703343225e-01
2.857556557522047402e-01
2.948960902179438293e-01
2.427976868033492608e-01
1.376305565173055745e-01
9.810745057504946520e-02
9.594762901483427919e-02
9.797620350879458762e-02
1.127885094364519669e-01
1.335266447495232489e-01
2.082847897941406956e-01
3.350647722827586050e-01
4.048141403973065100e-01
4.098330200907199794e-01
-2.759508611820410753e-02
-4.888070798111288084e-02
-5.647789948779999292e-02
-4.265293981983525606e-03
5.915358767579421972e-02
7.357142604038399702e-02
8.317377617165321035e-02
1.158014055054459729e-01
1.758457700277642755e-01
2.074544090199776369e-01
2.173384399800873668e-01
1.898652471390333829e-01
1.727008614184522839e-01
1.539264229541599527e-01
1.696077131458882115e-01
1.903090635236703299e-01
1.915715258276122213e-01
2.087581609988723719e-01
2.312002347933985458e-01
2.548308197549721821e-01
2.656076705508216285e-01
2.689367001606703389e-01
2.726600474519230155e-01
2.684667856052572743e-01
2.603721284259165603e-01
3.082485465273134828e-01
3.496700547839211581e-01
3.457818773231297604e-01
2.903428656711867784e-01
1.837779394338925343e-01
-1.857033637278938725e-03
-2.413439990411543265e-02
-1.186767004044234422e-02
4.374643968541389039e-02
5.067239789118068577e-02
5.699842726303434859e-02
4.985872276295433281e-02
-6.024298764118894700e-02
1.607850808969955858e-02
-1.362020136385088884e-02
-1.651550897421104336e-01
-2.251361661212851195e-01
-3.114081886815244782e-01
-6.093008292105885904e-01
-7.775398713924156491e-01
-8.111660298795976276e-01
-9.267677849039253068e-01
-1.065707681197277212e+00
-1.112969282715588593e+00
-1.122569545359570542e+00
-1.131977018917837752e+00
-9.950984857162894492e-01
-8.958732753119278414e-01
-8.243642762644169952e-01
-7.163301342523846760e-01
-6.693396630270028735e-01
-6.382036009748169869e-01
-5.951580841266367328e-01
-5.941283986009764373e-01
-6.221599119023124569e-01
1.244201861106000858e-03
6.218015139588519043e-03
-1.820509738875605507e-02
-7.854268680432847927e-02
-1.202040629640143132e-01
-1.955525100931684856e-01
-1.235818586105927180e-01
1.259429379729458121e-01
5.959695244275832471e-02
-2.523481281282609345e-03
2.816672432504708223e-01
3.605120241848606688e-01
2.252548550929596438e-01
1.050314346805657634e-01
1.193075244489245346e-01
2.184260351225451036e-01
3.358020655840641133e-01
6.844156435082626722e-01
9.674576783990749274e-01
1.071685121676265284e+00
1.185837010651989543e+00
1.266041633970109270e+00
1.315146349591700847e+00
1.317398679320058941e+00
1.336452653614090158e+00
1.365166292618114063e+00
1.281376329975357553e+00
1.091090407441579035e+00
9.402947768376525017e-01
8.456653533296150105e-01
-1.061656408075803415e-01
-1.769437785949949937e-01
-2.462914410211695659e-01
-2.226702472863215931e-01
-1.479660927615182864e-01
-5.312910839223884685e-02
2.022503863829900883e-01
4.819948574487668558e-01
5.825060758607385480e-01
6.521052230352848422e-01
8.033784357572342216e-01
8.022846459460413193e-01
7.967856692715921119e-01
7.628822450884708006e-01
6.344733127441990472e-01
5.551624690907885906e-01
4.907551412516586442e-01
4.011991997471925919e-01
3.771260552312763470e-01
3.213980205955003777e-01
2.766336265240554870e-01
2.339461561808918733e-01
2.155014015816113238e-01
5.780721434021882099e-02
-1.121957784374665312e-01
-2.426043862940959472e-01
-3.502367011097276550e-01
-4.339448661718407485e-01
-4.721196388868354465e-01
-4.438333813772326608e-01
2.716244282955837183e-02
-9.155862436447664843e-02
-7.625113607838890362e-02
1.306944059657560719e-01
2.947741102709167116e-01
3.196059825274676358e-01
3.040466300345304740e-01
2.590864916992975386e-01
2.748295928713085368e-01
3.214295642994077773e-01
3.658225871121701389e-01
3.393120205402563871e-01
2.262482477976879014e-01
1.302108719946272197e-01
1.166628481452918892e-01
1.073821798393573695e-01
1.148372651207202610e-01
-1.807300606078490746e-03
-9.127249535866266417e-02
-1.002972357727551223e-01
-1.149152744788084074e-01
-1.589848180847078518e-01
-1.566159494708044830e-01
-6.619222086844635256e-02
-1.339994908103867011e-02
6.312239398347126856e-03
1.857112237643215868e-01
3.625525844654113872e-01
3.781830579327310482e-01
4.947473624196684350e-01
2.595379325260475656e-01
3.423842224202223727e-01
3.503247745796111978e-01
3.732555028001244835e-01
3.678715968652483959e-01
3.632195838229394513e-01
4.095927365654314922e-01
5.316908370819751761e-01
5.747275204014549166e-01
5.469444336681588137e-01
5.552141165035610060e-01
5.472787513396144554e-01
5.597489946665031857e-01
6.341153534226402488e-01
6.688916355350800202e-01
6.243017343135167652e-01
5.299144779004515415e-01
5.184957460506229854e-01
5.186199443417245369e-01
5.104363627274735027e-01
3.730984369587050375e-01
2.733434442971167111e-01
2.584734536381885217e-01
3.263116133813278585e-01
3.518332891582947597e-01
3.628155652149029353e-01
3.695683790982015049e-01
3.399696353480478050e-01
3.407265412949350702e-01
3.164394319285143697e-01
-6.192865699983062661e-02
-1.284247250144839592e-01
-2.089098954589417856e-01
-2.828065859620522704e-01
-3.008406047060300237e-01
-3.392735940567603858e-01
-4.981290613749800866e-01
-6.620139276604506406e-01
-8.733597907169053931e-01
-9.927710994566100178e-01
-1.145760406360994077e+00
-1.243522077368851342e+00
-1.337862815243131998e+00
-1.401162686970064408e+00
-1.392564775066135185e+00
-1.263272909269662181e+00
-1.158180671757529367e+00
-1.162661486099681563e+00
-1.030457465058744360e+00
-1.188237006996842204e+00
-1.774098681606252725e+00
-1.715340776101520692e+00
-1.198800221938005395e+00
-1.066337167795645469e+00
-1.011401303288676168e+00
-7.816236101084859111e-01
-6.778532292487379207e-01
-8.547896826582670471e-01
-1.070895735031283991e+00
-1.236375029929059899e+00
-2.331147713460767767e-01
-2.770795240149522831e-01
-2.487765806737627372e-01
-1.458979730285853982e-01
-1.141660964173782933e-01
-1.447738512460790550e-01
-1.396124351547284870e-01
-1.334084050466133042e-01
-1.411149157337262816e-01
-8.953606535690317170e-02
1.268280704278459958e-01
3.657211098774815761e-01
5.102254273043804744e-01
7.282909582672204563e-01
9.896801897111999757e-01
1.039465292133999519e+00
9.350806353103918722e-01
7.437310800392611387e-01
6.584162017871288963e-01
6.460479303353536817e-01
6.385478419946605255e-01
7.291814433092574932e-01
7.660782170478576125e-01
7.547763713724723322e-01
7.933318843677865662e-01
9.181882571809993898e-01
1.013069075341056946e+00
1.083393820462638102e+00
1.132883933357327066e+00
1.155354771451313489e+00
1.558859146778611600e-02
5.003406963759839815e-02
-1.165625011241936543e-02
-3.459182169804116136e-02
-1.220845059406239635e-01
-2.905205521300648908e-01
-3.434659339743328932e-01
-2.706450279151326188e-01
-1.954869935879516574e-01
-1.398396372869985527e-01
-1.096141728669318693e-01
-1.260367833574897178e-01
-2.018394952372582485e-01
-2.467150074431478657e-01
-4.668766188979682763e-01
-5.048625926787602136e-01
-3.914862522217814611e-01
-3.358560415361750429e-01
-3.633204861741936575e-01
-4.729881744913895236e-01
-5.012299606760111104e-01
-5.511460973514215045e-01
-5.835886254031030784e-01
-5.688048789236030967e-01
-5.376382387980188637e-01
-6.433719838175481209e-01
-9.974342555900066465e-01
-1.467629950281578832e+00
-1.572360843809633923e+00
-1.496959478349793038e+00
-3.697571682885126675e-03
5.783645318411531622e-02
3.493561801266382716e-01
5.682874552086989439e-01
8.568181109451514788e-01
9.751830493134727718e-01
8.837865525733207273e-01
6.499144123935371997e-01
3.943232663212056233e-01
2.859217254428085275e-01
-5.574303677199649032e-02
-2.990224604113465579e-01
-3.114774617709230031e-01
-2.137812289277449262e-01
-4.403420079841616208e-02
1.022745401970544810e-01
1.686699797085799979e-01
3.721655080620210887e-01
5.569985293031418649e-01
6.843434578852797268e-01
8.477004600482975771e-01
8.484323453980815444e-01
7.527966343020826567e-01
6.896663515068118810e-01
7.588427545381721817e-01
8.396868110961626108e-01
7.922284416964977538e-01
6.761358875818643810e-01
5.375000939839829073e-01
3.919056333994619945e-01
-1.066256341327733066e-02
5.227891833243339392e-02
1.310207527121560189e-01
2.676680035804922531e-01
5.202222151943325379e-01
7.448391389532170725e-01
8.880373163197994302e-01
1.030231536279968552e+00
1.118361601851370901e+00
1.135581290495700113e+00
1.146681926233290572e+00
1.159559768268004554e+00
1.134097068015420762e+00
1.132297355375995851e+00
1.180279651841257937e+00
1.216183471607476640e+00
1.281285252912753636e+00
1.351136506505262957e+00
1.401184691347887368e+00
1.412575912754911123e+00
1.431330934833610735e+00
1.352565830769373312e+00
1.288602932749107977e+00
1.229333359649384505e+00
1.211500518780532998e+00
1.173192817917644737e+00
1.175773486052045236e+00
1.190333244351785336e+00
1.202501734206407269e+00
1.237563616453898785e+00
5.111653538920409023e-02
1.636815528483944737e-01
1.461423383968672440e-01
6.687231465214497905e-02
4.504347109639503938e-02
5.689872692460189174e-02
7.817995937076591129e-02
1.336382570318191965e-01
1.543171210367545454e-01
2.280806472121073014e-01
2.948953924986363329e-01
3.442516219275795764e-01
3.572400967437835417e-01
3.622015171321953386e-01
3.266097097939327232e-01
2.437043262214469985e-01
3.049460545503576703e-02
-1.638322942490841594e-01
-2.536002528822159374e-01
-3.986393847614753128e-01
-6.222675664514210059e-01
-4.907061545519654233e-01
-1.890539859856654181e-01
-1.071351593445618589e-01
-1.727145663458395930e-02
-3.376541953491758036e-02
-2.287115857121814755e-01
-5.166793078504897663e-01
-7.418999283593348260e-01
-1.098572288873378433e+00
-1.179656458220550708e-01
-1.350068137031250337e-01
-1.343266124635827119e-01
-1.360697936723444801e-01
-1.658559056888282424e-01
-1.565339582114716188e-01
-9.974925583067772994e-02
-9.338509503248067223e-02
-1.320436622801165749e-01
-1.642469160520036164e-01
-2.713127910461689551e-01
-3.730976162336956947e-01
-4.018617555159416654e-01
-3.923235774902176232e-01
-3.951518521252131433e-01
-3.395198326759266139e-01
-1.805031650900774665e-01
-1.007550845157259567e-01
-4.265585193696375121e-02
-4.748787115753727583e-02
-1.614233773398598970e-01
-1.669977174800448827e-01
-1.218760905603441247e-01
-9.828458814412119326e-02
-1.114089701019518736e-01
-1.389636103218130359e-01
-1.460490082684817448e-01
-1.439847908631027018e-01
-1.465658111941282593e-01
-1.159757305916157000e-01
-1.834836972055434515e-02
-7.798170616626870499e-02
-1.358746678521678963e-01
-2.002219276486481847e-01
-1.921507121554461295e-01
-1.827736250872751267e-01
-1.849111115322487342e-01
-1.714315917562577729e-01
1.367565657962160897e-02
2.267610258665686274e-01
3.549083482078905227e-01
4.335324427560101612e-01
4.996212407721222215e-01
5.252445994550440922e-01
5.373209384482161566e-01
5.469567016662150172e-01
5.838902505539929066e-01
6.520901387072254307e-01
6.592404947980470276e-01
6.382010281848429223e-01
6.202798130051208059e-01
6.369669817195680039e-01
6.204826699422587577e-01
6.169933347761269449e-01
5.799867234182475295e-01
5.130434558306224968e-01
4.830555152651506701e-01
4.566687412738490992e-01
4.582449985466536813e-01
4.623263536209811786e-01
1.754094045926912543e-03
3.590581936224348375e-02
4.946935808123373995e-02
9.979083285022354033e-02
1.643903302950917578e-01
2.265281030004278329e-01
2.312832853927903054e-01
2.239775384093190269e-01
2.149509665035123085e-01
2.226205351639779784e-01
2.284933335148302824e-01
2.392746006494819999e-01
2.622146864874844163e-01
3.177231479915767487e-01
3.246077755691110234e-01
3.455500469202071878e-01
3.990368563894764464e-01
4.017094289551732533e-01
3.683196663669412452e-01
3.188534518431893061e-01
2.587848046970109284e-01
2.350011217395449881e-01
1.426969727416905476e-01
-2.341163001050527992e-03
-1.081287681032272602e-01
-1.558996429331897526e-01
-1.293668296884419311e-01
-8.535508521765383660e-02
-6.887381150114754713e-02
-1.354204371285984698e-01
-4.690973103356909507e-02
-1.296190076259699508e-01
-1.363535252944154674e-01
-1.217441773460363058e-01
-1.177388143582703550e-01
-1.494299224974602325e-01
-1.352454253329440081e-01
-1.713642115647612263e-01
-1.925175750286491350e-01
-1.820631530155495670e-01
-1.948421656895435172e-01
-2.164269601931617659e-01
-2.395837547977082704e-01
-3.134721577233455236e-01
-3.211587506273708703e-01
-3.164305820592607787e-01
-3.211660313652425214e-01
-3.244937392603972626e-01
-3.380201469031586248e-01
-2.950992438801015583e-01
-2.652743848880672606e-01
-2.379372574444376942e-01
-1.957194279225435707e-01
-2.508498779910288690e-01
-2.926031463205232552e-01
-2.910703682634662726e-01
-2.441311046692139497e-01
-1.495675537472528072e-01
-9.014402250152561691e-02
-4.801953082792255467e-02
4.183758410692565988e-03
-8.949822619171679539e-02
-1.604301145992540756e-01
-1.782447000012766791e-01
-1.686806391067442179e-01
-1.601413448484157731e-01
-1.396150863757572025e-01
-9.062523724804441572e-02
-2.099127975891318387e-02
2.422840535302600573e-02
9.649762358501731696e-02
2.108727068984274089e-01
2.439398583443672941e-01
2.552475224143379018e-01
2.988692188992025933e-01
3.345136008102205794e-01
4.341904090095425328e-01
4.467784666491618206e-01
4.774315316125428144e-01
5.250781951596142916e-01
5.905515237724631161e-01
6.302479690773440391e-01
6.959352558620108820e-01
7.438898476536869309e-01
7.972663115366781517e-01
8.325357001467418305e-01
8.526171393180332903e-01
8.567678139645016344e-01
8.656769768297993828e-01
8.434613422879913003e-01
-2.148174224690012693e-02
1.794167406543579341e-03
3.800532392366935946e-03
5.510308792861857985e-03
3.009354158407488017e-02
-1.290306665909271566e-02
-2.784033992815464209e-02
-1.125829668105968184e-03
3.666645883140315365e-02
4.789224112351036372e-02
8.273482336448569063e-02
6.538205468728683356e-02
7.604755527543691218e-02
1.514972740296822162e-01
1.191870420065754416e-01
1.007512342185143406e-01
1.256130425870568834e-01
1.745531915976347992e-01
1.683231506998468796e-01
1.749557329104188264e-01
1.778131531156662004e-01
1.635887064607194630e-01
1.615068886711650553e-01
1.462890119836580960e-01
1.473150632154852924e-01
9.888306584529529819e-02
-1.071987480749972410e-02
-7.118850275085508716e-02
-1.890447570942524469e-01
-3.975504373179685746e-01
-1.484842631116855272e-01
-2.235031499387559184e-01
-2.536300965608416225e-01
-3.038877990752527625e-01
-3.286812557307290383e-01
-3.391416166167858792e-01
-3.869701301233743340e-01
-4.068025454631730153e-01
-3.511420902800108101e-01
-2.789033610550407105e-01
-2.387027869282500325e-01
-1.869816943190727720e-01
-1.900468448453992709e-01
-2.386768223979991166e-01
-2.800263271957081357e-01
-3.565166146271394609e-01
-5.268069340622656416e-01
-6.177547736278414803e-01
-6.735173338674500521e-01
-7.098735826240745173e-01
-7.003701337655873216e-01
-6.695749299048366909e-01
-6.273392712596332910e-01
-6.283357600021325373e-01
-5.528771933380511872e-01
-4.420442993839944767e-01
-3.904007079554456250e-01
-3.064277981584103139e-01
-3.158675404884046523e-01
-3.773820656418012676e-01
3.680734131383895259e-03
2.388576741683978710e-02
9.799018884322299727e-02
2.004383268030943410e-01
2.468497947859590591e-01
3.039868870861552885e-01
3.577818072067437960e-01
4.336951340098125773e-01
4.682933405769634794e-01
5.036714035198821549e-01
4.756714636953635056e-01
4.442277852868514176e-01
4.482998859022651050e-01
4.558033526520048340e-01
4.542674414759148571e-01
4.856665607094707848e-01
4.963088287879868221e-01
4.632728552602591310e-01
4.701948623574287445e-01
4.849509648119029737e-01
4.890348978986343020e-01
4.964582631688356229e-01
4.532688161229321278e-01
4.325200475323971450e-01
4.325999975984221591e-01
4.678075010835959779e-01
4.988097606179571208e-01
5.335980461974854094e-01
6.258916803791227945e-01
6.974566006213857028e-01
1.190756120125218732e-02
8.441385724840695659e-02
1.184724829623052533e-01
1.243183211207585098e-01
6.495496602917587292e-02
-8.187981318684627030e-02
-2.070673427823238044e-01
-3.043348818873429229e-01
-2.275937102584483784e-01
-1.786908673605483167e-01
-1.968173016469096370e-01
-1.923069645011032114e-01
-2.183975092589911238e-01
-2.827709006520753299e-01
-3.208611927976638967e-01
-4.489001945164481366e-01
-5.759631188083997877e-01
-6.791044261710399432e-01
-7.051135180534422453e-01
-7.098477814967999455e-01
-7.253763508282420336e-01
-6.585479111502344773e-01
-3.811661845227248269e-01
-2.501341361426322463e-01
-2.522939695517257830e-01
-2.414521059819052240e-01
-2.442672429529444966e-01
-2.244097141714780919e-01
-3.002597824982040087e-01
-4.407722531934177290e-01
-4.438269652241440960e-02
-2.022623033444200524e-01
-2.168130666998588640e-01
-2.040850418735427330e-01
-2.050514366177935421e-01
-2.159563009047931748e-01
-7.232043406328159119e-02
1.064559189161140007e-01
2.494813773039986082e-01
2.750550856330034599e-01
2.777362610248568786e-01
2.803137907538325591e-01
2.642005609275041023e-01
2.375240085554689295e-01
2.104133951312654183e-01
1.998223543957125814e-01
1.025528746510960404e-01
2.960517386025528219e-02
-1.936040748732603678e-02
-2.073935942306616084e-02
-2.104159774698806731e-02
-1.226964861169972491e-02
3.568688850681556168e-02
2.156369347020597738e-01
3.156946268868142669e-01
4.941315480131884819e-01
6.750736113397616256e-01
8.030052532682628863e-01
8.555503111758124835e-01
9.119836627151125530e-01
5.136563277942439443e-02
8.375810825670747251e-02
7.618004997965677205e-02
5.787575294684656896e-02
5.200142277096281296e-03
-2.483426224125222584e-02
-2.037544096138192012e-02
-3.369293262641229886e-02
-2.546861699317043426e-02
-9.975309776443090290e-03
3.588677662001418106e-02
3.650186702257660065e-02
7.687329849181935570e-02
4.228598296100648246e-02
1.878293930181376345e-02
-4.209301588287157891e-02
-1.008079047952464280e-01
-1.898862391732122346e-01
-1.933106968032945461e-01
-1.961675069195595589e-01
-2.092436498803457168e-01
-2.087718559299591436e-01
-7.855733311203041969e-02
3.827652162862321683e-02
1.212597850477944855e-01
1.714309590329449740e-01
1.868717896308067783e-01
1.873378725352631835e-01
1.172316882745631367e-01
3.328525743883205268e-02
-1.201133818298940059e-01
-1.270331770639004376e-01
-9.529784478034364348e-02
-3.483975835323949166e-03
6.645388149184104642e-02
1.393577620870532496e-01
2.511814751350172625e-01
2.203223033764001304e-01
2.626811811396179142e-02
-2.040340284323044484e-01
-4.483610164192965986e-01
-6.283575206818048375e-01
-7.087131405272190099e-01
-7.209132878101627284e-01
-7.243833730307026597e-01
-6.932575326650883829e-01
-5.856654311636253496e-01
-4.339618291046956067e-01
-3.564035618822655183e-01
-3.364631595895071769e-01
-3.306690691492206735e-01
-3.430349880106928206e-01
-3.166852340027690449e-01
-2.876138250452413003e-01
-2.014892761749864647e-01
-1.126392261120262722e-01
-7.442125839804153431e-02
-4.758657805586703760e-02
-7.374822182623719247e-02
-1.277914015381054758e-01
-7.914561559663907397e-02
-1.646793411234094284e-01
-2.318662414750328749e-01
-2.816804134172219420e-01
-3.848180918341480017e-01
-3.942265473370218931e-01
-3.723888940256305236e-01
-3.402210573590895848e-01
-3.182474556046638869e-01
-2.578729952177795104e-01
-1.804418713179632427e-01
-1.250727258576514178e-01
-1.108859224328040127e-01
-8.699865408534242228e-02
-1.327174123931490757e-01
-1.304476447059942923e-01
-4.738986297135971970e-02
8.718331145085544964e-02
1.522937644866665385e-01
2.061329454246108583e-01
2.575825735811011485e-01
2.206005578097714193e-01
1.706179938272144869e-01
1.350151606436975626e-01
1.392155892252904537e-01
1.402530563709387668e-01
1.854254427563258589e-01
1.995785080581606863e-01
2.119622894304837302e-01
2.359435651684340662e-01
3.690928721135135898e-02
5.303096431635870994e-02
5.930069077828086649e-02
5.562151353428215067e-02
-7.336957842877167568e-02
-1.097718188707253878e-01
-2.341369618559925592e-02
2.614214789339549400e-02
3.437300314121782829e-02
1.512620561608907926e-02
-5.052435653096132989e-02
-5.849602282185661917e-02
