-1.777718870007345964e-01
-2.476838044795505733e-01
-1.920514256762792804e-01
-2.139055138989445770e-01
-1.532972895998396534e-01
-3.200996138108551381e-02
4.575136320576386750e-02
5.171400271617922206e-02
1.166697120871943993e-01
1.196688709399715278e-01
1.379572469429148351e-01
2.888869274698929734e-01
3.628021780468425050e-01
3.173377408351953921e-01
4.021496841893291707e-01
5.485305516993543851e-01
6.697919579351971908e-01
1.001648821788237775e+00
1.066702619510561556e+00
1.090698483679914954e+00
1.369882920383999725e+00
1.211754841926621751e+00
7.985604850776636399e-01
6.400435256410935692e-01
8.174571688040120909e-01
8.733161449612987237e-01
7.162530069209426253e-01
7.679340339362467072e-01
7.404288135989560704e-01
-8.578756353822296343e-02
3.240251929198093017e-03
6.114030420585923886e-02
3.353142483638976712e-02
-6.988702570308961970e-02
-8.602198850081255177e-02
-8.086960798622941371e-02
-1.006425033212254433e-01
-3.054680531300590918e-01
-5.052234133599907695e-01
-6.748068608594157691e-01
-8.690272871206033978e-01
-1.002593903822878607e+00
-1.024581593078773167e+00
-1.012323239646946149e+00
-9.896540513303641040e-01
-8.751070073947864181e-01
-7.157535735063617066e-01
-5.161646678045177516e-01
-2.738869170563705824e-01
2.434574923776666733e-02
1.456341419598769782e-01
1.253763731338776166e-01
3.136767189060510885e-01
4.876583542563619478e-01
5.108744454299924964e-01
5.102627488766720010e-01
4.672559814892482954e-01
3.719975009583108561e-01
2.655648219433280888e-01
-8.132513285409287418e-02
-1.855285440561790233e-01
-3.094010938210884909e-01
-3.884718916066954297e-01
-6.083746988151476076e-01
-8.917098064006914182e-01
-1.166580632387203886e+00
-1.403680329376021163e+00
-1.540380003856388402e+00
-1.330777924016573799e+00
-1.671056462688321309e+00
-2.335397602442214726e+00
-2.131421083213149714e+00
-1.681995426271715832e+00
-1.667973942392775299e+00
-1.439945426793351135e+00
-1.161379120772883855e+00
-1.071546986241860955e+00
-1.085504693169420776e+00
-9.520850670248345304e-01
-8.155415731319720640e-01
-5.887971496807498095e-01
-5.770345207085972872e-01
-4.609337074266386947e-01
-3.961679682450647833e-01
-3.122506795875217289e-01
-2.851924702425099878e-01
-3.916155683125168707e-01
-5.068179029659021229e-01
-5.310897039073174675e-01
-1.259269898381278341e-01
-1.978345232106620832e-01
-2.120691191419929733e-01
-4.822160506164722138e-01
-6.422747173909612028e-01
-6.648535921125797721e-01
-7.665039592464103491e-01
-9.703522175465458810e-01
-1.092665678718054645e+00
-1.445500741175895332e+00
-1.588330361145409819e+00
-1.519328112635366601e+00
-1.499715316190831205e+00
-1.478083782333649232e+00
-1.440053931748231930e+00
-1.495876516554325075e+00
-1.341192339239002607e+00
-1.292569436992793586e+00
-1.321779088737538022e+00
-1.288568285219841236e+00
-1.414760841706834471e+00
-1.460604403012458974e+00
-1.394692177076042539e+00
-1.552190102288608209e+00
-1.537882786530442303e+00
-1.197825253542149637e+00
-1.020808311986907135e+00
-5.838813060443508451e-01
-2.654123472720122390e-01
-1.271916583012973889e-01
2.489114617660955764e-01
3.400604695952841872e-01
3.052071600892232728e-01
-7.025623872982578177e-02
-3.800673221648878664e-01
-3.870898139215754874e-01
-2.114612367745448973e-01
2.633887668919202008e-02
-9.224675240153482059e-03
-2.454218242873316691e-01
-2.962530750867644613e-01
-3.006920744175622939e-01
-3.597987934664412246e-01
-3.288430880635215825e-01
-2.303489943344170510e-01
-3.194898223872734144e-01
-2.309359497316928467e-01
-1.481643572526462060e-01
-3.893317693971106719e-01
-3.432232940881227989e-01
-7.455910574419462034e-01
-8.054472225485118653e-01
-7.367217983361501465e-01
-8.729148369901507110e-01
-1.030903335984237446e+00
-1.141540931890677291e+00
-1.198288417478629686e+00
-1.170186775865310169e+00
-1.034881106511494675e+00
-6.901487097573666407e-01
1.915122612526845569e-01
5.590293835548338919e-01
8.567367493512398902e-01
1.006112720475131228e+00
1.079741550978102094e+00
1.213737466987620417e+00
1.455528648662268276e+00
1.558110997741937176e+00
1.560763830641898275e+00
1.426622626428558860e+00
1.071814548446009541e+00
9.279326696799332641e-01
8.501947980711588304e-01
6.217936258182448217e-01
5.599705061134189199e-01
4.492390624633262330e-01
5.146719725529441680e-01
5.622439613622750576e-01
5.091298309064575811e-01
3.645761132470804466e-01
3.167815736305329422e-01
2.302521211429927883e-01
-7.115992617988128877e-02
-3.959606132465107731e-01
-2.986608560683812197e-01
-2.016080739926368048e-01
-8.984053087622242972e-02
-2.133044748654264744e-01
-3.187192055858223405e-01
-6.981873753634415536e-02
1.718525307487928644e-01
3.827346807080975744e-01
4.303905252509762636e-01
6.202944040168018036e-01
8.415450343104229347e-01
1.217483644011089217e+00
1.352010209006269337e+00
1.384700219100409857e+00
1.472888659183144711e+00
1.456277479395376329e+00
1.346127521490311674e+00
1.145254376066699775e+00
1.237787276310881479e+00
1.231202191083521802e+00
1.045928378859867225e+00
9.025000536474614421e-01
7.916080165585641648e-01
8.647422087220107967e-01
9.091576528878910768e-01
7.976466389119682976e-01
7.649595185391813157e-01
5.234593731415919660e-01
3.222329820388805111e-01
3.837291943445884645e-01
1.617443336123142450e-01
1.047558801460891087e-01
8.265671615079897561e-02
4.218627854219336726e-03
5.163833057844754298e-02
3.176193129641347035e-02
2.080010456190576340e-01
3.833687239231214905e-01
3.836770628829549445e-01
5.536210059813120310e-01
8.786660380872505227e-01
1.081343363282758485e+00
1.232426525395405204e+00
1.580184381845328057e+00
1.618602651811194226e+00
1.455180619113360718e+00
1.319935448558045232e+00
1.020293151630963013e+00
1.013876742067303161e+00
1.244698189117984910e+00
1.320470660093841841e+00
1.353516672899025552e+00
1.276280882087602153e+00
1.147961112252654070e+00
1.037265711025314507e+00
9.950107756788287849e-01
7.771025241732507638e-01
1.049442663043309576e-02
-1.785467757773727404e-01
-2.800303735623371204e-01
-1.742625484810671199e-01
1.060931599942341041e-01
3.902726897281414420e-01
4.837078784864151104e-01
5.035133458299196896e-01
8.319186369737560094e-01
-1.063609085469861409e-01
-3.175872289738786991e-01
-2.463067906011648378e-01
-2.307959011564134355e-01
-1.472366959584106572e-01
1.958408555159360520e-02
4.354122886383159363e-01
4.938801970900115745e-01
5.800035575979261004e-01
8.532861360249716087e-01
9.883266747638650429e-01
1.177963868660599323e+00
1.198743225461929907e+00
9.525248477837504613e-01
6.895197806613510005e-01
6.637155714084321811e-01
6.163653790113736708e-01
3.824794424831048367e-01
3.327021456836617430e-01
4.782628550066286843e-01
5.276146025852253008e-01
4.216712768876371142e-01
3.447724834569458885e-01
2.583705568302772093e-01
-6.135491929988684534e-02
-1.803510486758148346e-01
-5.304516645407487685e-01
-9.929759370157250631e-01
-1.097837938314283335e+00
-8.799077243144873828e-01
5.749613467265398681e-01
1.005931130782052207e+00
1.721894090068183392e+00
2.323528383112923201e+00
2.273939506413745093e+00
2.105557005923211378e+00
2.228062491177730475e+00
2.217331115849129120e+00
2.355159462106188872e+00
2.793671666428269251e+00
3.213470334302429787e+00
3.781667165714456935e+00
4.527105325304873418e+00
4.844499514801569262e+00
4.625678788297753918e+00
4.394765567265144668e+00
4.331116908076186434e+00
4.189736422529419357e+00
4.182481152541197567e+00
4.529645218209007673e+00
4.949824136671932884e+00
4.904948322692034068e+00
4.649795991600613299e+00
4.587584705116632300e+00
4.564360152423490469e+00
4.219052358285613202e+00
3.793306945318923873e+00
3.361575639374104529e+00
2.993196218762456340e+00
2.793815846877377052e+00
-2.646598026657827687e-02
-2.123700642073081957e-01
-4.194911115819398573e-01
-4.612793445668257331e-01
-4.554515846193687434e-01
-4.522709975633391055e-01
-2.523401578696536918e-01
-9.232136277101704591e-03
2.542722960200433091e-01
6.362544979941082701e-01
1.119327497697377050e+00
1.427674922657792500e+00
1.520788552429944929e+00
1.550087609163314673e+00
1.455019451140946662e+00
1.162896837601167022e+00
7.598088299231064990e-01
6.976416466368627889e-01
6.233001567684176569e-01
1.726461486767721931e-01
-2.081292635152496295e-01
-3.594864185709036875e-01
-5.886769513086814731e-01
-6.117273824280468064e-01
-2.795596287865568241e-01
-1.604172651119105120e-01
-1.155731819442763764e-01
-2.923214292827228666e-01
-2.503412355257250144e-01
-2.678356919310050932e-01
-3.661463871038661555e-01
-6.827140291378005488e-01
-8.945305891019644795e-01
-1.024107410684231612e+00
-9.471007351027357357e-01
-9.323914245395192868e-01
-9.450282697024531275e-01
-8.142670321056162397e-01
-6.989941495692106876e-01
-8.511795737063108103e-01
-9.928426443669251533e-01
-1.008801989564625412e+00
-8.649074760338585355e-01
-7.986153900304675535e-01
-8.115693160973863618e-01
-7.144025833223690558e-01
-3.433656943246796711e-01
-1.096167969882124726e-01
-1.022670092783906221e-01
-7.291429930732505615e-02
-7.060043830831913558e-02
-1.062464120211977919e-01
-2.289387421106690856e-02
-6.403752723735278707e-02
-3.189619947575777492e-01
-4.205928630173607075e-01
-6.199743473766786694e-01
-9.466246135118949745e-01
-1.225794208156228304e+00
-1.110714278048716697e+00
-5.722581648469618476e-02
-1.670698581321055642e-01
-1.247755437528891287e-03
-6.972130672915756444e-02
-1.266299010156161087e-01
-1.974612615675309657e-01
-6.846783346495977085e-01
-1.694505227404150993e+00
-2.322947313462779384e+00
-2.439597950303022955e+00
-2.689529425476253177e+00
-2.740098403737955657e+00
-2.361675372017102426e+00
-2.086499959970403495e+00
-2.065595156216395001e+00
-1.824760805427552812e+00
-1.618929999866675296e+00
-1.715380422446732389e+00
-1.699914677651899853e+00
-1.462103333538236294e+00
-1.226267949168515559e+00
-9.451549922197480802e-01
-6.117803221772961653e-01
-3.641144515483938360e-01
-3.471904559773770771e-01
-7.462655378918053861e-01
-1.052579415063465307e+00
-1.368928896653898608e+00
-1.372352806251664781e+00
-1.274272051385277882e+00
-6.782358339636061773e-02
-7.831416178560099417e-02
-1.007057653714513584e-01
-1.854263091292073784e-01
-2.275277152499649569e-02
2.076033945265096659e-01
1.112522848751280741e-01
-1.337690930683324009e-01
-2.520792338102653685e-01
-6.405794340367985118e-01
-1.038034625545648293e+00
-1.167339756264143880e+00
-1.344667319888086299e+00
-1.481653866635990635e+00
-1.518127218240311604e+00
-1.453290801018859879e+00
-1.378096575150097092e+00
-1.366010951713192645e+00
-1.251762473909967088e+00
-1.252448714370702154e+00
-1.328216331356303792e+00
-1.293842389729168874e+00
-1.048894057273959790e+00
-6.103449604686379537e-01
-2.882759873570290288e-01
-1.616023788070363454e-01
-4.659557597678176677e-02
1.312970605940973756e-01
1.950375279959557229e-01
1.502288236872477978e-01
-3.064404483950373265e-02
-1.211211220706525926e-01
-2.949131099887902785e-01
-2.827250750506208332e-01
-2.290479467872055530e-01
-1.924632455923065699e-01
-1.455732862978952324e-01
-2.611936434725944944e-02
2.471580700689109122e-02
-6.198652676734482669e-02
-1.364706733667454264e-01
-3.689789592350511960e-01
-7.999022864287581580e-01
-1.251479252598643122e+00
-1.688703063390522452e+00
-1.845943948508214749e+00
-1.836907304909298766e+00
-1.489223920780334387e+00
-1.266063911285626009e+00
-1.251203818888662722e+00
-1.096007964256109801e+00
-1.046097585152117260e+00
-1.134083353978524666e+00
-1.202751132280306390e+00
-1.446642444846320430e+00
-1.667734241062848177e+00
-1.675531463980052926e+00
-1.737926221162056084e+00
-1.796578410875702136e+00
-1.717209891856804616e+00
1.072659143660826125e-01
2.510586894667146129e-01
5.778525923360258165e-01
7.289818584487415265e-01
9.479899307209809223e-01
1.029673726600787376e+00
1.111336847726270838e+00
1.276263434559407717e+00
1.372582939494622511e+00
1.357036959411845212e+00
1.331088574558984661e+00
1.042911509698074557e+00
6.321379640618975948e-01
4.754418781889571677e-01
5.853094825582429994e-01
5.936005166040781988e-01
5.210909730803272577e-01
4.715791020447955839e-01
4.119330784018567782e-01
1.410917903175419874e-01
-1.717242890066015826e-01
-6.714999598750390764e-01
-1.366481479991157988e+00
-1.654115974025945901e+00
-1.028082744945921778e+00
-5.924664022262520202e-01
-4.776731353474285569e-01
-1.866089840415831036e-01
1.938084187539795833e-02
-1.252580058728636203e-01
-2.537861145590134537e-01
-3.646498859775958445e-01
-7.441062099893175352e-02
4.269434798181169499e-02
1.134228285674809683e-01
3.049466198363551817e-01
4.682422083294689452e-01
5.561830110575068931e-01
7.087330777081072286e-01
9.481945063857053491e-01
9.344725826944971780e-01
8.365781831455750828e-01
8.313161428013212673e-01
8.469245920529435701e-01
6.850755095831003727e-01
6.485243206722264286e-01
6.429263689237059154e-01
5.516608851410420566e-01
5.172155635055416534e-01
4.766376346165596134e-01
3.717014773366468239e-01
2.041989631148368456e-01
2.264930499215919713e-02
-2.752541879815151304e-01
-1.661904261949244399e-01
1.925587621322824294e-01
1.514694727130978247e-01
8.753909344290573824e-02
2.968467101450459333e-01
3.158531656736114912e-01
-6.560166012859060258e-02
-1.189914576775624178e-01
-1.614223745448059855e-01
-3.550740981516717909e-01
-6.000314602929768260e-01
-5.207774509501239546e-01
-3.221061170178828315e-01
-2.207949447484555683e-01
-2.985839292908396003e-02
2.557213487743998925e-01
4.002542320725774871e-01
5.144177872929900364e-01
6.640197419559066283e-01
5.913061417750308246e-01
4.489848126472260059e-01
5.932880399601460075e-01
5.556764637933877538e-01
2.700923974258920834e-01
1.290426732200682935e-01
1.846984635283407394e-01
-1.451134918701935117e-02
-5.025835593771461607e-01
-6.441770913788760211e-01
-7.019475066028054711e-01
-7.815784936987264508e-01
-4.940827363201710787e-01
-3.257258872334428124e-01
-3.532140550223842879e-01
-4.033098303200046697e-01
-4.507125738879702026e-01
-3.356268190759421621e-01
-6.588526161076937449e-01
-6.457673536092591871e-01
-7.187017120758235622e-01
-7.184753560461915045e-01
-6.823570037326684989e-01
-5.783189270617875577e-01
-1.109057089732795043e-01
-2.443709699631063659e-03
-1.235385539951148332e-01
-1.493376241551037376e-01
-2.338188706922630367e-01
-2.757163073906714335e-01
-1.057746150861834378e-01
1.263729717894147841e-02
1.669123061833741595e-01
6.424841225489198449e-01
1.022264907264727185e+00
1.116243725427068956e+00
1.399876777365985259e+00
1.628389593861635509e+00
1.625104184812385055e+00
1.436929632589008854e+00
1.253758201639894265e+00
1.277915829328703401e+00
1.363667007415367172e+00
1.347950083616528349e+00
1.354231712264562404e+00
1.409834787623000851e+00
1.384550751622144915e+00
-6.368611818653648060e-02
-2.003236451606114077e-01
-3.975104976501717680e-01
-7.821645714329870103e-01
-1.113319450804807209e+00
-1.283375633759139989e+00
-1.456942509878810244e+00
-1.634980960724187860e+00
-1.686751130215605299e+00
-1.630792389717827140e+00
-1.587186141567412001e+00
-1.517012338338989297e+00
-1.232052361004268848e+00
-1.116465418820113520e+00
-1.134860001558307241e+00
-1.064791983282063370e+00
-9.482080580085650023e-01
-9.553099645436843312e-01
-1.030319760467499401e+00
-9.668656390910815857e-01
-8.448915189428265471e-01
-7.608627976045485575e-01
-6.995978654048015111e-01
-4.692097341568169933e-01
3.049455636077452736e-02
3.598493196914069880e-01
4.998436816383063364e-01
5.981575728141844683e-01
4.898002962238459657e-01
1.360027726910235102e-01
-7.764377537025067555e-02
-8.812082809010658713e-02
-1.035808337716940392e-01
-7.691203739482206647e-02
-4.406045409376921351e-02
-1.647693754013980216e-01
-3.865718984702692929e-01
-6.189493775985619450e-01
-8.234314054843533404e-01
-9.173314814484805346e-01
-1.189127531776699609e+00
-1.269714500091293274e+00
-1.313853929847428104e+00
-1.579057958411602680e+00
-1.538932968808589985e+00
-1.260809403946409724e+00
-1.086395647491545935e+00
-9.156098843026949652e-01
-7.419768200977912009e-01
-7.145442558053679560e-01
-7.651640782222369763e-01
-7.671632227046143448e-01
-7.705880289401481065e-01
-6.960117190682184596e-01
-6.243067891402673819e-01
-5.646365944003655102e-01
-4.863937001674086824e-01
-5.718162481904627281e-01
-8.509967449174739018e-01
-8.590266843772073058e-01
1.270702586379737764e-01
4.300079133375359075e-02
-6.675321895444170650e-01
-5.369551304623093602e-01
4.229211654684559285e-01
6.692898071314125064e-01
4.982837067593998137e-01
5.716445933267926272e-01
8.349040968422480891e-01
7.401849540009435291e-01
6.314730987355178238e-01
4.795920336109189552e-01
5.242015151640916359e-02
-3.113070765444197474e-01
-3.828363743739682246e-01
-3.738314377467669147e-01
-3.834407609966044572e-01
-4.282221593615527233e-01
-4.527203976108918893e-01
-4.071198119398649617e-01
-2.544274367879215681e-01
-2.645397932652917561e-01
-2.449688112440517873e-01
-2.565946242229296126e-01
-4.727460161924041948e-01
-5.253705960541543707e-01
-4.352473767787424785e-01
-1.882274739702536337e-01
3.064603469544369130e-02
3.270711017891895778e-01
2.256286524436422469e-01
1.400998868368063532e-01
5.167112497009836158e-02
1.276341120830550291e-01
-2.154508645069042050e-01
-4.552344153366438828e-01
-3.798808444747799329e-01
-3.744406876505382287e-01
-2.322919650118591695e-01
-1.431472122918430734e-01
-1.021969973838411649e-01
3.196218467649261652e-02
2.499612985066550497e-01
3.636326173267646067e-01
2.392489807800138868e-01
-1.502025057253896234e-01
-2.605262569187413724e-01
-4.657150240944422093e-01
-7.618665617335907969e-01
-8.125853363034996057e-01
-9.520044349982264009e-01
-9.069026023037959350e-01
-7.775109092238918773e-01
-4.461256085404738392e-01
-3.695163967445211362e-01
-4.380874194989878290e-01
-4.767343478347098040e-01
-6.603402200659842514e-01
-9.513498602338855692e-01
-9.194697954349235758e-01
1.239438059743086101e-01
2.107888978546557102e-01
5.778769228073481479e-01
1.077070536599733730e+00
1.478157904671330236e+00
1.860949805830506731e+00
2.301317905502921146e+00
2.488866883111932271e+00
2.096064852685338931e+00
1.815299900730633187e+00
1.348541737073389646e+00
9.981595444179636178e-01
1.046714452710549859e+00
1.129605327231120393e+00
7.166850707533118925e-01
3.734502782452884251e-01
4.666897108836923769e-01
6.161479889462264659e-01
4.986969118104689902e-01
3.843897573620113639e-01
3.696114890836005307e-01
3.564224890727974993e-01
-1.866788670290409069e-02
-3.148729016479579479e-01
-4.417473451600354983e-01
-8.865898182450941967e-01
-1.205045781455016174e+00
-1.107368347780741225e+00
-1.122016625710032800e+00
-1.149031942281180774e+00
1.050521431030267544e-01
1.860337493189864744e-01
2.480214009745608517e-01
3.352568985849573302e-01
5.380958517815823683e-01
8.524081747926723907e-01
1.126575973750838067e+00
1.538861257102813074e+00
1.850974574494215652e+00
2.104556644192751236e+00
2.305815010629887585e+00
2.455669872758738048e+00
2.467599080371298381e+00
2.348980343225981482e+00
2.352381072189666078e+00
2.037674635337866746e+00
1.801358328966568667e+00
2.025626091864639378e+00
1.979666501602089790e+00
1.827562911668206391e+00
1.885877515047898578e+00
1.877601814476213216e+00
2.051590049851353292e+00
2.316631007132520903e+00
2.055324817373146651e+00
1.862324465950244923e+00
1.884684789959473195e+00
1.707177072359742809e+00
1.513817712305622010e+00
1.488174781765161159e+00
-2.879156186668691553e-01
-4.655569122079654676e-01
-4.806889904385683865e-01
-7.475921537653618110e-01
-7.666882181115191042e-01
-7.693429225036070296e-01
-7.865284728389577706e-01
-8.081244580497387586e-01
-7.678595529166907241e-01
-6.528590846015948079e-01
-6.137765343999715961e-01
-2.859901891416569697e-01
-2.034308996309561191e-01
-3.332345766153339550e-01
-3.400810729563058521e-01
-1.343192604892053110e-01
6.091025215607948073e-04
1.896250783447895327e-01
1.004917915889244340e-01
-1.963003306910760248e-01
-1.432605996240529089e-01
-3.947968367347430563e-02
-1.234663885279282947e-01
-4.707280079541154016e-02
-6.337539608207916342e-02
-3.527525533546458925e-01
-2.599967692441467193e-01
8.676339623387274713e-02
1.541341078979360790e-01
1.786765496016412269e-01
-2.381124672927808356e-02
-1.265422845864421775e-01
-2.561705215145569925e-01
-1.813309469800261087e-01
-2.357196368073757042e-01
-4.927936271628111653e-01
-6.401361676534983447e-01
-8.942660715622197110e-01
-1.056669819120482412e+00
-1.070591267726895390e+00
-1.136238587034570369e+00
-1.382860606344464616e+00
-1.399965378634202118e+00
-1.428193170984181526e+00
-1.358735241775669067e+00
-1.229246668406739573e+00
-1.224707057900217722e+00
-1.243303981117935608e+00
-1.261167620966383573e+00
-1.190360784453833976e+00
-8.173812474530730565e-01
-5.032736318237717166e-01
-3.651577342440360807e-01
-3.781632264789011044e-01
-4.099926588904757585e-01
-4.302770226772217876e-01
-4.210024982301080465e-01
-5.045137611128195365e-01
-4.989085256754271502e-01
-3.895796243004456261e-01
1.401097277597601783e-02
-2.310065900736341105e-02
3.316554929913586441e-02
4.110670208299446737e-02
3.379127341447083627e-02
4.891040130362989818e-02
8.953200934964905544e-03
-2.580999295011157102e-01
-4.103944194960565950e-01
-5.793221714028402580e-01
-8.346217565493450063e-01
-1.126106947468880293e+00
-1.302408944883315378e+00
-1.343065618811681183e+00
-1.298143689697138781e+00
-1.202667069715182890e+00
-1.156648167101048452e+00
-1.211268451422517378e+00
-1.247417922236021326e+00
-1.309571182506942710e+00
-1.389999840399749331e+00
-1.392118734660920731e+00
-1.401205975437316953e+00
-1.361694095530535442e+00
-1.314622511673117389e+00
-9.934871526680885134e-01
-6.662314347028898132e-01
-4.749861965864392577e-01
-1.747447985711125806e-01
4.228416376426846757e-02
-1.095878695008606352e-01
-1.928293457094305274e-01
-8.300810547946843587e-02
-1.118409127175318263e-02
-1.151754298965326356e-01
-1.202110015507587282e-01
-2.047877283479889177e-01
-2.387175611530852060e-01
-2.008305040207770953e-01
-1.864435591933858438e-01
-1.112121862521030374e-01
-7.912401954313991181e-02
-1.396289948616883936e-01
-1.237655004646471824e-01
-2.136157135417184327e-01
-3.743952402820944769e-01
-6.215749495231587263e-01
-8.535462857595564889e-01
-1.237023984240911645e+00
-1.429828820306134007e+00
-1.256420840877660261e+00
-1.323056667821277177e+00
-1.328080236484966870e+00
-9.983840030499500084e-01
-9.512703407866520688e-01
-8.834114439920401907e-01
-8.616724463678190338e-01
-9.804554083835415046e-01
-1.065163006268266432e+00
-1.068078702322254214e+00
-1.388428001435348669e-01
1.403401962998053476e-01
6.667910573868000013e-01
1.066792124940450393e+00
1.443468855462201272e+00
1.851334066912714960e+00
2.111956079552910648e+00
2.111800501779963923e+00
2.164973363770376302e+00
2.091814469668431098e+00
1.940227636569424430e+00
1.915658857951121563e+00
1.935033761281905074e+00
1.956882919567683343e+00
1.996423844782450274e+00
2.010120574447321395e+00
2.090842683582784911e+00
2.350110986665592705e+00
2.513969526933395926e+00
2.505823579981933058e+00
2.512604578530722055e+00
2.344824117220415616e+00
1.996034772709915694e+00
1.611055679667510621e+00
1.455322216696372628e+00
1.060754287437395416e+00
7.275465198878648954e-01
6.838891744533135419e-01
7.628846233826890311e-01
8.009414465321453847e-01
3.078724223779385483e-01
4.786179262889416197e-01
5.107757134971524504e-01
6.546157239872105738e-01
7.975120295983924024e-01
7.235944112302755693e-01
7.040789994417171460e-01
7.149482871669065043e-01
6.166788473784260427e-01
6.147148314574011341e-01
8.227746358339496080e-01
1.043155365080811414e+00
1.318059943616008756e+00
1.492509006348133660e+00
1.456071857895532284e+00
1.435303142394810827e+00
1.445832635316753212e+00
1.085567756254663285e+00
6.925063800650059775e-01
8.410556124940731237e-01
1.032347949224576622e+00
1.077028773411546680e+00
1.436542106979951772e+00
1.763202610445606888e+00
1.743670164404796274e+00
1.738406024471009115e+00
1.605687058906916098e+00
1.242777120845996341e+00
7.723647277442322601e-01
4.267198911443954579e-01
-1.613422280295184752e-01
-2.001291670673314427e-01
-2.333321749230099496e-01
-2.542025537280935277e-01
-2.500682345322541300e-01
-1.813669561088734616e-01
-1.381850424645392206e-01
8.866821112382100578e-03
1.780065547068003240e-01
2.359424686899646573e-01
3.978456807561543407e-01
4.469875562455836726e-01
3.290804320420684381e-01
2.300439807195019948e-01
2.761885291153197142e-01
3.885520231260172208e-01
6.481685200704736527e-01
1.165988290034745134e+00
1.518458395328722288e+00
1.550115237786268141e+00
1.572784506029711427e+00
1.371633863736167136e+00
1.305573734485327542e+00
1.854352799757197356e+00
1.538498781862742915e+00
7.050858993772897154e-01
6.083303828645412192e-01
6.884898925751359311e-01
6.723963883302722655e-01
9.942337915250110125e-01
-4.239486219159079722e-02
-1.923159480092550069e-02
3.712674950597997237e-01
4.774816635285596411e-01
5.018648282440624220e-01
5.367446700542964910e-01
1.429044690022248654e-01
-3.457917978421897742e-01
-7.708308642367517338e-01
-1.064371091096257604e+00
-1.455653379852873019e+00
-1.592100224964371868e+00
-1.652689157273474541e+00
-8.346472373128455136e-01
-1.503224030624584762e-01
-3.140611831471563642e-01
-4.690836018383101047e-01
-4.174248928010598769e-01
-7.703624512188953499e-01
-1.094535852089735251e+00
-1.265011816467281669e+00
-1.344462332039521923e+00
-1.309540063309013957e+00
-1.122201357918174214e+00
-7.720751480025880298e-01
-4.586578107299840168e-01
-3.268142331526125988e-01
-4.276914644000909815e-01
-2.485774151471816240e-01
4.772244236232265346e-01
1.227008986815443792e-01
-7.967132060862525123e-03
3.801317795144834588e-02
-3.441446351166016493e-01
-5.968616664234437375e-01
-8.395196608878181532e-01
-1.189684135371695817e+00
-1.477929158815678434e+00
-1.336961434790004954e+00
-1.411211613958474276e+00
-1.510089385128593920e+00
-1.519678432834364878e+00
-1.573353273598762758e+00
-1.753247956207043323e+00
-1.814652677511452872e+00
-1.943606944272546544e+00
-2.045420904080535784e+00
-2.115850356693767864e+00
-2.269345896858493639e+00
-2.436564778869660053e+00
-2.586461088492312488e+00
-2.598663406531826148e+00
-2.678530136155620411e+00
-2.706408595816739204e+00
-2.545426970257548049e+00
-2.355182156343063493e+00
-2.387467169853033866e+00
-2.372118761936651499e+00
-2.256751494916083178e+00
-1.969311127129339312e+00
1.987007136385793293e-01
3.419728370081591695e-01
4.663152968053966285e-01
4.429677229485311507e-01
3.922692530515044518e-01
3.457692738071509453e-01
4.485663818410866588e-01
4.068658355282360750e-01
2.685097744334037362e-01
1.391068950272536520e-01
1.033279299433010889e-01
4.221214408396010143e-01
3.158754739864363392e-01
-1.283642342236705480e-01
-1.453117111635109648e-01
-1.449096974789196302e-01
-1.529355500744048191e-01
-3.139473151847156362e-01
-5.986958849174598418e-01
-9.325886288312510430e-01
-1.163914563439927274e+00
-1.294949067320991354e+00
-1.370787026178670764e+00
-1.378644508681473813e+00
-1.422600727907822993e+00
-1.561875896150641152e+00
-1.461811482820955632e+00
-1.296134051611336435e+00
-1.297584975550443387e+00
-1.323705354573453175e+00
-1.986416003154595766e-01
-4.575798906995045545e-01
-5.219853872952382456e-01
-4.252833258468066147e-01
-1.014562015993449862e-01
3.864517915811578885e-01
7.568925671611526074e-01
1.154015999239857981e+00
1.509833860315614062e+00
1.865569657492104794e+00
1.870233003133045191e+00
1.766803927020980991e+00
1.843617615678982746e+00
1.825424844462537166e+00
1.748232580254571733e+00
1.994569208864761967e+00
2.131431690504324905e+00
2.258962961038186279e+00
2.500142834258643809e+00
2.593728743697959249e+00
2.647050541602127272e+00
2.640113580568247187e+00
2.301418713775143399e+00
1.960878263246518483e+00
1.632848946578007387e+00
1.146935519768090828e+00
7.982780340291388832e-01
7.876350465788642952e-01
5.639972825717266547e-01
5.273509824822650849e-01
5.979474256006252902e-02
1.349450311119381463e-01
1.515699179603658409e-01
2.020746022144100373e-01
2.366013626440412743e-01
2.205148860351371365e-01
1.783119929472198606e-01
1.304972139230004269e-01
1.452071032039888021e-01
2.629990975793610186e-01
4.452371579529674772e-01
6.079239625066346075e-01
8.271033014562647612e-01
1.178736552743740118e+00
1.411999654394869630e+00
1.136822772945773385e+00
9.295235593529175278e-01
8.070442154259797052e-01
6.551171590829549807e-01
5.365792081806132208e-01
5.813340230580756884e-01
7.175341334345219924e-01
8.513457167927681590e-01
1.059157193053793300e+00
1.092724102642572914e+00
8.038575909227463345e-01
6.499134756547766401e-01
5.403362733836865051e-01
2.650745882170645884e-01
1.255526117161376576e-01
-2.005684482156070148e-01
-2.730603974301971659e-01
-3.364700649425914625e-01
-4.309218130187896789e-01
-4.135117914831056840e-01
-5.218271205241842292e-01
-5.476253422780849034e-01
-5.684034047599197947e-01
-5.268239739595198534e-01
-4.136621575804813045e-01
-2.711313746381949219e-01
-3.107908968584798259e-01
-2.743234720251033765e-01
8.149562116902003828e-02
4.948047348579852622e-01
6.418677030104105175e-01
7.099990728388413386e-01
1.106170856100903155e+00
1.192742537029819472e+00
1.086090819909127259e+00
1.187062606343495252e+00
1.149095297793351955e+00
9.008268247500743620e-01
9.617506522368024502e-01
1.090536004328791941e+00
1.375145005667787412e+00
1.860578391501126028e+00
2.160571605351482738e+00
2.038990475161698068e+00
1.674154574025043418e+00
-4.541129599032729391e-01
-1.008364137510039615e+00
-1.371571255344709472e+00
-1.631102237514208575e+00
-2.005283871169223353e+00
-2.127007492848179027e+00
-2.084937545086122501e+00
-2.174230194251745463e+00
-2.243844511400988395e+00
-2.173909536557155242e+00
-2.135733315305211377e+00
-2.054669233839860443e+00
-1.916977118501244526e+00
-1.776611819253853808e+00
-1.667648559065373348e+00
-1.647174876487175199e+00
-1.655277924188687244e+00
-1.686923471716810008e+00
-1.655289730924957681e+00
-1.484814403958154116e+00
-1.235976705985618818e+00
-1.068412117291639873e+00
-8.499967876802168032e-01
-7.135742293332910657e-01
-7.158601779598569026e-01
-6.022740157611331524e-01
-4.255987482179302561e-01
-3.435820660235406332e-01
-4.565122233503742799e-01
-5.175626222856992698e-01
-1.462019835659486011e-01
-1.738852062592178283e-01
-1.194848245755492089e-02
8.682902758003127608e-02
-3.137662843742342056e-02
-1.653138466146127361e-01
-4.319207485467185803e-01
-5.107877539989817972e-01
-6.699429356674839742e-01
-8.550658355243365705e-01
-1.055472340682049204e+00
-1.280036615057128957e+00
-1.304007055009936078e+00
-1.289459722749641157e+00
-1.336722053369469254e+00
-1.421985200918377990e+00
-1.405056593503191786e+00
-1.343907479891918610e+00
-1.276078398888433219e+00
-1.145873367711276014e+00
-8.567802687225887226e-01
-7.663770742877802356e-01
-7.495847722335902130e-01
-4.859260983686926050e-01
-3.469555887554393037e-01
-6.174649390938865556e-01
-5.847327194091522795e-01
-4.279295467393607888e-01
-7.688481011705592394e-01
-8.825235018939313614e-01
1.145860420641999916e-01
8.529896980662028672e-02
1.050145190333652556e-02
1.616291500342355025e-01
3.342776990996205178e-01
2.697185125866105038e-01
2.871805534510639690e-01
2.827170503097587440e-01
-4.827530179045136371e-03
-4.314741467389409113e-01
-5.787445109272125743e-01
-7.917695214112625557e-01
-1.142479837959022637e+00
-1.220446130606791746e+00
-1.293285563360492496e+00
-1.562829500722968445e+00
-1.512612653222856540e+00
-1.493060863405522243e+00
-1.550748869259786833e+00
-1.552372283372523531e+00
-1.359628239962068053e+00
-1.124233601404964311e+00
-1.055909943728177369e+00
-1.139343381808650468e+00
-1.260029574184141410e+00
-1.351434442977964778e+00
-1.371816636637538389e+00
-1.251095042590430362e+00
-1.092243536596850362e+00
-9.080994614311710400e-01
1.450957557836951572e-01
3.135953995783274384e-01
6.337546190080536324e-01
8.473156229693871166e-01
8.742336789617772830e-01
9.588063274421958493e-01
9.821237989747487740e-01
9.651076889587405505e-01
1.014885755105287224e+00
8.815559226573088658e-01
5.305212017350771081e-01
4.776710804970387136e-01
-2.833384646040143506e-02
-4.209022407853015846e-01
-2.782881245104763535e-01
-2.095725938341826133e-01
-1.563708677471659370e-01
5.558896926623091428e-03
-4.976861912472237137e-02
1.815055044093351333e-02
-2.733356548941115460e-02
-3.256921190215725792e-01
-3.472745257317290668e-01
-3.831344451502892157e-01
-7.041308794645400049e-01
-7.829762730952567473e-01
-6.710779693669816082e-01
-5.543383194801001501e-01
-3.880528458092710187e-01
-3.370488937253390826e-01
8.663691526378032581e-02
1.112202549235782184e-01
8.355612029282220854e-02
2.655938120009639913e-01
2.911695351501648599e-01
2.875826185042361649e-01
3.614887757867815132e-01
4.580337968158114670e-01
6.700847180421525273e-01
9.125735175027610557e-01
9.496310003501583497e-01
1.062861624919330783e+00
1.619195213866512439e+00
1.981788910469253651e+00
2.196430036276260100e+00
2.469719016273601575e+00
2.565514771686633111e+00
2.411276546650061636e+00
2.311102206904529055e+00
2.241866540951579001e+00
2.054314227126096348e+00
1.866332621606959563e+00
1.858012771440549882e+00
1.594788391900100688e+00
1.371741136051320975e+00
1.352729496103879159e+00
1.307324005293216018e+00
1.241408465296460761e+00
1.094025855153577975e+00
1.136415683958872158e+00
-7.207454550053045417e-02
-2.240807462982887799e-01
-2.806737231049550862e-01
-3.185477372927025264e-01
-4.275926941648370838e-01
-5.152784944982021775e-01
-5.365267087852747530e-01
-5.374297809858058494e-01
-4.610438263714665696e-01
-4.533434897813675146e-01
-5.934513623673933758e-01
-6.220181869169003619e-01
-6.220195740522416195e-01
-4.499818648745481098e-01
-2.987101587550407555e-01
-2.053737467893132218e-01
-3.271532421842981986e-02
5.331048699991050577e-02
1.474773190367652809e-01
3.445710953534484311e-01
4.747367878365162386e-01
5.800956820874770825e-01
5.957368969559670990e-01
5.898829214247357511e-01
3.845026509225134559e-01
3.791494811040196367e-01
3.761806258588846763e-01
2.354328478707180261e-01
1.878025818427002114e-01
1.941339524258040294e-01
-2.897280867219289430e-02
-1.395645414830399555e-01
-3.296674316501533308e-01
-4.613050533576740220e-01
-6.589258821611034822e-01
-8.103359047343990929e-01
-8.279879883209037006e-01
-8.351690351123236544e-01
-8.867189974085438742e-01
-9.429714918339617835e-01
-8.618922969894362573e-01
-8.635020045815485767e-01
-7.782132172105814538e-01
-7.248265485242391115e-01
-7.358383298416067975e-01
-8.275562003832075408e-01
-8.493876894201205507e-01
-8.443336215853576299e-01
-8.052742115960053182e-01
-7.734472075410936398e-01
-6.885973325839868098e-01
-3.183949143626383926e-01
-7.636425997929652265e-02
1.997577139823295544e-01
3.700254227963017950e-01
5.572806564450680789e-01
5.903749094902934758e-01
8.487772876496130214e-01
1.086889561811192007e+00
1.112640363720699632e+00
-1.079564360734940748e-02
7.078482627550242157e-02
1.067307539787447912e-01
1.024757102033081874e-01
1.644534079544004990e-01
1.504460848759952007e-01
1.395940540156832277e-01
1.599926398102694269e-01
1.159937157233138089e-01
-2.798152871249827145e-01
-6.980768385536082477e-01
-8.045631624976030682e-01
-1.186520164783003484e+00
-1.613755898038304881e+00
-1.711922903504531579e+00
-1.807084068308254743e+00
-1.821958796716355078e+00
-1.767090587492800680e+00
-1.729864522178936159e+00
-1.567249003408835772e+00
-1.473918925285677917e+00
-1.477954456702804897e+00
-1.374389649276002601e+00
-1.457029877321585953e+00
-1.494129335933684688e+00
-1.434600393737632595e+00
-1.427644523686778744e+00
-1.439151039693643552e+00
-1.256466659050496482e+00
-9.457842901291713122e-01
1.828293853397807145e-01
2.486803704217817601e-01
1.665643494111633538e-01
-1.647280263955797353e-01
-4.443970549924950442e-01
-4.936560190519976854e-01
-5.808391772938963360e-01
-5.953270571674765810e-01
-3.420725320035500894e-01
-1.799366269647237893e-01
-1.666774447803369696e-01
-6.423372812553070077e-02
-2.385547615245423025e-02
-1.293474001396508442e-02
5.278645657422551679e-02
-2.113151246261695676e-02
-2.344523324575935874e-01
-5.385142626299282975e-01
-6.893909658934458395e-01
-9.325790499841388748e-01
-1.440649953854841181e+00
-1.803080666627524753e+00
-2.153054777905256678e+00
-2.768148174835303621e+00
-3.255687594651879735e+00
-2.965352966071853835e+00
-2.604895272539696549e+00
-2.329723665300090119e+00
-2.037514992045361684e+00
-1.863782650130539231e+00
1.197935017027588617e-01
1.528633139291404042e-01
1.404973645064212240e-01
3.936353372367822068e-02
-1.625399435218662925e-01
-2.285672810562349722e-01
-1.675539054493801472e-01
-5.484683276296140053e-02
1.526810477772628238e-01
3.852781362096918683e-01
5.923561877362759631e-01
8.398552844607131140e-01
8.939686784611025061e-01
7.434319419280472907e-01
7.137186047817444257e-01
8.978606430467597210e-01
9.191098056446956877e-01
9.618179817352646710e-01
1.086691267339847000e+00
1.074340171032930780e+00
9.324016658653551115e-01
7.778068511192721690e-01
5.192702533027904188e-01
1.187349453264852084e-01
-2.973932021536780379e-01
-5.039563721658433249e-01
-7.228797122668513264e-01
-8.268965110453674328e-01
-7.272346391262256571e-01
-4.745824853936698173e-01
2.495985022842523993e-01
5.599460622003705756e-01
7.177748898603953931e-01
5.608242669608566322e-01
3.605946955741079485e-01
1.933005145573607753e-01
-1.408465347636173315e-01
-6.290734635170247557e-01
-6.501737263776281583e-01
-4.583830593534012898e-01
-4.405225363720513543e-01
-2.266469816815340488e-01
2.980481550926070700e-01
6.761394928326313059e-01
1.026654302928514673e+00
1.402170253602063710e+00
1.395914376410841262e+00
1.104358376874156722e+00
1.053645520174865791e+00
9.983242791175599429e-01
6.699344333489101189e-01
6.577621628466422399e-01
8.524623364199245268e-01
8.429754514126723830e-01
9.555445176146180053e-01
1.249736121389694254e+00
1.318548395407864282e+00
1.179331794159975910e+00
1.017545280585254730e+00
5.313172440202610369e-01
-5.569216151214414490e-01
-7.945331527527603743e-01
-1.024796738424218923e+00
-1.226263674012513238e+00
-1.180916558455094689e+00
-1.107357058064372568e+00
-1.053592860518920205e+00
-7.000211877783866221e-01
-5.784266618172592134e-01
-5.738590775144790657e-01
-5.835221542363758784e-01
-6.346244395159037488e-01
-7.399988877822615274e-01
-8.368281204346692537e-01
-8.114563853947766026e-01
-6.969669565591611882e-01
-5.385518186672744179e-01
-3.087659140043255146e-01
8.363211789246605132e-02
4.583009245263638953e-01
5.548784938395769917e-01
4.073443507743449432e-01
3.891586552207054739e-01
4.235559831766787520e-01
3.840475278033156359e-01
3.635224787306370886e-01
4.082791319825999077e-01
4.408968331253632633e-01
7.473626469741737610e-01
1.040123538610944420e+00
-2.306615238768123730e-02
-7.166719507293965730e-02
-1.910826571641428551e-01
-4.107148621962544155e-01
-7.179597313182168872e-01
-9.218242520025331510e-01
