7.754787881226611612e-02
8.441230643066283124e-02
7.541813244673389871e-02
-9.614897176509956678e-03
-1.890758470024690163e-01
-3.899733834522871589e-01
-3.738246969420849219e-01
-2.440592093348172287e-01
-1.776437360533289489e-02
2.228474732840174666e-01
3.401884553112153320e-01
4.276113767100684360e-01
4.754243952078852087e-01
5.053488321980829090e-01
4.833230541093265220e-01
4.368569205045078618e-01
4.364591968141847134e-01
4.916956455299972273e-01
5.940017422405009517e-01
6.776260205059663200e-01
8.254412716888748225e-01
9.894854169201624527e-01
1.153708736413381786e+00
1.291267932646970928e+00
1.381282531844226780e+00
1.394112742461573129e+00
1.416331891331920056e+00
1.449386366165110296e+00
-1.046245902829646100e-02
-2.490350865735589669e-02
-3.505289693538347212e-02
-4.606758193392414269e-02
-4.856861899325363996e-02
1.681567605164233092e-03
4.487171486206500970e-02
7.049092356845422513e-02
6.697693502703819246e-02
2.801792478223965460e-02
-6.104325618368815209e-03
-1.813423354177461089e-02
-2.943557147384395084e-02
-1.441481121735005769e-02
5.093582379865115028e-02
8.884789291074463025e-02
1.407509518880297739e-01
1.946874060257648698e-01
2.148584224035625101e-01
2.010885732458630171e-01
1.699508408122226699e-01
1.179015206674772220e-01
8.871285405654875944e-02
5.655568065272499612e-02
3.268615046778330924e-02
1.283654367110684952e-02
-1.751623942803264694e-02
-8.157838123216637483e-02
-1.405398792970016797e-01
-3.875515625557237470e-02
-1.018644266640365836e-01
-1.751667667110227422e-01
-2.386510369525207953e-01
-3.275775533918958704e-01
-3.955896203422418766e-01
-4.499906816657215924e-01
-5.270832893394681307e-01
-6.161005333613186474e-01
-6.806370346044566810e-01
-7.305126997198598815e-01
-7.810434173492528664e-01
-8.376754349774847563e-01
-9.164447787944489665e-01
-9.663138364281983472e-01
-9.941963578392966072e-01
-9.992367921013376453e-01
-9.860868149022888884e-01
-9.929621129146130043e-01
-1.003521284598678509e+00
-9.849038754460602840e-01
-9.688018823859442241e-01
-9.634184070001781119e-01
-9.622486459916088641e-01
-9.645220790119298782e-01
-9.537973406215783934e-01
-9.212783509431234918e-01
-8.812507182492594904e-01
-8.420241114612224687e-01
1.819649837456235528e-02
2.875897558164756604e-02
3.487127163757269138e-02
9.022766571162348093e-02
1.354908995082412526e-01
1.866232341982890230e-01
2.390964783747294431e-01
2.888480880675265428e-01
3.176020315565353802e-01
3.715691507406421734e-01
3.899387583686362291e-01
4.113069980791523306e-01
4.146908004950587978e-01
4.177921525299640448e-01
4.630483895762890767e-01
5.105424446054976917e-01
5.414456862634670076e-01
5.710866250675252775e-01
6.040033870699526020e-01
6.285414865337789481e-01
6.556821080975632210e-01
6.639850407462464243e-01
6.382300916543599545e-01
6.268138237797722390e-01
6.362839196186322877e-01
6.529526173264307287e-01
6.636880486996182826e-01
6.760432752062612849e-01
6.768909962991295215e-01
1.663568686002824329e-02
4.132766505335015716e-02
5.252061055619720864e-02
5.242174070195405877e-02
6.200511686991804633e-02
6.904430204988330766e-02
8.587462201763626513e-02
9.379414688649573284e-02
8.208508117157760353e-02
7.656556700628916468e-02
8.845682955947922754e-02
8.100963881927902843e-02
6.807668950415822484e-02
3.558412155651007741e-02
4.309945343176801308e-02
4.202824298330182229e-02
3.540236133534589019e-02
3.046719826363877143e-02
-1.581220171478284198e-03
-2.705207818962649183e-02
-4.620673138433602223e-02
-8.380243507680454340e-02
-1.074403624435961851e-01
-1.179815654213367260e-01
-1.515883991960982335e-01
-1.696016404721427950e-01
-1.916807499807229309e-01
-2.475702803747674985e-01
-2.790457991925670012e-01
-1.821282121861387757e-02
-3.356864386734027816e-02
-3.674021975687695452e-02
-5.004429699791997782e-02
-7.333181956912949995e-02
-8.669496459854317272e-02
-9.468066622488510720e-02
-1.067622316206688904e-01
-1.250830640748580025e-01
-1.371602435632930383e-01
-1.291718029134957813e-01
-1.061631496955429826e-01
-9.777143182498106155e-02
-7.523489186117224281e-02
-7.185624120505583468e-02
-7.429930877234823539e-02
-8.424094170736402820e-02
-9.258312378848937430e-02
-8.731634502392728037e-02
-3.435254761452994493e-02
4.032167387090501015e-02
9.891556410274685018e-02
1.180003394712869219e-01
1.282757610066151410e-01
1.407463480199545314e-01
1.556101458091994627e-01
1.741979096130660265e-01
1.818405439487120467e-01
1.859614488435968049e-01
2.812351625069238470e-02
6.630811957516649646e-02
9.309502202961655870e-02
9.851589084643408434e-02
1.034239363708912146e-01
1.127581708411424799e-01
1.171762007489906970e-01
1.203553597727337332e-01
1.181605273428070618e-01
1.120649580517479732e-01
1.088503723917835231e-01
9.954687161542165319e-02
1.058715289744633359e-01
1.046750054334619484e-01
1.153316722031807462e-01
1.372409206215925437e-01
1.409951320048896395e-01
1.387716540851100244e-01
1.369158999550105227e-01
1.492516178728393039e-01
1.578185260801749645e-01
1.545102973954384229e-01
1.516484441060096666e-01
1.560538696955681148e-01
1.751425137591821335e-01
1.710227121197005207e-01
1.502085444037308815e-01
1.381435759793611384e-01
1.270359286524124220e-01
-1.539804964841590823e-03
-4.463415045796639835e-02
-8.709097407241091215e-02
-1.154844351497359423e-01
-1.487589373362388223e-01
-1.719887627906833971e-01
-1.870611702148763100e-01
-2.169236230546357502e-01
-2.420994580841220878e-01
-2.489420641099045484e-01
-2.598326744538124178e-01
-2.816227090512880560e-01
-3.304701874050404720e-01
-3.634213146033865582e-01
-3.687494534894206755e-01
-3.709809122075304333e-01
-3.863013914174507346e-01
-4.147555790434152012e-01
-4.186318402751387224e-01
-4.152367552327301259e-01
-4.104008434920869419e-01
-4.112027015378837969e-01
-4.031821237759974919e-01
-3.996154048028925376e-01
-3.923085860618033549e-01
-3.740751183394789847e-01
-3.577108305497618823e-01
-3.533527919312187127e-01
-3.531394489590007901e-01
7.919765317549185349e-03
1.316035544001832244e-02
2.489532044128846613e-02
5.410370248230043921e-02
7.611098409526584341e-02
1.427467093987338231e-01
1.996416261352472743e-01
2.640168679798526874e-01
3.016794429284702650e-01
3.179055649248732074e-01
3.405013767440240868e-01
3.565724454717290048e-01
3.534590183767823968e-01
3.428706566068870920e-01
3.590287839335448150e-01
3.718070698314079325e-01
3.761666049184607674e-01
3.804300704978980652e-01
3.734189260935772414e-01
3.804917670056041645e-01
3.871138008599965818e-01
3.955703948246352408e-01
3.941259568376812017e-01
3.901008499169595911e-01
3.761477120156732634e-01
3.651998412122198778e-01
3.517646832801679113e-01
3.479866804997244767e-01
3.448087070477357519e-01
-1.262835035657873355e-02
-2.148733414507274231e-02
-2.074925778629253120e-02
-2.805371449955587626e-02
-5.544315963077342535e-02
-8.572688085825000415e-02
-9.989045339319574390e-02
-9.037659628769884046e-02
-8.402663817435231108e-02
-1.049449459870612222e-01
-1.257996617392621030e-01
-1.333016541058405502e-01
-1.374108006510022240e-01
-1.748051306937740967e-01
-2.283362236722131233e-01
-2.548202425539803362e-01
-2.737611644096266117e-01
-2.899429455922598597e-01
-3.042937425525901185e-01
-3.270315692056373069e-01
-3.930228420568641079e-01
-4.400291491239037289e-01
-4.831367856626856416e-01
-5.395159042716906050e-01
-5.621570337117977045e-01
-5.657811407073641830e-01
-5.597941997344790810e-01
-5.610639916085357060e-01
-5.637797724847910530e-01
1.506644447616939950e-03
5.637878005951159517e-03
7.165473685687515776e-03
-3.244473911043314895e-04
-4.894978012023694890e-03
-3.650044119275086194e-03
1.472441803920526184e-02
1.991897829319810506e-02
3.137179197536985736e-02
3.489679772945256803e-02
4.180753787677854438e-02
8.768983305205210743e-02
1.027840921730505536e-01
1.133377277644526393e-01
1.254365938658225654e-01
1.429788495831452733e-01
1.796555957070697929e-01
1.874046630476040032e-01
2.251499137655157690e-01
2.544326345212996610e-01
2.893828860389600077e-01
3.311848315858845759e-01
3.623169619164680610e-01
3.914836438817270170e-01
4.030611813332352633e-01
4.273969419049949425e-01
4.525628883395442781e-01
4.604721349868002855e-01
4.500782897263861382e-01
8.319049010002819988e-03
8.867861211272686298e-03
1.161494858468326875e-02
2.022789914779032916e-02
1.858799459552731848e-02
2.402943687062509756e-02
3.810429988258229317e-02
4.542300997435765736e-02
6.797413459166576355e-02
8.301096102609334393e-02
8.409289823013040011e-02
8.641423857174182488e-02
8.603290998162727021e-02
8.061429578865177137e-02
8.517467259697968085e-02
8.373625109155304058e-02
8.483292393109088947e-02
1.045844271789146268e-01
1.093256818869378366e-01
1.173346292181409317e-01
1.158125092354054114e-01
1.100317308940366168e-01
1.040939196837547542e-01
1.162488874879238632e-01
1.314869877160436407e-01
1.229453756778064177e-01
1.064453696979702629e-01
8.980818135220310083e-02
5.949617386859504253e-02
-5.194752383691237513e-02
-1.145046982179940553e-01
-1.428868711147100179e-01
-1.617400933454067602e-01
-1.870411764954188483e-01
-2.189869759823684370e-01
-2.690488482559711403e-01
-3.101929957317750564e-01
-3.482629115782275853e-01
-3.821691438488840076e-01
-4.134090050729656851e-01
-4.369407606738148209e-01
-4.480784146054311856e-01
-4.532496933244866133e-01
-4.597731154766577788e-01
-4.768136281794785325e-01
-4.985436228696609740e-01
-5.278484202845309392e-01
-5.578348231250290779e-01
-5.645672089894833157e-01
-5.606004198086321777e-01
-5.517922235354811855e-01
-5.528569469233997058e-01
-5.528181429493675969e-01
-5.324007766895973992e-01
-4.919624534475878774e-01
-4.835916054233368455e-01
-4.775490758683113013e-01
-4.657699435764597884e-01
5.096901006336452405e-02
1.186712889747451039e-01
1.775252582877242247e-01
2.328777824049916845e-01
2.555645893052325146e-01
2.749450047894179683e-01
2.876154179067065275e-01
3.091182932457783306e-01
3.113399924650986361e-01
3.432250585414890476e-01
3.697075811763361752e-01
3.952344583022779911e-01
4.000087335013566836e-01
4.024055485974196156e-01
4.110963419801888508e-01
4.247112822294744627e-01
4.261877235724438884e-01
4.305049442130685633e-01
4.316722590796524539e-01
4.611247257700390456e-01
4.654544526385265835e-01
4.725226761218517257e-01
4.796710633519941647e-01
4.815130559936008914e-01
4.876099811870034384e-01
5.104733402764625172e-01
5.277496505728577203e-01
5.276592604770498074e-01
5.347385907781356806e-01
-5.630846889971197547e-03
5.927458392849931437e-03
4.683184108003384839e-03
8.702993581696544245e-03
1.096212045640146404e-02
7.242821556752172991e-03
2.178607677193827863e-03
3.171830882428017424e-03
9.558606226308580256e-03
9.040218112500228789e-03
-1.918567746966855225e-02
-4.138487985001204628e-02
-6.578131333023830296e-02
-8.665613837827529364e-02
-1.328745408264165040e-01
-2.013475450626271424e-01
-2.277691990046274984e-01
-2.271841318266039356e-01
-2.420332510367065870e-01
-2.704813391051367755e-01
-3.053645843027220641e-01
-3.053287504540516673e-01
-3.124432026054842493e-01
-3.089371808006270981e-01
-3.155065897083621507e-01
-3.229901901129696995e-01
-3.480776159186666496e-01
-3.793952916321193802e-01
-3.916193638508990715e-01
-4.632306566821469199e-03
-1.042048950425074338e-02
-1.169762977125740795e-02
1.836815586486151633e-03
7.962456594150634642e-03
9.769844007569600947e-03
1.211516877609290256e-02
8.385424480948150058e-03
9.024767428467009647e-03
4.611546698474747880e-03
8.773944315554121562e-03
5.338886890462422180e-02
1.116858238023109295e-01
1.344401947634745742e-01
1.411459718162600963e-01
1.576949599078201480e-01
1.859038271741145776e-01
2.128490358422579498e-01
2.283613305349079803e-01
2.471360778975842665e-01
2.714026271601717721e-01
3.246393398444741285e-01
3.452862860458476568e-01
3.711897879227995523e-01
3.826775738133673666e-01
3.747978005114682709e-01
3.469993300464490060e-01
3.263506481125960645e-01
3.108208406840185511e-01
-2.028006766004170069e-02
-2.641258039791271467e-02
-3.028997780127673858e-02
-2.715741519885889188e-02
-1.493149489815035619e-02
6.020051364389673171e-03
6.804451604083320247e-03
-6.224089681214880869e-03
-1.726100414990561216e-02
-9.158649823874914081e-03
1.610454472132397119e-02
3.316335708980318320e-02
2.382662140815344776e-02
6.408212395498151526e-03
9.069142775631811038e-03
1.331614572749454176e-02
7.045678027925888695e-03
-1.202383163589820086e-03
-1.301561655809767943e-03
1.865045656760596499e-02
1.961799894941933242e-02
1.800086698306731584e-02
1.176743609146280525e-02
-1.324065287549004363e-02
-4.529795627686408754e-02
-8.104266373938025236e-02
-1.242343772368678101e-01
-1.451095704093995353e-01
-1.721683646911876808e-01
-2.070584536569508929e-02
-4.492482937258584358e-02
-7.427563974390075097e-02
-1.238790775378189740e-01
-1.407561611557310022e-01
-1.390190022839896400e-01
-1.475934109229180557e-01
-1.596663115434479030e-01
-1.696796830323986371e-01
-1.695499177148944991e-01
-1.636418882592397539e-01
-1.623305133746774098e-01
-1.672486533854371238e-01
-1.838761193979844277e-01
-1.861509219829034778e-01
-1.782034938900583232e-01
-1.744307015965563534e-01
-1.665229400382899072e-01
-1.641408960028522268e-01
-1.604457901917767382e-01
-1.531853476920671808e-01
-1.413700010332888113e-01
-1.293856628975692813e-01
-1.150682591366407187e-01
-1.144582337076981843e-01
-1.087545006568132189e-01
-6.282541382290121601e-02
2.093999584937163150e-02
4.272885024094977974e-02
2.479026567575046136e-02
5.046947461230141818e-02
8.987870565397812483e-02
1.170040018113614605e-01
1.355385663981427402e-01
1.351315945458534673e-01
1.487076186326811433e-01
1.671309422978760062e-01
1.845379629508237529e-01
1.817350344984529631e-01
1.780697974057715849e-01
1.886289619009010043e-01
1.985528418597690969e-01
2.124837271955917761e-01
2.196580657824006855e-01
2.149775216593952099e-01
2.118077208769113540e-01
1.868057728653439165e-01
1.670995325003606369e-01
1.497666740879669833e-01
1.568874331598607286e-01
1.617835674599937823e-01
1.765052961690991296e-01
1.881964565458333349e-01
2.065518529832845174e-01
2.068436329414866937e-01
2.017698344767618890e-01
1.893799478407683923e-01
1.689521926985163847e-01
-1.064113518941380183e-02
-1.879476605545956497e-02
-3.271866917687607512e-02
-9.857290902663352894e-02
-1.318545023068210531e-01
-1.642284333931740281e-01
-1.863351553438164498e-01
-2.348182923998618776e-01
-2.600889521952726158e-01
-2.678942661974840767e-01
-2.678446377968362047e-01
-2.800252351787975158e-01
-3.084522022811709840e-01
-3.284217501320649824e-01
-3.562551919322838323e-01
-3.906293240784989296e-01
-4.174864277836601301e-01
-4.467835474387293337e-01
-4.534245722105934573e-01
-4.620824034454219520e-01
-4.586127855214225391e-01
-4.561630941441924270e-01
-4.731193372391169216e-01
-5.028415833775522481e-01
-5.035937368158976968e-01
-4.927981640688106624e-01
-4.829315211782257422e-01
-4.808592861847159616e-01
-4.847648895644970923e-01
2.854469970854291161e-03
1.701073821696387489e-02
2.203038506572188582e-02
2.499932713208696811e-02
4.458496579709240321e-02
6.353939804480299158e-02
9.888701227155378970e-02
1.517619357605470010e-01
1.744751938873936314e-01
1.969807455191639467e-01
2.471657460896122538e-01
2.835291722656445579e-01
3.188308694266400733e-01
3.356195701412946208e-01
3.480650411198147332e-01
3.694894567517068573e-01
3.929137672346766363e-01
4.034416270780596947e-01
4.154014157272987728e-01
4.220662667608978125e-01
4.366953283509496520e-01
4.445215530040810270e-01
4.506652361175668697e-01
4.323940808674283653e-01
4.297031697165725750e-01
4.398921670997299471e-01
4.423780448129893128e-01
4.350515045749869247e-01
4.241415866626762621e-01
6.193773667984954316e-03
2.681375317075194997e-02
4.638413131582057314e-02
5.743562624124222415e-02
5.360320267979864356e-02
4.827744481810521127e-02
3.962075369931594010e-02
3.345635710829461540e-02
3.350102149178157962e-02
4.058357713458203564e-02
3.982733990612483815e-02
4.241528050810729200e-02
3.100990095307606248e-02
1.737352883177785759e-02
1.085928775985156060e-02
-3.320367099896797541e-02
-6.634523521332874596e-02
-7.961805763125998081e-02
-1.045607336872664272e-01
-1.337920319214304654e-01
-1.744621760056210280e-01
-2.293070587587756892e-01
-2.626001781611594366e-01
-3.035583380339544890e-01
-3.364199195270122789e-01
-3.568641324031163742e-01
-3.784249955653832265e-01
-4.069397784870654178e-01
-4.072581226483285577e-01
-1.414041578960014214e-02
-4.764881936919336536e-02
-6.516623462213670670e-02
-8.628050460288812229e-02
-9.464954563482015637e-02
-1.016593370033618410e-01
-1.070116305025378828e-01
-1.105837331753590780e-01
-1.014692223788281056e-01
-9.779224887583640169e-02
-9.824479762310094066e-02
-1.020571151439461088e-01
-1.182877558161846976e-01
-1.256417546592810408e-01
-1.208051071088072498e-01
-1.068771672064485478e-01
-6.989689834146924075e-02
-5.067775054362062825e-02
-3.658195337948033643e-05
7.892257010730599487e-02
1.400071826294758126e-01
1.644960719492243317e-01
1.879074944136604475e-01
2.087296986851469860e-01
2.396852537845964304e-01
2.758971623051434952e-01
2.982493663823064245e-01
3.090954966194347509e-01
3.426262393292056063e-01
-1.121438131131933429e-03
-4.654012190271807764e-04
-2.509588060958321820e-03
-7.796408099274071066e-04
-8.736914835424085951e-03
-8.073497313839255590e-03
-3.601382963948611231e-03
-4.800954882661625719e-03
-7.448078319815681220e-03
-4.948969037600567736e-03
4.897678282060632590e-03
9.513677913090415675e-03
5.666485273709322319e-03
-8.600981653587275177e-03
-6.955155219744304541e-03
-1.914228253015053810e-03
-7.042915761435245003e-03
-1.334606128329940758e-02
-1.490456776411333562e-02
-9.229353012304524623e-03
4.824271542723622755e-03
1.774910197596021172e-02
1.463872860956337216e-02
1.282855159818548085e-02
-1.740699812841681876e-02
-5.594881866087116074e-02
-8.008339663109784179e-02
-8.699962038019971866e-02
-1.073742237405242161e-01
-2.123705308337802203e-02
-4.506264919292951587e-02
-8.406925823399535869e-02
-9.878554705316652806e-02
-1.209148975992305058e-01
-1.309115097861102139e-01
-1.586125494267585090e-01
-1.717711653195401478e-01
-1.706428331535990439e-01
-1.849305214847798140e-01
-2.082545292636441836e-01
-2.472926761977145005e-01
-2.499786248411098588e-01
-2.347067675143408305e-01
-2.208009285711720893e-01
-2.189998875722259652e-01
-2.206670600685212980e-01
-2.210866282983163789e-01
-2.195473734518966491e-01
-2.256954285905363455e-01
-2.369189464408325563e-01
-2.512027309581174039e-01
-2.650413965479181400e-01
-2.750635335376727109e-01
-2.788503126498210749e-01
-2.658090027802096356e-01
-2.435975902550568950e-01
-1.662226378911716429e-01
-9.726673816984873766e-02
2.980749180978067153e-02
9.154239376772163594e-02
1.216628600184705006e-01
1.548648337868203106e-01
1.657940616401960832e-01
1.724328857685352157e-01
1.876321105746671936e-01
2.155816795515039519e-01
2.314650624618401209e-01
2.273474548457623534e-01
2.107548851058153871e-01
2.186611270919119610e-01
2.273176296439009259e-01
2.289272008941725112e-01
2.330316671139747442e-01
2.388047012196998220e-01
2.478462768462141030e-01
2.597783431689585920e-01
2.671131217250155565e-01
2.689228216201435262e-01
2.662060584432566213e-01
2.662589245223332957e-01
2.736266463749230660e-01
2.821449604767595210e-01
2.861599097717224538e-01
2.890057444025694311e-01
2.819240450775137852e-01
2.850378013127080057e-01
2.885844186966733949e-01
-5.733342618136123663e-03
-6.173832311713770005e-03
2.500270976755938554e-02
3.694203983807945596e-02
5.177519398616887980e-02
3.178735707750353356e-02
-2.536796139388963062e-02
-8.704041477961772799e-02
-9.638320086082304006e-02
-1.257206262398783414e-01
-1.587465461998959770e-01
-2.014840701444882698e-01
-2.351111956663081981e-01
-2.671174443424514378e-01
-2.688745183598676425e-01
-2.853889935135943690e-01
-3.017509051793276775e-01
-3.209424563489618465e-01
-3.428342638533768416e-01
-3.514150140496307695e-01
-3.601969482393597155e-01
-3.723105335914115299e-01
-3.713510665019154056e-01
-3.666393180697540277e-01
-3.541542402432806824e-01
-3.484303593682095412e-01
-3.524193450078283441e-01
-3.494802685537445885e-01
-3.381481114734197768e-01
1.501609523117951490e-02
3.687487718082240601e-02
3.224499876514154428e-02
2.911251814596492460e-02
2.846655831360160246e-02
4.367182437845972681e-02
5.081079343994003572e-02
6.305269639777151547e-02
7.272422352277173319e-02
9.457113376683702610e-02
1.521102806468384860e-01
2.167266990803232152e-01
2.578825432123491579e-01
2.584535122044138711e-01
2.549216871300718501e-01
2.454353526988175549e-01
2.426175432729827108e-01
2.582749840336316383e-01
2.766084834543045545e-01
2.944976171087814731e-01
3.138335501933462446e-01
3.350820548462809523e-01
3.589000101707375823e-01
3.709302845854043351e-01
3.758480540363573486e-01
3.854336234519165627e-01
3.890715481512302953e-01
3.865548635432718427e-01
3.617395014951478860e-01
-2.949809675818249044e-02
-4.790375005039590461e-02
-4.964046043701594857e-02
-5.559048949413555180e-02
-4.322346660072048236e-02
-3.887283825945166138e-02
-1.850751628480187122e-02
5.838731327444147967e-03
1.926566711078591537e-02
2.078081455616608356e-02
2.261358136561542748e-02
2.081518631798727134e-02
1.532533549124275550e-02
8.281799790756241147e-03
1.005507866171859686e-02
8.693566463145872142e-03
-4.244062157995120294e-03
-2.797421602892668103e-03
-2.582463401939450159e-03
-2.500431754666106524e-02
-3.822887117989002409e-02
-3.027055705641300276e-02
-1.136933198344410034e-02
-1.311883250388371294e-02
-4.801204071831216558e-02
-9.036321054089803406e-02
-1.214936379850788534e-01
-1.409776834686130575e-01
-2.170628306741186064e-01
-4.453575064923123022e-02
-8.047293583470532807e-02
-1.270425023653122820e-01
-1.467115514488455952e-01
-1.568638288465881991e-01
-1.633870107702060648e-01
-1.770351079190728982e-01
-2.119815423503879637e-01
-2.235708566543650189e-01
-2.422536992680937584e-01
-2.434349368728337681e-01
-2.394479358712219841e-01
-2.399262094836118187e-01
-2.376292067861524859e-01
-2.221669371920157177e-01
-2.185960455928598334e-01
-2.186091074958105840e-01
-2.167945077548208976e-01
-2.014665813944116202e-01
-1.943036095440811850e-01
-1.864623146363622308e-01
-1.964498139693808265e-01
-1.947795616127659390e-01
-1.766269315584148569e-01
-1.592231059644400037e-01
-1.374243122525174443e-01
-1.075779749006048058e-01
-7.538650547622852138e-02
-5.866843567867043030e-02
5.666130440358382869e-02
1.477242759461493415e-01
1.983450701344718903e-01
2.212850481875576480e-01
2.421361891092961294e-01
2.561548214427477599e-01
2.892933602629461087e-01
3.015145191379619560e-01
3.173759990598074010e-01
3.191243399364941391e-01
3.091368026224021737e-01
2.938526517778460301e-01
2.957924169887683474e-01
2.926550878455805860e-01
2.764264311072101576e-01
2.752467957754566874e-01
2.774738925771010889e-01
2.884232255488229923e-01
2.919188349127807558e-01
2.690829320797168966e-01
2.418125407248797598e-01
2.265082717406562418e-01
2.046262983312803485e-01
1.888058041170831425e-01
1.769560621924954613e-01
1.774606595703784317e-01
1.885148865749647074e-01
1.967542644564543863e-01
2.042227810663368448e-01
1.949435810028870165e-03
5.715753473966435176e-04
1.533447628988471832e-03
5.442671467220552665e-03
1.423406456587513261e-02
1.307290708577791075e-03
-2.259801383538751623e-02
-2.048383655192579159e-02
-3.095348007551979030e-02
-4.173104627144551271e-02
-6.310893422901775462e-02
-1.295267089428486784e-01
-1.303625845917864012e-01
-1.458380379974873187e-01
-1.884114239543239477e-01
-1.876007651046546210e-01
-2.381567344775108175e-01
-2.870034017552887118e-01
-2.862086883726115416e-01
-3.263823038874167359e-01
-3.977187106681525641e-01
-3.971726243536856105e-01
-4.210038387584600361e-01
-4.080469193885295498e-01
-4.068388931726762414e-01
-4.031517282603180319e-01
-3.957082085192564214e-01
-3.966298569671705132e-01
-4.161846515408739733e-01
-4.626537750169261790e-03
-3.324283229476570484e-03
-1.113768664175605709e-02
-8.439656283920753468e-03
-7.552770309003295490e-03
1.246573591695361236e-02
1.236226856666047813e-02
2.363492155086993965e-02
3.127482522622224842e-02
6.395918788169144276e-02
8.575569318240924832e-02
9.896001535827943230e-02
1.252788709336656314e-01
1.913059046606531144e-01
2.495062891586246334e-01
2.765440940619964261e-01
3.022213283589372801e-01
3.283305251145195447e-01
3.737798162261661283e-01
4.197147143879419451e-01
4.472074598523121391e-01
4.672024519889858563e-01
4.772692270661292313e-01
4.912698557332692006e-01
4.933510959113228678e-01
4.979039154056593142e-01
5.213798307735216797e-01
5.315287680646114676e-01
5.342885427296820700e-01
-9.563501227119200476e-03
-1.885297583398815036e-02
-2.181079263371617227e-02
-1.620065920552114097e-02
-1.412628161559002608e-02
-6.575216536923363456e-03
5.163691517635619899e-03
2.307557189773724871e-02
5.500264185591650229e-02
5.451340551603500034e-02
3.815975039831398519e-02
2.597073929889884281e-02
1.686648495984558599e-02
3.223163739903998556e-03
-9.863696750836096344e-03
-1.727550576789830400e-02
-8.073896761713996242e-03
6.501498074149800535e-03
1.503745609445990804e-02
2.131334025368795265e-02
1.436290726046029337e-02
-8.898990858234381851e-03
-2.870352686744421372e-02
-5.012725617710768466e-02
-8.226393596090163240e-02
-1.037393213312287205e-01
-1.203367159806050662e-01
-1.503379386624339453e-01
-1.884127130921953996e-01
-3.087781852225062254e-02
-6.467801688372440405e-02
-9.362836774916737104e-02
-1.326163072658941011e-01
-1.725753291501039011e-01
-1.940684579358868123e-01
-2.082196274619978471e-01
-2.207426045499209233e-01
-2.598794486785870328e-01
-2.962422802894112417e-01
-3.097755599795390391e-01
-3.215663646238322015e-01
-3.365690788100846875e-01
-3.438423258377242830e-01
-3.361997569274027819e-01
-2.991706868866029212e-01
-2.670341881467572787e-01
-2.433888166896571448e-01
-2.389533138972831927e-01
-2.359917363163638870e-01
-2.429451663056525490e-01
-2.520391649278911905e-01
-2.572394450987617320e-01
-2.562152957858014890e-01
-2.555533157233855768e-01
-2.509048362184992387e-01
-2.299700705947712587e-01
-2.052532121279681820e-01
-1.797208097938842175e-01
5.640685384234127298e-02
1.334327007482102312e-01
1.859336876709803410e-01
2.102418752969220095e-01
2.355425538942695074e-01
2.515142068288217514e-01
2.899781418054793170e-01
3.130121832390522219e-01
3.271817310630951714e-01
3.360004852015766041e-01
3.562609869258977491e-01
3.649486046715945675e-01
3.897566936742632993e-01
4.127424962917335960e-01
4.134635029756751345e-01
4.114582176221410759e-01
4.011211584812247599e-01
3.869421970445034442e-01
3.841791134004031716e-01
3.897286496174633408e-01
3.923687118409891483e-01
4.053582295324841267e-01
4.014293117660113763e-01
3.985399351441959448e-01
3.948747998171476259e-01
3.897999374238918513e-01
3.721354421968929294e-01
3.616143681926775044e-01
3.629008572739226279e-01
2.613257196620236925e-03
-3.022266624371350210e-03
-1.833874825657728566e-02
-2.511744019687292551e-02
-1.547959940879175926e-02
-1.784358938158880914e-02
-3.251771222534754341e-02
-3.269592488056442120e-02
-3.103521212278946215e-02
-2.557063480162340835e-02
-2.685849466516365344e-02
-3.258433901316552805e-02
-5.441107731953573334e-02
-7.260448330835783670e-02
-1.209471541884316603e-01
-1.644526717461498311e-01
-2.020445512271206168e-01
-2.307076264198550386e-01
-2.434507275821728434e-01
-2.591755429300089952e-01
-2.917230953165950713e-01
-3.330029556367680166e-01
-3.771367833775614020e-01
-4.104527044131386915e-01
-4.521649864126328633e-01
-4.938356772228329472e-01
-5.075332011242538188e-01
-5.134254996951411743e-01
-5.239307229394004617e-01
-7.894770524371434034e-03
-2.246454552202025584e-02
-3.712584590842421539e-02
-3.928667332829167275e-02
-4.594511079844705581e-02
-5.590594429667884724e-02
-6.319959342298039906e-02
-5.687908288360313258e-02
-4.838276419490014635e-02
-3.489342367293186281e-02
-2.748175884627251236e-02
-2.448138084684496271e-02
1.144755023851274159e-02
1.651310106714069109e-02
3.079421890101859127e-02
6.033990032493399824e-02
8.958539247103547432e-02
1.016297962140531586e-01
1.205586905061018232e-01
1.374492302242351638e-01
1.450012157797629375e-01
1.376248230850776744e-01
1.464487630043961597e-01
1.814702125487063222e-01
2.785128137484130795e-01
3.178776827896127588e-01
3.426350539258762318e-01
3.671505171188813033e-01
4.076534768056532254e-01
2.398953088919714843e-02
3.127895743723176775e-02
5.475169876930509327e-02
7.654715603082942743e-02
1.018246428623133526e-01
1.356757309563949576e-01
1.640743569177336436e-01
1.603306957057441529e-01
1.522594299766433790e-01
1.513118171172294635e-01
1.505291224570377284e-01
1.541997314466964086e-01
1.626970360262385007e-01
1.490094813837311571e-01
1.528441573551923560e-01
1.745364437134962476e-01
1.882411642048650580e-01
1.876283976954347121e-01
1.869730791566051875e-01
1.909265172118722875e-01
1.986912649944811149e-01
2.027488330449961351e-01
1.896702955093839682e-01
1.694976334545485464e-01
1.629185714625921433e-01
1.643034574967923434e-01
1.454226509711823156e-01
1.020774152815642072e-01
8.976824502684488394e-02
-1.138264728620674848e-02
-2.483796653597140913e-02
-3.452452748212284095e-02
-6.240455149308728189e-02
-1.184130596314042216e-01
-1.618390814019250723e-01
-1.887283066061295478e-01
-2.278958171310387915e-01
-2.502333421167656780e-01
-2.682567484660549617e-01
-2.998101537735736732e-01
-3.411111261287727014e-01
-3.666237815808826572e-01
-3.929312533436962185e-01
-4.407830428859869087e-01
-4.581575723413127688e-01
-4.656290242215960773e-01
-4.619208094548283849e-01
-4.525025106252094642e-01
-4.530460482875456329e-01
-4.756387507377119461e-01
-4.816163933309564604e-01
-4.832476317521851583e-01
-4.874062387823981934e-01
-4.925722019930907081e-01
-4.795444337532331902e-01
-4.397335514902094289e-01
-3.982766137232283121e-01
-3.522805660148685125e-01
4.571806095158652966e-03
1.532504446849786844e-03
1.420445725950360630e-02
2.876355457108034641e-02
3.737444684129086203e-02
4.603133829636277957e-02
6.842629317982154569e-02
1.706641413696534937e-01
2.628702646107289320e-01
3.008204287553095657e-01
3.226922488929175326e-01
3.533801736220736900e-01
3.792088269854217986e-01
4.231575905403497373e-01
4.593789889358605438e-01
4.910056229079650114e-01
4.792245826266418041e-01
4.736865207527208299e-01
4.781525931331286894e-01
4.742699922746320129e-01
4.728386569070631151e-01
4.763216812127979427e-01
4.853414388836574389e-01
5.084176601726811962e-01
5.247345672386439785e-01
5.202568345791753757e-01
5.206388648212735282e-01
5.148262594927065505e-01
5.053267054206742603e-01
3.640608713379613450e-04
4.122487127562797331e-03
6.703470500790567436e-03
5.807280539537114372e-03
1.612796911146157156e-02
1.571852508077014807e-02
5.892939542485415780e-03
-3.082816415335143390e-03
6.026274734765019528e-03
1.618453341802384739e-03
6.560829632182138028e-03
2.458860167698934812e-05
-2.849358522813814215e-02
-4.430191019041979095e-02
-6.356793734285419439e-02
-9.993692455198674440e-02
-1.245317930630443631e-01
-1.430048477884358349e-01
-1.544631430386232962e-01
-1.783589942015753049e-01
-1.975838291580263584e-01
-2.385442789133209174e-01
-2.937275714919698189e-01
-3.373240572104983515e-01
-3.862764066637826010e-01
-4.111003827909952002e-01
-4.236674424797007288e-01
-4.214716347939682639e-01
-4.226258858840483135e-01
-4.098822233312163221e-03
-1.042300528376941329e-02
-1.336172341309215320e-02
1.991876950099138316e-03
1.103204203583894698e-02
1.870890294235694196e-02
3.466792346554022075e-02
3.966918882557146642e-02
5.321870113470404673e-02
4.514122474689079983e-02
2.574231646383045441e-02
6.923458120995651388e-04
-1.180419093762013864e-02
-1.960495086217672878e-02
-2.009165984963682053e-02
-1.193679113247979665e-02
1.643211831653044672e-02
4.493459058571215581e-02
6.577600029830160677e-02
9.855159876409858022e-02
1.446800705973009527e-01
1.917772099110082729e-01
2.317603998756159744e-01
2.318649125168537328e-01
2.338776725616551200e-01
2.282230158788542684e-01
2.498127619031555446e-01
2.795716801665825146e-01
3.280346478871306592e-01
2.381726897985375624e-02
5.921728274888229254e-02
8.201604712934842945e-02
9.041382808295578277e-02
9.694361309255411507e-02
1.040319107045684782e-01
1.151973235776317522e-01
1.141865322302985097e-01
1.027177763096605440e-01
6.272853183519447318e-02
4.428573819568201730e-02
3.736896913709909090e-02
3.807838698412560619e-02
4.084461234944346958e-02
4.112071447571679500e-02
6.070712911218398289e-02
8.867195248445325362e-02
1.185209526827746274e-01
1.556829117293755116e-01
1.512632290956873182e-01
1.322820555698457357e-01
1.186845852098821763e-01
1.062487066217610437e-01
1.027535850312171206e-01
9.845490230391547304e-02
9.432314114167736352e-02
9.044369674137631154e-02
7.826754091559164073e-02
6.699671520143704595e-02
-1.035181494150527737e-02
-8.745786702710362306e-03
1.005542342671146387e-02
3.720638106000111189e-02
3.835017304425428902e-02
6.686489487333920068e-03
-4.756926506509913388e-02
-7.724095810335861179e-02
-1.126232159488433637e-01
-1.827847849215888942e-01
-2.362479250472121761e-01
-2.652402087940152753e-01
-3.108452377716963144e-01
-3.364098136079524681e-01
-3.532722710330502558e-01
-3.649301233377950093e-01
-3.857855128616232698e-01
-4.109180955158144855e-01
-4.515162736282866685e-01
-4.750136034381853833e-01
-4.754994727648539365e-01
-4.683947370264346377e-01
-4.620213137907259737e-01
-4.623151154162065679e-01
-4.737711264675151246e-01
-4.882935301863953192e-01
-4.860820014393403832e-01
-4.824578213618900824e-01
-4.841642930321415905e-01
5.463696231102006112e-03
7.486266062446535891e-03
1.452679529543598677e-02
1.218036967701610629e-02
4.181909964043831890e-04
1.751970433703541746e-02
7.532467972106546283e-02
1.278950715407237981e-01
1.556114952509814464e-01
1.705604990396437926e-01
1.986200341360982446e-01
2.361161351923588836e-01
3.129822940419733635e-01
3.489990188160819740e-01
3.766411531225789533e-01
3.838776088230594352e-01
3.853465915625245430e-01
3.822621590908407141e-01
3.753038815762016478e-01
3.658959295108742404e-01
3.658584318324855644e-01
3.699684371898509516e-01
3.784532331035797559e-01
3.896978760896745442e-01
3.896317480235444441e-01
3.972196601604675581e-01
4.103944785098689318e-01
4.211697075374205568e-01
4.172604665674554125e-01
-4.183659113568204482e-03
2.804064602830838408e-03
1.130476379668570591e-02
-3.696255654472372851e-03
-5.374135759853859717e-02
-8.338599454399292510e-02
-8.825618188345374371e-02
-8.347206709121837709e-02
-8.715617803156486265e-02
-8.706380469373617426e-02
-6.154920888668824475e-02
-2.654461555879607249e-02
3.014548870950990722e-03
7.296706268938119196e-03
4.970200146309831576e-03
-1.509782976756722343e-02
-7.189292530397475844e-02
-9.012466750378633762e-02
-1.073139445676253578e-01
-1.456304432067460630e-01
-1.843594326091505253e-01
-2.220710794555892098e-01
-2.432523353695711932e-01
-2.663734807545317107e-01
-3.071620400053962641e-01
-3.633273944731486571e-01
-3.916054081967423883e-01
-3.902638721843045833e-01
-3.752092668105015405e-01
5.515958460348880169e-03
-1.617808191291952857e-02
-2.832712838081710011e-02
-2.439535963416643999e-02
-2.374867743419657035e-02
-2.576915719764592480e-02
-2.195500957784080748e-02
-2.606608965107385864e-02
-1.778688662309937246e-02
