1.909570595682824057e-01
4.437214552562673830e-01
6.163066719928329551e-01
7.066530293617471203e-01
6.567536617967464352e-01
4.979368809907730453e-01
4.302827693739496029e-01
3.532074003755520386e-01
2.298859924560512913e-01
1.577133476484771091e-01
1.399120393921812477e-01
7.671874698149860894e-02
8.427237978759476167e-02
1.648098671826628281e-01
2.350883239188729101e-01
2.475411482258472184e-01
1.964297396336161516e-01
9.375687585160366599e-02
3.058074517254694147e-02
-2.412222442429193259e-02
-4.353393888774491349e-02
-1.292581622135499098e-01
-1.916218806996475843e-01
-2.011384337424725888e-01
-2.293199916619622081e-01
-2.147682974307957848e-01
-2.423220992363895598e-01
-3.033203928047046860e-01
1.071285828134037679e-02
9.251123800947071152e-02
2.371931404014288591e-01
3.955551938764891862e-01
5.830339943802551606e-01
7.495875359797178339e-01
8.027298577334921470e-01
6.651946738515982505e-01
4.274355612525583270e-01
3.653223034616017717e-01
3.787259757124412096e-01
5.026800755208232774e-01
7.368559527531334252e-01
8.446387890707558466e-01
8.358947895191743971e-01
8.104844450394853572e-01
7.727375732290424626e-01
7.246464257443853141e-01
6.957674018920046999e-01
6.957741826441072863e-01
6.869890190913872097e-01
6.772642613234058917e-01
6.050978754954507988e-01
4.735464050687365756e-01
3.281713624056692979e-01
2.329160662231448131e-01
1.490700762965952164e-01
5.137435001343876317e-02
7.866215812645449557e-02
4.287630637887504537e-02
2.955212424937003410e-02
5.778118561067264319e-02
1.090530530651804275e-01
2.011584367343876023e-01
2.160001928098148338e-01
1.935171962873118434e-01
1.188936406898064707e-01
1.041581428493342232e-01
1.143714541329564488e-01
1.653290120819339848e-01
2.409061369784264717e-01
2.692003226202359656e-01
2.591141681325755952e-01
3.011427846762384508e-01
4.135016318779137778e-01
5.785134761279560056e-01
6.688544889070744404e-01
7.474998699335202446e-01
8.031356568489294023e-01
7.567120687798826184e-01
6.590161693529894560e-01
6.205702002225376157e-01
6.252270075476300537e-01
6.756278004684713734e-01
7.699718206446356517e-01
9.178074122801004320e-01
9.831509447915837141e-01
1.022723237442498823e+00
-2.105793063100012616e-02
-9.750605699171975560e-02
-1.820162199628386213e-01
-2.079609870373646807e-01
-2.185782984268981044e-01
-2.588235136917238499e-01
-2.961935058340723348e-01
-3.471657814484085947e-01
-3.989593161055010606e-01
-5.040591001641192559e-01
-6.306059860932125005e-01
-7.395643418985788919e-01
-8.131283509697394551e-01
-8.882916707189374428e-01
-8.882121784367803530e-01
-9.151498879906520001e-01
-9.194366602481647277e-01
-9.172906328693675171e-01
-8.944693284043774284e-01
-8.983787484824143910e-01
-8.969544721288218447e-01
-8.906394452996088118e-01
-8.740486192529763887e-01
-8.728324967667389078e-01
-7.915753544774727368e-01
-7.630054235136178864e-01
-7.624098332782317522e-01
-6.557318019261322295e-01
-6.033222983621840951e-01
-3.336503963897398444e-05
1.209151302954691032e-01
1.739175354380609329e-01
1.740592784237244284e-01
1.967760653491531786e-01
1.564035945040003206e-01
1.575545672961872756e-01
1.096204400498206888e-01
6.465514781580627979e-02
4.739250658663805849e-02
5.852330122504872945e-02
1.146629884352388107e-01
1.725206256900716217e-01
1.788301046398098615e-01
1.531313203449573002e-01
1.210933276404360104e-01
8.726101443327816121e-02
-1.106962400236777277e-03
-5.972225709444486247e-02
-1.286520684366837253e-01
-2.053628546622521533e-01
-2.708521597757602706e-01
-3.346671713378699398e-01
-3.825752590910280748e-01
-4.196807142350053588e-01
-4.841278256752037934e-01
-5.181673378609826797e-01
-5.231741448434892305e-01
-5.279363691045422247e-01
-1.715234546030256282e-02
-4.112757526482293396e-02
-5.878376441804925023e-02
-5.395324288136781055e-02
-4.669685414824776420e-02
-5.028449729807084323e-02
-3.942496498347736189e-02
-2.958321854159819131e-03
2.351498444452707060e-02
5.783903935016338621e-02
1.232925808301963133e-01
1.654461806241314115e-01
2.177232087813257833e-01
2.546538406921609599e-01
3.159386974863123698e-01
3.542795913174587308e-01
3.808006765253992287e-01
3.544062618554222888e-01
3.069968475337460090e-01
2.862711502732415703e-01
2.808802386979131760e-01
2.874670870643175613e-01
3.236025421487726539e-01
3.893771875745599687e-01
4.572943077282399793e-01
5.221065105498740033e-01
5.514491806000539897e-01
5.777078576259969678e-01
6.228434555492404767e-01
3.726039090563146305e-02
1.714498457550514554e-02
-1.047993330127173009e-02
-5.994604203022706190e-02
-1.194974049399657873e-01
-2.006071042445778385e-01
-2.865640965705036347e-01
-3.614102058210186819e-01
-4.481448766234132908e-01
-4.937906481931574332e-01
-5.214438068700002482e-01
-5.454900911336884040e-01
-5.530927916659642563e-01
-5.707692574807141650e-01
-5.673276409583873914e-01
-5.489893534296560462e-01
-5.552314787750647351e-01
-5.920050099352586193e-01
-5.935745124928175631e-01
-5.860996181713752362e-01
-5.746203982424722412e-01
-5.294077881420146126e-01
-5.106500635996218396e-01
-4.626061641983704176e-01
-3.940098667672409793e-01
-3.580170115878195669e-01
-3.208297168367288399e-01
-2.597492775310062396e-01
-2.300762786793948134e-01
3.149158560918686317e-02
7.594587440667550926e-02
1.068494214620189509e-01
1.242470571728192946e-01
1.400365374403198526e-01
1.468279230640888722e-01
1.341337559770090226e-01
1.186015993806752988e-01
9.813388357648168692e-02
7.914807550166987060e-02
7.376012069296611351e-02
8.045927531923610654e-02
1.059818560570270213e-01
1.073691122242176471e-01
1.042329616799781700e-01
8.241371709470741991e-02
2.943832063315870301e-02
-4.958125299118271850e-02
-1.477568949398914977e-01
-2.136090271774790383e-01
-2.952444325455818031e-01
-3.623337611185322160e-01
-4.007450170976900039e-01
-4.072049078175365433e-01
-4.097950737932920529e-01
-3.943637268451335443e-01
-3.620843116796562677e-01
-3.366186093446855709e-01
-3.515027023654809235e-01
4.460828196124999936e-03
-1.800028790785555832e-02
-3.852153355167767246e-02
-5.293753534695244678e-02
-8.676178137814447022e-03
6.178924821966312597e-02
9.743191875626799892e-02
1.052527518097376158e-01
1.635340250757738312e-01
2.218243078048549588e-01
2.966702974546413518e-01
3.502712386195884764e-01
3.757767253068193813e-01
3.903677821106474877e-01
3.922034192557771748e-01
3.812256524059933205e-01
3.491531762967735597e-01
3.574258737792794238e-01
3.742979545324867097e-01
4.108850786776083730e-01
4.192956961828910312e-01
4.503124519471601306e-01
4.642072550753617022e-01
4.792851082899276527e-01
4.740968063284333178e-01
4.377827533839517837e-01
4.074653789124789705e-01
3.521978500063281947e-01
3.063842833540741939e-01
-6.333880200575965624e-02
-1.347408951675622413e-01
-2.131948029272627831e-01
-2.619120997280828256e-01
-2.829518254660540744e-01
-2.842062473572783410e-01
-3.042337325851206531e-01
-3.289499141226764345e-01
-3.331486395078605556e-01
-3.163377539257510862e-01
-3.236930537872548808e-01
-3.247819074121867655e-01
-3.284125004077362298e-01
-3.373099969976064982e-01
-3.363401053909453320e-01
-3.337596519601517264e-01
-3.347622583827575271e-01
-2.588625303116292575e-01
-2.162655186950640518e-01
-2.177080734594936395e-01
-1.665788149256700046e-01
-1.369875075223981331e-01
-1.001072663623927272e-01
-4.866565504234096617e-02
2.215293324629524774e-03
1.379523466684224632e-02
5.378082513158142022e-03
-1.374090344208501839e-02
-4.772282624897614817e-02
-1.684910832288543173e-02
-2.250648089549145414e-02
-2.760389445780569995e-02
-5.499874800460582969e-02
-2.022807044095654289e-02
6.157738735874579428e-03
1.068383605661440972e-02
7.978534696744045071e-03
7.355744223295255547e-03
-4.720237751609326383e-03
-8.938936453528535664e-03
-2.322848626778855480e-02
-6.267924249174637585e-02
-1.072519482369715810e-01
-1.728518962937188319e-01
-2.392954170281214599e-01
-3.323497455722298488e-01
-4.007144624546059575e-01
-4.637248272104837477e-01
-5.148720911805423350e-01
-5.405360169096941059e-01
-6.050526648657786888e-01
-6.326047051848630032e-01
-6.407302873225179107e-01
-6.363401475711203403e-01
-6.338725819314725562e-01
-6.519409157992868131e-01
-6.748110001173341921e-01
-6.707740694034036721e-01
1.287803368327653311e-02
2.030264984300955006e-02
2.405257197776603656e-02
4.102723256497560478e-02
1.157523600442764006e-01
1.483315011836770503e-01
1.656459112840991676e-01
2.103555574912255033e-01
2.300400575404422943e-01
2.800587093989427845e-01
3.307599097194022786e-01
3.872130905702820813e-01
4.586924604402264349e-01
5.178230453806741407e-01
5.272484972683872950e-01
5.092792479322303389e-01
5.038789067548450351e-01
5.098461451568215841e-01
5.259987239863689323e-01
5.398985442691978109e-01
5.410185942835283868e-01
5.557823179043073214e-01
5.903850447707609250e-01
5.809993730607937445e-01
5.590471602612049340e-01
5.224487208262867943e-01
5.161104694180037589e-01
4.873936021478147418e-01
4.229979967281500275e-01
-6.494195392421311941e-02
-1.032831926315059962e-01
-1.486330260209202392e-01
-2.041448501764490941e-01
-2.436238149802612551e-01
-2.508640189580075841e-01
-2.429003335978376643e-01
-1.786205863237340097e-01
-1.708774921099842914e-01
-1.901602806069417062e-01
-2.101943883136815350e-01
-2.379563076769306562e-01
-2.480236523542868887e-01
-2.419440708478283741e-01
-2.755729243725306143e-01
-2.364510643577379390e-01
-1.841252046785901153e-01
-1.272477727696954830e-01
-1.047315385958050710e-01
-8.375704426539075376e-02
-5.702955534836596369e-02
9.208653416402805270e-03
9.699097199369344224e-02
1.752558354013190878e-01
1.913371256892806571e-01
2.127693594717155745e-01
2.069191517512413425e-01
1.978773656124875602e-01
1.724407281276347792e-01
-2.257001902959217612e-02
-3.540403384641485629e-02
-2.578465325807408406e-02
1.338715477814011665e-02
1.952000437652171363e-02
2.586142477463825029e-02
3.429554160202968882e-02
4.434272712982864628e-02
4.057307874193163966e-02
-5.437263475053390194e-03
-6.594315855880855670e-02
-1.259254107204078599e-01
-2.025292386323490346e-01
-2.998978053942661370e-01
-3.878451964797530183e-01
-4.175598177597378280e-01
-4.264773751261165535e-01
-4.373319699680239814e-01
-4.503447096757502432e-01
-4.491867127108073454e-01
-4.505282446991851764e-01
-4.471132136950669578e-01
-4.523709364261527810e-01
-4.556065507398249226e-01
-4.577409454790704046e-01
-4.597999147948283460e-01
-4.685997892081185112e-01
-4.888298190783724739e-01
-5.004214211963547987e-01
-4.081041918628964225e-03
3.724596782351669716e-02
1.196194483033695410e-01
1.608703574570101713e-01
1.705425296149808700e-01
2.027156513870206622e-01
2.637174720429860675e-01
2.968924987920870673e-01
3.285874829221949178e-01
3.587675712244843274e-01
3.857110181628355949e-01
3.907785097492206261e-01
4.066470433476526147e-01
4.065129996198228457e-01
4.017594681205859941e-01
3.853618625206841619e-01
3.794612938696246274e-01
3.587178758699620107e-01
3.424404463169776203e-01
3.385349580509711687e-01
3.248519094247157568e-01
3.179658882750046600e-01
2.918388305858125031e-01
2.672764931732385940e-01
2.387057949638711485e-01
2.154225650450714846e-01
2.057423793957250391e-01
1.317747413420305158e-01
3.259840341791901686e-02
-6.089929944016290314e-02
-8.306955395071269344e-02
-1.392637727940375658e-01
-1.991077000110168804e-01
-2.090055087272228163e-01
-1.965452567272748807e-01
-1.732314360142112875e-01
-1.732292306306824903e-01
-1.654840116085039559e-01
-1.724629450365930960e-01
-1.847886065072773532e-01
-2.050777617179674883e-01
-2.228658443266993139e-01
-2.404503420088394960e-01
-2.284242920863684412e-01
-1.854970603969383069e-01
-1.004044158893620947e-01
-6.219879903495615509e-02
-4.743553026189433613e-02
-2.018087082587552775e-02
9.824012994303472912e-03
5.172150822502845358e-02
1.059202787862396355e-01
1.271932044949022622e-01
1.074133369258987725e-01
1.084112474287328848e-01
1.448612444051158299e-01
1.395810247265115989e-01
1.362612176579370837e-01
1.535186754151987749e-02
4.906721887629979240e-02
8.892381012200054058e-02
9.040530995289697280e-02
6.326990419884488681e-02
9.688943554444350015e-03
-1.769498375508818735e-02
-6.248368923847294476e-02
-9.661927800528635757e-02
-1.303650302801844796e-01
-1.862851467196205701e-01
-2.212401230366852489e-01
-2.408616831734265440e-01
-2.731123653726806322e-01
-3.234533413300376692e-01
-4.137401844831013475e-01
-4.394204520797745372e-01
-4.577589346286832228e-01
-4.568972166501210630e-01
-4.631135881636341822e-01
-4.655755423357109124e-01
-4.800801050089149591e-01
-4.821019411636268681e-01
-4.911826683210475664e-01
-5.259429048077070012e-01
-5.365427579300454664e-01
-5.193617535775394423e-01
-4.629689062282925094e-01
-4.172668114447173893e-01
8.243877518251881142e-02
9.126483571856641719e-02
1.219028039475270053e-01
1.527300580705102662e-01
1.933178997306213842e-01
2.362952977984304481e-01
2.472874774527333563e-01
1.778819603596680787e-01
1.273275390580390354e-01
1.024199784388382384e-01
7.999800690253323909e-02
1.091701384846878176e-01
1.808222208860623126e-01
2.138066149857057452e-01
2.303764460330045560e-01
2.407867961405721902e-01
2.562597506847721918e-01
2.506810196009837122e-01
2.359288011507362781e-01
2.046911204762123515e-01
1.921316378179763473e-01
1.698122254733238634e-01
1.362518800972073452e-01
1.005749679629065474e-01
5.843682745647931637e-02
1.903785543119539819e-02
-2.617081489150385049e-02
-6.554085275086782292e-02
-1.362237732045997185e-01
1.916182689240968334e-03
2.774507717468746235e-02
4.886681289490515945e-02
3.985700609909191561e-02
2.982442495554564477e-02
2.057822155415899718e-02
1.592215146849537341e-02
2.727687654330824413e-02
2.986761089663941826e-02
7.677731895664749451e-02
1.389346746785786180e-01
1.727120671353440384e-01
1.821691186831242149e-01
2.134942553211766070e-01
2.584615381755477337e-01
3.149114344566015244e-01
3.486252626942533683e-01
3.594754176085158681e-01
3.472976035092369407e-01
3.595817075732203327e-01
3.431880655192177665e-01
3.247290248993500716e-01
3.121651397241919090e-01
3.118709327004809961e-01
3.199217069140835590e-01
3.590694305775897210e-01
3.763693865907216107e-01
3.697247160630149909e-01
3.472261461614113975e-01
-1.829033001382317572e-02
-4.680636155281817784e-02
-7.207155170545342937e-02
-1.304547131525778669e-01
-1.945560545279084730e-01
-2.461617066183955649e-01
-3.048795669767995209e-01
-3.628776244706782284e-01
-3.911902209458311686e-01
-4.278820906633514221e-01
-4.461298157018948052e-01
-4.833821751396062960e-01
-4.869454329188187547e-01
-4.733369203156836957e-01
-4.878630471235251287e-01
-4.939766112676886589e-01
-4.898028591204910964e-01
-4.870668803686987181e-01
-4.951777240578606465e-01
-4.883308264461949655e-01
-4.936327776259537559e-01
-5.146362790863506786e-01
-4.835649414523636169e-01
-4.036847980946804415e-01
-3.299909366563166246e-01
-2.849227350875413456e-01
-2.700183553217377352e-01
-2.472319537822636470e-01
-1.730586537839982897e-01
8.913552100193675165e-02
1.602806647659855144e-01
1.836354463873516307e-01
2.317644778282162976e-01
2.647033568405575688e-01
2.719181328315248836e-01
2.659518364014110126e-01
2.486025734985702340e-01
2.221004504035786753e-01
2.226150093759572124e-01
2.168890673576339689e-01
2.170910703838311029e-01
2.460135067118811025e-01
2.550624519343868690e-01
2.313808172241388350e-01
1.981112895527866735e-01
1.503999810188332009e-01
9.774747393104420146e-02
3.661663863654652379e-02
-6.225300204028905854e-02
-1.531722111706647904e-01
-1.931495776609475912e-01
-2.081385250595189085e-01
-2.373452273991092931e-01
-2.669281167631223917e-01
-2.799215548335169390e-01
-2.840126983802820360e-01
-2.828126894065922103e-01
-2.769829365042983382e-01
-1.239399093168697986e-02
-2.247507527559103324e-02
-1.222362728934451616e-02
2.046646484113942566e-02
4.730359604003668561e-02
9.107655590091352782e-02
1.324361123196284018e-01
1.742655400254394249e-01
2.339893315708214683e-01
2.925937224203663534e-01
3.212642471019425128e-01
3.557741032566585915e-01
4.132396265733327412e-01
5.056493976122460321e-01
5.726861585296616486e-01
5.815567458003823020e-01
5.516596363276292658e-01
5.320599810554661468e-01
5.346802644436263741e-01
5.306572393361211892e-01
5.474292837264309597e-01
5.707351057888001566e-01
5.930514143766686397e-01
6.270390684531619296e-01
6.236760093799789129e-01
6.002384573432594239e-01
5.581317266432175295e-01
5.119339918994244565e-01
4.333239503105368318e-01
-7.218665156243056491e-02
-1.098533830223858421e-01
-1.327048651719046901e-01
-1.747454228849389113e-01
-1.940514465057656679e-01
-2.371145941124335188e-01
-2.596651293710959263e-01
-2.876216008382586065e-01
-2.832997604193184804e-01
-2.791395317828709866e-01
-2.676197503724919713e-01
-2.892486810601402336e-01
-3.456765937827031010e-01
-4.193715676347499755e-01
-4.601433855222312741e-01
-4.835104812227544735e-01
-4.873442814437745629e-01
-4.619315668422792065e-01
-4.155496899078243711e-01
-3.381081406759343100e-01
-2.952657733395036566e-01
-2.355688522059782297e-01
-1.398178807599118334e-01
-4.416544515347087252e-02
1.061163207374433287e-02
7.000206604415638856e-02
9.887479183755973344e-02
1.137505685390687721e-01
1.167667701395937868e-01
-3.380321809539622857e-02
-8.299551903136995201e-02
-1.146688649428548729e-01
-1.276259047897487231e-01
-1.144560964535830672e-01
-1.104464500622333867e-01
-1.408891968078905266e-01
-2.023486224789225463e-01
-2.091700478510893635e-01
-2.275800220717267841e-01
-2.892905043443584900e-01
-3.453516443538302005e-01
-3.885091282264251933e-01
-4.111972886519084658e-01
-4.426149965393860741e-01
-4.790334164424513985e-01
-5.254395779644345232e-01
-5.568288787129347384e-01
-5.673847693297993100e-01
-5.723826132959465296e-01
-5.875518157283148302e-01
-5.751831051074518530e-01
-5.750399896826136059e-01
-5.790916827893277663e-01
-5.692767890814334208e-01
-5.641248520646275910e-01
-5.629616993238777400e-01
-5.719284323891291599e-01
-5.558832765962949951e-01
6.365132488127180077e-02
1.200983112818241605e-01
1.493950239403533664e-01
1.907201706431161103e-01
2.692809017828863283e-01
3.330373579307108756e-01
3.312180672600159026e-01
3.411887155723121734e-01
3.511217644010443673e-01
3.929531295713085681e-01
4.235490826273370368e-01
4.439439849608915467e-01
4.431411464267628331e-01
4.324871645402352804e-01
4.217570860548044420e-01
4.215207253593712400e-01
4.282214509789644685e-01
4.451114431040957831e-01
4.491803455436879644e-01
4.544926639246024136e-01
4.598403374151303624e-01
4.810730967777501199e-01
4.675366953865525144e-01
4.362986975317629801e-01
3.963236840346339718e-01
3.729753776104801632e-01
3.412483380053267790e-01
2.628691300841878298e-01
1.881662958941055508e-01
-4.208542771240385283e-02
-8.151912627463436811e-02
-1.204465264718541651e-01
-1.338258937372105439e-01
-1.562305294891982166e-01
-1.628161938804983111e-01
-1.561608956304015583e-01
-1.571005065764085884e-01
-1.562391422477483194e-01
-1.630356412330758453e-01
-1.884396928813572569e-01
-2.045280994789005768e-01
-2.117125465866499801e-01
-2.185856204228908140e-01
-2.001458842332674015e-01
-1.518387844466698167e-01
-9.103726670607432958e-02
-7.439866110198238569e-02
-3.587746259259304293e-02
1.978226293174457223e-02
9.869456842887439074e-02
1.520133557050596385e-01
1.940883831970878493e-01
2.264050245774492653e-01
3.016875317918066846e-01
3.264359275398771576e-01
3.277646553431551868e-01
3.223855877450906848e-01
3.075950824424475427e-01
-1.409609894395943801e-02
-2.157177757158997011e-02
-2.720319302345323292e-02
-2.849411261608049070e-02
-3.009056248978552936e-02
-3.273796541285955986e-02
-2.734068761672745623e-02
-1.707728065686403562e-02
-3.815256161890408226e-02
-3.748861017097269988e-02
-6.237765479759446730e-02
-1.489124041582166602e-01
-2.619988236395835446e-01
-3.373377495723985375e-01
-3.726072587082067122e-01
-4.198863200594235567e-01
-4.752672060182637215e-01
-5.467264870279961997e-01
-5.684159306801633837e-01
-5.740981324260333585e-01
-5.833717541527527750e-01
-5.796698944206190030e-01
-5.733845555805551220e-01
-5.545441878602997976e-01
-5.389844529807086282e-01
-5.333390637245633004e-01
-5.541649840597031584e-01
-5.566460473540326692e-01
-5.354593200895760852e-01
2.177177028016138299e-02
8.412354266571121786e-02
1.518382763859032480e-01
1.963071617968461524e-01
2.562704531887668447e-01
2.991981668086830526e-01
3.479363410116248501e-01
3.633943445993865207e-01
3.898813497158144514e-01
3.856135250393265546e-01
3.811016357873292515e-01
3.974959943379743343e-01
4.052096396406097978e-01
3.867805945726068284e-01
3.836548376786843573e-01
3.827590504979923036e-01
3.873155198882990424e-01
4.113105211870109468e-01
4.380474360707926618e-01
4.774839405990113916e-01
4.836532296806683728e-01
4.803245046740269308e-01
4.520325731344860820e-01
3.955763692654823416e-01
3.168517978057215911e-01
2.220859922127244590e-01
1.464819334221906522e-01
1.000305127906253033e-01
6.774238735912051224e-02
-3.300722354121227858e-02
-3.893849668582227697e-02
-2.828606278475600047e-02
-5.564645171844341542e-02
-9.779922513786297456e-02
-1.075348539634864015e-01
-1.005122144169089404e-01
-9.369935005827281782e-02
-9.267685518697871272e-02
-1.324438991528772980e-01
-1.364365352656392860e-01
-8.391044681019529938e-02
-8.678936183791051417e-02
-6.936905502560694603e-02
-2.928723121830308085e-02
2.600898054877578275e-02
8.077269056101857303e-02
1.563697714226143509e-01
2.204096533739378083e-01
2.839223530209561974e-01
3.213888934110580298e-01
3.491175186866400937e-01
3.858304994085458017e-01
4.146141436295285865e-01
4.169901710821292129e-01
4.211766027621718922e-01
3.921120891758637650e-01
3.617823710611220989e-01
3.435866445439806349e-01
-3.652756124246826861e-03
1.234829479895331421e-02
2.442358206380855837e-02
-1.607657967399184554e-02
-2.683781266862846765e-02
-1.900631391402338513e-02
-1.795023945649628846e-02
-4.685508063397147288e-02
-1.095283065209729234e-01
-1.661769304811347436e-01
-1.907062966592885378e-01
-2.399939598390267159e-01
-2.831404970320812731e-01
-3.257666080107672890e-01
-3.847059062748454106e-01
-4.059030161141773396e-01
-4.267636607772828938e-01
-4.407065289018515797e-01
-4.491152420731106543e-01
-4.463285156010836641e-01
-4.500778276116203513e-01
-4.427728226239298071e-01
-4.589980459646522126e-01
-4.645833898889478175e-01
-4.810201727939968364e-01
-4.843502378921571427e-01
-4.518325047991895160e-01
-4.340787483067626296e-01
-4.109652156804596834e-01
6.267756175430790055e-02
1.053841345705436028e-01
1.437255170777053948e-01
1.939178240556695965e-01
2.442174549636881853e-01
3.067281090524260900e-01
3.309743118737071832e-01
3.460214851972255312e-01
3.639893831663321144e-01
3.760257909156144995e-01
3.687566046203991643e-01
3.717275670186883096e-01
3.622842912983378350e-01
3.575743951839439050e-01
3.589769305456779191e-01
3.180153711586220511e-01
2.930054325894106970e-01
2.777862488324387424e-01
2.452890882507670622e-01
2.232425503221704965e-01
1.894974162197580747e-01
1.715055878077286211e-01
1.678087273378759403e-01
1.368876212592371189e-01
6.675425434631789001e-02
-2.232213442350046428e-02
-7.117151393646505009e-02
-1.274822708631336843e-01
-1.679232731908799625e-01
-3.326490026236739866e-02
-4.812109293664289245e-02
-3.507032475591678744e-02
-2.867947237351139642e-02
-2.429137952790091926e-02
-2.892265266361848663e-02
-5.132964617602366053e-02
-6.691042141072346683e-02
-8.439827863613347247e-02
-9.183948160204057076e-02
-8.665949314869086928e-02
-7.055268592345753653e-02
4.377289242885161469e-02
1.447180099056663560e-01
2.306139173913192009e-01
2.696242693220836095e-01
3.245980770561536222e-01
3.879044283736346466e-01
4.618933807262240454e-01
5.104494447528061807e-01
5.149706755945817616e-01
4.977694863373925416e-01
5.018908234000566404e-01
4.862579090180667030e-01
4.308270006578532874e-01
4.033189757298382139e-01
4.065302398871696310e-01
4.408360576450420787e-01
4.785850978447584447e-01
4.300638377509620469e-02
7.356058351511826632e-02
6.745329608970521140e-02
3.822268650910197463e-02
-2.124697740311806693e-02
-9.207012086781615756e-02
-1.559178218537733418e-01
-2.072292670279932414e-01
-2.371552944600957835e-01
-2.935702953794500081e-01
-3.742628682428895126e-01
-4.409967237624178305e-01
-4.673476934301636354e-01
-4.758899788003492781e-01
-4.845414352025660398e-01
-5.192947698943632950e-01
-5.318181392554282017e-01
-5.161437125519640068e-01
-5.175168318667696665e-01
-5.255110132188658412e-01
-5.365167026381950643e-01
-5.314271225126809828e-01
-5.161716788472349160e-01
-4.585507547730354183e-01
-4.084242977705475619e-01
-3.524784613367381025e-01
-3.026681265984391689e-01
-2.586591299758919105e-01
-1.732307924199170679e-01
7.890890966470627543e-02
1.587005730398277359e-01
1.773299245376965538e-01
1.701917469876481348e-01
1.628032518505364290e-01
1.549632811367628871e-01
1.315526543716105390e-01
1.133907150684136250e-01
1.044999584254527464e-01
1.045040495219622806e-01
1.113199058190650209e-01
1.297283479632598824e-01
1.323117040430638880e-01
1.279297315700732851e-01
1.447559857283131912e-01
1.244295750777084097e-01
8.207867873951169013e-02
4.593993936624974489e-02
-1.119247818440023690e-02
-5.896506114038493895e-02
-1.252097028256795308e-01
-2.014566933531237725e-01
-2.560701553482888082e-01
-2.911219219734740293e-01
-3.259433729353974907e-01
-3.440226759987198846e-01
-3.470903730522981734e-01
-3.518524450286731331e-01
-3.444042603742601960e-01
2.516338363383171552e-03
-2.517227723154445533e-03
-1.287481478801859661e-02
-1.324136145754387615e-02
-3.234386455522232640e-02
-7.074549648043895744e-02
-7.106541874630142863e-02
-2.790786552887423999e-02
6.360193495547909748e-02
1.393921626013587822e-01
1.893512491881388371e-01
2.413192672124789551e-01
3.095092659633725818e-01
3.698465316935555802e-01
4.154200710596918089e-01
4.706134554126396030e-01
4.908371081493375088e-01
5.166442327143292434e-01
5.359396532471423225e-01
5.470202841326592402e-01
5.579408429520884560e-01
5.609601908403873960e-01
5.663885864063514797e-01
5.619530936845777980e-01
5.772816782959533377e-01
5.880217908437436192e-01
6.081672739612825618e-01
6.188710009497604414e-01
6.275689023520362175e-01
-3.017203665483440128e-02
-6.283143607034030742e-02
-9.949432512230352299e-02
-1.361283940147956228e-01
-1.953853504623006554e-01
-2.625717099657424169e-01
-3.314231803547723620e-01
-3.756635457189275717e-01
-4.002383882000777882e-01
-4.338639903430423495e-01
-4.667392070265445336e-01
-4.908458541725398416e-01
-5.055949206443288713e-01
-4.735311656486921872e-01
-4.782174900022576614e-01
-4.912952966830548274e-01
-5.041719917509183135e-01
-5.101824733068657247e-01
-5.367663487417525525e-01
-5.692647386764301265e-01
-5.820660870477838422e-01
-5.358153993818871585e-01
-4.853049434781163129e-01
-4.096728403670950591e-01
-3.680877735522237737e-01
-3.453279485938848814e-01
-3.195007913095285756e-01
-2.879978480341441327e-01
-2.424831833804160230e-01
5.595114213269442721e-02
6.817774814837818109e-02
7.274052968650650264e-02
8.509395064824930299e-02
1.036276443242597767e-01
1.022956949748188710e-01
1.069169509976427429e-01
9.274206251001722301e-02
9.057498075442271812e-02
9.593834384856085584e-02
8.787453850386654775e-02
8.818263559885958225e-02
8.629154968738311782e-02
6.951893223597035987e-02
5.023559823915227374e-02
1.895994622219004944e-02
-1.340887215399975269e-02
-6.988729185546460609e-02
-1.283272718047948346e-01
-1.771543384041427416e-01
-2.264668083077414906e-01
-2.911900669296688116e-01
-3.785338913935973881e-01
-4.453301880651991396e-01
-4.629256200690211598e-01
-4.930118106016418977e-01
-5.132438131462415676e-01
-5.480287731222547309e-01
-5.607695684195718178e-01
7.133033893883697525e-03
5.015465527486379430e-03
6.171361555521589007e-03
1.533085975402337028e-02
2.439216212172689094e-02
3.279746496260281530e-02
3.880132960000414605e-02
5.889405291997467512e-02
1.060097563458386183e-01
1.675350902502986128e-01
1.963422934656707808e-01
2.379758514937210523e-01
2.929128428154486041e-01
3.670530523334047945e-01
4.717305161592838525e-01
5.447565035559321922e-01
5.745358853753852468e-01
5.871089902537676153e-01
5.993748732623626063e-01
5.440559186263941305e-01
4.526375560302254297e-01
3.607799763414087924e-01
3.363735605893727332e-01
3.463467707383452443e-01
3.796079385074807577e-01
3.987738970016791451e-01
4.170706534676090205e-01
4.271530960137074895e-01
4.297651424151134880e-01
-7.796544095156628974e-03
-3.049252512028918088e-02
-5.913355423496168689e-02
-1.097957080942610075e-01
-1.635161680587282063e-01
-2.223192018678507575e-01
-2.914451114576624979e-01
-3.560467044959761407e-01
-4.145990365556927459e-01
-4.470524083426802853e-01
-4.621072898167266074e-01
-4.753415374606939636e-01
-4.821473874734300002e-01
-4.930303444426180071e-01
-4.747470310266267424e-01
-4.449136442732963825e-01
-4.282498722058966645e-01
-4.322481749861118994e-01
-4.416462724669035222e-01
-4.407128008219381443e-01
-4.203712622699539714e-01
-3.742455762357017046e-01
-3.192452192797363697e-01
-2.565515854041791055e-01
-1.628065233239255893e-01
-7.455563508413053098e-02
7.418972510815136090e-03
6.615963427568957722e-02
1.177126553351802857e-01
3.943059828790520388e-02
5.681985458340785278e-02
6.102573351338889951e-02
5.446533227825025442e-02
3.998567491021998849e-02
2.450013768484854415e-02
1.473387076465375485e-02
1.960239264797847963e-02
5.978703009813077576e-03
-1.945353962906613832e-02
-2.961929297182231205e-02
-3.446879728228788992e-02
-5.391458783559009010e-02
-7.614074980360652223e-02
-9.660515628743876482e-02
-1.353194368381621659e-01
-1.977681285546646350e-01
-2.278760681568656465e-01
-2.550565595512556127e-01
-2.967709688925308509e-01
-3.539932554692327704e-01
-3.981481625076018771e-01
-4.838867655356274278e-01
-5.537301931331786164e-01
-6.047714503046345280e-01
-6.312099240691126933e-01
-6.381907861155385886e-01
-6.152387207233631639e-01
-5.881944884487508851e-01
2.436824849366858378e-02
3.484473411025106049e-02
3.748204300246748416e-02
3.285644194098970294e-02
2.359998228633893719e-02
5.343640400254577594e-02
1.074273805548203176e-01
1.952239590143933223e-01
2.762379511717081293e-01
3.277306249950259764e-01
3.564880618862610873e-01
3.974044974731736901e-01
4.242747142076779276e-01
4.255446159418581620e-01
4.198836603749894203e-01
4.472848280354367323e-01
4.816117701571163701e-01
5.118911547915675486e-01
5.606448380097135420e-01
5.910438409068223820e-01
6.050665147329977733e-01
6.125829407710435826e-01
5.947428610996929876e-01
5.886011091125473715e-01
5.963885950697351834e-01
5.962757998984660190e-01
5.806953997293676784e-01
5.720336802688347211e-01
5.269102621350627569e-01
-3.434872360192561813e-02
-5.472179806768765614e-02
-6.610103419803130265e-02
-1.029819133922427743e-01
-1.601991980621209066e-01
-2.191081720729085025e-01
-2.587311198281572744e-01
-2.866794167791299475e-01
-3.144655346666870299e-01
-3.563473609245567664e-01
-3.942127998915352927e-01
-4.018547152255813049e-01
-4.130613670457597419e-01
-4.204167999095364538e-01
-4.617382167709425667e-01
-4.842666060263223216e-01
-5.097775390365026915e-01
-5.246335462525568705e-01
-5.359878574769135762e-01
-5.369802826800054163e-01
-5.280224292480030224e-01
-4.844760065686977701e-01
-4.460775539288738267e-01
-4.412256762403448107e-01
-4.111026705911361989e-01
-3.576187897365435409e-01
-2.957449046840122664e-01
-2.459181558423736980e-01
-1.894252094421682298e-01
5.546678221911034712e-02
8.940441801566691160e-02
1.076779757136162308e-01
9.649245684354923469e-02
9.038895718727819883e-02
9.677825519873636817e-02
9.368513620789808982e-02
8.267018526191263761e-02
8.452173235939919316e-02
8.874690134582934042e-02
9.776233828152214311e-02
1.195746285449792584e-01
1.346203890145772630e-01
1.475436216408395063e-01
1.294133483504364135e-01
9.675315429484550311e-02
5.872600555652997961e-02
3.105328002883826766e-02
-3.289779029950685996e-02
-3.306327381808589483e-02
-1.050059426167165300e-01
-2.224769967390415049e-01
-2.221247935630009662e-01
-2.781107627610727717e-01
-4.015383809776928437e-01
-4.022913854403898926e-01
-4.259934491072462359e-01
-4.017915414563508203e-01
-4.019931084300276125e-01
1.268729440799404827e-02
3.461118848033824941e-02
3.539589308903549197e-02
3.779394883113130349e-02
3.547823205320181639e-02
3.612765204515912265e-02
8.462275777111777364e-02
1.320185543863681421e-01
1.320787886218941776e-01
2.585354868940473727e-01
3.645137283831943464e-01
3.650394936640101173e-01
4.964001046496980818e-01
5.380290917565592190e-01
5.385481758969251631e-01
6.149199851665517746e-01
6.102849214990740956e-01
6.016330274141555856e-01
5.898068546618705499e-01
5.697810325408682042e-01
5.621585684259464699e-01
5.634285499738371783e-01
5.929892842199045999e-01
6.210495521994923163e-01
6.250269111206563366e-01
6.017531207739955645e-01
6.163004897976614993e-01
6.041173330087368232e-01
5.743063245775827941e-01
-2.476754249933886542e-02
-6.426296615085416719e-02
-8.864036801666815013e-02
-1.258264216206298747e-01
-1.794320822593585274e-01
-2.304469638999928072e-01
-2.802985642729719507e-01
-3.252777067254113419e-01
-3.789306915830553124e-01
-4.233751115155676148e-01
-4.290997392727929349e-01
-4.210844003988296058e-01
-4.127863744251752398e-01
-4.036926797693128899e-01
-3.926856817106560982e-01
-3.849501769580042643e-01
-3.999309809054499842e-01
-3.766378466978567707e-01
-3.233738020798119228e-01
-2.839616545100155376e-01
-2.432204519361261252e-01
-2.466899945487237844e-01
-2.112357505691605242e-01
-1.608734241101566764e-01
-1.168090102862764101e-01
-1.048126747396271874e-01
-6.684716868966006365e-02
-1.803995747566098512e-02
4.238658053931648739e-02
4.059120063789194155e-02
6.521239945384300907e-02
6.999315130902911131e-02
5.314654794898619750e-02
2.514023686492728935e-02
2.955022234017119775e-03
-8.857463154897443278e-03
-1.913430543400377118e-02
-3.261132690825145619e-02
-3.407817804945725837e-02
-3.672693713563889018e-02
-2.360124156279286983e-02
-3.623579419332314394e-02
-7.092551332111775297e-02
-1.135844479753555236e-01
-1.582400180463692796e-01
-1.925902138438451150e-01
-2.839092343822083864e-01
-4.398718331409771087e-01
-5.393422650953583197e-01
-5.915730909911200985e-01
-6.321941626943918813e-01
-6.555779893190529783e-01
-6.542795001931481780e-01
-6.157745347498183586e-01
-5.804857169438748521e-01
-5.744208311838466807e-01
-5.816011453949273546e-01
-5.879698247685680723e-01
5.118302454986960355e-04
4.351191854223017321e-04
2.311419948216403286e-02
7.895921843911866966e-02
1.616740735606444768e-01
2.300350621956828157e-01
2.965583447001875483e-01
3.743572277837383666e-01
4.039516652878853975e-01
4.507620160762341177e-01
5.162316916236554531e-01
5.952557420899475815e-01
6.518495652476247182e-01
6.612195206077908782e-01
6.320888548793652806e-01
5.870315109353029248e-01
5.477114889421669242e-01
5.257940407541989991e-01
5.159002225776850858e-01
5.204810569036467660e-01
5.353117691302231584e-01
5.544863633652725721e-01
5.938095271110510609e-01
6.190264245565654244e-01
6.211957979007902697e-01
6.165653167514484334e-01
5.886496245936875260e-01
5.589397387801057215e-01
5.277566109437843433e-01
-6.271268837288011821e-02
-1.282256664401384971e-01
-1.512650171568188373e-01
-1.927666458002235683e-01
-2.436355503432717506e-01
-2.621472973232148451e-01
-2.607519969415458272e-01
-2.504503632991857964e-01
-2.612128104008774598e-01
-2.861675647216641583e-01
-2.933702022904096651e-01
-2.874957670743152893e-01
-2.950467099320366327e-01
-3.029719611338564933e-01
-2.936374538279924451e-01
-2.557191640285618739e-01
-2.187376166028778823e-01
-1.799176635198786456e-01
-1.597197302106573291e-01
-1.216386138826109908e-01
-7.329503318997672434e-02
-2.138634354491465717e-02
1.686895423780888914e-02
5.104147909478135015e-02
7.604282180960106330e-02
6.868784379789251437e-02
4.945280963441732458e-02
3.969307602954749714e-02
2.371276009330686510e-02
-2.318158716716149995e-02
-5.573116018495116730e-02
-5.529424423032339164e-02
-2.714769737808868724e-02
-8.122439041060042914e-03
-5.222939772121989836e-03
-8.727577384821182116e-03
-1.928050151032439236e-02
-6.244057264026300902e-02
-1.084990519491325633e-01
-1.232638430287137793e-01
-1.584472701787330018e-01
-1.740140759000619042e-01
