-4.700371859647186940e-04
-5.492847975610593014e-02
-1.379036423429916003e-01
-1.785126812839228916e-01
-1.467034644959928080e-01
2.481706045859813359e-02
2.240959470650598084e-01
3.607909582146709426e-01
4.544453968334393745e-01
4.710601011693147933e-01
4.912457300725855958e-01
5.434036379025273256e-01
5.488816640522506951e-01
5.471262850024740665e-01
5.734953037648938823e-01
5.614969392952851024e-01
4.927228421930800462e-01
4.790433961390441753e-01
4.647927857884376346e-01
4.348811961253802871e-01
4.055585233854641092e-01
3.836159480507874142e-01
2.903509215498155105e-01
2.389673295509316120e-01
2.176948497676839678e-01
1.766688119650245414e-01
1.839644033470241025e-01
2.100717679430048612e-01
-2.240454956275409956e-02
-6.419264433295593375e-02
-1.049899992159203654e-01
-1.333939783882913677e-01
-1.347993186630883633e-01
-3.587489133955001908e-02
1.757091652379582092e-01
4.176492717985955672e-01
6.167815865366281791e-01
7.376868136047269875e-01
7.761489158216811068e-01
7.927179650457333304e-01
8.465488454103915483e-01
9.287681349648786444e-01
9.974066278873050528e-01
1.038243456204929194e+00
1.066923556188516420e+00
1.067617586438086352e+00
1.042354739640958927e+00
9.792808736439319039e-01
9.067905605902293331e-01
8.301141637566398224e-01
7.610527648241899312e-01
6.983917490419982999e-01
6.712824748619192761e-01
6.489825821543597772e-01
6.477334776965004703e-01
6.992616646606012454e-01
8.032511765709159368e-01
1.210585222398799232e-01
2.091010371655105948e-01
2.346873781244546431e-01
2.432410238983801765e-01
1.904602480788638585e-01
8.287372242858363769e-02
-1.703191721214443455e-02
-9.572185249902948057e-02
-1.679319490071018994e-01
-2.191913517205937578e-01
-2.400077643769091829e-01
-2.484555300597120486e-01
-2.657640539160224247e-01
-2.665465311421505445e-01
-2.646441272757503738e-01
-2.566943000194989999e-01
-2.468017926348100577e-01
-2.428377919046736111e-01
-2.720284661726160569e-01
-2.599685581430639658e-01
-2.457623672968914375e-01
-2.014672741745064943e-01
-1.592088277727076451e-01
-6.477467344006945793e-02
-1.288590297033329057e-02
8.464732089906910895e-02
1.471652660280821923e-01
1.845703786219909659e-01
1.979581852444864676e-01
4.847805053309228729e-02
1.015561423034673089e-01
1.190664769945992407e-01
1.163124833896307525e-01
1.029896134602536067e-01
7.826109989884383333e-02
4.987821103358430763e-02
2.239449570059450986e-02
-1.126868253875762046e-02
-3.530388776070156331e-02
-6.095030405293753312e-02
-6.647466041104838075e-02
-5.324025999865555220e-02
-2.800756556162523406e-02
-8.836014902087453021e-03
1.052802874394224292e-02
-1.117921669690291955e-03
2.704398171585449540e-02
2.132991820493406257e-02
-2.301420444718888306e-02
-8.168075146034425860e-02
-1.716340463447686149e-01
-2.308610283082461745e-01
-2.839421921806302151e-01
-3.314609744753873044e-01
-3.592320092847440249e-01
-3.736933824850835473e-01
-3.794756456311801918e-01
-3.727065707329064725e-01
6.020626175806977759e-03
2.355436030439445397e-02
5.413158303933596205e-02
8.689042751385736563e-02
9.879739694422663698e-02
1.125569034542037716e-01
1.032111562312996722e-01
1.232401063486582710e-01
2.426926618986452455e-01
3.386480938509626171e-01
4.067643114432921703e-01
4.636748844070008313e-01
4.806197819887703671e-01
4.732641306926921865e-01
4.781495057374178792e-01
4.706043209709027675e-01
4.256016454438418251e-01
3.811948744854161686e-01
3.363394260304680694e-01
3.120119845735662145e-01
3.096704956307518297e-01
2.934249031353333148e-01
2.687793751167872891e-01
2.710203583095794899e-01
2.794644562770484120e-01
2.912584888416658302e-01
3.124667677165179347e-01
3.237219965860264059e-01
3.364265381335479477e-01
2.021431534890976572e-02
1.596174724054308380e-02
-2.120017406694384848e-03
-7.604091586688872806e-02
-1.930481678883486096e-01
-2.845830553678241337e-01
-3.557697559376431506e-01
-4.066833850373104964e-01
-4.507199832315821886e-01
-4.730909081271219563e-01
-5.166617193472372582e-01
-5.328394592301849420e-01
-5.619232934844358152e-01
-5.722485397629777371e-01
-6.021413813886238309e-01
-5.974276581395100427e-01
-5.920543547671616169e-01
-5.154681016740706445e-01
-4.627718679479558839e-01
-3.976745130100931558e-01
-3.375923509172760184e-01
-2.594190718515205774e-01
-1.744278432299147252e-01
-1.121583365552288880e-01
-5.432680826670683444e-02
1.169052870129835137e-02
7.678488006810244015e-02
1.099578788358550885e-01
1.036606036346483933e-01
-2.861890576016552085e-02
-4.502146013734475288e-02
-6.178419506691366914e-02
-8.211457765349940152e-02
-1.031597101476874334e-01
-1.251115346784151816e-01
-1.423007334710510718e-01
-1.252633135391966190e-01
-9.785501676851751651e-02
-6.126232987182952949e-02
-3.098588360425618901e-02
1.209753055051082313e-02
3.312060093283059059e-02
2.269016559140037831e-02
-1.333739669108534309e-02
-7.609378416338545559e-02
-1.564314892653198563e-01
-2.442674958528869844e-01
-3.537976182308309459e-01
-4.130363851086662486e-01
-4.777791847052734187e-01
-5.205347114523330987e-01
-5.585061090863876476e-01
-5.829072530807943853e-01
-5.847015448584046426e-01
-5.672718167924011290e-01
-5.301697010761855511e-01
-4.863000431054287365e-01
-4.411559947825730021e-01
2.585480675372592990e-02
5.401562928445754336e-02
6.159517266326006157e-02
6.477082366313674511e-02
9.341598256225999708e-02
1.472107934111750727e-01
2.000886435216905068e-01
2.634960773135586187e-01
3.083202533368505915e-01
3.259973051803312094e-01
3.365932486805354729e-01
3.414410526228165432e-01
3.542313256145844802e-01
3.476752637820624825e-01
3.183498237069401493e-01
2.723247553530849796e-01
2.524742999610346539e-01
2.492259399317583723e-01
2.482088481773156996e-01
2.491485452244139032e-01
2.484706194509461175e-01
2.577828618092986579e-01
2.743285044827318275e-01
3.000546508761351983e-01
3.094346668234453368e-01
3.198351718895913742e-01
2.924057824290499097e-01
2.715354490185444281e-01
2.212102192225985919e-01
-8.258542558185001659e-02
-1.412372022898813473e-01
-2.427541658607503261e-01
-3.163576236087879967e-01
-3.957273517435134780e-01
-4.403007760146185889e-01
-4.563950109296642244e-01
-4.856127906193269950e-01
-5.165138540325365790e-01
-5.278193573826470697e-01
-5.231852237132252892e-01
-5.117661588415729490e-01
-5.057240559214211117e-01
-4.842923111939202996e-01
-4.790726201507124471e-01
-4.543217660919840473e-01
-4.323097237669861204e-01
-4.105570853451701585e-01
-3.566825430407583042e-01
-2.834512968834496660e-01
-2.013326424881294874e-01
-1.222876389814245707e-01
-6.401332822358879460e-02
-1.348575644531026935e-02
5.023667692092264464e-03
-7.253786970689655306e-03
-3.606888238255917534e-02
-6.493898387883714762e-02
-9.526014112358174857e-02
-3.754420975542472477e-02
-7.616151723931352535e-02
-1.081619159930455459e-01
-1.386085747381597955e-01
-1.372483291530104954e-01
-1.427805697990187639e-01
-1.404400601390245473e-01
-1.217898266093262322e-01
-9.210549763786643473e-02
-8.574850631397876177e-02
-9.531044212359254808e-02
-1.267808296265866552e-01
-1.472044312441333769e-01
-1.875092846879751474e-01
-2.408364594797453573e-01
-3.150004273245169961e-01
-3.641980504794966600e-01
-4.028861209795880360e-01
-4.460915847481798924e-01
-4.607880213973591932e-01
-4.728939306750258309e-01
-4.710666951612728082e-01
-4.600196451872930470e-01
-4.525201554888415023e-01
-4.370914396319552364e-01
-4.201455810606802288e-01
-4.152786170805054522e-01
-4.027989787666393373e-01
-4.082100887211000950e-01
1.248020518370993558e-02
5.043307294388892081e-02
1.134458975272644998e-01
1.581107032373807453e-01
1.952819432344563566e-01
2.512503082589212511e-01
3.275354526801727006e-01
3.530881035427519965e-01
3.571820480675341747e-01
3.625727363014509819e-01
3.594063935303261625e-01
3.765203935527404178e-01
3.657212417663833759e-01
3.611509312979239161e-01
3.626071009277417323e-01
3.775088567485745394e-01
4.033428317261603113e-01
4.334636641121224487e-01
4.470192310094552868e-01
4.584773547373269809e-01
4.509718985334335573e-01
4.453465947505730327e-01
4.271527971655774136e-01
4.009660563567749580e-01
3.713554919239581142e-01
3.392624720940555227e-01
2.907816642407710095e-01
1.927245558513617230e-01
1.064321305175259524e-01
-7.764454706010401330e-02
-1.279789558407725680e-01
-1.362544987278907216e-01
-1.445073205624421986e-01
-1.624683966496348608e-01
-1.582422383591891579e-01
-1.393055855353331207e-01
-1.303876960974231503e-01
-1.209017226588673666e-01
-1.099611955753141690e-01
-1.058082419839204841e-01
-9.172335121120978041e-02
-6.474529875289643244e-02
-6.188335577358528017e-02
-6.608858679783723156e-02
-7.829832463256353181e-02
-8.234230298607631005e-02
-7.318632155294377273e-02
-2.298647684472785585e-02
8.122417346524934967e-02
1.733468661796821464e-01
2.522616780945508008e-01
3.114538247395918780e-01
3.476956820248084390e-01
3.543317621384836080e-01
3.479285614185715358e-01
3.314279706857879426e-01
3.055480187960464833e-01
2.997423393468331976e-01
-2.944089872114901557e-02
-5.830330411464160895e-02
-7.077438934194325848e-02
-7.099967439820090154e-02
-6.973922462240271514e-02
-6.853576215498841107e-02
-6.299609426932958889e-02
-5.312946625739266987e-02
-3.248029430876051005e-02
-2.703511820869179336e-02
-3.672636986065692943e-02
-5.199181095025179333e-02
-8.167419763232341978e-02
-1.321939872839681951e-01
-1.706494734369726485e-01
-2.312485995782508907e-01
-2.909329774393092372e-01
-3.460242930492851143e-01
-3.955897189913012979e-01
-4.345560978150238007e-01
-4.990302036410213526e-01
-5.578261575171883369e-01
-6.021305212600496226e-01
-6.350015369944432830e-01
-6.826976933055256547e-01
-6.964874615202634178e-01
-7.230117806318367979e-01
-7.472045758258639703e-01
-7.686915470700733666e-01
-2.002803687430421142e-02
-4.584046446989943624e-02
-5.164329169196257147e-02
-5.576774069616704382e-02
-4.598699279188978722e-02
-2.731008109918951765e-02
4.426893807302749451e-02
1.711174212093767855e-01
2.666764910101679376e-01
3.194240348120971351e-01
3.478902506035432829e-01
3.880135477604521044e-01
4.124215867194337970e-01
4.352073716840981765e-01
5.022193302445081553e-01
5.291251566790556859e-01
5.155338017455100008e-01
5.041762049951244995e-01
4.954006806993428436e-01
4.885138689671951195e-01
4.853296874997393706e-01
4.904425633895243553e-01
4.817136322514096736e-01
4.874759873074173688e-01
5.224799442116936365e-01
5.488887528281490846e-01
5.703454295206210611e-01
5.893292112757362311e-01
6.074755492117220879e-01
1.799679926800073354e-02
2.271432720681335754e-02
-7.241117518495657907e-03
-5.127559154353092397e-02
-1.277606844794106911e-01
-2.230420260080938633e-01
-3.310192081019515120e-01
-4.023147184651708619e-01
-4.670243502207874209e-01
-5.070824441941889082e-01
-5.064386070152153696e-01
-5.058244652147312337e-01
-4.984253266367142943e-01
-4.895255741234794677e-01
-4.844844642899435172e-01
-4.654075698348158485e-01
-4.606204245317416790e-01
-4.665964137219820174e-01
-4.632609220356497803e-01
-4.489667899757922576e-01
-4.364047191094230782e-01
-4.237677209289122948e-01
-4.047966863111055469e-01
-3.439823378911240903e-01
-2.840002496395416798e-01
-2.017395307722104070e-01
-1.342974964786247116e-01
-8.483890668820644188e-02
-3.891282933368901686e-02
4.125354172093544103e-02
6.492542061982337076e-02
8.288428078462282966e-02
9.233051273118310365e-02
7.749076799104763491e-02
6.103145500247825206e-02
4.305504037511955623e-02
2.209371032086880626e-02
-1.125128483971207100e-02
-2.498716595032633714e-02
-2.652916264411984623e-02
-2.363741526642397853e-02
-1.526708608610289307e-02
-6.295769548145530373e-03
8.101829001884042897e-03
2.972641189244585452e-02
6.515040996681928376e-02
7.368717243028263808e-02
8.048312938381024795e-02
7.536585408028016742e-02
3.720203360150184380e-02
-6.954204665767342586e-03
-7.321276441048660266e-02
-1.599888680856239587e-01
-2.210440285615345724e-01
-3.091040779924980053e-01
-3.576906860543966893e-01
-4.117470986363055419e-01
-4.439691655340752829e-01
-2.795504098785605782e-02
-4.063260850969270532e-02
-3.848308348089633790e-02
-2.008119191658412628e-02
-1.309681362557244683e-02
-1.381622435646314741e-02
-6.785287593483429157e-03
2.338070416244483057e-02
2.720243336934406037e-02
3.142003242763111159e-02
4.444812293403506420e-02
1.206229807619372818e-01
1.938247924211592976e-01
2.383134783893195441e-01
2.688726466100456736e-01
3.017457449563270000e-01
3.465168696689679417e-01
4.393494305665546773e-01
4.699600072016354435e-01
5.008747819504270060e-01
5.182776184088770943e-01
5.140801967682702145e-01
5.129276218152071243e-01
5.024933956709878302e-01
4.889828814651888123e-01
4.799837831354215600e-01
4.753864976213869054e-01
4.739917714309153096e-01
4.654923624770869184e-01
3.354370160145183320e-03
4.656138257471264565e-03
1.671209373854719987e-02
1.348801868121293247e-02
-4.146570862990932652e-03
-4.443881169302192624e-02
-7.530761205653942192e-02
-1.149402945150142519e-01
-1.674280409018316373e-01
-2.268802247179263765e-01
-2.721006880901762903e-01
-3.000333419827734271e-01
-3.065442948793164479e-01
-3.266949784382320865e-01
-3.179120301278755001e-01
-3.179918650722188822e-01
-3.141545182228747679e-01
-2.914787305697312259e-01
-2.608440662642135255e-01
-2.550368292647383073e-01
-2.634955348970428601e-01
-2.731274617019046058e-01
-2.702297290442877142e-01
-2.673300827897260312e-01
-2.814489914392594994e-01
-2.898580393225304586e-01
-3.000660767343247826e-01
-2.990525356417569336e-01
-2.585990119079704663e-01
7.842081230038847051e-02
1.513772986030720857e-01
2.316622118336411351e-01
3.125242071604260596e-01
3.589104091703131383e-01
3.995921016515610047e-01
4.241412585897642584e-01
4.458724430990314014e-01
4.515664469068132458e-01
4.312380475202238772e-01
4.125678739953469454e-01
3.714109238789169987e-01
3.480112489762011152e-01
3.210937013159762543e-01
3.091774203344760941e-01
2.941461733341764750e-01
2.930594142279990266e-01
2.969283086696062890e-01
3.080434095657589300e-01
3.416136907619141683e-01
3.525083532753141569e-01
3.388244771629761454e-01
3.162082181484614507e-01
2.651223266127919476e-01
2.297695948534306531e-01
1.741686585296568224e-01
9.654337152172283443e-02
1.282014470439066245e-02
-4.689197516311838232e-02
-6.878512927464093540e-02
-1.145285708421506093e-01
-1.517820736240099166e-01
-1.517774271548921194e-01
-1.435656633675775340e-01
-1.417604524499863905e-01
-1.310010008751304744e-01
-1.308708402086916633e-01
-1.219843894162945114e-01
-1.333447618850427396e-01
-1.322119470542671149e-01
-1.337016660809230428e-01
-1.312442025650792377e-01
-1.201295049838244922e-01
-9.341124218920641986e-02
-2.698669606996456638e-02
2.907509533758990267e-02
7.788246530211639929e-02
1.332227893972215416e-01
2.065719182158576861e-01
2.957748228407818258e-01
3.169327997555765886e-01
3.182984169331052327e-01
3.190002482361462000e-01
3.289292893466809198e-01
3.282270779108883429e-01
3.220095510921975324e-01
3.095183358059431233e-01
2.923630870093189005e-01
-4.037063725235075576e-03
-2.843998877959201359e-03
3.439593841597958328e-03
1.231975460288883481e-02
1.858045657473822443e-02
3.332259041892271512e-02
4.340150155356440470e-02
4.312206928930622379e-02
3.529572304137596622e-02
2.016775792910265735e-02
3.199843960115558023e-02
8.983010994225170548e-03
-3.255754204883964942e-02
-7.825633138573104275e-02
-1.369704252223795105e-01
-1.777168329199720898e-01
-2.302893301335539600e-01
-2.821315319001729272e-01
-3.095600204042212589e-01
-3.312015915667796406e-01
-3.251157234904677451e-01
-3.087805868167214363e-01
-2.841649458513516024e-01
-2.543871787012473851e-01
-2.221306371365774357e-01
-2.018959102938498729e-01
-1.892024430399109614e-01
-1.770215854745482431e-01
-1.591567188265221033e-01
2.109827163271721373e-02
4.326752502912661891e-02
8.953248073466818502e-02
1.305558038701914725e-01
1.584252011473135657e-01
1.731945050811448950e-01
1.739050878839146497e-01
1.781208331359667163e-01
1.605433016907477362e-01
1.448908782772039827e-01
1.453592637266197252e-01
1.484226875112415744e-01
1.538118541313396870e-01
1.469817611200683882e-01
1.336692537626674171e-01
1.380359423495411408e-01
1.287521016421604991e-01
1.112178276934036592e-01
1.083690647081390901e-01
1.063684599288489269e-01
1.167528481105232635e-01
1.337422054676285499e-01
1.424990476745542356e-01
1.144185516895839805e-01
9.650323980974505333e-02
6.072748359054073314e-02
2.128506079432433001e-02
-4.033451812201108155e-02
-7.606938228971202309e-02
-5.614700542634820657e-02
-1.227244524111139184e-01
-1.514810394113159653e-01
-1.777001772452469486e-01
-1.903834785034083099e-01
-2.168882016562289072e-01
-2.321471018663804897e-01
-2.266518136675706452e-01
-2.224083855261408393e-01
-2.217443385572249459e-01
-2.443782612935721799e-01
-2.457653192137624620e-01
-2.512625686745498244e-01
-2.575050376229332527e-01
-2.622951091588962558e-01
-2.698654315079697108e-01
-2.736730562820327006e-01
-2.650518586334820736e-01
-2.436021164601632483e-01
-1.900044660800925544e-01
-1.022864867659849936e-01
-1.036521575007563756e-02
4.736893626216886338e-02
1.162176875928911668e-01
1.417350675677098437e-01
1.747995240598532452e-01
1.875317732441726670e-01
1.957721294383785726e-01
1.935197699372935565e-01
-4.716717642766485481e-03
-8.532546869181846516e-03
-3.444086565179234338e-02
-5.787867502057102848e-02
-8.802970915052700518e-02
-9.675982519320878994e-02
-1.019259614555490662e-01
-1.014495375369729724e-01
-9.377862489000030055e-02
-8.543563170963262843e-02
-6.803378903985655979e-02
-4.372725841265751034e-02
-2.947347355800596785e-02
-2.266667389737917968e-02
-1.480315279708926263e-02
-1.541386505911240302e-02
-1.129295633966160770e-02
-1.390686156061080730e-02
-3.078959468861428711e-02
-5.507319722498242587e-02
-1.009729715731896571e-01
-1.585585723091624821e-01
-1.868158981529114970e-01
-2.327392155061068779e-01
-2.784293809782832363e-01
-3.079031374858940406e-01
-3.414331336962878605e-01
-3.609436891700084082e-01
-3.619885382975122079e-01
-1.018097876155217747e-02
2.797731193503519981e-03
2.223731306797639348e-02
2.713902573837831747e-02
3.045232702046878764e-02
3.497448956082594568e-02
4.460360231421803962e-02
5.788574454964728194e-02
7.584507941733899250e-02
1.524178145239139803e-01
2.091550980865638509e-01
2.500609048221392738e-01
2.916995721597846480e-01
3.260759853712706380e-01
3.718878511397568642e-01
3.913689187778307543e-01
4.149044589337178568e-01
4.411509289844461335e-01
4.558711403207799107e-01
4.558867016590126831e-01
4.401356773290989177e-01
4.206493022507044044e-01
4.029712263371781900e-01
3.956031637696997283e-01
3.821083855500482240e-01
3.612882249191189388e-01
3.547863147111157689e-01
3.541836162438345981e-01
3.450459426053250622e-01
-4.749901090898397266e-03
-5.933808082216681865e-03
-3.132365481179428136e-03
-3.684105935785557135e-03
-2.431190705264929183e-02
-5.291325401119183203e-02
-8.715161400838765393e-02
-1.226469472617170431e-01
-1.943681225201119578e-01
-2.617847961189125883e-01
-3.149526610700372764e-01
-3.334768458719047368e-01
-3.334113528412919747e-01
-3.553949632720678209e-01
-3.817752983858573312e-01
-4.020353053351949368e-01
-4.047567514386344878e-01
-4.025674151621168595e-01
-4.086582880496463233e-01
-4.268024599872738412e-01
-4.114403825464055808e-01
-3.906124136402198688e-01
-3.703941932066694420e-01
-3.729778791414304906e-01
-3.788616998486970533e-01
-3.896798368387026645e-01
-3.910574052217624108e-01
-3.749450417461679397e-01
-3.022917906455838688e-01
1.135113903517083189e-01
1.830600600001537348e-01
2.293678755979530193e-01
2.835780572820561507e-01
3.124864465352246712e-01
3.503684632109044239e-01
3.800258346491432460e-01
4.024786072687729921e-01
3.997971135434406631e-01
4.002688098618203405e-01
3.960315690320101445e-01
3.908314748918502168e-01
3.882350270953002225e-01
3.715709617358547434e-01
3.658954534931194158e-01
3.855999399949369133e-01
4.044270902920106825e-01
4.139489070622913158e-01
4.275874055185766576e-01
4.355280439315316054e-01
4.510468185693659038e-01
4.693000065518864172e-01
4.664911024039516962e-01
4.391902353552556981e-01
3.911582614280216252e-01
3.493150867820874472e-01
3.101561748748756231e-01
2.701010832977150944e-01
2.248995899467228776e-01
-5.490921297878847973e-02
-9.684615589590195306e-02
-1.190491052742927713e-01
-1.342881991562931421e-01
-1.481097308405922575e-01
-1.726307252948892090e-01
-1.780547562177377807e-01
-1.900077247626991150e-01
-1.935742735682056959e-01
-2.085105107701315241e-01
-2.224271382644388839e-01
-2.378466582196453183e-01
-2.403103539318254545e-01
-2.632615667944265825e-01
-2.693294581715564573e-01
-2.730772123500744275e-01
-2.751649998612454850e-01
-2.718253781939394820e-01
-2.576583055762353691e-01
-1.913053052085046113e-01
-1.183979049914270637e-01
-4.372680145741046631e-02
1.674239112543859237e-02
6.032072806745846644e-02
1.035426182220954006e-01
1.485940616040204720e-01
1.849729693328257263e-01
2.138088237237157907e-01
2.502500658023348867e-01
-9.503269880994659122e-03
-2.007060092170951521e-02
-2.485218061401127734e-02
-1.954764834936001394e-02
-2.175002422288346837e-02
-3.001645542546259315e-02
-3.647857568001341283e-02
-4.234989835917830903e-02
-3.132400951333842720e-02
-2.091250928720458924e-02
-1.941612357713266845e-02
-6.284295292530640842e-03
5.470543336048318966e-03
4.828766380792643906e-03
7.863602205697197908e-03
-3.866935055747631328e-02
-8.282655097492451490e-02
-1.290645870781344795e-01
-1.897799745798313675e-01
-2.588814206151380248e-01
-3.252076565574476552e-01
-3.436496684480239705e-01
-3.628215079887038841e-01
-3.789611739539417434e-01
-3.920390357948313476e-01
-3.983734478464204254e-01
-4.001338447363239625e-01
-3.921333259286620132e-01
-4.043933036678013515e-01
-2.035123702577480362e-02
-2.090889533366170963e-02
-1.598285651691841794e-02
-1.998981181863952739e-02
-2.797273339442201551e-02
-3.646755928739982278e-02
-3.583357636384218448e-02
-4.129283808418218737e-03
8.042482050643562363e-02
1.734075387333449680e-01
2.432802312361118380e-01
2.980206240560139275e-01
3.459371756168378997e-01
3.833535887457313884e-01
4.248121092089143236e-01
4.463390343165018481e-01
4.533791240751707252e-01
4.718007010366176979e-01
4.783696404766450416e-01
4.610786881840652218e-01
4.460600072387012616e-01
4.217225261693925975e-01
4.103031741725495229e-01
4.083022636647160586e-01
3.862406668359975037e-01
3.652003766916363525e-01
3.639556590282557180e-01
3.811334521747156701e-01
3.856255834864709131e-01
1.713200507712204362e-02
3.774259522278546053e-02
5.160840653269081757e-02
5.843295325486833058e-02
3.780360723825762492e-02
-8.398718662092768961e-04
-6.172216825379071153e-02
-1.309980620637204163e-01
-1.935855772549378018e-01
-2.793189104702423764e-01
-3.589841908214889132e-01
-4.221789887701830613e-01
-4.805068897495538005e-01
-5.254415385392859905e-01
-5.439193048515235107e-01
-5.441682967752404787e-01
-5.544438795885575644e-01
-5.548030178514528066e-01
-5.328087487393942112e-01
-5.282648681482112751e-01
-5.275652598953778361e-01
-5.405612999172705324e-01
-5.654463880771818385e-01
-5.950622551310835728e-01
-6.198960757046783066e-01
-6.410951856528566140e-01
-6.463363253006819686e-01
-6.396089937246012269e-01
-6.125813629815494155e-01
5.766153434243514314e-02
1.838849514962902498e-01
2.928631925234792543e-01
3.420331601906297370e-01
3.994290876025521353e-01
4.497411262668837284e-01
4.989758304475495065e-01
5.354549723623951429e-01
5.667132911641213910e-01
5.994334472480064013e-01
5.917070238808170846e-01
5.667160198687756223e-01
5.554160377816257377e-01
5.578986118155884188e-01
5.557106952213689555e-01
5.470895227132908101e-01
5.254430303902200006e-01
5.183309926002752643e-01
5.472161416800056521e-01
5.699738077253597712e-01
5.933001500124766014e-01
6.039481114342265533e-01
6.154718563060030956e-01
6.263276518064581078e-01
6.406729574413810857e-01
6.451184226210893158e-01
6.416467427474591423e-01
6.292111155105916120e-01
5.675060695794587051e-01
-6.779773203514873059e-02
-1.589146175122261306e-01
-2.162259471970012503e-01
-2.589357857973295651e-01
-2.799871363556842296e-01
-3.184007257265239477e-01
-3.369814226413682112e-01
-3.514073045993665878e-01
-3.311179885002714096e-01
-3.197364225511225011e-01
-3.377666212368989340e-01
-3.502351250439236785e-01
-3.481974560642478456e-01
-3.454230108915135045e-01
-3.401955350957038826e-01
-3.480248586203269490e-01
-3.607037007399060968e-01
-3.634059091729825997e-01
-3.582929172019656550e-01
-3.447318649756170306e-01
-2.448064129292004121e-01
-2.456869110057312844e-01
-1.717271831314360342e-01
-2.783144179067428836e-02
-2.928206250076361913e-02
2.006420915858960277e-02
6.795105721335016613e-02
6.882062594122778654e-02
1.073053496489926317e-01
4.826090947237172274e-02
4.776777478143550554e-02
2.465924923406440442e-02
-1.906905601736099201e-02
-1.898210721763653533e-02
-6.383894147847488099e-02
-1.030453599781627205e-01
-1.028565704683282456e-01
-1.456053155142479349e-01
-1.436450329091286671e-01
-1.448779176332060936e-01
-1.091050205557621972e-01
-7.455623746572198618e-02
-7.470105539781053683e-02
-2.221424315967083368e-02
-2.240044304219020177e-02
-2.462036260702515217e-02
-5.550518492946791838e-02
-1.071564084620735963e-01
-1.966367309326785273e-01
-2.608425823879313987e-01
-3.393777653449598364e-01
-4.199321421431889134e-01
-4.739656000276843972e-01
-5.294096796767516766e-01
-5.820250722123785359e-01
-6.154394397048197352e-01
-6.157155726226288817e-01
-5.965026120036115431e-01
9.173594906545082250e-03
-8.682159581674172427e-04
8.084803360900694961e-04
3.059835952142782485e-03
2.321189632585015164e-02
1.824703375864994426e-02
1.646937849684214361e-02
1.783071131645407731e-02
4.404394813482481741e-02
6.447665301293101225e-02
1.513299306102161845e-01
2.143257968563440086e-01
2.916017307333505504e-01
3.511602901738896110e-01
3.992683306500036111e-01
4.354926620911038770e-01
4.734378769286745614e-01
4.969690872548323535e-01
5.176763844686997906e-01
5.234652088192742747e-01
5.080110808440488901e-01
5.056761507525530108e-01
4.943587576526546346e-01
4.880140512726985902e-01
4.548793569019730088e-01
4.460265950633944820e-01
4.571643643617975816e-01
4.790061602269792829e-01
4.889683027033699947e-01
2.060644951443223183e-02
3.264705344199762133e-02
4.646561308807915791e-02
6.642266738010828286e-02
7.864523209896165379e-02
7.832403522624573067e-02
6.904258425785822495e-02
3.451372203428478697e-02
-3.968322533589370427e-03
-4.162911117000359790e-02
-8.135935514608093333e-02
-1.300426969118244069e-01
-1.742643171649941036e-01
-2.167885231336596497e-01
-2.285406032270457799e-01
-2.403878896707833945e-01
-2.479576438510510128e-01
-2.638355503499488219e-01
-2.625821963927758573e-01
-2.599072657430391842e-01
-2.533574038056276012e-01
-2.618481484957873029e-01
-2.694744231267246493e-01
-2.776078148065471152e-01
-2.839767053285034426e-01
-2.896733321111378823e-01
-2.926965295470744799e-01
-2.857423072256146668e-01
-2.569262690705861329e-01
5.715321300733077620e-02
1.369626256528136687e-01
1.784010834271452517e-01
2.174119244037174825e-01
2.391121679461238880e-01
2.643204358772565099e-01
3.147664988253306984e-01
3.285637807612468708e-01
3.376117093740663155e-01
3.418434543801029402e-01
3.351445090012525330e-01
3.361435432154946668e-01
3.332291504901862544e-01
3.056175960158243887e-01
2.701063380023936977e-01
2.577181032186888210e-01
2.474393480563704673e-01
2.511051705948454948e-01
2.321508150109924118e-01
2.190997128023746132e-01
2.189217258662095877e-01
2.133998747499343263e-01
2.095536631611931155e-01
2.135108792923898491e-01
2.217066548325463682e-01
2.368460989548667739e-01
2.301373128318235928e-01
1.944577165566711563e-01
1.533406527566646416e-01
-5.250665010973720737e-02
-1.088033230564473958e-01
-1.654845518769096913e-01
-1.897682811787594070e-01
-1.969656815393106553e-01
-2.033745611099898598e-01
-1.843489574322006719e-01
-1.590833383527416878e-01
-1.697068049446933125e-01
-1.924060629998695093e-01
-1.942102758697649978e-01
-1.780953992732239866e-01
-1.742734914119518086e-01
-1.760833586182563304e-01
-1.943961397689872861e-01
-1.870054619624283432e-01
-1.366108112416461740e-01
-8.346490506017169297e-02
-5.160514047154157735e-02
-2.986419009758522342e-02
7.160774981021487962e-03
5.613764666946666898e-02
1.078577476795710977e-01
1.605235589033017218e-01
1.872270512487257677e-01
2.103040101145659257e-01
2.210503318141066598e-01
2.191520953460003585e-01
1.980256337305344172e-01
-2.036280825267388142e-02
-3.991880777660145041e-02
-5.653690666660118186e-02
-5.158964081457832057e-02
-3.706243128008469140e-02
-2.866081833203448781e-02
-2.885375332899833486e-02
-1.286229572324714895e-02
1.270526826624718275e-02
1.291522390149140581e-02
6.098028184021556802e-03
3.764255906288915647e-03
1.421103764619007642e-02
2.769505667163116649e-03
-3.053975414338978150e-02
-4.758818058755220209e-02
-9.006085175376397911e-02
-1.283765551320998344e-01
-1.822109474161527076e-01
-2.325502670112894466e-01
-2.827900663710375961e-01
-3.228089854287631844e-01
-3.676950966886541328e-01
-3.865095363128754902e-01
-3.892910588539676975e-01
-4.042613235270999805e-01
-4.157509504237180686e-01
-4.192751383246292041e-01
-4.271799982221781145e-01
-1.157026964438435598e-03
1.000377283875514625e-02
1.160856946041771524e-02
1.257289975640626251e-02
9.429782819892250714e-03
1.559679340256197276e-02
2.031550265299712082e-02
4.066663821199613393e-02
9.277477801074976438e-02
1.529177353014772311e-01
1.941777579417463262e-01
2.539048034333083459e-01
3.076212381217671155e-01
3.565033447670613032e-01
3.971199562797365079e-01
4.397061910334233992e-01
4.704656808899947418e-01
4.636356496362673552e-01
4.453603686983026444e-01
4.127482142995574921e-01
3.814780674573077235e-01
3.463530769433937895e-01
3.158052629388691246e-01
2.888558178566154599e-01
2.895841660510626303e-01
3.020901063760584870e-01
3.244410192398882731e-01
3.487278395053891589e-01
3.567247074624049774e-01
6.843956837028697220e-03
2.053831497081288690e-02
3.945623495801907354e-02
1.961433163810242727e-02
-4.092124675225003450e-02
-1.106563524751273953e-01
-1.665754045201860989e-01
-2.344758231503821233e-01
-2.866240445154736305e-01
-3.422522996927752637e-01
-3.957457461186675296e-01
-4.078589354461904515e-01
-4.237445948217659075e-01
-4.402657986223207365e-01
-4.375053738290147209e-01
-4.281184673802506668e-01
-4.182003756021898111e-01
-4.204741923346668742e-01
-4.197492331621494599e-01
-4.166544666744068648e-01
-4.151353971244740593e-01
-4.130453780551306409e-01
-3.998303949380531130e-01
-3.868766886635905400e-01
-3.365715899216853435e-01
-2.474570138210376302e-01
-1.547332219920307672e-01
-1.038468776431705487e-01
-6.094312559102350174e-02
4.243160825086437354e-02
9.384141288671055126e-02
1.349155963753312648e-01
1.528824082305841325e-01
1.625224655520945694e-01
1.918643412931098913e-01
2.245997855937073573e-01
2.408849862503653072e-01
2.506756946629590810e-01
2.359488953797791722e-01
2.049918563716537356e-01
1.978553665752099955e-01
1.878939519086524346e-01
1.790440486267735609e-01
1.769660197144044544e-01
1.732058165416341389e-01
1.628290929473248383e-01
1.706388655774767615e-01
1.653038043829440362e-01
1.681793820694368891e-01
1.396149245560686925e-01
9.932302436503209764e-02
6.414819122011156116e-02
2.418261849197072405e-02
-4.031026950840461281e-02
-1.211096057359760392e-01
-1.724906045148636435e-01
-2.223846480007630466e-01
-2.501018432843785111e-01
-3.377934415674094248e-02
-7.414083010342978342e-02
-7.798542026892195389e-02
-7.540004214585152575e-02
-7.026746533630917613e-02
-6.168646649752586308e-02
-4.349330474295406979e-02
-3.617264264823268072e-02
-2.846933815002591905e-02
-3.529223609020072649e-02
-3.655706796836859923e-02
-3.278468709705287948e-02
-5.211969865051759715e-03
-3.279988112182110130e-04
3.059686549134189165e-02
5.949229534553601012e-02
9.762171680417136566e-02
1.606030259457354448e-01
2.283780932402801334e-01
2.906641661152237210e-01
3.409862886835668960e-01
3.495936397659601957e-01
3.513925921236235039e-01
3.481343347143122657e-01
3.490713832321480359e-01
3.414958214752586985e-01
3.309161188721185809e-01
3.382974028796104093e-01
3.563534928664189305e-01
4.826376213242013213e-02
8.211147912699409690e-02
9.678703752657270842e-02
1.005874651995743857e-01
9.501360787399414087e-02
8.796925011100167890e-02
7.830649026190904249e-02
5.469552849109451942e-02
3.176997339491981209e-02
-5.411505074976910579e-03
-2.595115740194527815e-02
-8.146942523285410909e-02
-1.350846603497650733e-01
-1.949078769628392049e-01
-2.325268329842770654e-01
-2.667301144674568691e-01
-3.201053743325532053e-01
-3.478787484218296422e-01
-3.472133639826690543e-01
-3.411534465978500186e-01
-3.515611024956743491e-01
-3.512476756919448162e-01
-3.360274548710325271e-01
-3.217976405915115024e-01
-3.088178675994729949e-01
-2.996667229560166512e-01
-2.891547878846576491e-01
-2.835707104203232243e-01
-2.823217006662172013e-01
7.807647163238742860e-03
1.484480220900479333e-02
6.798998379493315092e-02
9.307522017962201188e-02
1.540278885059628844e-01
2.061255901932310119e-01
2.665667806740190104e-01
3.076210262792376526e-01
3.364911166120290731e-01
3.773299416877116119e-01
4.088425489902818843e-01
4.225280713834430046e-01
4.020392783551965943e-01
3.753532651786142815e-01
3.814871166837684457e-01
3.621818446257589197e-01
3.465657826945168773e-01
3.318715003691407039e-01
3.246377589179448298e-01
3.314087343177887779e-01
3.377629794610054192e-01
3.495531246042470341e-01
3.523947720728616284e-01
3.521028958639356721e-01
3.486092755854271474e-01
3.558928196119053866e-01
3.501566200726700107e-01
3.380026590315994284e-01
3.156781546167084507e-01
-2.839229802175334549e-02
-7.225093175696688241e-02
-1.142370967050535535e-01
-1.582709632341641748e-01
-2.235524682263981544e-01
-2.733318475872907882e-01
-3.099020744678639416e-01
-3.280570556962317808e-01
-3.494103194162954118e-01
-3.852740521053659162e-01
-4.403363354583380573e-01
-4.610220220941442792e-01
-4.668851025154882040e-01
-4.654049019946190358e-01
-4.589631817945681314e-01
-4.317645024477088644e-01
-4.035661938230038492e-01
-3.727861055752735298e-01
-3.604257466149292100e-01
-3.675693816896795085e-01
-3.671441649615689862e-01
-3.741022653562769418e-01
-3.331976404345727838e-01
-2.841864250626797705e-01
-2.111951997554400995e-01
-1.416566031835724826e-01
-5.124576201221026084e-02
3.024971062658916854e-02
7.292703426306579306e-02
2.356228078346550570e-02
3.654528702100772602e-02
6.411190916800282857e-02
8.393090184272915255e-02
8.385897171116557525e-02
5.730339337989037718e-02
1.531833929356751084e-02
-9.276062867959126296e-03
-1.871962537919314579e-02
-3.113067465757493602e-02
-3.182006199921540157e-02
-2.994131429472491474e-02
-2.100404140995598690e-02
1.339018976017464918e-02
4.478556172943299468e-02
6.322439682882342871e-02
8.406580211126107871e-02
9.132574165033253977e-02
7.614341742419804271e-02
5.717210036466047196e-02
-8.986456320615690552e-03
-7.521648247235757090e-02
-1.323733971093924433e-01
-1.862172031850849174e-01
-2.450931072805772049e-01
-2.997152819356526665e-01
-3.342733589071288369e-01
-3.451029170297656434e-01
-3.405315819848864223e-01
-1.099165101058893410e-02
-4.233170342365098759e-02
-4.724748996298921977e-02
-3.365213010673632349e-02
-2.641978232411924463e-02
-2.406884150043283113e-02
-1.841376744358843437e-02
-4.977779047055062855e-04
2.628525383477420610e-02
5.200863378508925605e-02
1.000876915605496964e-01
1.704768150565484641e-01
2.352230716369772823e-01
2.943875025621295327e-01
3.405415283201528309e-01
3.820918914072630179e-01
4.344056571847014214e-01
4.830193839296075264e-01
4.927016804358599900e-01
4.983059306745270534e-01
4.986261069309094740e-01
4.983193315092294129e-01
4.985303647883012057e-01
4.875910008884141722e-01
4.785255234235104016e-01
4.681426120706752014e-01
4.508287784018723543e-01
4.079900628003663710e-01
3.562750069220875782e-01
-2.305342330191225211e-02
-3.042332571747933048e-02
-2.532067119648440112e-02
-2.493228425914150240e-02
-2.920030673464125981e-02
-4.135358248936583936e-02
-6.846291469711505984e-02
-9.261874867208841344e-02
-1.405365885645986634e-01
-1.810295271245708215e-01
-2.232396222281898823e-01
-2.900464235907204147e-01
-3.265368061781330766e-01
-3.711399614325351370e-01
-3.948165800935770631e-01
-4.285479884175203980e-01
-4.422911278605314855e-01
-4.677472120253451382e-01
-4.599552192958255015e-01
-4.669674305698314210e-01
-4.724197931412789653e-01
-4.734570325702347482e-01
-4.571685027823960690e-01
-4.297020505586170436e-01
-4.229083740885718479e-01
-4.287473838166810380e-01
-4.284989316688939676e-01
-4.157268990448282908e-01
-3.922465570205536656e-01
1.481133198897010943e-02
2.804120995254162640e-02
