-4.494621808143675623e-02
-1.408104720877330629e-01
-1.498648467450157951e-01
-1.239213953774677135e-01
-2.302608336012457180e-02
2.463916840140571440e-01
4.640212191586538526e-01
4.902183992333837836e-01
4.957544161647774450e-01
4.819259710877429881e-01
4.229325889015113638e-01
4.389069671595714484e-01
4.516017016463589884e-01
4.081993042454407639e-01
3.200878780364488918e-01
2.548913362554287576e-01
1.893165289377634064e-01
1.874159282070184118e-01
2.004775261153267096e-01
2.355310321702381859e-01
2.657994760957715363e-01
2.820267541375989229e-01
3.011006080473075386e-01
3.260457184831817568e-01
3.309050541906563558e-01
3.009455403403500928e-01
2.586074455272532324e-01
2.199223125486112485e-01
-3.566437742378077147e-02
-6.784666082822772559e-02
-8.702418845823449434e-02
-1.014134798896091233e-01
-1.099970720538355484e-01
-1.122065235642249192e-01
-9.186808793091513770e-02
-9.005747725698466655e-02
-1.014088062729377182e-01
-9.609401182077516312e-02
-8.557496614087381492e-02
-6.022228348882985305e-02
2.193068773595360788e-02
1.257846531952957481e-01
1.976488893629991528e-01
2.569664091075795631e-01
2.593852032810939900e-01
2.610615428979322084e-01
2.788850608446002410e-01
2.736277744502402243e-01
2.568992768782718539e-01
2.427174441195516230e-01
2.464037674631744668e-01
2.933800033893887438e-01
3.324209084217913945e-01
3.729953457740954326e-01
4.282896373510191035e-01
4.802462067042188587e-01
5.402928654042489232e-01
6.082330646176108829e-02
1.069268149893011083e-01
1.275219512468204197e-01
1.380986602230455940e-01
1.544186364815564039e-01
1.575944380458116356e-01
1.695569976776225840e-01
1.921790435730544588e-01
2.134554258005751659e-01
2.273352096085613783e-01
2.429788688382027717e-01
2.177463527359047302e-01
2.109279645263799630e-01
2.027366891625526080e-01
1.940538800771931804e-01
1.906861108490885692e-01
1.830970859690506103e-01
1.540515071025226612e-01
1.652186345686253166e-01
1.884296686374631602e-01
1.885495256073544401e-01
1.909437892981118712e-01
2.063222844690338065e-01
2.263722615052130849e-01
2.473660145700100621e-01
2.630932274472937982e-01
2.611467459165587868e-01
2.423573877273342281e-01
2.286363587511913431e-01
-1.533067881142820971e-02
-1.915622518689655621e-02
-2.257292709000407668e-02
-5.049017349412853600e-02
-6.668952662619266614e-02
-1.025629454499175919e-01
-1.279964982837085985e-01
-1.320518648499913461e-01
-1.571800668558198111e-01
-1.808423386161329693e-01
-1.985579518220938477e-01
-2.059111151965112851e-01
-2.355360638282272545e-01
-2.703022899769943477e-01
-3.535548046731950000e-01
-4.077722506889018828e-01
-4.133989362871592910e-01
-4.355104881653253379e-01
-4.468084700692828704e-01
-4.500203725524299370e-01
-4.432834812317104078e-01
-4.205983125528340305e-01
-3.942634997831792054e-01
-3.912477720093905376e-01
-3.845912946304339552e-01
-3.878218295094472690e-01
-3.905018336695662562e-01
-4.038539675946131724e-01
-4.089503204257975422e-01
1.432582895226655606e-02
2.065241911904828684e-02
2.555759455898233556e-02
4.455723849829223981e-02
5.077533089535556793e-02
8.385143371091645370e-02
1.316926755863091492e-01
1.513364373766249438e-01
1.621083661690032873e-01
1.712312553779509749e-01
1.944720521838358418e-01
2.417898935475632505e-01
3.100154704938102301e-01
3.292412670258819118e-01
3.492732516050229274e-01
3.628112942806319685e-01
3.731711621944193702e-01
3.799490024792406273e-01
3.918536271923693248e-01
4.194810170951707162e-01
4.346770370233917213e-01
4.605917748557398772e-01
4.817165936023095063e-01
5.126606030311495754e-01
5.482883893369933093e-01
5.695346444308642120e-01
5.762333386809164182e-01
5.728590182122489383e-01
5.880015805626629399e-01
2.186485495246824617e-02
4.830203181229118098e-02
8.069022184713550705e-02
1.007417006685102367e-01
1.025490499165626762e-01
1.098800943747720721e-01
1.169034856093586622e-01
1.173779242382937543e-01
9.531767020804587931e-02
7.316883023652319407e-02
5.735731933184903819e-02
5.575551010795851137e-02
5.140884012384246832e-02
4.472094017447979242e-02
6.322746279626056953e-02
6.826114889317867751e-02
8.494140370498877435e-02
1.067319593831917712e-01
1.172397801515453475e-01
1.146436048158045451e-01
1.135390432627444157e-01
1.022587561494560510e-01
9.875290951481847934e-02
9.462113393337195921e-02
1.064690262438764551e-01
1.141955927975879942e-01
1.027546311679858188e-01
9.352531946054952472e-02
8.776773233479912006e-02
-2.011997738459448543e-02
-8.816346133068156399e-02
-1.324049814176427864e-01
-1.553264079041740686e-01
-1.850265964841382171e-01
-2.111060890467447437e-01
-2.746171796605815785e-01
-3.607702723660624611e-01
-3.913870689013964621e-01
-4.183319588140602674e-01
-4.446744539810928432e-01
-4.714476761395344773e-01
-4.919267248677786641e-01
-5.070683838695773105e-01
-5.063445598019443716e-01
-5.219355925495631210e-01
-5.079691358762830067e-01
-5.150789080127565756e-01
-5.069043855638296625e-01
-5.140636808062780672e-01
-5.251796828828636521e-01
-5.318799689462442304e-01
-5.290142698989842573e-01
-5.256666652239335713e-01
-5.300786559664381059e-01
-5.419367619293486982e-01
-5.453432819436538903e-01
-5.322155463206819093e-01
-5.240152867458555130e-01
5.849415727536966605e-03
1.358977526189296056e-02
1.928949447039804768e-02
4.687565134353010449e-02
6.917835296930326117e-02
1.021336969763325525e-01
1.350961704799867880e-01
1.904023120550329407e-01
2.405093406801793732e-01
2.718590936067666886e-01
3.008991533814767694e-01
3.258096641253188652e-01
3.540292154718078788e-01
3.881800203934459570e-01
4.105656625144166183e-01
4.251341853097704293e-01
4.407395007586958346e-01
4.423026731550083190e-01
4.429651386579103178e-01
4.430985155855627355e-01
4.541221204601963435e-01
4.573997589361931682e-01
4.450766489919139590e-01
4.247513677112639274e-01
4.087873915410650261e-01
4.014233577526642449e-01
3.852634302947542944e-01
3.548358448492047179e-01
3.388957063007872472e-01
7.629165342149743685e-03
2.015967364615165250e-02
2.577746718732746092e-02
2.370392660195649870e-02
2.383351538647609721e-02
2.130878054580866154e-02
1.457989012442408028e-02
1.241367982497876624e-03
-3.340060339912347132e-03
-5.314129785398389455e-03
5.251444341686516831e-03
9.192173405361488830e-03
1.215151105495686917e-02
8.461707070967060956e-03
-8.084041252496079744e-04
-3.241708784677998362e-02
-4.679639549880745819e-02
-7.094294149954544215e-02
-6.876775094615072970e-02
-5.828887010321463086e-02
-4.893348126085683703e-02
-6.176155027064202108e-02
-9.531088896065478822e-02
-1.322576796733922200e-01
-1.541398065541485785e-01
-1.689283092707823952e-01
-1.972640874038118497e-01
-2.344109964761368070e-01
-2.886670822869609188e-01
-1.841082427899840349e-02
-3.836230297143964491e-02
-7.935273674443951708e-02
-1.134567594143579550e-01
-1.443933647469221315e-01
-1.532117334552343113e-01
-1.343528213638856550e-01
-1.280574532893820061e-01
-1.301654185298865007e-01
-1.289056251666849950e-01
-1.258771331243074831e-01
-1.332714078434061866e-01
-1.537740972526424610e-01
-1.686810855804163067e-01
-1.881953120747224262e-01
-2.074742731155839182e-01
-2.048913881139157178e-01
-2.009710687393056472e-01
-1.964488253404072793e-01
-1.935574416405397846e-01
-1.706302683705573364e-01
-1.396424278446399547e-01
-9.001112314341824794e-02
-6.046551739101850564e-02
-5.477028377574043316e-02
-4.698599239409431000e-02
-3.269556811630762450e-02
-2.389291852671574304e-02
-2.067961981026714829e-02
1.894716465825985185e-02
7.328150357023560657e-02
1.057350544783400570e-01
1.291254849398102977e-01
1.490621471141171939e-01
1.785917525305298903e-01
1.907183843865988548e-01
2.029570135765031702e-01
2.096093135474817182e-01
2.207072867295927776e-01
2.250952898160832327e-01
2.375059304810488159e-01
2.455527023309505008e-01
2.617698691472438721e-01
2.742075755257627478e-01
2.651320770428697293e-01
2.596348896650698679e-01
2.552497415058240238e-01
2.565687879464805254e-01
2.751421864445970367e-01
2.689758285448891062e-01
2.392955792305670737e-01
2.212423655405044431e-01
2.221499643475789987e-01
2.230305115979122899e-01
2.167148120352676566e-01
2.183560842527612067e-01
2.159315057100759383e-01
2.323365841361711148e-01
2.150546034936401396e-02
2.452379988123082333e-02
2.734192920531221607e-02
8.815888496296470089e-03
3.532263586090002815e-03
-8.203030828492132581e-03
-1.263139540928766985e-02
-3.352268424762551435e-02
-5.843003481043461400e-02
-7.814985539033535156e-02
-8.399944678799992070e-02
-8.570493329866570031e-02
-7.632449907505883813e-02
-7.952976783774411140e-02
-9.344416559265505962e-02
-1.052828898690836845e-01
-1.183915859231840090e-01
-1.460619872183735179e-01
-1.844476022893798695e-01
-2.515740845754412813e-01
-3.120660658905026752e-01
-3.247792720424156343e-01
-3.698482861182617598e-01
-4.082174083908161610e-01
-4.211365124668599580e-01
-4.197492116382468552e-01
-4.069693925622856479e-01
-4.039380443039827795e-01
-4.179609340393080075e-01
-1.493515381516084296e-02
-5.210551499846053508e-02
-7.304538600478635568e-02
-9.306919750644421230e-02
-1.097980979994234302e-01
-1.301370387968475983e-01
-1.362437254010323007e-01
-1.363129278935476252e-01
-1.388526139592686226e-01
-1.382877143719002666e-01
-1.338302144593347398e-01
-1.293472666171638641e-01
-1.231467469249108854e-01
-1.085653831157027266e-01
-9.416877320490858738e-02
-8.945846981794025599e-02
-9.155011080018415903e-02
-8.836269993499364095e-02
-6.920922853181851742e-02
-1.132413694606095034e-02
2.076090947473724357e-02
6.453895805016281184e-02
7.811652617394033993e-02
1.195014511183891404e-01
1.415086454469157151e-01
1.681611493799469725e-01
1.993771192423101912e-01
2.336379841877662678e-01
2.727495241659103065e-01
1.905772395077781969e-02
4.489790519293399007e-02
6.332941896052354802e-02
8.633576558185965255e-02
9.988064272438076929e-02
1.133148047264848218e-01
1.096845561553639464e-01
1.206973366206957055e-01
1.348214161889193796e-01
1.708796015234288479e-01
1.626738834303088355e-01
1.662873937350885789e-01
1.697762216554814241e-01
1.678460138613422359e-01
1.444059597282195129e-01
1.282363830130723581e-01
9.963784264103259236e-02
7.492564586151198580e-02
5.103227151058097738e-02
2.531351461483463683e-02
1.470664305874356918e-02
2.327784855385119783e-02
5.473583275309070600e-02
7.056749046682837812e-02
9.416787176359439626e-02
1.027822674518078239e-01
1.122439121657999445e-01
1.134961439266097549e-01
1.067920946101416080e-01
-9.650713660784246764e-03
-2.452853013001394036e-02
-4.614304506178788789e-02
-7.328482660652477221e-02
-9.632069839628908114e-02
-1.071305341407042533e-01
-1.070416177518417472e-01
-1.237091064380350380e-01
-1.328365071996940039e-01
-1.577686182113133828e-01
-1.981114910454157552e-01
-2.407263815150501030e-01
-2.738735837014933949e-01
-3.058054496638981101e-01
-3.559169170663523674e-01
-4.235453294067691998e-01
-4.856211653708445430e-01
-5.327788431647314527e-01
-5.865751700722958706e-01
-6.281258011286015019e-01
-6.397709420210796472e-01
-6.338796572377450866e-01
-6.010513605589247188e-01
-5.676007418892167200e-01
-5.525740453557426157e-01
-5.503065808260907410e-01
-5.511359762663502471e-01
-5.625958765065851575e-01
-5.782323179417446779e-01
-2.479069692314531115e-02
-4.392047156436421074e-02
-5.219787841504282266e-02
-5.790788291258007481e-02
-4.310900991413539607e-02
-2.169406041683944950e-02
-1.825478475777077281e-02
-2.416788325278729221e-02
-2.062209595971545989e-02
3.050490531629161672e-02
1.089219273756323603e-01
1.458873300500150294e-01
1.501047536464363841e-01
1.441802289245361079e-01
1.378076583603218830e-01
1.407784292390223957e-01
1.312638637115986495e-01
1.425819791173127959e-01
1.699692630047913711e-01
1.923154208017529565e-01
2.167524466139109651e-01
2.427952987583239519e-01
2.752114165369471954e-01
3.351559774065733799e-01
3.779852906561408377e-01
3.843874785741047684e-01
3.848869655165210180e-01
3.945033240000148100e-01
3.997745795859436457e-01
1.374132972387466164e-02
2.318641863182499541e-02
3.536077500732983520e-02
5.254041811439079390e-02
5.960791206502612932e-02
5.252445521965118380e-02
3.354330607671580228e-02
2.861412437975902751e-02
2.047362892758324004e-02
2.216765534282447853e-02
-1.272607005736073327e-02
-3.810338022105451417e-02
-5.008294780585363648e-02
-6.263133015532393322e-02
-7.780229136241743892e-02
-7.746449223718127053e-02
-7.858975157846420645e-02
-5.584762035031619332e-02
-4.593802641716285967e-02
-3.006258193245269633e-02
-1.673315285530283664e-02
-1.934504961297238076e-02
-3.373805417702616105e-02
-4.174507277934682431e-02
-5.065433761616283670e-02
-4.936070050974140228e-02
-7.487653860356434377e-02
-7.532639841574025052e-02
-1.015340120059451817e-01
-4.287751130017985329e-02
-4.275361571384915516e-02
-3.514904749006146634e-02
-6.474688618822156683e-02
-6.424091155461011948e-02
-7.417789762266727149e-02
-1.102106767875283416e-01
-1.094224078487471274e-01
-1.648486489588260606e-01
-2.802263588263285143e-01
-2.800760619724422251e-01
-3.341845987804887286e-01
-3.766568297473151250e-01
-3.760969572321459786e-01
-4.105744527804254251e-01
-4.064501615704373960e-01
-4.060583553537929768e-01
-4.099439526792572064e-01
-4.151113005887379637e-01
-4.113804015754722321e-01
-4.477770829642966910e-01
-4.626386804580864265e-01
-4.750131084647269408e-01
-4.833512203982127664e-01
-4.867250130702385769e-01
-4.957792280817658326e-01
-4.982946366356096890e-01
-5.017930915279410486e-01
-5.008305876782160881e-01
1.060976934379575555e-02
1.566527696594202657e-02
7.583941179321658510e-03
5.202462576288192225e-03
1.625798591083760930e-02
4.228702817178393858e-02
4.827243607339867099e-02
4.184197250257808143e-02
2.950195664236719695e-02
2.150762112577594629e-02
2.314456649209866573e-02
5.096867256108375543e-02
9.606936045535205415e-02
1.367590469143490639e-01
2.119857614604502283e-01
2.787458960968521859e-01
3.024291326383369838e-01
3.248372733518591904e-01
3.445085813148366372e-01
3.678726465649128641e-01
3.724299372689383048e-01
3.886273363368115685e-01
3.895047270737048706e-01
4.162114988367429103e-01
4.280553471017993217e-01
4.450400180561800978e-01
4.490295134420038692e-01
4.493892852933580317e-01
4.552268789447101449e-01
2.881856308431529623e-02
6.607722533841525747e-02
9.933151109697063719e-02
1.170607961785464918e-01
1.096929822630716700e-01
1.088928921047739445e-01
9.874554843384478198e-02
8.319967790934866547e-02
4.486415575617354323e-02
3.009054927180721678e-02
2.778073596769800591e-02
3.552242742885894367e-02
4.723078769670475269e-02
7.078910817700073688e-02
8.885460897511157641e-02
8.876627429628086707e-02
9.724131938019728305e-02
8.743702023542110346e-02
8.876993626022176842e-02
9.293279799435524846e-02
9.521294156549561793e-02
8.692277725264185850e-02
9.680325057279731693e-02
1.046102770122721570e-01
1.064392813788467423e-01
9.442611178722425114e-02
9.050245429984775380e-02
9.430240828381165896e-02
8.323303022736135148e-02
-9.433329923087308694e-03
-3.145867770946482456e-02
-5.445887953812873078e-02
-5.851499549340254819e-02
-7.960754500123107258e-02
-9.955711145985672583e-02
-1.010483095276471094e-01
-8.894096068328857796e-02
-7.377297737400545508e-02
-6.710833000044592878e-02
-7.940661417569919167e-02
-9.331822334784521666e-02
-1.182785337319873092e-01
-1.552367507860825946e-01
-2.025033317458202475e-01
-2.298594251788862730e-01
-2.596794595981957166e-01
-2.805562242843875342e-01
-2.986892221819015814e-01
-3.054375613212534923e-01
-3.199726555526794525e-01
-3.290751300090382081e-01
-3.454429597704685717e-01
-3.500443041315444148e-01
-3.444795273601611307e-01
-3.459083199662294494e-01
-3.500375402525995883e-01
-3.603767472626832613e-01
-3.816185622265577670e-01
-5.851762266312934314e-03
-2.226118007208237673e-02
-3.686442509398393103e-02
-3.420450600789098905e-02
-1.742536505791207613e-02
-4.399428998605724520e-03
1.007036034793773807e-02
2.163937336244652065e-02
2.097362894612496767e-02
2.485915027349561851e-02
1.020681755676101747e-02
3.543825707221038256e-03
1.567240163693410515e-02
3.256597411925413188e-02
5.583960471997638508e-02
7.277176173647786905e-02
8.254740335588037214e-02
7.344009400788353847e-02
8.245938903659023878e-02
1.456431457400505503e-01
2.232307958308795137e-01
2.762040618196168751e-01
3.198833728997418357e-01
3.330533360357215145e-01
3.521740538691905398e-01
3.774156091654148892e-01
3.785211329443252115e-01
3.634609525668801022e-01
3.512847012272882208e-01
1.015496592829523079e-02
2.984073198489544526e-02
7.030329029074799951e-02
9.676775744964208337e-02
1.153602380066747202e-01
1.258840902844775844e-01
1.179447330835799584e-01
1.056969940628541410e-01
8.850130105601868025e-02
7.661117378520329591e-02
6.648564688542821233e-02
6.688155591763497720e-02
5.889988545365362760e-02
4.378909412833768833e-02
4.611276501499596975e-02
5.629088561281844066e-02
5.494732288943629528e-02
5.025984027821397970e-02
4.885330477770472024e-02
5.100913743174539244e-02
5.641019552376043411e-02
4.979721946383454390e-02
4.060585823784584880e-02
2.413306937656961235e-02
2.748542423424593650e-02
2.552004060286592463e-02
2.865257983690985832e-02
3.231807840361249767e-02
2.501018497651313552e-02
-2.355596751416056192e-02
-6.351759957025776560e-02
-8.474190348431132058e-02
-1.184891642130377065e-01
-1.418170512776208980e-01
-1.722013595359109528e-01
-1.907241814973519300e-01
-2.001953239937408480e-01
-2.114836237873445601e-01
-2.319519612830807931e-01
-2.742122987555976055e-01
-2.892902017657378866e-01
-3.069215529991417557e-01
-3.392668158997182437e-01
-3.758070318976514113e-01
-4.131793074313043213e-01
-4.381824511273628153e-01
-4.565515460101978729e-01
-4.563894957565511334e-01
-4.644530237241115134e-01
-4.646138814958185037e-01
-4.678514760016374563e-01
-4.568501290012362825e-01
-4.465849643448580597e-01
-4.463946991481134718e-01
-4.573556705874473605e-01
-4.772039579918518903e-01
-5.062376030502796498e-01
-5.243648967826481933e-01
-1.256618361307118223e-02
-1.882364594042856484e-02
-6.986867471060895923e-03
-8.390783070723549161e-03
-9.840710128179407101e-04
6.044831879310563240e-03
1.412644439954909709e-02
3.045367048076804903e-02
3.934979310465034491e-02
4.436043822323729180e-02
4.283810037938886456e-02
6.314230918212301868e-02
9.649037933941558010e-02
1.002382018887411491e-01
9.178142539603784122e-02
9.817956802228870739e-02
1.102614263426504593e-01
1.191773299364602273e-01
1.504090750178863067e-01
1.553962135169678627e-01
1.944173459902398260e-01
2.753936677572191849e-01
3.437485850892625372e-01
3.983037026169768402e-01
4.116002091369325711e-01
4.121556052053568786e-01
4.129789379564136609e-01
4.174538532470529195e-01
4.242492394142637901e-01
2.438383392187367174e-02
4.999143016430959013e-02
7.181527867545156596e-02
8.573849533842377302e-02
9.011572427082652215e-02
8.051476038513566413e-02
7.615072873401751430e-02
8.249485826572881819e-02
9.964268734543275940e-02
1.117181289935830074e-01
1.059990261974169817e-01
9.571569414802164055e-02
8.191511462591136161e-02
7.316299828644826087e-02
4.986974335763548483e-02
1.205606102945429303e-02
1.533175118498181916e-02
1.569757549923943632e-02
2.946243670013940635e-02
2.958149964663286946e-02
4.238227844443728104e-02
4.037064332212480372e-02
4.159620768933326024e-02
2.399212289315114793e-02
2.247881192260781438e-02
1.252044300842257429e-02
1.106854975169205627e-02
1.707581271426597200e-02
2.381296409322581839e-02
1.495933744692923935e-03
4.432452658132502409e-03
1.635796419528093987e-02
1.170734374921468708e-02
1.108147414958693400e-02
3.882473236036187124e-03
-3.693557574062110438e-03
-3.084385964440658490e-02
-4.709805596727134613e-02
-7.613288596590328527e-02
-8.127565547260211243e-02
-7.137898045624865850e-02
-7.312536739005047470e-02
-8.631381617529733374e-02
-9.322662108970633521e-02
-8.913607118872010626e-02
-1.229918708020490414e-01
-1.491228543607762691e-01
-1.926737340495955353e-01
-2.293335214245020848e-01
-2.869217298351397494e-01
-3.202380377475300688e-01
-3.445244823106219934e-01
-3.571148161940229104e-01
-3.651012392195365774e-01
-3.710968035230663431e-01
-3.911551234860606852e-01
-4.076889651121396452e-01
-4.192770214795051298e-01
-5.644685341219385193e-03
-2.271351558533672363e-02
-3.719298644376441837e-02
-4.297682012799310114e-02
-4.803042003592772335e-02
-4.642759915482776167e-02
-6.082050792643628467e-02
-9.208443507343030965e-02
-1.259793764530272031e-01
-1.378940334994316896e-01
-1.598112113473943718e-01
-1.641529804737811571e-01
-1.730300856666535936e-01
-1.668291964439404806e-01
-1.412669974729801048e-01
-1.016378965095726672e-01
-7.317723171268085414e-02
-6.174601830759500476e-02
-3.365196631663162907e-02
-1.823491292932533092e-02
6.605027276222523447e-03
3.058694101388554493e-02
4.906343675014007699e-02
6.836223753684043947e-02
7.953846130135977521e-02
8.181441387396608256e-02
7.980922880614302328e-02
8.917938348045913177e-02
1.084174993633627432e-01
7.760256650722813232e-02
1.665346541368285527e-01
2.126288649778194095e-01
2.533823486897235910e-01
2.667445814970639817e-01
2.847805410572750717e-01
2.899969608967395418e-01
2.749302405424622897e-01
2.649171239602673422e-01
2.743534955742294446e-01
2.979459449916502245e-01
3.167478111562488929e-01
3.346719003366743217e-01
3.430281529915163441e-01
3.462229958043318012e-01
3.366911214360289728e-01
3.326984329687693309e-01
3.201771015413882870e-01
3.157049090435601890e-01
3.128848469724986314e-01
3.092016104501673079e-01
2.932766240812635372e-01
2.808905339478861007e-01
2.691417883091700713e-01
2.633789556987748970e-01
2.555763968175663869e-01
2.557422393355734402e-01
2.607279102176360275e-01
2.677184438019611923e-01
-4.509728486164362414e-03
-7.696685606046383202e-03
-1.721336333334410468e-02
-1.192284664849603548e-02
-6.587940240002906900e-03
-2.069453300690646258e-02
-2.633262346035612073e-02
-1.606419134098015233e-02
5.942941674290169035e-03
1.674812425183721046e-02
1.682232748416406798e-02
1.507709786928261055e-02
-2.769369349958384491e-02
-4.402064451499765330e-02
-8.335682185493839547e-02
-1.111207611140854201e-01
-1.430543837166319832e-01
-1.879173877808012483e-01
-2.473548335785910046e-01
-2.773922069659252587e-01
-2.995672930647651500e-01
-2.977390956932760013e-01
-3.065079438736055262e-01
-3.124720918292815952e-01
-3.251099056944404819e-01
-3.238083405718837904e-01
-3.407589143351734684e-01
-3.697994655230273375e-01
-4.280676225799327494e-01
-5.638641831877175964e-02
-7.589022949562122811e-02
-9.939548006907759914e-02
-1.224257387730217916e-01
-1.158027484345878627e-01
-1.077107531914498068e-01
-7.770429066675856034e-02
-5.280286896677461456e-02
-2.667795061434656209e-02
-3.186745930355416173e-02
-5.899394666727857811e-02
-7.679613424841998104e-02
-1.078654597471638832e-01
-1.324545031262174266e-01
-1.433246222207986420e-01
-1.411518636386194236e-01
-1.158491763167837502e-01
-1.070852564487597414e-01
-9.662878329960133961e-02
-9.383643904149743808e-02
-9.036641664701661192e-02
-7.060808155962279564e-02
-5.199990336778302635e-02
-2.977461211961889009e-02
-3.856745163174022523e-02
-5.172329893353158625e-02
-4.151942440670183115e-02
-3.869258684222385419e-02
-4.721809212483513846e-02
-4.417810541961619993e-03
-7.155853065479120603e-03
1.698485159852258786e-02
5.060431450561546363e-02
1.351461783447978349e-01
2.401991147776517677e-01
3.131078408009546621e-01
3.702850967254441295e-01
3.890011396087442730e-01
4.030158490603999444e-01
3.996655954813146394e-01
3.879698782837482929e-01
3.828479634365798412e-01
3.978550093274624277e-01
4.244558988765566032e-01
4.255581733762407448e-01
4.554254766012154065e-01
4.767094313983845089e-01
5.086990242868073553e-01
5.199151912839123924e-01
5.111017129965582662e-01
4.868114743176455983e-01
5.068996465405370966e-01
4.942366495511263391e-01
4.773935314383286332e-01
4.663580599339642863e-01
4.648852757764556642e-01
4.626903375671839180e-01
4.748573388198612522e-01
3.579959625968686461e-04
-6.563803589576833533e-03
-1.311148586618333597e-02
-2.236028313358206718e-02
-3.101418803095923674e-02
-2.584942721714195493e-02
-1.795137127599047422e-02
-1.859490366350879942e-02
-2.058341224776563672e-02
-2.633317544141646621e-02
-2.879207620126876532e-02
-3.664254097794381049e-02
-4.736971453727967934e-02
-5.694479683885085575e-02
-5.421657899437002520e-02
-5.643310466672459697e-02
-6.493782831061384320e-02
-7.828875665634164871e-02
-9.832326629492629810e-02
-1.206754446023283606e-01
-1.652849806826747203e-01
-2.007651235992600203e-01
-2.437276168100376283e-01
-2.680300552876139775e-01
-2.674511096180204328e-01
-2.503806650688510937e-01
-2.385877423850402690e-01
-2.290732481579220159e-01
-2.337135372020657798e-01
-3.226980689440889227e-02
-7.789895541693289682e-02
-1.338318574504431535e-01
-1.868289365624485610e-01
-2.244088403969495826e-01
-2.505076007735803634e-01
-2.837052009112476791e-01
-3.101049796217604793e-01
-3.190223113743096972e-01
-3.163454013040925550e-01
-3.422755495656546465e-01
-3.454167179747810734e-01
-3.438277107508722619e-01
-3.343523911295879780e-01
-3.258559383259390096e-01
-3.360867196556767134e-01
-3.718854362870774311e-01
-3.864461971693239351e-01
-3.934526815154537061e-01
-4.079730798780626388e-01
-4.190395779263815790e-01
-4.235509442260150803e-01
-3.955266940450952728e-01
-3.630724285100937476e-01
-3.193322894564748493e-01
-2.979408528224936070e-01
-2.863459796011910141e-01
-2.783003905363551356e-01
-2.790363553993596701e-01
-1.869158888335753586e-03
9.734029795729912463e-03
3.058910619132459291e-02
3.694280414025494924e-02
5.544307895587022306e-02
6.301491878965212456e-02
8.004879440739134933e-02
1.020299849027067468e-01
1.343159583967380721e-01
1.559375403822914896e-01
1.747517208449885784e-01
1.872838195170830611e-01
2.392526313242830660e-01
2.752418877696616861e-01
3.222921955840731822e-01
3.268941419299342122e-01
3.230094382264594999e-01
3.219215158520219999e-01
3.385005517552867049e-01
3.587073346185107314e-01
3.873289380635940859e-01
4.079229352232562333e-01
4.249763291966955903e-01
4.230444787540176832e-01
4.192903884647222745e-01
4.154391133708256190e-01
4.225105137300971814e-01
4.275900190013551816e-01
4.216117838440697763e-01
3.542049040054244015e-03
-4.379781224084964251e-03
-1.332427880651233104e-02
-2.945011916162937338e-02
-2.686964100729657273e-02
-4.438511140006208555e-02
-4.870891925102650150e-02
-4.510878339135706433e-02
-3.579306106334095849e-02
-3.353781054589817512e-02
-4.160748408895105499e-02
-4.522935811327886968e-02
-4.423537844707441796e-02
-4.218478552078229471e-02
-4.532202834283060450e-02
-5.070632233188598903e-02
-4.711157502757157972e-02
-3.759151212737926739e-02
-2.780013561340096556e-02
-1.634208535041823535e-02
-1.987574980289064791e-02
-4.068646344256440783e-02
-5.335155276780289418e-02
-6.744034639639180650e-02
-8.263818415858768807e-02
-8.495565407031538396e-02
-1.009817384344559726e-01
-1.045126890512290824e-01
-1.078599565904851676e-01
-6.427213918253905402e-03
-2.698903085715539246e-02
-5.121332745531455288e-02
-8.731512434588355187e-02
-1.150405378141718393e-01
-1.552672103233269651e-01
-1.843280820656066632e-01
-2.256213430708095824e-01
-2.850118588163869648e-01
-3.107464140091338312e-01
-3.329077219816534150e-01
-3.468565358139645838e-01
-3.842327565105177478e-01
-3.861144998342240786e-01
-3.856883141407533300e-01
-3.715867534835551877e-01
-3.717042686305248589e-01
-3.690654681251480107e-01
-3.744008965521081200e-01
-3.894609380258016174e-01
-4.156885629598200405e-01
-4.371754822913396232e-01
-4.584670552564064083e-01
-4.744957974989408300e-01
-4.857636315268114569e-01
-4.839380776151324670e-01
-4.840324638259629886e-01
-4.843321499723529100e-01
-4.772167910560744519e-01
1.811038602244888218e-02
4.896626537156457959e-02
6.411396996728302433e-02
6.324502114320548762e-02
5.058136547657567095e-02
4.211165598704019047e-02
3.647296044726738157e-02
3.249393195067239171e-02
1.727260309658639609e-02
6.260336322698036721e-03
1.436930061483787484e-02
3.755979364609052934e-02
7.039064834268979332e-02
1.754195461724122329e-01
1.880452953244454994e-01
2.158533717184654144e-01
2.126449922042930873e-01
2.088835017965647023e-01
2.197239967121538962e-01
2.890808252382240373e-01
3.384703896627828668e-01
3.741033751970346821e-01
4.210730073010489627e-01
4.573965970790916380e-01
4.627287142744332393e-01
4.614701180118238044e-01
4.607018127516165906e-01
4.691792900542493538e-01
4.807351867162763526e-01
2.771814817581544702e-02
3.399644206492240944e-02
4.188308957120287501e-02
6.347293417625085588e-02
6.309707425150010152e-02
6.370367503573654000e-02
6.867460968745121852e-02
8.769371749625406998e-02
1.043780565901236967e-01
1.145093609483115171e-01
1.250222756146788794e-01
1.155769417769171026e-01
9.836332548747568627e-02
6.917867645693764889e-02
3.618154921668675222e-02
1.467558031736572108e-02
-3.085105723558672491e-04
-2.701524799545757579e-03
-1.312719045533067069e-03
-2.528448181058419973e-03
6.311507236822905091e-03
1.549588635393479505e-02
2.064678256602310580e-02
9.971440655946144441e-03
5.286982692014810005e-03
2.776737267998761680e-03
-5.665193188822290060e-03
-2.857191856918690417e-02
-5.694733022150073876e-02
-1.315677800718753794e-02
-2.798444317497011252e-02
-4.324740217809121268e-02
-5.898348139761487585e-02
-7.060045574576795380e-02
-5.819402042367467776e-02
-4.700055824239185442e-02
-4.080471434625439903e-02
-3.911827022347830890e-02
-3.377675188759425573e-02
-3.708439929296722393e-02
-5.289164479425086107e-02
-9.127469609648100612e-02
-9.962048204120221850e-02
-9.266747104981551408e-02
-1.144052309055700462e-01
-1.551945314254373764e-01
-1.867788027970276321e-01
-2.409731581659064759e-01
-2.987915321246537581e-01
-2.989418506929817920e-01
-2.842771996054583306e-01
-3.001072071453627643e-01
-3.071857630965388886e-01
-3.280613156996390334e-01
-3.405401380986399773e-01
-3.503819015948303472e-01
-3.741847249834334144e-01
-3.866074332212182663e-01
-1.471955876704144489e-02
-6.707674700123997247e-04
2.353424334934440740e-02
3.607444141197348186e-02
3.280413539261853306e-02
2.247052674868105226e-02
-6.165447818938539493e-03
-2.561770836363351511e-02
-2.415107821346577227e-02
-2.725269214781075519e-02
-3.132114470928062944e-02
-3.127244343906571133e-03
1.070960106561337846e-02
7.758721358057946681e-03
-2.786186872471957919e-03
1.136000543206943693e-04
-1.240885894470658384e-02
-1.160826335128839482e-02
3.159169195071342279e-02
5.454305934242419801e-02
8.719051309004008377e-02
1.183240058494561542e-01
1.211553068004646155e-01
1.108996810341914135e-01
1.026814040582247900e-01
1.088861115197564539e-01
1.976143904512681626e-01
2.450873603225581232e-01
2.994553397767121261e-01
2.586391260530893077e-02
3.912909399614599576e-02
4.354937704971200557e-02
4.945944822760136445e-02
5.007714798653224025e-02
5.539501783778647687e-02
7.270876780241637694e-02
1.040609067575444524e-01
1.291970288830980584e-01
1.517663856961790070e-01
1.574202912008080268e-01
1.627067966617010975e-01
1.685226962681504737e-01
1.853328185365554770e-01
1.836173056737482046e-01
1.511000546873252082e-01
1.141676947030108719e-01
9.850935214584460864e-02
9.035294858779471805e-02
8.118662182204636202e-02
7.635371379147416759e-02
8.326624951373486072e-02
1.103218932006785613e-01
1.222219882576849742e-01
1.289664030446016907e-01
1.260905986756909458e-01
1.046710119384587634e-01
8.161693689097483662e-02
6.561470856951989727e-02
-1.941357888740311358e-02
-2.943231301315273746e-02
-2.887989457401871421e-02
-2.773249852066810017e-02
-3.330409724200287386e-02
-3.151587342687098281e-02
-4.806436711902382919e-02
-6.363446725093126199e-02
-6.486562912624178889e-02
-5.753178098809526297e-02
-5.447926977272193882e-02
-6.574702640698382172e-02
-8.848012254547385491e-02
-1.247239417839521580e-01
-1.283657206546596208e-01
-1.353299619732497572e-01
-1.422104429982477547e-01
-1.517361032777646002e-01
-1.524716805217225801e-01
-1.457406171114684901e-01
-1.343861389068923828e-01
-1.398616842199434940e-01
-1.907534279341607242e-01
-2.339940154570239739e-01
-2.965036373035415673e-01
-3.600399330292592404e-01
-4.120975576815263941e-01
-4.219091434000529772e-01
-4.596234609205572808e-01
-5.931027527270539904e-03
-2.983831622095584751e-02
-6.787719696398578084e-02
-8.604189805041548289e-02
-7.642008026192849413e-02
-7.630992686694496041e-02
-7.967821661227997287e-02
-7.100977867398119980e-02
-6.616723681555833347e-02
-7.156291657979829690e-02
-8.333553057472456449e-02
-9.389070375717936678e-02
-1.148922003749397736e-01
-1.160685483543414387e-01
-9.791535196788934969e-02
-9.660064620822958470e-02
-9.502594799431601791e-02
-8.675129049778981805e-02
-8.387185367573138373e-02
-7.868690643882496338e-02
-5.949054973098627519e-02
-4.095289449198923071e-02
-4.257862706628451344e-02
-3.796169712742387958e-02
-3.464467546461007241e-02
-2.700084529848143650e-02
3.507855818192945341e-02
7.185906089450960765e-02
1.044034173545633493e-01
9.878890129888953306e-03
1.902172086101652435e-02
1.490363570555166411e-02
1.179528541648844353e-02
3.897930954060140757e-04
3.082343729245526354e-02
8.449538600561172508e-02
1.173010085885351494e-01
1.349236229765406192e-01
1.686876091829420665e-01
2.162976693487952407e-01
2.609609015824339573e-01
3.001351118262009510e-01
3.248253852976661360e-01
3.226935054057249452e-01
3.120262694290556471e-01
2.969232312310743360e-01
2.867763196692809657e-01
2.709973922304395044e-01
2.569724142531537581e-01
2.559423029522266413e-01
2.598437611623283239e-01
2.613008345955650791e-01
2.523670269991457604e-01
2.352803808939326058e-01
2.109357682974277448e-01
1.917713420489410847e-01
1.908484895033428774e-01
2.027100946824378636e-01
2.335803031620451234e-02
1.861569412775380961e-02
3.902334964294811026e-04
-2.114275631540373304e-02
-3.737584706081117925e-02
-3.889806149946242048e-02
-4.838278169704296472e-02
-5.551671767111572564e-02
-4.487347720953318436e-02
-1.924004789268738552e-02
-1.290548682477847542e-03
-3.942126490333086640e-04
-5.090260923000185928e-03
-1.779082500957856680e-02
-3.241730307567528002e-02
-8.226315377127570161e-02
-1.093862910244953190e-01
-1.403938811737952819e-01
-1.613682888111719615e-01
-1.958632300375797719e-01
-2.334585274644719599e-01
-2.950071647226021332e-01
-3.484866986731013916e-01
-3.586008027361637929e-01
-3.471707598247801840e-01
-3.446435861595770755e-01
-3.648219279304431573e-01
-3.900702072363794737e-01
-4.301737637762912958e-01
-6.563533814319831572e-02
-8.802058051004912897e-02
-1.248006638295509479e-01
-1.588214966544849727e-01
-1.718480557728060409e-01
-1.489809960418734813e-01
-1.238986501776531690e-01
-1.097921669154847124e-01
-9.521721762186817484e-02
-1.048070967414243271e-01
-1.153868855725697362e-01
-1.273273521939448372e-01
-1.379859363915067194e-01
-1.432440158565426169e-01
-1.367324633596828654e-01
-1.330223529273961702e-01
-1.269467044276735568e-01
-1.229428003649492701e-01
-1.219958831802894911e-01
-1.298436390817875874e-01
-1.118729058806182675e-01
-1.010361147964487505e-01
-7.774886984064155460e-02
-6.884753789564065918e-02
-1.864736855976052016e-02
-1.032142871615261519e-02
1.370439606700100781e-02
1.872913170724325310e-02
1.814116255139327366e-02
7.124066256620148821e-03
7.957931770881023631e-03
3.144024811030768363e-02
4.930994128525191533e-02
8.444019997498192209e-02
1.411535486660979721e-01
1.766693753763020625e-01
2.127653195261872687e-01
2.335144893950825140e-01
2.498507053495570285e-01
2.673798366637614721e-01
2.803385139527082015e-01
2.825441560391751539e-01
2.952158888375818191e-01
3.069883107461056637e-01
3.318950716836526760e-01
3.450233384426263372e-01
3.650504985046757467e-01
3.850135910832224173e-01
3.999305600422589091e-01
3.874004567943120647e-01
3.735398777092832634e-01
3.347256785976990279e-01
3.210709399021506871e-01
3.080319340872735290e-01
2.944127599596379485e-01
2.876343083541230694e-01
2.936801421027881998e-01
3.197813525905063847e-01
1.369737399252524829e-02
1.683876604781073261e-02
3.174580295894778928e-03
-4.449345420283050065e-03
-1.979207508942106356e-02
-2.197540255970198420e-02
-3.409909431969837534e-02
-4.592200252919950015e-02
-5.426727796277742988e-02
-5.557108585681910101e-02
-6.695857423024081934e-02
-7.560040265096401590e-02
-7.595691030165931112e-02
-7.771894210845368967e-02
-8.798998920404650648e-02
-1.046060642900444176e-01
-1.051600837763015245e-01
-1.021985197097338149e-01
-1.090176901588151143e-01
-1.208252054548185628e-01
-1.434402138420606265e-01
-1.488848070764800524e-01
-1.694316348698058361e-01
-2.157055667361570395e-01
-2.336829346233468552e-01
-2.576389566820114774e-01
-2.546531965853120472e-01
-2.375960814524721576e-01
-2.324098154094583202e-01
-3.663098278918489482e-03
-3.276722254192715456e-02
-4.603887183525888493e-02
-1.049690148193301864e-01
-1.418959975106464655e-01
-1.625457297223655562e-01
-1.792280234450576715e-01
-1.979944308773728956e-01
-1.985377709623535603e-01
-2.167591792188680588e-01
-2.433232914384436674e-01
-2.463199789467643563e-01
-2.336041059976023404e-01
