-1.312230498242955741e-03
-3.139467282672486759e-02
-9.462618212656316585e-02
-9.571894610158210304e-02
1.147428351578425043e-03
1.209167786048059995e-01
2.219298870603433615e-01
2.982954546648797223e-01
3.435673095777072028e-01
3.130753299089101271e-01
2.725156466617040252e-01
2.375215545677604456e-01
1.962445118212419182e-01
9.645284337477956493e-02
3.324569027083443262e-02
-7.343489219145085678e-03
-1.298680372671616456e-01
-1.943511397345772385e-01
-1.718998291919732746e-01
-1.984528761458169976e-01
-1.796630666342478588e-01
-7.306238178698071239e-02
-1.386646571791589483e-02
9.293711902016787985e-02
2.715045591266757041e-01
3.176331029286229568e-01
3.158384703714564590e-01
2.651341993782564410e-01
-8.285999510539528157e-02
-9.584456523488454893e-02
-3.498996441114952949e-02
3.957177137091666408e-02
1.580087830251756253e-01
2.685605301138939138e-01
2.898259862736378145e-01
3.410291276540045602e-01
3.914203632735810401e-01
4.100930050012630002e-01
4.519874897869560204e-01
4.393745290611456022e-01
3.424900678940164811e-01
2.262246807276057370e-01
1.417795615322701708e-01
6.291587604870921280e-02
5.970658693314857129e-02
1.458983800074852566e-01
2.359134235169180471e-01
3.045832671373466805e-01
3.509913083155059010e-01
3.448560835480795617e-01
3.206258595096614372e-01
2.856092634929719987e-01
2.114333105499840437e-01
1.938656839602435900e-01
2.094640494032261047e-01
2.395428786206983407e-01
2.682396489639134463e-01
-1.067455373626875585e-02
-3.788757892968912244e-02
-6.299462014447643199e-02
-9.947860120590842903e-02
-1.991351933195751878e-01
-3.237674559640639771e-01
-4.323790972669617205e-01
-5.249373905156818898e-01
-5.419943228967125659e-01
-5.101025547051228903e-01
-4.611021870394599875e-01
-4.088062460350913030e-01
-4.071806190763271327e-01
-3.849323674390154326e-01
-3.759133937462406094e-01
-3.663706972048882404e-01
-3.734819634934778976e-01
-3.931429658450730225e-01
-3.863108152563380915e-01
-3.730763760042505872e-01
-3.391943081388999470e-01
-3.067514416370210051e-01
-2.717224127646152843e-01
-2.135329977220601916e-01
-1.774113590532899465e-01
-1.118633475884208556e-01
-3.891775033162084285e-02
1.385200170215764026e-02
5.468835137695798876e-02
6.507062493380573465e-02
1.096573997801574829e-01
1.384489588950089389e-01
1.231079161153258716e-01
1.114764518057570208e-01
7.107033085692059104e-02
4.979126694764430400e-02
3.588470444313568430e-02
3.985753681082811195e-02
4.564020927866445365e-02
5.721235741801263680e-02
9.543517533912598827e-02
1.263006638742212306e-01
1.552070119165842588e-01
1.806424568291612465e-01
1.942359917673412151e-01
2.110633149200052128e-01
2.395097298668871499e-01
2.560135350829809697e-01
2.570491293694249779e-01
2.439117816680796968e-01
2.209591869735955949e-01
1.806256600055531070e-01
1.095277595871524540e-01
7.138041370285644338e-02
1.243543855878326970e-02
-5.851217630840071376e-02
-1.203249418675840648e-01
-1.602521928958035025e-01
-1.613044585897512734e-02
-1.870346612063985420e-02
3.310787402840145721e-03
6.980835685338361921e-03
1.345196506806312607e-02
1.719340780099846977e-02
2.859193041349687020e-02
3.494803609888774698e-02
2.255070582945555360e-02
1.215174651872421782e-02
1.322697924230489645e-02
1.575722875131023437e-02
4.477904721726110732e-02
1.076558633901040507e-01
2.092954042141511040e-01
2.581424242543691183e-01
3.135344504685476652e-01
3.838421829525604512e-01
4.268455722738395686e-01
4.564820618953330800e-01
4.812082565650410149e-01
5.039795823900309335e-01
5.144618977038536434e-01
5.174176493960337408e-01
5.002771495744875452e-01
4.805365400139100518e-01
4.628197892734559615e-01
4.655502119888744739e-01
4.602965322871339637e-01
-9.981349621773371109e-03
-1.124926077418651749e-02
2.265234421068733350e-03
2.161678002357828726e-02
2.801928624844621241e-02
3.018993115364500962e-02
3.985537200191480861e-02
3.337603642639247470e-02
3.354384059352752412e-02
3.759608081221794962e-02
2.549873676522423915e-02
1.856055512313449507e-02
1.230332161709467818e-02
-1.037599548283606697e-02
-6.494471762270216664e-02
-1.453967859878309843e-01
-2.450215524582061155e-01
-3.130510857984644679e-01
-3.754889803706921159e-01
-4.289162330175811944e-01
-4.562407055008191881e-01
-4.930818254941744527e-01
-4.966193373018275570e-01
-4.849271494039384400e-01
-4.647249686963059734e-01
-4.570534043154303450e-01
-4.502523473907923957e-01
-4.346841752080232713e-01
-4.224609978329170734e-01
2.090389129566657192e-02
2.935777284634129292e-02
3.335703640155686378e-02
5.140499847171853959e-02
8.145763068946663965e-02
9.185715900507036846e-02
1.172600510477843083e-01
1.772076378731055335e-01
2.301940245534377649e-01
2.970152348071330439e-01
3.784679038236699600e-01
4.269497688746111685e-01
4.828677435262396789e-01
5.171183752106648379e-01
5.516853506798793383e-01
5.787927772286449724e-01
5.826403952959917643e-01
5.633034650948768318e-01
5.600431784909558619e-01
5.636534795402506903e-01
5.460739204902582689e-01
5.341743927552298210e-01
5.192352833875247820e-01
5.178775513861102464e-01
5.280712226387203057e-01
5.231714556330535615e-01
5.097429085478831778e-01
5.147813776793006557e-01
5.410910334251681775e-01
9.856811382896414273e-03
1.785307265065352172e-02
1.086568830598368118e-02
1.802679851081743015e-03
2.538258465425952820e-03
-1.301388726999820264e-02
-4.033628413644084476e-02
-1.047632851561420692e-01
-1.797751869546304060e-01
-2.614105354395521719e-01
-3.150669126996218927e-01
-3.459211688206793034e-01
-3.908486891505857930e-01
-4.263898767397559242e-01
-4.310410912691163832e-01
-4.216719950015637153e-01
-4.070702379445135799e-01
-4.165343478838101077e-01
-4.158818450838698833e-01
-4.089608239621700392e-01
-4.044756659151612088e-01
-3.988127320567724232e-01
-4.159216796350235223e-01
-4.259330225619512578e-01
-4.235119514247502881e-01
-3.963010868053338243e-01
-3.614008082971925107e-01
-3.057961092060569319e-01
-2.321470642700764753e-01
4.122179991675224003e-02
1.016803888932938243e-01
1.656813019618392224e-01
2.322795249033668130e-01
2.494621607267707986e-01
2.762622184012164528e-01
2.731953387293490909e-01
2.808823622374729823e-01
2.786097623451840866e-01
2.825355164935304253e-01
2.541592246745184580e-01
2.254261429957428731e-01
2.072477851730334109e-01
1.894688332773334372e-01
1.787260550242279755e-01
1.748521003540522700e-01
1.753564076297416119e-01
1.866963802635427383e-01
1.938080983293197224e-01
1.890022699936471096e-01
1.532338532024770383e-01
1.397197333886492088e-01
1.297508948773102300e-01
1.190703803198520649e-01
1.071579980557891276e-01
1.055781449429421259e-01
9.734058693276935459e-02
7.682309697143786809e-02
2.423045410037063391e-02
-5.203346185681000102e-02
-1.252408297259328396e-01
-1.923128154209824692e-01
-2.662966710723130292e-01
-3.130622735443620019e-01
-3.364020499862315217e-01
-3.426721808061067853e-01
-3.274888766170707677e-01
-3.076086705038469926e-01
-3.039903976725438772e-01
-2.937544092471225388e-01
-2.821109128132487931e-01
-2.634011686610039371e-01
-2.336205693455777610e-01
-2.242310168447400054e-01
-2.088559055603823600e-01
-2.007974890522047640e-01
-1.930026567027909590e-01
-1.875448979120768744e-01
-2.014793811524144274e-01
-2.344391838266562944e-01
-2.220700191326983597e-01
-1.987295863495761039e-01
-1.477950911582683047e-01
-8.876873935258493276e-02
-3.313005738690091156e-02
2.306167351548360500e-02
5.844449490514148221e-02
9.360933377535332611e-02
2.677251507776130801e-02
3.665910778273023807e-02
4.874838560459295034e-02
6.530557390268049156e-02
7.157909332117920465e-02
7.697452552402260506e-02
7.252868165283307689e-02
4.678465787696069189e-02
1.672485757572881454e-02
-1.965948658949269456e-02
-3.175497915336154831e-02
-2.267556742834164057e-02
-2.165944936457835784e-02
-1.257986993217143773e-02
-6.280094791190322413e-03
1.449280640823092173e-02
3.983539762806707907e-02
6.410516191979655221e-02
6.328852198565232401e-02
5.827907837864292062e-02
2.376334008399198783e-02
-1.809344679037454967e-02
-6.534455171177039334e-02
-1.198437552494525105e-01
-1.576289953773895580e-01
-2.011697167431944211e-01
-2.449403824352714143e-01
-2.515409012763570873e-01
-2.515705191003408947e-01
2.450976809755882248e-03
1.073240101865048299e-02
1.946717262227207201e-02
3.371360458935799415e-02
4.575112842620124298e-02
4.334683459757397023e-02
3.226938619813073811e-02
3.192020211154326242e-02
4.058626045676595046e-02
3.561283150935732472e-02
3.180508391946884617e-02
2.784870406024186895e-02
3.200747762023981036e-02
3.869793169074428607e-02
4.796727158545185943e-02
7.954805678574665417e-02
1.090240441485831047e-01
1.511522180124314219e-01
1.762149302888499358e-01
1.980116255417123661e-01
2.237747832066609155e-01
2.403199294800569263e-01
2.354965151028195480e-01
2.406803229571818081e-01
2.359823124784874715e-01
2.169707162252281774e-01
1.928781250291222715e-01
1.543563000918747874e-01
1.485430251017640368e-01
1.943490628600936252e-03
-5.227021266351350795e-03
-6.625445595242593702e-03
-4.510760125396140463e-03
3.791372888982074904e-03
1.297641100424464303e-03
6.537834074713866350e-03
1.638448671327222272e-02
2.707212186358351133e-02
4.643721471886094743e-02
5.118557853240181255e-02
3.641365026665385751e-02
7.930396755972117517e-03
-4.135687141353987933e-02
-8.978944449730183464e-02
-1.443948262078724454e-01
-1.922307613906685808e-01
-2.307598730054695180e-01
-2.592825493694971284e-01
-2.701960444167607611e-01
-2.902799757898224531e-01
-3.212187669095031839e-01
-3.426766163628877093e-01
-3.357379599368384149e-01
-3.195196490280485802e-01
-2.908320371715171215e-01
-2.850204065345808835e-01
-2.919622377650825662e-01
-2.858867209922190677e-01
4.570408778125367721e-04
-8.268977203717475452e-03
-1.712268078538087615e-02
-3.035588980592688821e-02
-2.263168295532896196e-02
-2.588720294374648873e-03
4.452211611672723945e-02
1.137107909132398093e-01
1.517387166979605184e-01
2.007738732471476550e-01
2.486141097683256529e-01
2.767374087789565285e-01
2.951701746504399315e-01
3.182607850193805432e-01
3.531444683086937819e-01
3.675223373278813099e-01
3.827287645481244893e-01
3.855136963348747559e-01
4.036569704338545117e-01
3.881408913305530728e-01
3.590749591583328737e-01
3.181984140372022818e-01
2.653479690526022727e-01
2.365923560069196629e-01
2.238810145674843266e-01
2.233331532802058095e-01
2.264784844143052644e-01
2.481484476995625688e-01
2.802409743179583579e-01
3.997405006221236429e-02
7.156387151429721705e-02
9.001481411934623977e-02
8.523593280411216611e-02
6.602403872266560114e-02
5.697040513324470867e-02
2.225617181434699082e-02
-1.880495845146625683e-03
-4.353414025067635362e-02
-9.551464598444499299e-02
-1.565001471655251830e-01
-1.683799602187655842e-01
-1.673440572886301103e-01
-1.825955142481728299e-01
-1.936158290253089942e-01
-1.864548622754756690e-01
-1.654711151628551202e-01
-1.462442009063412152e-01
-1.265511116265847780e-01
-1.167458944776421648e-01
-9.185419643652797950e-02
-8.147903148407531493e-02
-9.518439961118081716e-02
-8.980433720911729090e-02
-9.122274003978017576e-02
-9.103493864229926513e-02
-6.611564013684437247e-02
-4.753322590344048748e-02
-2.855248306829160157e-02
3.811949569194492821e-02
6.375354022850848734e-02
8.818648202545172066e-02
1.147702426558824679e-01
1.346767564047020582e-01
1.519528897223057506e-01
1.593024934477106080e-01
1.605946833913670380e-01
1.852080096145001797e-01
2.100738049105505545e-01
2.182705346109631572e-01
2.075372993047431558e-01
2.002124323700560649e-01
1.916816161361132587e-01
1.892971203262102664e-01
1.744384106639885190e-01
1.522478100569978343e-01
1.323625500372827557e-01
1.127970160401920857e-01
9.195246876117073309e-02
7.667979826518660225e-02
9.630472512859254708e-02
1.093250332068309572e-01
1.362549602720828368e-01
1.441096651678961116e-01
1.242542700106131215e-01
9.928647718997542226e-02
6.383768698026844046e-02
9.229677703351264750e-03
-6.465820610467601370e-02
-1.071305705207521997e-01
-1.503441258163786542e-01
-1.959648149509012338e-01
-1.978353358600946355e-01
-1.875043495035342844e-01
-1.861115662044780239e-01
-1.856592922667508472e-01
-1.947984430459064609e-01
-1.792214346565627059e-01
-1.728811427329857986e-01
-1.532358652949781519e-01
-1.579398645095103360e-01
-1.324786013420567454e-01
-1.048933380320699049e-01
-8.693531210660644659e-02
-9.612959152676632535e-02
-1.020799331600959203e-01
-1.094838906079534935e-01
-1.111057219632017729e-01
-1.086962078227701883e-01
-1.047647323997961122e-01
-9.134889450266543698e-02
-6.747102878084661193e-02
-3.715371834606005785e-02
5.643642516799662889e-04
3.411995536363394976e-02
5.472858688051843168e-02
9.301811408277604887e-02
5.933357023811228204e-02
9.852309955236007721e-02
1.199394239693964831e-01
1.329924223226862101e-01
1.735644342084134151e-01
1.884992944475830656e-01
1.888584160070674867e-01
1.561108798757886440e-01
1.313077122400461705e-01
1.116491635448664255e-01
9.133285273318930697e-02
6.586179840179712253e-02
4.428658794584447445e-02
3.951773905753016430e-02
3.577911863547963978e-02
5.636919140262341976e-02
6.909696560085148986e-02
9.332729160006840441e-02
1.209136590574086956e-01
1.224271445452439072e-01
1.163113736446029778e-01
9.457609294534201350e-02
7.712744766986420752e-02
3.791278489692334608e-02
-2.690680636567790995e-02
-1.024874027206166688e-01
-1.401974549494977296e-01
-1.768049911903654681e-01
-2.364424607577824133e-01
-4.381164544973408653e-02
-6.806644928775229531e-02
-5.687372457475849130e-02
-5.137743753368061161e-02
-4.257710005813044457e-02
-4.116612635854211000e-02
-3.714688122599625608e-02
-3.209078524925507853e-02
-2.621677446025654640e-02
-2.024061419998764502e-02
5.485487212541041019e-03
5.539500226774768388e-02
6.679932883408516708e-02
9.777415255745489087e-02
1.210554086987695871e-01
1.403356844108998303e-01
1.698046260195245072e-01
2.000439326755177605e-01
2.213734874373629036e-01
2.457986914099851983e-01
2.492970355077681610e-01
2.575470548304216178e-01
2.604129331098011813e-01
2.623418933257427588e-01
2.728152453226070362e-01
2.793466368602232630e-01
2.730883148066403088e-01
2.595687424534370291e-01
2.560892846874617823e-01
2.943888160960561259e-03
-1.023471076604157495e-02
-3.850506628699228162e-02
-6.125663531790024458e-02
-6.461463807917409985e-02
-7.811105847822327752e-02
-8.187547807206363437e-02
-9.964116710298680235e-02
-1.025766572719477576e-01
-1.164250519608594769e-01
-1.073805324956974561e-01
-1.348762571131150168e-01
-1.729138623981754663e-01
-2.175776439738540124e-01
-2.680495298865447351e-01
-3.158288954003013460e-01
-3.620623122641174474e-01
-3.998680525168825661e-01
-4.209492931366267121e-01
-4.182968773815293750e-01
-4.613643954190095320e-01
-4.699361841283551944e-01
-4.775161726797129136e-01
-4.657753320144339959e-01
-4.549412929930516936e-01
-4.483514205806030106e-01
-4.563865633018375223e-01
-4.530203791960049076e-01
-4.413138550251838321e-01
1.079814164813876209e-02
2.349392050885183714e-02
2.998542431261222094e-02
4.012201363719331004e-02
6.998559190313759226e-02
1.474693517668962395e-01
1.952770564847609303e-01
2.446126845372477154e-01
2.738974053326339031e-01
3.035642001034936643e-01
3.299426237733437128e-01
3.319172004292333944e-01
3.250407370614287195e-01
3.187084842260854423e-01
3.166701959285306289e-01
2.992630449949412741e-01
2.810177466374438882e-01
2.774418495586588040e-01
2.779037223994782480e-01
2.842471757456488390e-01
2.722272638688836843e-01
2.723728589802645872e-01
2.868993456469102199e-01
3.073558388086904958e-01
3.314339334565717943e-01
3.471753667583336034e-01
3.492893116795450781e-01
3.270767663886370302e-01
3.194712031041000988e-01
-1.095718011611735571e-02
-4.379413941812088790e-02
-9.341621907322707197e-02
-1.370187320363532024e-01
-1.735099914453297199e-01
-1.996604003582256870e-01
-2.248958800347548026e-01
-2.400889423566684167e-01
-2.508279916908181528e-01
-2.136910208737765327e-01
-1.851690171993191358e-01
-1.577844886987683493e-01
-1.527799352477779427e-01
-1.430579389727445194e-01
-1.313238570368170932e-01
-1.346019358424039580e-01
-1.534339514692107387e-01
-1.709605732551523760e-01
-1.901667783023595626e-01
-2.168327510614596609e-01
-2.213381474779487212e-01
-2.048354992827133569e-01
-1.503230072863526168e-01
-1.312594920258827735e-01
-7.058905130285043905e-02
-2.090499954675378164e-02
1.096101434396495877e-02
5.746822359918316719e-02
9.943854672969121289e-02
2.493912023188039201e-02
1.316691682050634069e-02
1.567446834513600354e-02
2.400896918927563489e-02
2.326775879072405517e-02
1.887674594047806034e-02
-2.714822772157531039e-03
-1.449768350172662458e-02
-4.490819594446224944e-02
-6.028810192264091872e-02
-7.896412196654392646e-02
-1.091605724949075706e-01
-1.410605728492802247e-01
-1.417710084607892718e-01
-1.373532489028553571e-01
-1.232507425178056976e-01
-1.172197892458546192e-01
-1.216602567974392757e-01
-1.044495232297712461e-01
-9.507838865418694052e-02
-8.875634680100812079e-02
-1.022017493023008733e-01
-1.246327043866389261e-01
-1.518632371383210056e-01
-1.899407737398259577e-01
-2.473709632282089788e-01
-2.789766160838330622e-01
-3.021843335620921778e-01
-3.256695253651685773e-01
-1.088643805656728560e-02
-6.104995672068363327e-02
-9.008022202796073241e-02
-9.922893261535045695e-02
-9.957430736477163036e-02
-1.067967278668873060e-01
-1.254731125860710783e-01
-1.290026074460569327e-01
-1.207742740691774841e-01
-1.121130567961560881e-01
-1.063870088778184758e-01
-9.975920977278654456e-02
-9.299886820435603052e-02
-7.134089641729592091e-02
-2.302640532888520358e-02
2.422238624797344586e-02
9.572478442780464614e-02
1.373873259328141083e-01
2.023543907042534562e-01
2.546431524229920695e-01
2.855997946240993457e-01
2.978723251573817676e-01
2.961549133453272864e-01
2.858250010534686414e-01
2.935057422005060701e-01
2.844301444637398757e-01
2.726380865787338403e-01
2.636211593748827298e-01
2.557437203226987643e-01
-1.071143944564610651e-02
-2.299128537564704144e-02
-4.048062141790424728e-02
-4.552636497032464674e-02
-2.893769452165304706e-02
-7.525605641716618527e-03
1.091552330117263186e-02
7.660291621453943489e-03
6.957138799171231659e-03
-3.788223584775682155e-03
-2.096679304965387569e-02
-4.340074718129299791e-02
-1.014968350849806966e-01
-1.671624190531006415e-01
-2.184111454397185681e-01
-2.765994716847174906e-01
-3.032300880333582138e-01
-3.144314783040172978e-01
-3.320391582160267530e-01
-3.636792973636493453e-01
-3.851477216481821730e-01
-3.737875974288469294e-01
-3.575065546292419683e-01
-3.577963718489293732e-01
-3.614945854060259700e-01
-3.639192327778434377e-01
-3.660602666910221514e-01
-3.691129467266351938e-01
-3.921579793394072699e-01
-3.877852203640843459e-02
-8.100386187192637477e-02
-1.038270694491587598e-01
-1.234348439278091653e-01
-1.126969708418573829e-01
-8.112366568296205949e-02
-3.204314923882331523e-03
6.339686075678160893e-02
1.153383702873661543e-01
1.855301759951406837e-01
2.205764688048802991e-01
2.596593118381503862e-01
2.662040006481426468e-01
2.794784476908475090e-01
2.760728100739612834e-01
2.766397080763655092e-01
2.770482738931384081e-01
2.833663702880274138e-01
3.054431379813559166e-01
3.311925765641239860e-01
3.235951865333233091e-01
3.142490184800982855e-01
3.153845724547520435e-01
3.313363198174534285e-01
3.471407140458052099e-01
3.546476702497274869e-01
3.722547987955151516e-01
3.996387047779409452e-01
4.347294936392637754e-01
1.854528970695706880e-02
1.694398538642147983e-02
1.384914615186557188e-02
2.526507395651629226e-02
4.929319551257277388e-02
7.509179133854290700e-02
8.906257785325433218e-02
8.124464316162793853e-02
5.632905271089384824e-02
4.679684448227140747e-02
2.348873370965831597e-02
-1.400404180676283195e-02
-4.411465548000693959e-02
-7.146562902617037416e-02
-9.848618903728764695e-02
-1.445351516455642971e-01
-1.848458673549666087e-01
-2.097165456626401414e-01
-2.281841561630367776e-01
-2.300543829622209713e-01
-2.545958555780959420e-01
-2.629146936834223514e-01
-2.525225612530393460e-01
-2.452741466113658730e-01
-2.384430921145898608e-01
-2.369477325300517467e-01
-2.276075089563825149e-01
-2.182339116080139474e-01
-2.165124350528853936e-01
5.658448812327136063e-03
1.041132763549457510e-02
1.861463764852041777e-03
2.280176618768343932e-02
4.624449843167650204e-02
8.394731585867509782e-02
1.396467451970503926e-01
1.653443289535796445e-01
2.050145677856409498e-01
2.657633024151303536e-01
3.308751461579149122e-01
3.561937716501935025e-01
3.943282243732527115e-01
4.028615197605438514e-01
4.252959289302064572e-01
4.133146680213816149e-01
3.821867500342389645e-01
3.349084171778102803e-01
3.085028172972455462e-01
2.892577356997328430e-01
2.650095684907603499e-01
2.558938873380449119e-01
2.537231179024773686e-01
2.548696324630383425e-01
2.757115607122508916e-01
2.995925182317888957e-01
3.163384883941574022e-01
3.241505129144954256e-01
3.488803813630275141e-01
5.704822838969984648e-03
-1.032044828580608829e-03
-1.469054239229952014e-02
-6.119495449727984510e-02
-1.013886057273230556e-01
-1.601911964108078124e-01
-1.977601999669912902e-01
-2.383378478175861293e-01
-3.053888711002257783e-01
-3.527986907670649930e-01
-4.018054192460229213e-01
-4.434504402225496467e-01
-4.735280881639407080e-01
-5.167972077936389130e-01
-5.599838018111561455e-01
-5.727614434499934681e-01
-5.745334346482465770e-01
-5.825429032835331977e-01
-5.803378300684498559e-01
-5.765173004586254812e-01
-5.626866909043798382e-01
-5.595605429404573172e-01
-5.597679274925569937e-01
-5.651709516844509729e-01
-5.822449753216016877e-01
-6.022596651167777537e-01
-6.313983197410182324e-01
-6.542406586227558218e-01
-6.386596246649708375e-01
2.575012822836274251e-02
7.541521043808066538e-02
1.501491707585498603e-01
2.145806378732624808e-01
2.912427332642067990e-01
3.699429575386174451e-01
4.591270419041558748e-01
5.101167586214858662e-01
5.425762704300239880e-01
5.378854270600207377e-01
5.239080688447794731e-01
5.198776614472724322e-01
5.137084362702151186e-01
5.073680693077792236e-01
4.948023724517689459e-01
4.892104231534535330e-01
4.862676029953975076e-01
5.033062426965037028e-01
5.285291822351078084e-01
5.501635949353074206e-01
5.562317497406229494e-01
5.571080588469837780e-01
5.404350180393738823e-01
5.031713628198812849e-01
4.684194728554592624e-01
4.253180282251420308e-01
3.985784079567598615e-01
3.344304104752012230e-01
2.661532201284508847e-01
-4.863223129503360664e-02
-5.174846720135140021e-02
-6.342418755048839785e-02
-8.549732169330505338e-02
-9.936910716343870520e-02
-9.382357595648642412e-02
-7.429224368498671405e-02
-5.770599247005621379e-02
-4.859483882472730859e-02
-3.787032853562144474e-02
-2.771839310917942334e-02
-1.699907728482075164e-02
-2.105797214296719136e-02
-2.592686127988574896e-02
-3.735796446686592831e-02
-5.702064963174427459e-02
-4.886919782550351588e-02
-3.364616297510736320e-02
2.468145580344201229e-02
6.950846639784027947e-02
1.131087277577198513e-01
1.745935101872791162e-01
2.579406437179578848e-01
2.960839709485579285e-01
3.286745182569664192e-01
3.456314481671095007e-01
3.686123654227972390e-01
3.771347683125297334e-01
3.605280239236942630e-01
-3.008894870036314326e-02
-5.289447626864769714e-02
-7.668275560296988758e-02
-9.627341957079287027e-02
-1.171841018734701145e-01
-1.291158009586047817e-01
-1.236163719086302154e-01
-1.173282723059360239e-01
-1.076126089547330966e-01
-1.097064060209824166e-01
-1.143017196612306358e-01
-1.311729898195000688e-01
-1.479518611947965023e-01
-1.623914524630373779e-01
-1.714854021085563396e-01
-1.880106523643877703e-01
-2.307013464438819050e-01
-2.869461529922344711e-01
-2.880738289833722487e-01
-3.210923676879361977e-01
-4.076540574973961384e-01
-4.077410087406616590e-01
-4.306325296585302165e-01
-4.577334615633728010e-01
-4.579211524191231231e-01
-5.030693957070356825e-01
-5.483600595932491828e-01
-5.497068386338083146e-01
-5.600055223725737275e-01
-5.672874096092484289e-03
5.954522627082795699e-03
3.316675190341220048e-02
5.289536977100196130e-02
7.692810225445564920e-02
9.501821962758316698e-02
1.134927936413782923e-01
1.421486225746475818e-01
1.779281536003349817e-01
2.307541836833067739e-01
2.941299389100738848e-01
3.628454140889230128e-01
4.268162825525375625e-01
4.691371986205620237e-01
4.825119991554879806e-01
4.991245828319952338e-01
5.086726022040850559e-01
5.089227679313873542e-01
4.936679098392275367e-01
4.747083622200662933e-01
4.566536211347264063e-01
4.783189277397423833e-01
4.952012403429721377e-01
4.982997924131856715e-01
4.969627210823590047e-01
5.085794421742105831e-01
5.122879876209720518e-01
5.326976522159341254e-01
5.422647574907689672e-01
1.159549655374021368e-02
3.021047257341714226e-02
4.409222518367698906e-02
5.509258281788223521e-02
4.333672922211599665e-02
8.864512179476383147e-03
-3.867981824655986056e-02
-7.122289962886749204e-02
-8.004477230436038426e-02
-8.922844851916328368e-02
-9.895357462028893381e-02
-1.310102701948892556e-01
-1.712537738606304816e-01
-2.011903507081104492e-01
-2.285242431438635757e-01
-2.789771498731188348e-01
-3.154506564619540265e-01
-3.475168744835601120e-01
-3.690810888529921785e-01
-3.959040591858654645e-01
-3.997070289464571546e-01
-4.131428024577381564e-01
-4.086903958864281927e-01
-4.113249099816240206e-01
-4.080483261839712439e-01
-4.085120292165276834e-01
-4.129856718745215094e-01
-4.218360475495520068e-01
-4.389718013402598706e-01
1.481247659164755754e-03
2.740609345607177699e-02
6.512294769142426554e-02
9.710865005196966937e-02
1.324182858854527911e-01
1.616493629338585092e-01
2.039959892228864202e-01
2.557336920796880464e-01
2.811428381195414383e-01
2.996990206751541375e-01
3.080401168073638174e-01
3.155157288119941339e-01
3.074929798253706048e-01
2.762210806532380269e-01
2.434981300351426181e-01
2.052858923086983700e-01
1.836196679851664626e-01
1.666183264408994114e-01
1.572530424514014258e-01
1.650859618732938017e-01
1.769969896920714769e-01
2.054243994560246978e-01
2.306874591875920366e-01
2.424420199084173499e-01
2.433543658808457744e-01
2.451323778708039969e-01
2.300435834861441764e-01
2.000940162780604492e-01
1.797241261308745452e-01
-3.136468742968948759e-02
-6.216297944446139145e-02
-7.600653502930554417e-02
-7.478901331450150958e-02
-9.489996046162788024e-02
-1.180002703391736241e-01
-1.410613168967521092e-01
-1.598338385803831085e-01
-1.484503680022848660e-01
-1.428631982122045285e-01
-1.642514452341824749e-01
-2.053595188739134603e-01
-2.203550209543968241e-01
-2.407244868565242557e-01
-2.632594731497512330e-01
-2.842079776584808259e-01
-2.991856576456318195e-01
-3.102128709389595507e-01
-2.927288488094229590e-01
-2.763884738398449392e-01
-2.765492439077917308e-01
-2.780503602050622414e-01
-2.875129119757717788e-01
-3.112085786075776683e-01
-3.253337864938347646e-01
-3.361133986769855309e-01
-3.339678136656561991e-01
-2.915897748568519465e-01
-2.143245153233482858e-01
6.610672565629920061e-02
1.171572414540590634e-01
1.595233080779011603e-01
1.836058442921693068e-01
2.162510662767924141e-01
2.511781880680604706e-01
2.619310237410548137e-01
2.493157285183609517e-01
2.512395096334802957e-01
2.669510740857209408e-01
2.861338564856045763e-01
2.825597608536883354e-01
2.865173066045977324e-01
2.840853351694381801e-01
2.906775533625845509e-01
2.929062200473694366e-01
2.908957858660286000e-01
2.869804309362078421e-01
2.715806059163761721e-01
2.515727836681004859e-01
2.281356890386074254e-01
2.093971778795098992e-01
2.038248163050763173e-01
2.034656032898229661e-01
1.970527464635708770e-01
1.969670728087375144e-01
2.046795371877228042e-01
1.865642675334530376e-01
1.507797991094114720e-01
-3.427584333808958439e-02
-8.557804576399700991e-02
-1.189480134490520924e-01
-1.483113465717852686e-01
-1.696933580347252668e-01
-2.018907578200354325e-01
-2.149102371853854054e-01
-2.599757186021595112e-01
-2.671869399630159014e-01
-2.766217698474653930e-01
-2.757798900559489397e-01
-2.781121358117358278e-01
-2.692119811252939865e-01
-2.518142468939087442e-01
-2.650088033870436899e-01
-2.671179736517919068e-01
-2.806180923322952880e-01
-2.923522362248976436e-01
-3.033861910633396941e-01
-3.100522065375475034e-01
-3.194868984420847768e-01
-3.224854205988696987e-01
-3.288049993020144002e-01
-3.281589143414107568e-01
-3.172167089207134638e-01
-3.012518677055887606e-01
-3.024891207717838038e-01
-2.838782659535389885e-01
-2.311264688911508769e-01
3.942048862611489263e-02
8.824542233285143089e-02
9.703189586882043915e-02
1.178603372715551906e-01
1.548716697809434106e-01
1.733005406614632482e-01
2.176628689485914370e-01
2.361931091237615965e-01
2.788608367751473360e-01
2.936709864617466081e-01
3.319051823696928527e-01
3.474136761828821585e-01
3.514632748975615173e-01
3.473975207073019544e-01
3.371464402465555454e-01
3.241664550406782586e-01
3.200593580351808742e-01
3.192778995068643044e-01
3.203987728822896286e-01
3.273743307708569805e-01
3.264165852588981620e-01
3.295973907359980304e-01
3.288273721300336572e-01
3.276464508415866672e-01
3.379153431615883885e-01
3.373551321458794217e-01
3.304333310932167644e-01
3.286812451037182670e-01
3.336993022046377821e-01
-4.261946391046693254e-03
-2.098225310478879155e-02
-6.837523302847868523e-02
-1.086928456275528948e-01
-1.474294757080810425e-01
-1.884796096120506526e-01
-2.319901906386759305e-01
-2.725153729225375798e-01
-3.056684517346606178e-01
-3.264502189044227731e-01
-3.495319792468388753e-01
-3.617045444543436350e-01
-3.675617752982663355e-01
-3.743084716711447268e-01
-3.818158643409740871e-01
-3.589330219603802941e-01
-3.300220963402258900e-01
-3.195370348968612495e-01
-3.147143259851943320e-01
-3.105547599605795184e-01
-3.043964170312024597e-01
-3.081647339417044607e-01
-3.294252673100259154e-01
-3.499992521914196963e-01
-3.506026502157782998e-01
-3.258559078569591705e-01
-3.050852780599356273e-01
-2.542366808526909105e-01
-2.320312986973200875e-01
5.253980085565972818e-02
1.087891905320674257e-01
1.765597993591367931e-01
2.228646697562717272e-01
2.329217884884425549e-01
2.444113079237785480e-01
2.439918109569420845e-01
2.376045425509650255e-01
2.151952909398505698e-01
1.887494028445851624e-01
1.689537024165104762e-01
1.510227395278337104e-01
1.557134437599881904e-01
1.574465995560248299e-01
1.476456953736399180e-01
1.334894786237644237e-01
1.309749791884474435e-01
1.445600349549280572e-01
1.460616139755381848e-01
1.273956432101342462e-01
1.087878721954402689e-01
9.707408760705715789e-02
9.354452436980212338e-02
8.559927711210182921e-02
8.269135697458362966e-02
8.023791567985159856e-02
8.724214752511484650e-02
9.381319222557131521e-02
9.912906000750108804e-02
-2.262518404794206656e-03
-1.612837711363299120e-02
-4.421392892541056718e-02
-7.062107501076919647e-02
-1.142621202649795886e-01
-1.404941423640135578e-01
-1.507292981847302982e-01
-1.591453568075728020e-01
-1.790229208900526725e-01
-2.235606529633207828e-01
-2.666618216962968191e-01
-2.987250384122287494e-01
-3.012167692882445347e-01
-3.030480766087614852e-01
-3.206922829615294623e-01
-3.305017487450486180e-01
-3.258814400243819076e-01
-3.015863722829910110e-01
-2.950619624954150533e-01
-3.011948870784105781e-01
-3.040569772977996799e-01
-3.042149847823095166e-01
-3.139850786775361113e-01
-2.964882392590103000e-01
-2.837723547476504460e-01
-2.730191093478204212e-01
-2.445833935951043370e-01
-2.217508323521664715e-01
-2.040866576088523343e-01
4.392188849306786352e-02
7.927551983277263126e-02
1.374410501648755112e-01
2.129541920564206881e-01
2.598718822762138281e-01
2.913339288190251453e-01
2.942802892450386842e-01
2.922400193169972238e-01
2.808293656886663436e-01
2.623880056983050602e-01
2.080066184373649263e-01
1.935452459402760561e-01
1.832076357966276603e-01
1.727151870855080928e-01
1.665439284968944778e-01
1.792610006960833335e-01
1.868736340997561030e-01
2.122032667276995965e-01
2.488354240956425767e-01
2.634154587152090499e-01
2.777284759928636548e-01
2.854572153851984151e-01
2.876144923953582455e-01
2.886941044496493247e-01
2.903987031124384277e-01
2.901731766680342162e-01
2.838227662364012360e-01
2.664624117757347088e-01
2.470555326002176755e-01
-1.705703895120725538e-02
-4.161914485741921577e-02
-6.180292697650137390e-02
-8.709665431036285599e-02
-1.114782764054550318e-01
-1.303216128676891461e-01
-1.405502493444023837e-01
-1.576504743358704552e-01
-2.065886789256452805e-01
-2.347258732030017281e-01
-2.571453597730090634e-01
-2.698856020758350627e-01
-2.840952750058716725e-01
-3.062336088916608468e-01
-3.019830977032987307e-01
-2.978241070697586479e-01
-2.957063502078855488e-01
-2.839766510197447302e-01
-2.795898191228755048e-01
-2.929881459782557318e-01
-3.092471720016480852e-01
-3.210827078577654370e-01
-3.335683039556269769e-01
-3.476703833160156853e-01
-3.505498545306946490e-01
-3.239887985658972402e-01
-2.798512422675805689e-01
-2.379044262345241523e-01
-1.942092687620758096e-01
5.489456958421726901e-02
8.846061087397701084e-02
1.025544737574543147e-01
1.197202047363012389e-01
1.445089376789369662e-01
1.589157753978560905e-01
1.489903718241314956e-01
1.129680154831545769e-01
6.663877971805920453e-02
3.254298185440748781e-02
9.049335088025075441e-03
-1.273386217511504256e-02
-1.785000032681427484e-02
-2.961391731947333322e-03
2.535420072038460648e-02
6.774648780161068862e-02
1.193107002852715620e-01
1.455360982554844418e-01
1.716373134201435169e-01
1.873021980794266905e-01
1.943267295709616427e-01
2.053909614537913209e-01
2.027850255593799111e-01
1.869523875814929070e-01
1.753575827439972090e-01
1.614011739627186359e-01
1.559359870126191261e-01
1.596979760739751786e-01
1.529345301652207945e-01
-2.033533843287732221e-02
-3.941732587974171309e-02
-4.336792075555383902e-02
-7.682316225656088404e-02
-1.239847444304567337e-01
-1.614010659481943111e-01
-1.854821106554794541e-01
-2.061504754578377396e-01
-2.356500514484277109e-01
-2.685870185216870931e-01
-2.831635894205414283e-01
-3.007744315389351275e-01
-2.884666548169461664e-01
-2.897680282252906858e-01
-2.908982559321333095e-01
-2.769293331091858823e-01
-2.817589768009617357e-01
-2.871211179797829582e-01
-2.939189538379398114e-01
-2.964963765158795672e-01
-2.912126688568011934e-01
-2.882467573458346588e-01
-2.869865588916564736e-01
-2.843865623499151618e-01
-2.671949323532080700e-01
-2.447858321655414782e-01
-2.219311828422222410e-01
-1.972682854125464846e-01
-1.548311918536721954e-01
4.889766497222349656e-02
9.984725794167359503e-02
1.239620408672999635e-01
1.463188728779418191e-01
2.028530511910649481e-01
2.368193252576991092e-01
2.679501000208649453e-01
3.023921791453495489e-01
3.118136463400562608e-01
3.207041082455197589e-01
3.326643125633690357e-01
3.460517572736822589e-01
3.355397048331728027e-01
3.223425752787089094e-01
3.039176227802531383e-01
2.921250251273754261e-01
2.825785978400215948e-01
2.814008992438400969e-01
2.783088337069699603e-01
2.844841783332192064e-01
2.829326291887265810e-01
2.837636353936314193e-01
2.740584489336551632e-01
2.736810561086553961e-01
2.849867464809621720e-01
2.883950637624378976e-01
2.830522165999768691e-01
2.734858168919789279e-01
2.536882992152786898e-01
-1.931060607846360813e-02
-7.025810680523077167e-02
-1.275238882435872634e-01
-1.672080710676737136e-01
-1.991170740555720797e-01
-2.250453421754909922e-01
-2.580071419360848717e-01
-2.760175213635226443e-01
-2.871949827061364147e-01
-2.958467166381973934e-01
-3.190054777453581458e-01
-3.531711470085511229e-01
-3.995501069117726733e-01
-4.532688949255203048e-01
-4.832267221600207718e-01
-5.185012244744421350e-01
-5.315603064306787529e-01
-5.464791363724468276e-01
-5.247252980679213419e-01
-5.058759732349346061e-01
-4.697979463534931455e-01
-4.442975990313625112e-01
-4.300672315172494597e-01
-4.036214728570290955e-01
-3.781512901251457004e-01
-3.467668632241382443e-01
-3.116226388732245556e-01
-3.031021261041450532e-01
-2.979692352830353164e-01
2.778936205215525382e-02
6.558071941774432090e-02
1.009751311719327416e-01
1.557045621591323092e-01
1.852627206354091616e-01
2.205117894400515643e-01
2.605728055509008434e-01
3.028928432091277934e-01
3.328733586239053244e-01
3.393773300865739473e-01
3.386210028750829548e-01
3.210355965187243199e-01
2.962980582597382617e-01
2.727348516279732848e-01
2.382897090079520719e-01
2.278458469113521789e-01
2.258266600904855481e-01
2.313586903545394036e-01
2.542314447687188950e-01
2.529276495626577859e-01
2.718287604467751750e-01
2.873685691475105775e-01
2.888633791728875688e-01
2.905594805020204618e-01
2.998278379035002050e-01
3.192066414083784553e-01
3.228174432220088930e-01
3.223252841436026750e-01
3.190151796707966225e-01
-5.107801645647289460e-03
-2.629845913761898885e-02
-5.547521931324961297e-02
-8.001883660970669776e-02
-1.123440800787831872e-01
-1.472790847376783951e-01
-1.926448477411112914e-01
-2.221737854925726618e-01
-2.590771256628444652e-01
-2.863001850198036435e-01
-3.342793510919201960e-01
-3.636691238224215583e-01
-3.870548136590535315e-01
-3.769983808206266440e-01
-3.734456793092284510e-01
-3.759118708634516248e-01
-3.701088060418443737e-01
-3.652615588685759196e-01
-3.696516207490442296e-01
