2.092703812403449645e-02
1.008120615437120976e-01
1.682674727324538211e-01
2.538048679318434808e-01
3.287535473957040044e-01
3.628600740885427611e-01
3.971965443461213940e-01
4.243638933676280312e-01
4.453298453964599779e-01
4.838730634804134789e-01
5.019127804260882231e-01
5.147247140434816348e-01
5.335118739933200072e-01
5.357617500413277556e-01
5.450008577625855555e-01
5.657792754131234503e-01
5.833473823373832579e-01
5.979600832647367081e-01
6.203685464298546171e-01
6.259140813901826750e-01
6.528446347035881114e-01
6.469070487195635044e-01
6.303732665493244625e-01
6.049870671543177147e-01
5.901845198397499548e-01
5.675970530497500555e-01
5.582150943965963341e-01
5.155671822474114929e-01
4.855765528184022850e-01
-4.785258991002964285e-02
-8.593900851499661209e-02
-1.320221944974051265e-01
-1.521018332036439269e-01
-1.794107020654834017e-01
-1.974331761789564765e-01
-2.252270205302748518e-01
-2.541116821901554523e-01
-2.966652475788416066e-01
-3.120164845047105895e-01
-3.285669459720181873e-01
-3.339288241333562279e-01
-3.677447199212893203e-01
-3.543087689055759437e-01
-3.816191864511265797e-01
-4.183745288725275735e-01
-4.265344318944156998e-01
-4.498479961740656785e-01
-4.581284655980485954e-01
-4.569408596514775156e-01
-4.799122003024210992e-01
-4.547644648550691060e-01
-4.194010164865002444e-01
-3.815161524615423017e-01
-3.663098389528321452e-01
-3.560154996542274630e-01
-3.350943238905840782e-01
-3.287883488390828113e-01
-2.948307872438642452e-01
-2.577371234126546451e-01
4.466057082970033981e-02
7.704739631563889413e-02
1.135160878963522579e-01
1.099916154665808998e-01
1.282381256184613183e-01
1.479428085666725234e-01
1.694378662375132516e-01
1.976400148338315899e-01
2.123979316693573038e-01
2.128660588946237886e-01
1.971603260874946750e-01
1.635711691042134597e-01
1.415941131215350535e-01
1.025123134275872927e-01
1.056586512861895505e-01
7.174366266282328208e-02
8.000412366263942587e-02
1.011047050178620621e-01
1.417512789401651485e-01
1.836361145609301804e-01
2.293620184356114922e-01
2.357461077468985533e-01
2.439010337401613104e-01
2.489325950939802468e-01
2.379547006294591704e-01
2.089497847429503397e-01
1.545505002184857091e-01
1.157992220396986127e-01
6.698486224992646065e-02
3.204609079906370339e-03
-2.188843346038285911e-02
-7.901606265598730416e-02
-1.215987198839182659e-01
-1.400071017224341352e-01
-1.663203067364769083e-01
-1.609899692928095927e-01
-1.588487506394925808e-01
-1.717408306406637275e-01
-1.867383940433152700e-01
-1.859971828639835068e-01
-1.894595568630261795e-01
-2.143970007182322002e-01
-2.365712831912440695e-01
-2.563969888149768006e-01
-2.416158191145704459e-01
-2.245806164332861676e-01
-1.908535303922777593e-01
-1.620894122932508841e-01
-1.446258275422769302e-01
-1.456563695225285004e-01
-1.493652792929360540e-01
-1.376514422229087042e-01
-1.305831240799903148e-01
-1.217093688389101480e-01
-1.181797816120106620e-01
-1.102455821541185321e-01
-1.178860414721743799e-01
-1.041366524126912385e-01
-8.296486782859101294e-02
-4.375078154460165791e-02
4.090181420090951286e-02
4.751855396957219840e-02
9.502406120322251515e-02
1.131926174735237156e-01
1.573640373821171279e-01
1.718854070604397544e-01
2.001049332038272177e-01
2.438142581710797119e-01
2.919033169608942768e-01
3.030330735699474087e-01
3.044526653625290180e-01
2.823793372241505950e-01
2.562191017821920935e-01
2.408482016011638527e-01
2.299416001511698782e-01
2.259108640336068008e-01
2.330735667321411353e-01
2.452887024111514158e-01
2.409963763973810291e-01
2.452006320188986344e-01
2.371449373836659325e-01
2.408530323346209090e-01
2.637280505165984223e-01
2.774604077723700768e-01
3.001729240358964046e-01
3.065588742376295639e-01
2.718751846467874489e-01
2.045135381233935123e-01
1.576515090521427020e-01
1.293240574946477317e-01
-3.879161002575954448e-02
-9.726808405837684968e-02
-1.229079564870770025e-01
-1.289065990400043715e-01
-1.250780514940421639e-01
-1.551216854956101177e-01
-1.694238457142811793e-01
-1.744396505591324087e-01
-2.036021180164016009e-01
-2.189162158946796333e-01
-2.612759934352956170e-01
-3.055986728857287837e-01
-3.239826630741238778e-01
-3.401478518109501414e-01
-3.645490597438579838e-01
-3.933296496484760540e-01
-4.445474740801650393e-01
-4.432381566913444204e-01
-4.513968731880066421e-01
-4.660691699760589612e-01
-4.712431425548960773e-01
-4.802149027368793899e-01
-4.738520010319574594e-01
-4.887927258567167921e-01
-5.195736589714995413e-01
-5.227739404775705312e-01
-5.229444494426170875e-01
-4.820417559013682740e-01
-4.763330835496936144e-01
-4.332178408996385510e-01
7.597653981580536342e-02
1.221618131384581696e-01
1.905457958654741546e-01
2.047022813469217273e-01
2.206515020523740767e-01
2.333377449106982249e-01
2.417897598012367089e-01
2.325153695043332414e-01
2.173397627273258303e-01
2.289648198836483073e-01
2.457471815027796047e-01
2.667841200691582482e-01
2.697739334887507834e-01
3.115609372113541387e-01
2.994698325036124764e-01
3.199047848838955654e-01
3.688793089095123157e-01
4.105223552005839438e-01
4.357821837104176033e-01
4.237279407793174135e-01
4.151355602135021194e-01
4.155562841032094945e-01
4.140921025063186156e-01
3.799943868923097989e-01
3.577540920878986008e-01
3.366300677774577976e-01
3.464926858213933092e-01
3.389735197654228926e-01
3.072614618341696913e-01
2.712879476707937831e-01
-3.971851769532280807e-02
-8.570874527362859485e-02
-1.702160612133146733e-01
-2.119142077435980376e-01
-2.718123087638606439e-01
-2.801093458974411310e-01
-3.015072552225518954e-01
-3.009817759092996980e-01
-3.062025995878157603e-01
-3.166899599517877806e-01
-3.308666200293329251e-01
-3.184212350425685290e-01
-3.078853942417623668e-01
-3.077877135891052829e-01
-3.227334447146870677e-01
-3.339338627088813682e-01
-3.459021827628894208e-01
-3.322677903740752781e-01
-3.690700866045835138e-01
-3.576361308114757720e-01
-3.525950795925602010e-01
-3.169257204931198446e-01
-2.902216629858053731e-01
-2.569432185980047301e-01
-2.258044924175344192e-01
-1.915851866922392566e-01
-1.668192381906238864e-01
-1.573294061765725393e-01
-1.393790623907256720e-01
-1.116040303935829370e-01
2.764614613055876510e-02
6.741873449409585550e-02
8.811191323310774148e-02
1.159858496634592201e-01
1.509929867444586848e-01
1.789055226123515696e-01
1.935989577451183996e-01
2.161246869832348372e-01
2.227445880512460841e-01
2.384627771780712113e-01
2.262910653943948081e-01
2.140119242206755257e-01
1.964287004626824040e-01
1.908670260315835088e-01
1.700335561850795374e-01
1.679500167166169400e-01
1.531618799358848426e-01
1.513655167483554664e-01
1.635123064327842490e-01
1.794902410508288082e-01
1.938288660314669842e-01
1.846469629947855018e-01
1.507354902073633762e-01
1.314764367722443539e-01
9.480095035533740722e-02
6.766390309805452030e-02
2.356246686222861209e-02
-5.702136803022360423e-03
-2.980909075412723971e-02
-3.541247008731854273e-02
-1.318610698213713329e-02
-3.623120777953924704e-02
-6.187304629134825207e-02
-1.245812384298304182e-01
-1.626323894809917625e-01
-2.822989509723030088e-01
-4.251070212540642990e-01
-4.823438406188133576e-01
-5.262093162776469990e-01
-6.459192574559036171e-01
-6.961228826194022501e-01
-7.122350486932602642e-01
-7.101745711176836728e-01
-7.159097450115715633e-01
-7.111317615403364156e-01
-7.208677974370829578e-01
-6.969351445707703263e-01
-6.856778095221051084e-01
-7.210842642041662698e-01
-7.897261561248120065e-01
-8.351135061322743081e-01
-8.497635108577281660e-01
-8.602623188462918957e-01
-8.576252591339138531e-01
-8.499033557187660737e-01
-8.438418074616803599e-01
-8.029336604092540686e-01
-7.783567296870063101e-01
-7.653087827745078675e-01
-7.223382332924220828e-01
4.681951452691687082e-02
8.094534505121450674e-02
1.087645496195265710e-01
1.318142703346504852e-01
1.504698062781797963e-01
1.998031332625435086e-01
2.038973336040187101e-01
1.998277529137655883e-01
1.891050954888058577e-01
2.003319528782307735e-01
2.151541712997589728e-01
2.533516162107554148e-01
2.675101576169727213e-01
2.783779968483750533e-01
2.853688252977947259e-01
2.978739804433631622e-01
3.017786932256449894e-01
3.042216213776929301e-01
3.082408139729148622e-01
3.046859077208760036e-01
2.920582906088169950e-01
2.786013025569351043e-01
2.743984338427928327e-01
2.633833830138452847e-01
2.413602463245070606e-01
2.241024121564096916e-01
2.020241975738665541e-01
1.755804537751474714e-01
9.925724818818369710e-02
1.950571254477601046e-02
-5.952349573197465021e-02
-9.811803973735655493e-02
-1.334081159571348096e-01
-1.721899530161854486e-01
-2.125871908236193764e-01
-2.186282483519637887e-01
-2.230762954407378429e-01
-2.110677528370483169e-01
-2.228381897545288204e-01
-2.268151968246585326e-01
-2.379753215815095801e-01
-2.514719054624739436e-01
-2.735431231426607157e-01
-2.842844526642270830e-01
-2.837586009681032362e-01
-2.848884716179915788e-01
-2.812203669915910864e-01
-2.774813157469824265e-01
-2.674302197926707314e-01
-2.450561483878966884e-01
-2.174284802858992838e-01
-1.921203880389785457e-01
-1.774320378214413463e-01
-1.614206263615214909e-01
-1.018412258125320491e-01
-5.904839340899305927e-02
-2.194925748455945486e-02
-1.724238855847192581e-02
-8.461130031024478859e-03
9.965834480080180274e-03
2.794809250401630515e-02
4.072216800151001043e-02
7.497617534915816673e-02
8.042861860973291033e-02
9.986255653352514583e-02
1.455646504544123310e-01
1.855283932501362032e-01
2.130018810518106431e-01
2.358724854000783522e-01
2.366541794887997985e-01
2.245125755482925978e-01
2.193790018006148979e-01
2.065490014401735186e-01
1.994057421096712690e-01
1.912383665449912118e-01
1.927013370512800361e-01
1.875519424264307788e-01
1.896350893528561121e-01
1.831645191376065074e-01
1.794996804039996896e-01
1.554196563479742499e-01
1.549429725998522911e-01
1.550361362012469268e-01
1.431319697538835367e-01
9.370752218276126588e-02
4.036907998582539570e-02
-4.973660215605725521e-03
-3.207355229563350896e-02
-9.417877461398838079e-02
-1.499428091318798228e-01
-3.174876668972587829e-02
-5.060716613462833136e-02
-3.485690286277393773e-02
-3.603578240574904085e-02
-3.379014146583813466e-02
-3.547517737852497188e-02
-5.916485644511800673e-02
-8.200290018923786506e-02
-9.562565323079322277e-02
-1.012429919402884487e-01
-1.072570760551445762e-01
-1.034333968351216493e-01
-1.196025843093790897e-01
-1.045611406940012561e-01
-1.144005013090219486e-01
-1.216640709879184129e-01
-1.310029969635018721e-01
-1.300574411576506939e-01
-1.227065742345934546e-01
-1.140515453621115116e-01
-1.176353169767747064e-01
-1.035233079594878730e-01
-8.614148438063476410e-02
-5.933065525749876834e-02
-1.296443693312181178e-02
3.188934110621488571e-02
9.404746808380501366e-02
1.665041226460713397e-01
1.899138215027882104e-01
2.270510142679746102e-01
3.545769256003725861e-02
5.654075721410939392e-02
8.301207096494850335e-02
8.396015118678390454e-02
8.628699265714025179e-02
9.243468312848331092e-02
1.019452381675317598e-01
1.096413094405387645e-01
1.073039458907891069e-01
9.884817727856543002e-02
8.528299042930975737e-02
9.084117168670820253e-02
9.103795999715118270e-02
9.586502272121939783e-02
1.047696735278372399e-01
1.189558086714166546e-01
1.335869443332435569e-01
1.159930809593047590e-01
9.174873360249249932e-02
4.008342995860897373e-02
1.515679976755170133e-02
-2.072406343469204021e-02
-5.017982925194469646e-02
-7.843735539498093712e-02
-1.031073705990453726e-01
-1.331330400035203865e-01
-1.517231540698139314e-01
-1.660084277681664056e-01
-1.958758635704592188e-01
-2.320569785087790160e-01
-3.466822711101606030e-02
-6.623709743386972659e-02
-1.109595500028554838e-01
-1.212363656415246377e-01
-1.494568995741442641e-01
-1.777089327121416096e-01
-2.082013092620035588e-01
-2.200174435961305963e-01
-2.291112931591906543e-01
-2.373261236840469302e-01
-2.376929477010894243e-01
-2.395860185404236897e-01
-2.445083061114927958e-01
-2.562663756033388140e-01
-2.629592960264556245e-01
-2.859609995407089711e-01
-3.119371813151998185e-01
-3.313949440152461623e-01
-3.474428034124553699e-01
-3.412293514868528499e-01
-3.445838853129815083e-01
-3.419820353091856946e-01
-3.191728935054014005e-01
-2.824588684704538721e-01
-2.062732718854635161e-01
-1.410683393011756825e-01
-4.047416980032496336e-02
2.747067548526675729e-02
6.961698761949043635e-02
9.152965520203547312e-02
1.259151508640953855e-02
3.019411723390444391e-02
5.243535807856648800e-02
4.296297280564814747e-02
4.790283568640889278e-02
6.342101256098874040e-02
6.533196551799452800e-02
8.020250882942647763e-02
8.336990601121778421e-02
1.004480216934230674e-01
9.401653292606808321e-02
9.005469592821960245e-02
9.668975486033512534e-02
1.136840036879771809e-01
1.096290489851361322e-01
9.791168931278775023e-02
6.711989424726480524e-02
6.505190199374721871e-02
6.436800976493047000e-02
1.732931291067137808e-02
-1.308317539891859851e-02
-3.290797012032224689e-02
-3.960464512996371422e-02
-3.542975462698835787e-02
-3.904305130596230633e-02
-5.575201368132846891e-02
-7.616482154439327412e-02
-1.144356935582020451e-01
-1.371263541216022896e-01
-1.782211983917266762e-01
-2.712683920544783564e-02
-5.439554930761895946e-02
-5.152946071530977584e-02
-5.392324926964889298e-02
-6.113472914536857011e-02
-9.896811030370428197e-02
-1.437180237016789652e-01
-1.803510131513441639e-01
-2.147696419029993808e-01
-2.636177131362247850e-01
-2.737493403138178683e-01
-2.564472130581449405e-01
-2.465294558016589421e-01
-2.471564807136162056e-01
-2.772935017595285490e-01
-2.760471510824678565e-01
-2.828053208414672559e-01
-3.050309641598298871e-01
-3.174793741006930459e-01
-3.272894966237734904e-01
-3.183997513691596559e-01
-2.981634688087813068e-01
-2.663278675748242952e-01
-2.445650024307416959e-01
-1.958480542189315332e-01
-1.430297467516631893e-01
-1.079222883035038660e-01
-8.450767379837337279e-02
-7.042339604579266055e-02
-3.429028529572585721e-02
3.208966039575394252e-02
6.163539607613811866e-02
8.163423466483582525e-02
8.249923629184836849e-02
8.927329418905929903e-02
1.018785868926593563e-01
1.143342877797679791e-01
1.156589962733847454e-01
1.262494993789392561e-01
1.538629927297225364e-01
1.932507379475282006e-01
2.016278560079681204e-01
2.026141054125729646e-01
2.209341679648937629e-01
2.287976878608513065e-01
2.292759367824425965e-01
2.204180934123473046e-01
2.051644422586355598e-01
2.032233539137417999e-01
2.029303277005425343e-01
2.093568980897379528e-01
2.243522468857246377e-01
2.346504428510795826e-01
2.305225276200712214e-01
2.149283016705625660e-01
1.739238137680088891e-01
1.417749587384528609e-01
1.220514172421914151e-01
1.059925775536116194e-01
9.010613091052310786e-02
-2.326190414501605463e-02
-5.985625325711342593e-02
-8.782493216507084033e-02
-1.018719266951995939e-01
-1.226788796358197209e-01
-1.454083399378629238e-01
-1.784548512944162113e-01
-2.357702513863742522e-01
-2.746712651825000129e-01
-2.966895149550352051e-01
-3.184348514429348742e-01
-3.571419324060723377e-01
-3.666896714613290253e-01
-3.630058181512098026e-01
-3.601767515795208374e-01
-3.447394141800340650e-01
-3.365377051942934350e-01
-3.365951878089953331e-01
-3.321489407053566101e-01
-3.265686351541682853e-01
-3.309537625103424752e-01
-3.385408070363978839e-01
-3.536470555622752143e-01
-3.559153007382309108e-01
-3.421029266193815199e-01
-3.415891570336446748e-01
-3.480859586852122489e-01
-3.527326083444987104e-01
-3.501734872471916615e-01
-3.385572197808268124e-01
7.943209166510925567e-02
1.286240012586049031e-01
1.961517841644176419e-01
2.273501682993733508e-01
2.751184529169520832e-01
3.029714674076345871e-01
3.285695848495111537e-01
3.393257908657236754e-01
3.844046744490786094e-01
4.341366094252966379e-01
4.693534043317859061e-01
4.949141248211900157e-01
5.072926401625461601e-01
5.129139824012427518e-01
5.257646221445204660e-01
5.326595688484905278e-01
5.346987086230512443e-01
5.192889913308240679e-01
5.104373197689254793e-01
4.991661821602633164e-01
4.959205971708808836e-01
4.865764036164777484e-01
4.837092534255088006e-01
4.891917966107202087e-01
5.037715246881873110e-01
5.090411999517640007e-01
5.071138304226845417e-01
4.697832816724866190e-01
4.063089269072834853e-01
3.599589746507422805e-01
-4.721814039255765871e-02
-1.099816952151855542e-01
-1.558618059174596282e-01
-1.793866863998200001e-01
-2.030044823995348913e-01
-2.410125317068588791e-01
-2.847207352441000761e-01
-3.054646265505805980e-01
-3.342121040941639643e-01
-3.675541419070820215e-01
-3.795945429624547618e-01
-4.119559125203860472e-01
-4.296815065890332574e-01
-4.436057932574790086e-01
-4.752009587008291236e-01
-4.918577307816574540e-01
-5.091102877526668680e-01
-5.246878433207801118e-01
-5.313766555374961342e-01
-5.378695360754496280e-01
-5.228269671195419077e-01
-5.172990515712738713e-01
-5.121084398723159126e-01
-5.025451898830453068e-01
-4.701574822225666472e-01
-4.526894430391957269e-01
-4.405019563489880330e-01
-4.163371110342301007e-01
-3.822511244617950998e-01
-3.560370796159023077e-01
3.681889698451636106e-02
7.162393853069090599e-02
1.029208639271309289e-01
1.389652993893593647e-01
2.229459191416360286e-01
2.972429564504793786e-01
3.723551810215997571e-01
4.196236035591861535e-01
4.562828050271174885e-01
4.760410228537669819e-01
4.939733239287887878e-01
5.035048358325262541e-01
5.018242620630384287e-01
5.039484641630852524e-01
5.185736853655197320e-01
5.458945544085078705e-01
5.452186325370540487e-01
5.588583529395934058e-01
5.693876697060569203e-01
5.669415313721751781e-01
5.803810228590731146e-01
6.027684411678593257e-01
6.238633769690138386e-01
6.259325384069701625e-01
6.209330887958369738e-01
5.951398455845887669e-01
5.937259813503779071e-01
5.859305078145579104e-01
5.387413593393461930e-01
4.757720828597284957e-01
-4.784809262595528245e-02
-4.865557191887672633e-02
-6.672349914876446464e-02
-1.097419841693514919e-01
-1.079643342066537171e-01
-1.348329239233163057e-01
-2.164318339607442798e-01
-2.159332937899059446e-01
-2.587871528332332249e-01
-3.316248960428415105e-01
-3.318225406439846425e-01
-3.427705722365069763e-01
-3.540424535112781101e-01
-3.548247009751997472e-01
-3.534346432200201060e-01
-3.594757702273362332e-01
-3.600567579415094310e-01
-3.437505096681873762e-01
-3.561889855078788081e-01
-3.558697433905281260e-01
-3.642302522487396166e-01
-3.731241060457431979e-01
-3.726610095482708052e-01
-4.177270313981728544e-01
-4.275812211353837156e-01
-4.282939791481917835e-01
-4.134377750290800790e-01
-4.109486211788207499e-01
-4.102896821170273767e-01
-3.958471571920869070e-01
1.771023215014761940e-02
1.763844755781406384e-02
1.097402807534397784e-01
1.627452000738856264e-01
1.629624335894521159e-01
2.367217722046310868e-01
2.580518632158331771e-01
2.672881134482269494e-01
2.685843447622943136e-01
2.674074260186506402e-01
2.679632078061747746e-01
2.837828592682064555e-01
2.966111616029779574e-01
3.140134762970291926e-01
3.248874348458218320e-01
3.319169434693524101e-01
3.486039786900403947e-01
3.637362168256303430e-01
3.402772478344070484e-01
3.188172750955235446e-01
3.091814267380409431e-01
3.051222297654124782e-01
3.113624455341640340e-01
3.036522276026636380e-01
2.915177101889376843e-01
2.935107616903249728e-01
2.971339069832918400e-01
3.088069313561810358e-01
2.939926444682310347e-01
2.948984578623015107e-01
5.278939313906631445e-03
1.095839205921856838e-02
1.056661028046544833e-02
5.584514756705971812e-03
-1.058116347502938842e-02
-7.092934942021053568e-02
-1.649755938966351865e-01
-2.506858534579730069e-01
-3.260350747205231214e-01
-3.643179252276546043e-01
-3.943803449519754367e-01
-4.167872270561853720e-01
-4.268716744031021970e-01
-4.436940750513246878e-01
-4.554173335383495669e-01
-4.646639975157991209e-01
-4.611520010345825371e-01
-4.478577150252180950e-01
-4.153171651421008748e-01
-4.030070507996362239e-01
-4.002867197909772412e-01
-4.189004063645971332e-01
-4.259732826233795233e-01
-4.424823132221705202e-01
-4.695310492366336907e-01
-4.809742097931185567e-01
-4.948634512806931451e-01
-4.710384114552224610e-01
-4.430579745740988451e-01
-3.943297020632455241e-01
2.693104171983812245e-02
6.509413898622962158e-02
7.181488115734271926e-02
8.588918295812107695e-02
9.124321955861514066e-02
1.192663157971822346e-01
1.724836465291361975e-01
2.138803134603648182e-01
2.783058076036348250e-01
3.121097293499141556e-01
3.393705510908126000e-01
3.720637213248033648e-01
4.162236379090373806e-01
4.362214938911084805e-01
4.747903200627272557e-01
5.105555208551787461e-01
5.320160680567350697e-01
5.412625502418793033e-01
5.319281032906373330e-01
5.050485756148670458e-01
4.943828908731248695e-01
4.814553299206906778e-01
4.751871993312855036e-01
4.643384866411655043e-01
4.864804653373264731e-01
5.000504341294640387e-01
5.164801467523647549e-01
5.126455222421386626e-01
5.182947541353075671e-01
5.179286586032728623e-01
-1.413131188581630109e-02
-5.007118166792047520e-02
-6.185367942259442642e-02
-8.572308604007297661e-02
-1.149554590954346422e-01
-1.554816989042377973e-01
-2.121472205215080842e-01
-2.693740192546563716e-01
-3.037881866503065464e-01
-3.445336842379770337e-01
-3.775270604902444815e-01
-4.272248162939536464e-01
-4.621676769656871686e-01
-4.934238665530398249e-01
-5.408813304573177883e-01
-6.106164887854150791e-01
-6.882254198518177324e-01
-7.402909010894860309e-01
-7.652695734268840644e-01
-7.918438843397311855e-01
-8.273179310976394030e-01
-8.328029884724301724e-01
-8.301584674912055872e-01
-8.255941670996773674e-01
-8.253552647225186334e-01
-8.208537930325278120e-01
-8.237444057141214415e-01
-8.376263509342530833e-01
-8.375474625344905277e-01
-8.394670412224243261e-01
-1.787152034396964975e-02
-3.923173567119625504e-02
-3.411499205101145571e-02
-7.002326865646633924e-03
5.717200807661069334e-02
1.520444390688274194e-01
2.119825480677949847e-01
2.489727764741450355e-01
2.807668263847769019e-01
3.222448746387082674e-01
3.410894375749998209e-01
3.717010869943649376e-01
3.891182204134119305e-01
4.013491084146024179e-01
4.447136853085256192e-01
4.567662938684343144e-01
4.686350492437983406e-01
4.698051372034467987e-01
4.804629901628726385e-01
5.192558132811624372e-01
5.711235034932424792e-01
6.082200501946863902e-01
6.308209235625691358e-01
6.599303936143134930e-01
6.627259176763700133e-01
6.599754403800417446e-01
6.446686744501879396e-01
6.407029239593435843e-01
6.316333545357343260e-01
6.282731328338683197e-01
7.880416675856373801e-03
5.170312290095456162e-03
1.775855529718884003e-03
-1.948816258484579317e-02
-3.208293821731227763e-02
-5.802573481021484209e-02
-7.469500631019575232e-02
-1.137008812934509894e-01
-1.206961879544423411e-01
-1.277514477225153156e-01
-1.448064997137842036e-01
-1.817031324613422316e-01
-2.247751128249361185e-01
-2.617924685225529458e-01
-2.801427972480231010e-01
-3.113737403278910021e-01
-3.411881860001673150e-01
-3.655210039250495480e-01
-3.784873988354076069e-01
-4.051115797031670795e-01
-4.361199210815145944e-01
-4.377732041811427388e-01
-4.547328563251659128e-01
-4.449218878275570388e-01
-4.599778355917824024e-01
-4.725175536356800432e-01
-4.803487129768366226e-01
-4.890450019964650563e-01
-4.973274207514385981e-01
-4.920232780849478904e-01
-1.515727682460573647e-03
9.340428353681599211e-03
8.421416104077671105e-03
1.386646915109911345e-02
2.329097410681113534e-02
2.482225276513731413e-02
6.654451381724400816e-03
3.854743080743171582e-03
-4.930471866525879335e-03
4.364284575299789970e-02
7.994741991443438112e-02
8.460484704613591145e-02
1.035440746209308344e-01
1.651622632537428914e-01
2.162721752426527977e-01
2.521752382139121895e-01
2.932411025757506451e-01
3.090633616961430685e-01
3.384297983450781366e-01
3.391617169619547956e-01
3.564726818927007601e-01
3.597008542301238787e-01
3.620385877791926776e-01
3.550871170802882282e-01
3.583052126433033391e-01
3.595951348657000501e-01
3.697598284934413004e-01
3.873615527531063529e-01
4.018636444739102642e-01
3.973137915374285734e-01
1.193529991892464982e-02
4.580502273808411545e-02
4.875143968556208685e-02
4.108728351637105924e-02
2.582572950360530889e-02
1.487311336538866408e-02
1.546398948315972147e-02
2.345622882377097762e-02
-6.704195661018028107e-05
1.077126821560075130e-02
2.460018781342971500e-02
8.632627803247483467e-02
1.209939773677467245e-01
1.752721097402155648e-01
1.775999098034798107e-01
1.897618865705941460e-01
2.040698905166955512e-01
1.829519076635055808e-01
1.706311241168410042e-01
1.409530844563246510e-01
1.368100678824807626e-01
1.163323608878145538e-01
1.101381769777535075e-01
9.537651446891899643e-02
9.250709081464511541e-02
7.120944060001425935e-02
5.300653683752737377e-02
5.025454555824736269e-02
5.271757469416669950e-02
5.326235134816406647e-02
-4.573785222578027540e-03
-4.126692172673693260e-02
-5.462224782359098585e-02
-5.620155626650477632e-02
-5.959257877835169581e-02
-7.233789745846512520e-02
-7.382169489256783235e-02
-4.463234328167120513e-02
-1.579293638894273266e-03
7.106668997833495705e-02
1.348107150250076047e-01
1.870240758430175843e-01
2.184115905277796976e-01
2.514962818711056203e-01
2.726300383268129846e-01
3.194002765086957352e-01
3.855363403490820740e-01
4.553018783963679317e-01
5.122449091560368206e-01
5.575659577178890824e-01
6.021673062841158552e-01
6.396932381597114636e-01
6.813646630346991140e-01
7.022753238688063115e-01
7.136988203789056406e-01
7.224334604061845022e-01
7.057733125572578370e-01
6.991761732886286884e-01
6.748818499952043970e-01
6.372326425519873050e-01
-2.608644471443910540e-02
-4.034393708662931122e-02
-3.947284119077173331e-02
-4.850809864899741780e-02
-6.316359780037672511e-02
-5.503756456885569581e-02
-3.704582896124554436e-02
-2.065556545957191251e-02
-1.810814500357263088e-02
-2.971369809368014370e-02
-5.899579645783317727e-02
-1.137652218330547083e-01
-1.805746741356819562e-01
-2.545501880477281098e-01
-3.195343420962998282e-01
-3.550884861576865115e-01
-3.821022284155816129e-01
-4.100407533889342537e-01
-4.370000364949515048e-01
-4.618082426383984251e-01
-4.745567101404516430e-01
-4.827411186939811194e-01
-5.016871858076549229e-01
-5.242213473627752585e-01
-5.541084171354132559e-01
-5.485478009919165787e-01
-5.399680415159872071e-01
-5.255445416580655227e-01
-5.433622997708128510e-01
-5.634979390816359235e-01
-8.376407824950032541e-03
5.262573157671930624e-03
4.505325772183928906e-04
-2.078075968272103530e-02
-4.842396983553251544e-03
1.839879913932595396e-02
6.392427901751371322e-02
1.143353446037125021e-01
1.528852337679204865e-01
1.658719644532754278e-01
1.664020078433450511e-01
1.508350974192625427e-01
1.406090785315781133e-01
1.360275758004060587e-01
1.975220196031232667e-01
2.461357700528060688e-01
3.110334475322681369e-01
3.674374848552888762e-01
4.063120633700449402e-01
4.397205249191545873e-01
4.631716977050576167e-01
5.021737173835556511e-01
5.536912433653233823e-01
5.890821101378415081e-01
5.945537657443448198e-01
5.827374900303076144e-01
5.753138603297224263e-01
5.704433395531954831e-01
5.644880494731767673e-01
5.366571161020901037e-01
-1.050874245822315360e-02
-1.263736141703264079e-02
-8.848210662091595541e-03
1.528080204334084785e-02
2.569598604948735918e-02
4.494727761880350919e-02
5.640986020774561155e-02
6.010148105593814821e-02
4.049132907213297272e-02
3.946765307382745641e-02
-6.351751078830375485e-04
-1.942964595469479083e-02
-5.092445050122285793e-02
-9.777006286479517083e-02
-1.400773156277267395e-01
-1.755816726427736063e-01
-2.298481207510172375e-01
-2.611835473832051502e-01
-2.958444992342782465e-01
-3.259839925942171757e-01
-3.258583106514926775e-01
-3.393221720225000904e-01
-3.781306559405558931e-01
-4.143411024210749694e-01
-4.264490484249382485e-01
-4.379471721628108161e-01
-4.583332392959343915e-01
-4.752298879092905493e-01
-4.928527744142390254e-01
-4.957297942691484272e-01
1.224579082021410963e-02
2.477782216936465221e-02
2.949135227589260930e-02
2.803360062034156164e-02
1.741779862626251577e-02
1.522088054456783440e-02
1.371761951778804021e-02
1.069790257994120836e-02
7.178116100146432824e-03
1.785143018174934100e-03
-6.914375031435870782e-03
-7.126921268994269171e-03
-1.339615525890390686e-02
-1.102296537081458652e-02
1.451345716636406880e-02
5.054769371846652704e-02
9.284592216173179202e-02
1.670724891345035379e-01
2.243518867062201938e-01
2.758672952155742930e-01
2.932059425427939181e-01
3.219390739787356681e-01
3.620879564512924920e-01
3.971769028427974968e-01
4.071235541148640058e-01
4.175528837167498675e-01
4.172302137575257808e-01
4.351025452512183866e-01
4.593628615730189768e-01
4.710562733356130072e-01
1.383798754273420951e-02
3.860779891689103405e-02
3.979628401926704750e-02
3.156311508258616283e-02
2.487260258273139499e-02
6.775851388024240612e-03
7.298000654354803649e-03
7.430505226434261541e-03
7.511835614621914688e-03
6.217210672407741390e-03
-1.676444409686799267e-02
-4.894240790580771383e-02
-6.591069207566990773e-02
-9.062908822787288377e-02
-1.146499551645528692e-01
-1.706685995721389237e-01
-2.317836598656496383e-01
-2.572764149795155886e-01
-2.817470727827198762e-01
-3.147542921511373160e-01
-3.434460701562187523e-01
-3.773259921161107866e-01
-3.809996787431551013e-01
-3.841205167386520514e-01
-3.744183159292245877e-01
-3.688257981338706748e-01
-3.661948165643136854e-01
-3.487749664115372683e-01
-3.567439386355020781e-01
-3.747035331260705759e-01
-1.732501120459959548e-02
-2.816608022570277203e-02
-3.125514908690749105e-02
-3.520343651471015411e-02
-3.180065810354842926e-02
-3.026681266587943550e-02
-3.405111758286304829e-02
-2.785774226804536499e-02
-5.882258402633292610e-03
1.360508392059995436e-02
2.784072276815514543e-02
3.534858433426021213e-02
4.562790606364094947e-02
8.889295964035484610e-02
1.157423494606760195e-01
1.373867061827202529e-01
1.587355051599751432e-01
2.023334022394185916e-01
2.587726799858492410e-01
3.071106868672245360e-01
3.403511396567382441e-01
3.664454020175950677e-01
3.927598329026460999e-01
3.913949116637169823e-01
3.954094389446008995e-01
4.005838107392022951e-01
4.095025196147482061e-01
4.188823941865670863e-01
4.204896543515036500e-01
4.109412266217227216e-01
-2.883800875006292674e-02
-4.369119503182736231e-02
-4.034977250247569897e-02
-3.000468800424743732e-02
-2.546851002268158901e-02
-8.700721098840121653e-03
8.525016220446279130e-04
2.179105469665357925e-02
1.941929693900214249e-02
4.446455103458198804e-03
-1.522992782400139911e-02
-2.678249226174423542e-02
-4.606525467753373043e-02
-9.373756271697522569e-02
-1.294583889357243112e-01
-1.742042248643265734e-01
-1.830375044123065120e-01
-1.964843378962591869e-01
-2.158905320846326858e-01
-2.503923940412499105e-01
-2.708186503141093993e-01
-3.135881507637646726e-01
-3.571758559623871565e-01
-4.067246057570073625e-01
-4.463515146635630426e-01
